#Contact mesh details for the compression of a sphere.
nreler=1_nreletheta=48_H=0.3956_lambda=1.00_vol=0.2430_t=0.10_CL=MR_C1=1.3000_C2=1.1000
ZONE I=5
0 0.395625 1 0 0.395625 0 9.18762e-09 2.81007 -0 -0 -0 -0 0 0 -0.00385825 8.41868e-05 8.41868e-05 -0.00385825 
0.0131071 0.395625 1 0.00818126 0.395719 0.00987003 2.96282e-08 2.80906 -0 -0 -0 -0 0 0 -0.00385825 8.41868e-05 5.2619e-05 -0.00385881 
0.0262114 0.395625 1 0.0163625 0.396001 0.0197347 9.18762e-09 2.80861 -0 -0 -0 -0 0 0 -0.00385825 8.41868e-05 2.10477e-05 -0.00385911 
0.0393151 0.395625 1 0.0245437 0.396471 0.0295941 1.76973e-09 2.80872 -0 -0 -0 -0 0 0 -0.00385825 8.41868e-05 -1.05248e-05 -0.00385916 
0.0524206 0.395625 1 0.0327249 0.397128 0.0394481 9.18762e-09 2.8094 -0 -0 -0 -0 0 0 -0.00385825 8.41868e-05 -4.20966e-05 -0.00385894 
ZONE I=5
0.0524206 0.395625 1 0.0327249 0.397128 0.0394481 9.18762e-09 2.8094 -0 -0 -0 -0 0 0 -0.0115612 0.000589037 0.00021045 -0.0115743 
0.0655275 0.395625 1 0.0409062 0.397974 0.0492937 4.54298e-08 2.80855 -0 -0 -0 -0 0 0 -0.0115612 0.000589037 0.000115751 -0.0115756 
0.0786313 0.395625 1 0.0490874 0.399007 0.0591242 9.18762e-09 2.80831 -0 -0 -0 -0 0 0 -0.0115612 0.000589037 2.10453e-05 -0.0115762 
0.0917345 0.395625 1 0.0572686 0.400227 0.0689396 0 2.80868 -0 -0 -0 -0 0 0 -0.0115612 0.000589037 -7.36616e-05 -0.011576 
0.104839 0.395625 1 0.0654498 0.401635 0.0787399 9.18762e-09 2.80966 -0 -0 -0 -0 0 0 -0.0115612 0.000589037 -0.000168363 -0.011575 
ZONE I=5
0.104839 0.395625 1 0.0654498 0.401635 0.0787399 9.18762e-09 2.80966 -0 -0 -0 -0 0 0 -0.0192257 0.00159752 0.000336679 -0.019289 
0.117946 0.395625 1 0.0736311 0.40323 0.0885222 6.26105e-08 2.80863 -0 -0 -0 -0 0 0 -0.0192257 0.00159752 0.000178862 -0.0192911 
0.131049 0.395625 1 0.0818123 0.405011 0.0982795 9.18762e-09 2.80829 -0 -0 -0 -0 0 0 -0.0192257 0.00159752 2.10322e-05 -0.0192919 
0.144151 0.395625 1 0.0899936 0.406979 0.108012 0 2.80864 -0 -0 -0 -0 0 0 -0.0192257 0.00159752 -0.000136799 -0.0192915 
0.157254 0.395625 1 0.0981748 0.409134 0.117719 9.18762e-09 2.80968 -0 -0 -0 -0 0 0 -0.0192257 0.00159752 -0.000294621 -0.0192897 
ZONE I=5
0.157254 0.395625 1 0.0981748 0.409134 0.117719 9.18762e-09 2.80968 -0 -0 -0 -0 0 0 -0.0268254 0.00310717 0.000462859 -0.0270008 
0.170359 0.395625 1 0.106356 0.411474 0.127399 7.4011e-08 2.80863 -0 -0 -0 -0 0 0 -0.0268254 0.00310717 0.000241953 -0.0270037 
0.183461 0.395625 1 0.114537 0.414 0.137044 9.18762e-09 2.80828 -0 -0 -0 -0 0 0 -0.0268254 0.00310717 2.10251e-05 -0.0270047 
0.196561 0.395625 1 0.122718 0.416711 0.146655 0 2.80863 -0 -0 -0 -0 0 0 -0.0268254 0.00310717 -0.00019991 -0.027004 
0.209664 0.395625 1 0.1309 0.419607 0.15623 9.18762e-09 2.80968 -0 -0 -0 -0 0 0 -0.0268254 0.00310717 -0.000420836 -0.0270015 
ZONE I=5
0.209664 0.395625 1 0.1309 0.419607 0.15623 9.18762e-09 2.80968 -0 -0 -0 -0 0 0 -0.0343342 0.00511422 0.000588952 -0.034708 
0.222767 0.395625 1 0.139081 0.422688 0.165769 9.07149e-08 2.80862 -0 -0 -0 -0 0 0 -0.0343342 0.00511422 0.000304994 -0.0347116 
0.235866 0.395625 1 0.147262 0.425952 0.175263 9.18762e-09 2.80827 -0 -0 -0 -0 0 0 -0.0343342 0.00511422 2.10071e-05 -0.034713 
0.248965 0.395625 1 0.155443 0.429399 0.184713 0 2.80862 -0 -0 -0 -0 0 0 -0.0343342 0.00511422 -0.00026299 -0.034712 
0.262064 0.395625 1 0.163625 0.43303 0.194118 9.18762e-09 2.80967 -0 -0 -0 -0 0 0 -0.0343342 0.00511422 -0.000546978 -0.0347086 
ZONE I=5
0.262064 0.395625 1 0.163625 0.43303 0.194118 9.18762e-09 2.80967 -0 -0 -0 -0 0 0 -0.0417268 0.00761378 0.000714954 -0.0424098 
0.275166 0.395625 1 0.171806 0.436843 0.203478 1.09237e-07 2.80861 -0 -0 -0 -0 0 0 -0.0417268 0.00761378 0.000367985 -0.0424142 
0.288263 0.395625 1 0.179987 0.440838 0.212783 9.18762e-09 2.80826 -0 -0 -0 -0 0 0 -0.0417268 0.00761378 2.09806e-05 -0.0424158 
0.301358 0.395625 1 0.188168 0.445014 0.222033 0 2.80861 -0 -0 -0 -0 0 0 -0.0417268 0.00761378 -0.000326036 -0.0424145 
0.314455 0.395625 1 0.19635 0.44937 0.23123 9.18762e-09 2.80966 -0 -0 -0 -0 0 0 -0.0417268 0.00761378 -0.000673041 -0.0424104 
ZONE I=5
0.314455 0.395625 1 0.19635 0.44937 0.23123 9.18762e-09 2.80966 -0 -0 -0 -0 0 0 -0.0489763 0.0105993 0.000840783 -0.050103 
0.327554 0.395625 1 0.204531 0.453908 0.240372 1.36441e-07 2.8086 -0 -0 -0 -0 0 0 -0.0489763 0.0105993 0.000430866 -0.0501083 
0.340648 0.395625 1 0.212712 0.458623 0.249449 9.18762e-09 2.80824 -0 -0 -0 -0 0 0 -0.0489763 0.0105993 2.09207e-05 -0.0501101 
0.35374 0.395625 1 0.220893 0.463517 0.258463 0 2.80859 -0 -0 -0 -0 0 0 -0.0489763 0.0105993 -0.000389026 -0.0501086 
0.366832 0.395625 1 0.229074 0.468589 0.267412 9.18762e-09 2.80965 -0 -0 -0 -0 0 0 -0.0489763 0.0105993 -0.000798947 -0.0501037 
ZONE I=5
0.366832 0.395625 1 0.229074 0.468589 0.267412 9.18762e-09 2.80965 -0 -0 -0 -0 0 0 -0.056062 0.0140643 0.000966574 -0.0577911 
0.379928 0.395625 1 0.237256 0.473839 0.276299 1.63744e-07 2.80858 -0 -0 -0 -0 0 0 -0.056062 0.0140643 0.000493721 -0.0577971 
0.393019 0.395625 1 0.245437 0.479265 0.285112 9.18762e-09 2.80822 -0 -0 -0 -0 0 0 -0.056062 0.0140643 2.08503e-05 -0.0577992 
0.406108 0.395625 1 0.253618 0.484865 0.293851 0 2.80858 -0 -0 -0 -0 0 0 -0.056062 0.0140643 -0.000452008 -0.0577974 
0.419195 0.395625 1 0.261799 0.49064 0.302516 9.18762e-09 2.80965 -0 -0 -0 -0 0 0 -0.056062 0.0140643 -0.000924821 -0.0577918 
ZONE I=5
0.419195 0.395625 1 0.261799 0.49064 0.302516 9.18762e-09 2.80965 -0 -0 -0 -0 0 0 -0.0629546 0.0179993 0.00109215 -0.065468 
0.432288 0.395625 1 0.269981 0.496591 0.311111 1.82519e-07 2.80856 -0 -0 -0 -0 0 0 -0.0629546 0.0179993 0.000556482 -0.0654748 
0.445375 0.395625 1 0.278162 0.502713 0.319621 9.18762e-09 2.8082 -0 -0 -0 -0 0 0 -0.0629546 0.0179993 2.07963e-05 -0.0654771 
0.458459 0.395625 1 0.286343 0.509006 0.328049 0 2.80856 -0 -0 -0 -0 0 0 -0.0629546 0.0179993 -0.000514875 -0.0654751 
0.471542 0.395625 1 0.294524 0.515471 0.336393 9.18762e-09 2.80964 -0 -0 -0 -0 0 0 -0.0629546 0.0179993 -0.0010505 -0.0654687 
ZONE I=5
0.471542 0.395625 1 0.294524 0.515471 0.336393 9.18762e-09 2.80964 -0 -0 -0 -0 0 0 -0.069631 0.0223946 0.00121753 -0.0731336 
0.48463 0.395625 1 0.302706 0.522108 0.344658 2.01393e-07 2.80854 -0 -0 -0 -0 0 0 -0.069631 0.0223946 0.000619143 -0.0731411 
0.497713 0.395625 1 0.310887 0.528912 0.352831 9.18762e-09 2.80817 -0 -0 -0 -0 0 0 -0.069631 0.0223946 2.0735e-05 -0.0731437 
0.510791 0.395625 1 0.319068 0.535883 0.36091 0 2.80854 -0 -0 -0 -0 0 0 -0.069631 0.0223946 -0.000577657 -0.0731414 
0.523869 0.395625 1 0.327249 0.543021 0.368898 9.18762e-09 2.80963 -0 -0 -0 -0 0 0 -0.069631 0.0223946 -0.00117599 -0.0731342 
ZONE I=5
0.523869 0.395625 1 0.327249 0.543021 0.368898 9.18762e-09 2.80963 -0 -0 -0 -0 0 0 -0.0760672 0.0272392 0.00134269 -0.0807861 
0.536952 0.395625 1 0.335431 0.550328 0.376797 2.20375e-07 2.80852 -0 -0 -0 -0 0 0 -0.0760672 0.0272392 0.00068169 -0.0807943 
0.550029 0.395625 1 0.343612 0.557798 0.384594 9.18762e-09 2.80815 -0 -0 -0 -0 0 0 -0.0760672 0.0272392 2.06662e-05 -0.0807972 
0.563102 0.395625 1 0.351793 0.56543 0.392291 0 2.80851 -0 -0 -0 -0 0 0 -0.0760672 0.0272392 -0.000640339 -0.0807947 
0.576173 0.395625 1 0.359974 0.573225 0.399885 9.18762e-09 2.80962 -0 -0 -0 -0 0 0 -0.0760672 0.0272392 -0.00130128 -0.0807867 
ZONE I=5
0.576173 0.395625 1 0.359974 0.573225 0.399885 9.18762e-09 2.80962 -0 -0 -0 -0 0 0 -0.0822393 0.0325208 0.0014676 -0.0884237 
0.589251 0.395625 1 0.368156 0.581184 0.407383 2.39473e-07 2.80849 -0 -0 -0 -0 0 0 -0.0822393 0.0325208 0.000744108 -0.0884328 
0.602322 0.395625 1 0.376337 0.589301 0.414771 9.18762e-09 2.80812 -0 -0 -0 -0 0 0 -0.0822393 0.0325208 2.05896e-05 -0.0884359 
0.615389 0.395625 1 0.384518 0.597576 0.422049 0 2.80849 -0 -0 -0 -0 0 0 -0.0822393 0.0325208 -0.000702908 -0.0884331 
0.628453 0.395625 1 0.392699 0.606008 0.429216 9.18762e-09 2.80961 -0 -0 -0 -0 0 0 -0.0822393 0.0325208 -0.00142634 -0.0884244 
ZONE I=5
0.628453 0.395625 1 0.392699 0.606008 0.429216 9.18762e-09 2.80961 -0 -0 -0 -0 0 0 -0.0881244 0.0382257 0.00159223 -0.0960446 
0.641524 0.395625 1 0.400881 0.614601 0.436278 2.58698e-07 2.80847 -0 -0 -0 -0 0 0 -0.0881244 0.0382257 0.000806381 -0.0960545 
0.654589 0.395625 1 0.409062 0.623346 0.443222 9.18762e-09 2.80808 -0 -0 -0 -0 0 0 -0.0881244 0.0382257 2.05048e-05 -0.0960578 
0.667648 0.395625 1 0.417243 0.632243 0.450047 0 2.80846 -0 -0 -0 -0 0 0 -0.0881244 0.0382257 -0.000765348 -0.0960548 
0.680705 0.395625 1 0.425424 0.641292 0.456752 9.18762e-09 2.8096 -0 -0 -0 -0 0 0 -0.0881244 0.0382257 -0.00155113 -0.0960453 
ZONE I=5
0.680705 0.395625 1 0.425424 0.641292 0.456752 9.18762e-09 2.8096 -0 -0 -0 -0 0 0 -0.0936996 0.0443392 0.00171654 -0.103647 
0.693768 0.395625 1 0.433605 0.650496 0.463345 2.6091e-07 2.80844 -0 -0 -0 -0 0 0 -0.0936996 0.0443392 0.000868568 -0.103657 
0.706824 0.395625 1 0.441786 0.659847 0.46981 9.18762e-09 2.80805 -0 -0 -0 -0 0 0 -0.0936996 0.0443392 2.05152e-05 -0.103661 
0.719876 0.395625 1 0.449967 0.669345 0.476149 0 2.80843 -0 -0 -0 -0 0 0 -0.0936996 0.0443392 -0.000827565 -0.103658 
0.732926 0.395625 1 0.458149 0.67899 0.482361 9.18762e-09 2.80959 -0 -0 -0 -0 0 0 -0.0936996 0.0443392 -0.00167562 -0.103647 
ZONE I=5
0.732926 0.395625 1 0.458149 0.67899 0.482361 9.18762e-09 2.80959 -0 -0 -0 -0 0 0 -0.098943 0.0508454 0.00184049 -0.111228 
0.745981 0.395625 1 0.46633 0.688783 0.488451 2.80435e-07 2.80841 -0 -0 -0 -0 0 0 -0.098943 0.0508454 0.000930501 -0.111239 
0.759029 0.395625 1 0.474511 0.698718 0.494406 9.18762e-09 2.80801 -0 -0 -0 -0 0 0 -0.098943 0.0508454 2.04201e-05 -0.111243 
0.772072 0.395625 1 0.482692 0.708793 0.500226 0 2.8084 -0 -0 -0 -0 0 0 -0.098943 0.0508454 -0.00088969 -0.111239 
0.785112 0.395625 1 0.490874 0.71901 0.505911 9.18762e-09 2.80958 -0 -0 -0 -0 0 0 -0.098943 0.0508454 -0.00179977 -0.111228 
ZONE I=5
0.785112 0.395625 1 0.490874 0.71901 0.505911 9.18762e-09 2.80958 -0 -0 -0 -0 0 0 -0.103833 0.0577271 0.00196405 -0.118785 
0.798159 0.395625 1 0.499055 0.729368 0.511467 3.00116e-07 2.80837 -0 -0 -0 -0 0 0 -0.103833 0.0577271 0.000992233 -0.118797 
0.811197 0.395625 1 0.507236 0.739862 0.51688 9.18762e-09 2.80797 -0 -0 -0 -0 0 0 -0.103833 0.0577271 2.03157e-05 -0.118801 
0.824231 0.395625 1 0.515417 0.75049 0.52215 0 2.80837 -0 -0 -0 -0 0 0 -0.103833 0.0577271 -0.000951633 -0.118798 
0.837261 0.395625 1 0.523599 0.761252 0.527277 9.18762e-09 2.80956 -0 -0 -0 -0 0 0 -0.103833 0.0577271 -0.00192355 -0.118786 
ZONE I=5
0.837261 0.395625 1 0.523599 0.761252 0.527277 9.18762e-09 2.80956 -0 -0 -0 -0 0 0 -0.10835 0.0649659 0.00208718 -0.126317 
0.850298 0.395625 1 0.53178 0.772151 0.532268 3.19965e-07 2.80834 -0 -0 -0 -0 0 0 -0.10835 0.0649659 0.00105374 -0.126329 
0.863327 0.395625 1 0.539961 0.783177 0.537108 9.18762e-09 2.80793 -0 -0 -0 -0 0 0 -0.10835 0.0649659 2.02011e-05 -0.126334 
0.876349 0.395625 1 0.548142 0.794331 0.541798 0 2.80833 -0 -0 -0 -0 0 0 -0.10835 0.0649659 -0.00101337 -0.12633 
0.889369 0.395625 1 0.556324 0.805613 0.546337 9.18762e-09 2.80955 -0 -0 -0 -0 0 0 -0.10835 0.0649659 -0.00204691 -0.126317 
ZONE I=5
0.889369 0.395625 1 0.556324 0.805613 0.546337 9.18762e-09 2.80955 -0 -0 -0 -0 0 0 -0.112473 0.0725422 0.00220982 -0.133819 
0.902395 0.395625 1 0.564505 0.817024 0.550733 3.39992e-07 2.8083 -0 -0 -0 -0 0 0 -0.112473 0.0725422 0.001115 -0.133833 
0.915412 0.395625 1 0.572686 0.828556 0.554971 9.18762e-09 2.80789 -0 -0 -0 -0 0 0 -0.112473 0.0725422 2.00759e-05 -0.133837 
0.928423 0.395625 1 0.580867 0.840209 0.559051 0 2.8083 -0 -0 -0 -0 0 0 -0.112473 0.0725422 -0.00107489 -0.133833 
0.941431 0.395625 1 0.589049 0.851981 0.562973 9.18762e-09 2.80954 -0 -0 -0 -0 0 0 -0.112473 0.0725422 -0.00216981 -0.13382 
ZONE I=5
0.941431 0.395625 1 0.589049 0.851981 0.562973 9.18762e-09 2.80954 -0 -0 -0 -0 0 0 -0.116183 0.0804355 0.00233193 -0.14129 
0.954445 0.395625 1 0.59723 0.863877 0.566746 3.60207e-07 2.80827 -0 -0 -0 -0 0 0 -0.116183 0.0804355 0.00117599 -0.141304 
0.96745 0.395625 1 0.605411 0.875886 0.570354 9.18762e-09 2.80784 -0 -0 -0 -0 0 0 -0.116183 0.0804355 1.99395e-05 -0.141309 
0.980449 0.395625 1 0.613592 0.888007 0.573796 0 2.80826 -0 -0 -0 -0 0 0 -0.116183 0.0804355 -0.00113615 -0.141305 
0.993443 0.395625 1 0.621774 0.900241 0.577074 9.18762e-09 2.80952 -0 -0 -0 -0 0 0 -0.116183 0.0804355 -0.0022922 -0.141291 
ZONE I=5
0.993443 0.395625 1 0.621774 0.900241 0.577074 9.18762e-09 2.80952 -0 -0 -0 -0 0 0 -0.119458 0.0886209 0.00245331 -0.148721 
1.00645 0.395625 1 0.629955 0.912592 0.580196 3.89107e-07 2.80823 -0 -0 -0 -0 0 0 -0.119458 0.0886209 0.00123655 -0.148736 
1.01944 0.395625 1 0.638136 0.925047 0.583146 9.18762e-09 2.8078 -0 -0 -0 -0 0 0 -0.119458 0.0886209 1.9715e-05 -0.148741 
1.03242 0.395625 1 0.646317 0.937606 0.585924 0 2.80822 -0 -0 -0 -0 0 0 -0.119458 0.0886209 -0.00119712 -0.148736 
1.0454 0.395625 1 0.654498 0.950269 0.588531 9.18762e-09 2.80951 -0 -0 -0 -0 0 0 -0.119458 0.0886209 -0.00241388 -0.148722 
ZONE I=5
1.0454 0.395625 1 0.654498 0.950269 0.588531 9.18762e-09 2.80951 -0 -0 -0 -0 0 0 -0.122293 0.0970838 0.00257434 -0.156123 
1.05839 0.395625 1 0.66268 0.963044 0.590976 4.18255e-07 2.80819 -0 -0 -0 -0 0 0 -0.122293 0.0970838 0.00129693 -0.156139 
1.07137 0.395625 1 0.670861 0.975914 0.593243 9.18762e-09 2.80775 -0 -0 -0 -0 0 0 -0.122293 0.0970838 1.94744e-05 -0.156144 
1.08434 0.395625 1 0.679042 0.98888 0.595332 0 2.80818 -0 -0 -0 -0 0 0 -0.122293 0.0970838 -0.00125795 -0.156139 
1.0973 0.395625 1 0.687223 1.00194 0.597243 9.18762e-09 2.8095 -0 -0 -0 -0 0 0 -0.122293 0.0970838 -0.00253524 -0.156123 
ZONE I=5
1.0973 0.395625 1 0.687223 1.00194 0.597243 9.18762e-09 2.8095 -0 -0 -0 -0 0 0 -0.124661 0.105792 0.00269452 -0.163478 
1.11027 0.395625 1 0.695405 1.01511 0.598986 4.3906e-07 2.80815 -0 -0 -0 -0 0 0 -0.124661 0.105792 0.00135693 -0.163494 
1.12324 0.395625 1 0.703586 1.02836 0.600546 9.18762e-09 2.8077 -0 -0 -0 -0 0 0 -0.124661 0.105792 1.92935e-05 -0.1635 
1.13619 0.395625 1 0.711767 1.0417 0.601921 0 2.80814 -0 -0 -0 -0 0 0 -0.124661 0.105792 -0.00131831 -0.163495 
1.14914 0.395625 1 0.719948 1.05512 0.603112 9.18762e-09 2.80948 -0 -0 -0 -0 0 0 -0.124661 0.105792 -0.00265578 -0.163479 
ZONE I=5
1.14914 0.395625 1 0.719948 1.05512 0.603112 9.18762e-09 2.80948 -0 -0 -0 -0 0 0 -0.126549 0.114723 0.00281394 -0.170787 
1.16209 0.395625 1 0.72813 1.06865 0.604131 4.60085e-07 2.80811 -0 -0 -0 -0 0 0 -0.126549 0.114723 0.00141654 -0.170804 
1.17504 0.395625 1 0.736311 1.08225 0.60496 9.18762e-09 2.80765 -0 -0 -0 -0 0 0 -0.126549 0.114723 1.90987e-05 -0.17081 
1.18797 0.395625 1 0.744492 1.09592 0.6056 0 2.8081 -0 -0 -0 -0 0 0 -0.126549 0.114723 -0.00137831 -0.170805 
1.2009 0.395625 1 0.752673 1.10968 0.60605 9.18762e-09 2.80947 -0 -0 -0 -0 0 0 -0.126549 0.114723 -0.00277557 -0.170788 
ZONE I=5
1.2009 0.395625 1 0.752673 1.10968 0.60605 9.18762e-09 2.80947 -0 -0 -0 -0 0 0 -0.127945 0.123851 0.00293252 -0.178046 
1.21384 0.395625 1 0.760855 1.12352 0.606322 4.81333e-07 2.80806 -0 -0 -0 -0 0 0 -0.127945 0.123851 0.00147573 -0.178064 
1.22677 0.395625 1 0.769036 1.13744 0.606399 9.18762e-09 2.80759 -0 -0 -0 -0 0 0 -0.127945 0.123851 1.88895e-05 -0.17807 
1.23969 0.395625 1 0.777217 1.15142 0.606281 0 2.80806 -0 -0 -0 -0 0 0 -0.127945 0.123851 -0.00143791 -0.178064 
1.25259 0.395625 1 0.785398 1.16547 0.605969 9.18762e-09 2.80946 -0 -0 -0 -0 0 0 -0.127945 0.123851 -0.00289456 -0.178046 
ZONE I=5
1.25259 0.395625 1 0.785398 1.16547 0.605969 9.18762e-09 2.80946 -0 -0 -0 -0 0 0 -0.128835 0.133148 0.00305018 -0.18525 
1.26551 0.395626 1 0.79358 1.1796 0.605474 5.02802e-07 2.80802 -0 -0 -0 -0 0 0 -0.128835 0.133148 0.00153445 -0.185269 
1.27842 0.395625 1 0.801761 1.19379 0.60478 9.18762e-09 2.80754 -0 -0 -0 -0 0 0 -0.128835 0.133148 1.86652e-05 -0.185275 
1.29132 0.395625 1 0.809942 1.20803 0.603886 0 2.80802 -0 -0 -0 -0 0 0 -0.128835 0.133148 -0.00149708 -0.185269 
1.30421 0.395625 1 0.818123 1.22234 0.602793 9.18762e-09 2.80944 -0 -0 -0 -0 0 0 -0.128835 0.133148 -0.00301267 -0.185251 
ZONE I=5
1.30421 0.395625 1 0.818123 1.22234 0.602793 9.18762e-09 2.80944 -0 -0 -0 -0 0 0 -0.129208 0.142587 0.00316687 -0.192395 
1.31711 0.395626 1 0.826305 1.23672 0.601512 5.24466e-07 2.80798 -0 -0 -0 -0 0 0 -0.129208 0.142587 0.00159267 -0.192414 
1.32999 0.395625 1 0.834486 1.25114 0.600028 9.18762e-09 2.80749 -0 -0 -0 -0 0 0 -0.129208 0.142587 1.8425e-05 -0.192421 
1.34287 0.395625 1 0.842667 1.26562 0.59834 0 2.80797 -0 -0 -0 -0 0 0 -0.129208 0.142587 -0.00155578 -0.192415 
1.35573 0.395625 1 0.850848 1.28015 0.596448 9.18762e-09 2.80942 -0 -0 -0 -0 0 0 -0.129208 0.142587 -0.00312983 -0.192396 
ZONE I=5
1.35573 0.395625 1 0.850848 1.28015 0.596448 9.18762e-09 2.80942 -0 -0 -0 -0 0 0 -0.129056 0.152138 0.00328249 -0.199476 
1.36861 0.395626 1 0.859029 1.29473 0.594365 5.29406e-07 2.80795 -0 -0 -0 -0 0 0 -0.129056 0.152138 0.00165051 -0.199496 
1.38147 0.395625 1 0.86721 1.30936 0.592075 9.18762e-09 2.80746 -0 -0 -0 -0 0 0 -0.129056 0.152138 1.83674e-05 -0.199503 
1.39432 0.395625 1 0.875391 1.32403 0.589577 0 2.80794 -0 -0 -0 -0 0 0 -0.129056 0.152138 -0.00161382 -0.199496 
1.40716 0.395625 1 0.883573 1.33873 0.586871 9.18762e-09 2.80939 -0 -0 -0 -0 0 0 -0.129056 0.152138 -0.00324596 -0.199477 
ZONE I=5
1.40716 0.395625 1 0.883573 1.33873 0.586871 9.18762e-09 2.80939 -0 -0 -0 -0 0 0 -0.12837 0.161773 0.00339698 -0.206489 
1.42001 0.395626 1 0.891754 1.35349 0.58397 5.51078e-07 2.80796 -0 -0 -0 -0 0 0 -0.12837 0.161773 0.00170762 -0.20651 
1.43285 0.395625 1 0.899935 1.36828 0.580859 9.18762e-09 2.80746 -0 -0 -0 -0 0 0 -0.12837 0.161773 1.80985e-05 -0.206517 
1.44567 0.395624 1 0.908116 1.38309 0.577536 0 2.80791 -0 -0 -0 -0 0 0 -0.12837 0.161773 -0.00167148 -0.206511 
1.45849 0.395625 1 0.916298 1.39794 0.574002 9.18762e-09 2.8093 -0 -0 -0 -0 0 0 -0.12837 0.161773 -0.003361 -0.20649 
ZONE I=5
1.45849 0.395625 1 0.916298 1.39794 0.574002 9.18762e-09 2.8093 -0 -0 -0 -0 0 0 -0.127145 0.171465 0.00351033 -0.213434 
1.47132 0.395626 1 0.924479 1.41283 0.570271 5.71838e-07 2.80805 -0 -0 -0 -0 0 0 -0.127145 0.171465 0.00176415 -0.213455 
1.48413 0.395625 1 0.93266 1.42774 0.566325 9.18762e-09 2.80759 -0 -0 -0 -0 0 0 -0.127145 0.171465 1.78092e-05 -0.213463 
1.49693 0.395624 1 0.940841 1.44266 0.562165 0 2.80793 -0 -0 -0 -0 0 0 -0.127145 0.171465 -0.00172859 -0.213456 
1.50971 0.395625 1 0.949023 1.45761 0.557791 9.18762e-09 2.80907 -0 -0 -0 -0 0 0 -0.127145 0.171465 -0.00347493 -0.213434 
ZONE I=5
1.50971 0.395625 1 0.949023 1.45761 0.557791 9.18762e-09 2.80907 -0 -0 -0 -0 0 0 -0.125385 0.181194 0.00362264 -0.220317 
1.52251 0.395626 1 0.957204 1.47259 0.553217 5.8946e-07 2.80839 -0 -0 -0 -0 0 0 -0.125385 0.181194 0.00182016 -0.220339 
1.53529 0.395625 1 0.965385 1.48757 0.548426 9.18762e-09 2.80805 -0 -0 -0 -0 0 0 -0.125385 0.181194 1.74965e-05 -0.220347 
1.54806 0.395624 1 0.973566 1.50257 0.543419 0 2.80807 -0 -0 -0 -0 0 0 -0.125385 0.181194 -0.00178522 -0.220339 
1.56082 0.395625 1 0.981748 1.51757 0.538196 9.18762e-09 2.80843 -0 -0 -0 -0 0 0 -0.125385 0.181194 -0.00358788 -0.220317 
ZONE I=5
1.56082 0.395625 1 0.981748 1.51757 0.538196 9.18762e-09 2.80843 -0 -0 -0 -0 0 0 -0.123094 0.190944 0.0037338 -0.227151 
1.57359 0.395626 1 0.989929 1.5326 0.532769 6.22355e-07 2.80945 -0 -0 -0 -0 0 0 -0.123094 0.190944 0.00187532 -0.227174 
1.58634 0.395625 1 0.99811 1.54763 0.527124 9.18762e-09 2.8095 -0 -0 -0 -0 0 0 -0.123094 0.190944 1.68208e-05 -0.227182 
1.59908 0.395624 1 1.00629 1.56265 0.521263 0 2.80857 -0 -0 -0 -0 0 0 -0.123094 0.190944 -0.00184156 -0.227174 
1.61181 0.395625 1 1.01447 1.57767 0.515184 9.18762e-09 2.80667 -0 -0 -0 -0 0 0 -0.123094 0.190944 -0.00369971 -0.227152 
ZONE I=5
1.61181 0.395625 1 1.01447 1.57767 0.515184 9.18762e-09 2.80667 -0 -0 -0 -0 0 0 -0.120378 0.200872 0.00384896 -0.234148 
1.62456 0.395626 1 1.02266 1.59271 0.508893 6.69484e-07 2.8125 -0 -0 -0 -0 0 0 -0.120378 0.200872 0.00193206 -0.234172 
1.63729 0.395625 1 1.03084 1.60774 0.502386 9.18762e-09 2.81368 -0 -0 -0 -0 0 0 -0.120378 0.200872 1.56091e-05 -0.23418 
1.65 0.395624 1 1.03902 1.62276 0.495664 0 2.81021 -0 -0 -0 -0 0 0 -0.120378 0.200872 -0.00190026 -0.234172 
1.6627 0.395625 1 1.0472 1.63776 0.488727 9.18762e-09 2.80208 -0 -0 -0 -0 0 0 -0.120378 0.200872 -0.00381541 -0.234149 
ZONE I=5
1.6627 0.395625 1 1.0472 1.63776 0.488727 9.18762e-09 2.80208 -0 -0 -0 -0 0 0 -0.117275 0.211061 0.00396686 -0.241422 
1.67541 0.395625 1 1.05538 1.65275 0.481575 4.89364e-07 2.82069 -0 -0 -0 -0 0 0 -0.117275 0.211061 0.00199192 -0.241446 
1.68811 0.395625 1 1.06356 1.66774 0.47421 9.18762e-09 2.82498 -0 -0 -0 -0 0 0 -0.117275 0.211061 1.68429e-05 -0.241454 
1.70081 0.395625 1 1.07174 1.68271 0.46663 0 2.81495 -0 -0 -0 -0 0 0 -0.117275 0.211061 -0.00195823 -0.241446 
1.71351 0.395625 1 1.07992 1.69768 0.458837 9.18762e-09 2.7906 -0 -0 -0 -0 0 0 -0.117275 0.211061 -0.00393318 -0.241422 
ZONE I=5
1.71351 0.395625 1 1.07992 1.69768 0.458837 9.18762e-09 2.7906 -0 -0 -0 -0 0 0 -0.11416 0.222287 0.00410604 -0.249855 
1.72619 0.395625 1 1.0881 1.7126 0.45082 1.21687e-07 2.84043 -0 -0 -0 -0 0 0 -0.11416 0.222287 0.00206243 -0.24988 
1.73888 0.395625 1 1.09628 1.72753 0.442597 9.18762e-09 2.85155 -0 -0 -0 -0 0 0 -0.11416 0.222287 1.80497e-05 -0.249888 
1.75161 0.395625 1 1.10446 1.74246 0.434167 0 2.82397 -0 -0 -0 -0 0 0 -0.11416 0.222287 -0.00202695 -0.24988 
1.76437 0.395625 1 1.11265 1.7574 0.42553 9.18762e-09 2.75769 -0 -0 -0 -0 0 0 -0.11416 0.222287 -0.00407244 -0.249855 
ZONE I=5
1.76437 0.395625 1 1.11265 1.7574 0.42553 9.18762e-09 2.75769 -0 -0 -0 -0 0 0 -0.109735 0.231984 0.00418545 -0.256595 
1.77704 0.395625 1 1.12083 1.77223 0.416652 0 2.87278 -0 -0 -0 -0 0 0 -0.109735 0.231984 0.00208638 -0.25662 
1.78978 0.395625 1 1.12901 1.78709 0.407587 9.18762e-09 2.87934 -0 -0 -0 -0 0 0 -0.109735 0.231984 -1.28176e-05 -0.256629 
1.80258 0.395625 1 1.13719 1.80199 0.398336 3.83069e-07 2.77737 -0 -0 -0 -0 0 0 -0.109735 0.231984 -0.00211202 -0.25662 
1.81546 0.395625 1 1.14537 1.81692 0.388898 9.18762e-09 2.56686 -0 -0 -0 -0 0 0 -0.109735 0.231984 -0.00421108 -0.256594 
ZONE I=5
1.81546 0.395625 1 1.14537 1.81692 0.388898 9.18762e-09 2.56686 -0 -0 -0 -0 0 0 -0.081041 0.185594 0.00277924 -0.202497 
1.82821 0.395626 1 1.15355 1.83169 0.379189 5.08459e-07 2.77996 -0 -0 -0 -0 0 0 -0.081041 0.185594 0.00112299 -0.202513 
1.84095 0.395625 1 1.16173 1.84642 0.369259 9.18762e-09 2.49539 -0 -0 -0 -0 0 0 -0.081041 0.185594 -0.000533842 -0.202516 
1.85369 0.395625 1 1.16991 1.8611 0.359108 0 1.71314 -0 -0 -0 -0 0 0 -0.081041 0.185594 -0.00219114 -0.202505 
1.86642 0.395625 1 1.1781 1.87575 0.348734 9.18762e-09 0.433215 -0 -0 -0 -0 0 0 -0.081041 0.185594 -0.00384881 -0.20248 
ZONE I=5
1.86642 0.395625 1 1.1781 1.87575 0.348734 9.18762e-09 0.433215 -0 -0 -0 -0 0 0 -0.00267218 0.0059914 -0.000175976 -0.00655793 
1.87861 0.395057 1 1.18628 1.88962 0.338476 0 0.162456 -0 -0 -0 -0 0 0 -0.00267218 0.0059914 -0.000229613 -0.00655627 
1.89082 0.394012 1 1.19446 1.9033 0.328469 0 -1.1029e-319 0 0 -0 -0 0 0 -0.00267218 0.0059914 -0.000283235 -0.00655418 
1.90306 0.39249 1 1.20264 1.9168 0.318714 0 -0.0541519 0 0 -0 -0 0 0 -0.00267218 0.0059914 -0.000336838 -0.00655164 
1.91531 0.390493 1 1.21082 1.9301 0.309209 0 0 -0 -0 -0 -0 0 0 -0.00267218 0.0059914 -0.000390419 -0.00654867 
ZONE I=5
1.91531 0.390493 1 1.21082 1.9301 0.309209 0 0 -0 -0 -0 -0 0 0 0 0 0 0 
1.92739 0.388062 1 1.219 1.94307 0.299856 0 0 -0 -0 -0 -0 0 0 0 0 0 0 
1.93942 0.385203 1 1.22718 1.95582 0.290693 0 0 -0 -0 -0 -0 0 0 0 0 0 0 
1.95139 0.381918 1 1.23536 1.96835 0.28172 0 0 -0 -0 -0 -0 0 0 0 0 0 0 
1.96329 0.378209 1 1.24355 1.98067 0.272937 0 0 -0 -0 -0 -0 0 0 0 0 0 0 
ZONE I=5
1.96329 0.378209 1 1.24355 1.98067 0.272937 0 0 -0 -0 -0 -0 0 0 0 0 0 0 
1.97499 0.374086 1 1.25173 1.99266 0.264311 0 0 -0 -0 -0 -0 0 0 0 0 0 0 
1.98655 0.369566 1 1.25991 2.00437 0.25584 0 0 -0 -0 -0 -0 0 0 0 0 0 0 
1.99795 0.364652 1 1.26809 2.01581 0.247525 0 0 -0 -0 -0 -0 0 0 0 0 0 0 
2.00919 0.359347 1 1.27627 2.02698 0.239366 0 0 -0 -0 -0 -0 0 0 0 0 0 0 
ZONE I=5
2.00919 0.359347 1 1.27627 2.02698 0.239366 0 0 -0 -0 -0 -0 0 0 0 0 0 0 
2.02021 0.353664 1 1.28445 2.03785 0.231346 0 0 -0 -0 -0 -0 0 0 0 0 0 0 
2.03104 0.34762 1 1.29263 2.04842 0.22345 0 0 -0 -0 -0 -0 0 0 0 0 0 0 
2.04165 0.341221 1 1.30081 2.0587 0.215677 0 0 -0 -0 -0 -0 0 0 0 0 0 0 
2.05204 0.33447 1 1.309 2.06869 0.208027 0 0 -0 -0 -0 -0 0 0 0 0 0 0 
ZONE I=5
2.05204 0.33447 1 1.309 2.06869 0.208027 0 0 -0 -0 -0 -0 0 0 0 0 0 0 
2.06219 0.327384 1 1.31718 2.07837 0.200505 0 0 -0 -0 -0 -0 0 0 0 0 0 0 
2.07209 0.319981 1 1.32536 2.08774 0.193084 0 0 -0 -0 -0 -0 0 0 0 0 0 0 
2.08173 0.312268 1 1.33354 2.09681 0.185764 0 0 -0 -0 -0 -0 0 0 0 0 0 0 
2.09111 0.304249 1 1.34172 2.10557 0.178545 0 0 -0 -0 -0 -0 0 0 0 0 0 0 
ZONE I=5
2.09111 0.304249 1 1.34172 2.10557 0.178545 0 0 -0 -0 -0 -0 0 0 0 0 0 0 
2.10023 0.295933 1 1.3499 2.11404 0.17143 0 0 -0 -0 -0 -0 0 0 0 0 0 0 
2.10907 0.28734 1 1.35808 2.1222 0.164395 0 0 -0 -0 -0 -0 0 0 0 0 0 0 
2.11762 0.278477 1 1.36626 2.13005 0.157438 0 0 -0 -0 -0 -0 0 0 0 0 0 0 
2.12589 0.26935 1 1.37445 2.13759 0.150559 0 0 -0 -0 -0 -0 0 0 0 0 0 0 
ZONE I=5
2.12589 0.26935 1 1.37445 2.13759 0.150559 0 0 -0 -0 -0 -0 0 0 0 0 0 0 
2.13386 0.259973 1 1.38263 2.14483 0.143772 0 0 -0 -0 -0 -0 0 0 0 0 0 0 
2.14153 0.250364 1 1.39081 2.15175 0.137048 0 0 -0 -0 -0 -0 0 0 0 0 0 0 
2.14888 0.240531 1 1.39899 2.15837 0.130388 0 0 -0 -0 -0 -0 0 0 0 0 0 0 
2.15592 0.230481 1 1.40717 2.16467 0.123791 0 0 -0 -0 -0 -0 0 0 0 0 0 0 
ZONE I=5
2.15592 0.230481 1 1.40717 2.16467 0.123791 0 0 -0 -0 -0 -0 0 0 0 0 0 0 
2.16266 0.220218 1 1.41535 2.17067 0.117265 0 0 -0 -0 -0 -0 0 0 0 0 0 0 
2.16907 0.209762 1 1.42353 2.17637 0.110785 0 0 -0 -0 -0 -0 0 0 0 0 0 0 
2.17515 0.199121 1 1.43171 2.18175 0.104353 0 0 -0 -0 -0 -0 0 0 0 0 0 0 
2.18091 0.188302 1 1.4399 2.18683 0.0979667 0 0 -0 -0 -0 -0 0 0 0 0 0 0 
ZONE I=5
2.18091 0.188302 1 1.4399 2.18683 0.0979667 0 0 -0 -0 -0 -0 0 0 0 0 0 0 
2.18633 0.177319 1 1.44808 2.19159 0.0916398 0 0 -0 -0 -0 -0 0 0 0 0 0 0 
2.19142 0.166189 1 1.45626 2.19605 0.085349 0 0 -0 -0 -0 -0 0 0 0 0 0 0 
2.19617 0.154917 1 1.46444 2.2002 0.0790942 0 0 -0 -0 -0 -0 0 0 0 0 0 0 
2.20057 0.143513 1 1.47262 2.20404 0.0728755 0 0 -0 -0 -0 -0 0 0 0 0 0 0 
ZONE I=5
2.20057 0.143513 1 1.47262 2.20404 0.0728755 0 0 -0 -0 -0 -0 0 0 0 0 0 0 
2.20464 0.131981 1 1.4808 2.20758 0.0666972 0 0 -0 -0 -0 -0 0 0 0 0 0 0 
2.20836 0.120339 1 1.48898 2.2108 0.0605418 0 0 -0 -0 -0 -0 0 0 0 0 0 0 
2.21173 0.108593 1 1.49716 2.21372 0.0544093 0 0 -0 -0 -0 -0 0 0 0 0 0 0 
2.21475 0.0967511 1 1.50535 2.21633 0.0482997 0 0 -0 -0 -0 -0 0 0 0 0 0 0 
ZONE I=5
2.21475 0.0967511 1 1.50535 2.21633 0.0482997 0 0 -0 -0 -0 -0 0 0 0 0 0 0 
2.21742 0.0848324 1 1.51353 2.21864 0.0422207 0 0 -0 -0 -0 -0 0 0 0 0 0 0 
2.21973 0.0728465 1 1.52171 2.22064 0.0361561 0 0 -0 -0 -0 -0 0 0 0 0 0 0 
2.2217 0.060801 1 1.52989 2.22232 0.030106 0 0 -0 -0 -0 -0 0 0 0 0 0 0 
2.2233 0.0487032 1 1.53807 2.2237 0.0240703 0 0 -0 -0 -0 -0 0 0 0 0 0 0 
ZONE I=5
2.2233 0.0487032 1 1.53807 2.2237 0.0240703 0 0 -0 -0 -0 -0 0 0 0 0 0 0 
2.22455 0.0365645 1 1.54625 2.22478 0.0180484 0 0 -0 -0 -0 -0 0 0 0 0 0 0 
2.22545 0.0243947 1 1.55443 2.22555 0.0120293 0 0 -0 -0 -0 -0 0 0 0 0 0 0 
2.22598 0.0122013 1 1.56261 2.22601 0.0060132 0 0 -0 -0 -0 -0 0 0 0 0 0 0 
2.22616 -8.17715e-06 1 1.5708 2.22616 0 0 0 -0 -0 -0 -0 0 0 0 0 0 -0 
