#Contact mesh details for the compression of a sphere.
nreler=1_nreletheta=48_H=0.3927_lambda=1.00_vol=0.2430_t=0.10_CL=MR_C1=1.3000_C2=1.1000
ZONE I=5
0 0.392656 1 0 0.392656 0 9.18762e-09 2.87881 -0 -0 -0 -0 0 0 -0.0040571 8.85257e-05 8.85257e-05 -0.0040571 
0.0132794 0.392656 1 0.00818126 0.392752 0.0100666 2.99914e-08 2.8777 -0 -0 -0 -0 0 0 -0.0040571 8.85257e-05 5.53309e-05 -0.00405769 
0.0265559 0.392656 1 0.0163625 0.393038 0.0201278 9.18762e-09 2.87721 -0 -0 -0 -0 0 0 -0.0040571 8.85257e-05 2.21325e-05 -0.00405801 
0.0398318 0.392656 1 0.0245437 0.393516 0.0301836 1.6052e-09 2.87733 -0 -0 -0 -0 0 0 -0.0040571 8.85257e-05 -1.10673e-05 -0.00405805 
0.0531097 0.392656 1 0.0327249 0.394184 0.0402339 9.18762e-09 2.87807 -0 -0 -0 -0 0 0 -0.0040571 8.85257e-05 -4.42662e-05 -0.00405782 
ZONE I=5
0.0531097 0.392656 1 0.0327249 0.394184 0.0402339 9.18762e-09 2.87807 -0 -0 -0 -0 0 0 -0.012157 0.000619393 0.000221295 -0.0121708 
0.0663888 0.392656 1 0.0409062 0.395043 0.0502757 4.61512e-08 2.87716 -0 -0 -0 -0 0 0 -0.012157 0.000619393 0.000121716 -0.0121722 
0.0796648 0.392656 1 0.0490874 0.396092 0.0603022 9.18762e-09 2.8769 -0 -0 -0 -0 0 0 -0.012157 0.000619393 2.21298e-05 -0.0121728 
0.0929402 0.392656 1 0.0572686 0.397332 0.0703132 0 2.87729 -0 -0 -0 -0 0 0 -0.012157 0.000619393 -7.74579e-05 -0.0121725 
0.106217 0.392656 1 0.0654498 0.398762 0.080309 9.18762e-09 2.87834 -0 -0 -0 -0 0 0 -0.012157 0.000619393 -0.00017704 -0.0121715 
ZONE I=5
0.106217 0.392656 1 0.0654498 0.398762 0.080309 9.18762e-09 2.87834 -0 -0 -0 -0 0 0 -0.0202163 0.00167983 0.000354026 -0.0202829 
0.119496 0.392656 1 0.0736311 0.400383 0.0902865 6.36912e-08 2.87724 -0 -0 -0 -0 0 0 -0.0202163 0.00167983 0.000188077 -0.0202851 
0.132771 0.392656 1 0.0818123 0.402193 0.100239 9.18762e-09 2.87688 -0 -0 -0 -0 0 0 -0.0202163 0.00167983 2.21153e-05 -0.0202859 
0.146045 0.392656 1 0.0899936 0.404193 0.110165 0 2.87725 -0 -0 -0 -0 0 0 -0.0202163 0.00167983 -0.000143848 -0.0202854 
0.159321 0.392656 1 0.0981748 0.406382 0.120067 9.18762e-09 2.87836 -0 -0 -0 -0 0 0 -0.0202163 0.00167983 -0.000309802 -0.0202836 
ZONE I=5
0.159321 0.392656 1 0.0981748 0.406382 0.120067 9.18762e-09 2.87836 -0 -0 -0 -0 0 0 -0.0282072 0.00326722 0.000486701 -0.0283916 
0.172598 0.392656 1 0.106356 0.40876 0.12994 7.5365e-08 2.87724 -0 -0 -0 -0 0 0 -0.0282072 0.00326722 0.000254415 -0.0283947 
0.185871 0.392656 1 0.114537 0.411326 0.139778 9.18762e-09 2.87687 -0 -0 -0 -0 0 0 -0.0282072 0.00326722 2.2107e-05 -0.0283958 
0.199144 0.392656 1 0.122718 0.414081 0.149581 0 2.87724 -0 -0 -0 -0 0 0 -0.0282072 0.00326722 -0.000210208 -0.028395 
0.212418 0.392656 1 0.1309 0.417023 0.159349 9.18762e-09 2.87836 -0 -0 -0 -0 0 0 -0.0282072 0.00326722 -0.000442515 -0.0283923 
ZONE I=5
0.212418 0.392656 1 0.1309 0.417023 0.159349 9.18762e-09 2.87836 -0 -0 -0 -0 0 0 -0.0361021 0.00537757 0.000619277 -0.0364952 
0.225693 0.392656 1 0.139081 0.420153 0.169078 9.24268e-08 2.87723 -0 -0 -0 -0 0 0 -0.0361021 0.00537757 0.000320697 -0.036499 
0.238964 0.392656 1 0.147262 0.42347 0.178763 9.18762e-09 2.87686 -0 -0 -0 -0 0 0 -0.0361021 0.00537757 2.20869e-05 -0.0365004 
0.252234 0.392656 1 0.155443 0.426972 0.188403 0 2.87723 -0 -0 -0 -0 0 0 -0.0361021 0.00537757 -0.000276534 -0.0364994 
0.265506 0.392656 1 0.163625 0.430661 0.197997 9.18762e-09 2.87835 -0 -0 -0 -0 0 0 -0.0361021 0.00537757 -0.000575146 -0.0364959 
ZONE I=5
0.265506 0.392656 1 0.163625 0.430661 0.197997 9.18762e-09 2.87835 -0 -0 -0 -0 0 0 -0.0438745 0.00800566 0.000751749 -0.0445926 
0.278778 0.392656 1 0.171806 0.434536 0.207545 1.11335e-07 2.87722 -0 -0 -0 -0 0 0 -0.0438745 0.00800566 0.000386922 -0.0445972 
0.292047 0.392656 1 0.179987 0.438595 0.217037 9.18762e-09 2.87685 -0 -0 -0 -0 0 0 -0.0438745 0.00800566 2.20575e-05 -0.0445989 
0.305314 0.392656 1 0.188168 0.442837 0.226475 0 2.87722 -0 -0 -0 -0 0 0 -0.0438745 0.00800566 -0.00034282 -0.0445976 
0.318582 0.392656 1 0.19635 0.447264 0.235857 9.18762e-09 2.87834 -0 -0 -0 -0 0 0 -0.0438745 0.00800566 -0.000707685 -0.0445933 
ZONE I=5
0.318582 0.392656 1 0.19635 0.447264 0.235857 9.18762e-09 2.87834 -0 -0 -0 -0 0 0 -0.0514957 0.0111445 0.00088403 -0.0526805 
0.331852 0.392656 1 0.204531 0.451874 0.245184 1.39062e-07 2.87721 -0 -0 -0 -0 0 0 -0.0514957 0.0111445 0.000453027 -0.0526859 
0.345118 0.392656 1 0.212712 0.456665 0.254445 9.18762e-09 2.87683 -0 -0 -0 -0 0 0 -0.0514957 0.0111445 2.19927e-05 -0.0526879 
0.358381 0.392656 1 0.220893 0.461637 0.263641 0 2.87721 -0 -0 -0 -0 0 0 -0.0514957 0.0111445 -0.000409043 -0.0526863 
0.371644 0.392656 1 0.229074 0.46679 0.272773 9.18762e-09 2.87833 -0 -0 -0 -0 0 0 -0.0514957 0.0111445 -0.000840051 -0.0526812 
ZONE I=5
0.371644 0.392656 1 0.229074 0.46679 0.272773 9.18762e-09 2.87833 -0 -0 -0 -0 0 0 -0.0589441 0.0147873 0.00101626 -0.0607621 
0.384911 0.392656 1 0.237256 0.472125 0.28184 1.66889e-07 2.8772 -0 -0 -0 -0 0 0 -0.0589441 0.0147873 0.000519098 -0.0607684 
0.398173 0.392656 1 0.245437 0.477637 0.290833 9.18762e-09 2.87681 -0 -0 -0 -0 0 0 -0.0589441 0.0147873 2.19166e-05 -0.0607706 
0.411432 0.392656 1 0.253618 0.483327 0.29975 0 2.87719 -0 -0 -0 -0 0 0 -0.0589441 0.0147873 -0.000475251 -0.0607688 
0.424691 0.392656 1 0.261799 0.489195 0.308593 9.18762e-09 2.87832 -0 -0 -0 -0 0 0 -0.0589441 0.0147873 -0.000972371 -0.0607629 
ZONE I=5
0.424691 0.392656 1 0.261799 0.489195 0.308593 9.18762e-09 2.87832 -0 -0 -0 -0 0 0 -0.0661887 0.0189239 0.00114825 -0.0688313 
0.437954 0.392656 1 0.269981 0.495241 0.317363 1.86049e-07 2.87718 -0 -0 -0 -0 0 0 -0.0661887 0.0189239 0.000585063 -0.0688384 
0.451212 0.392656 1 0.278162 0.501461 0.326049 9.18762e-09 2.87679 -0 -0 -0 -0 0 0 -0.0661887 0.0189239 2.18573e-05 -0.0688408 
0.464466 0.392656 1 0.286343 0.507855 0.33465 0 2.87717 -0 -0 -0 -0 0 0 -0.0661887 0.0189239 -0.000541333 -0.0688387 
0.477719 0.392656 1 0.294524 0.514423 0.343166 9.18762e-09 2.87832 -0 -0 -0 -0 0 0 -0.0661887 0.0189239 -0.00110447 -0.068832 
ZONE I=5
0.477719 0.392656 1 0.294524 0.514423 0.343166 9.18762e-09 2.87832 -0 -0 -0 -0 0 0 -0.0732052 0.0235442 0.00128002 -0.0768875 
0.490977 0.392656 1 0.302706 0.521166 0.351602 2.05308e-07 2.87716 -0 -0 -0 -0 0 0 -0.0732052 0.0235442 0.000650915 -0.0768954 
0.50423 0.392656 1 0.310887 0.528079 0.359944 9.18762e-09 2.87677 -0 -0 -0 -0 0 0 -0.0732052 0.0235442 2.17902e-05 -0.0768982 
0.517478 0.392656 1 0.319068 0.535162 0.368191 0 2.87715 -0 -0 -0 -0 0 0 -0.0732052 0.0235442 -0.000607317 -0.0768958 
0.530725 0.392656 1 0.327249 0.542414 0.376345 9.18762e-09 2.87831 -0 -0 -0 -0 0 0 -0.0732052 0.0235442 -0.00123636 -0.0768883 
ZONE I=5
0.530725 0.392656 1 0.327249 0.542414 0.376345 9.18762e-09 2.87831 -0 -0 -0 -0 0 0 -0.0799682 0.0286362 0.00141154 -0.0849291 
0.543979 0.392656 1 0.335431 0.549838 0.384409 2.24674e-07 2.87714 -0 -0 -0 -0 0 0 -0.0799682 0.0286362 0.000716639 -0.0849378 
0.557225 0.392656 1 0.343612 0.557427 0.39237 9.18762e-09 2.87674 -0 -0 -0 -0 0 0 -0.0799682 0.0286362 2.17149e-05 -0.0849408 
0.570467 0.392656 1 0.351793 0.565181 0.400228 0 2.87713 -0 -0 -0 -0 0 0 -0.0799682 0.0286362 -0.00067319 -0.0849382 
0.583708 0.392656 1 0.359974 0.5731 0.407983 9.18762e-09 2.8783 -0 -0 -0 -0 0 0 -0.0799682 0.0286362 -0.00136803 -0.0849298 
ZONE I=5
0.583708 0.392656 1 0.359974 0.5731 0.407983 9.18762e-09 2.8783 -0 -0 -0 -0 0 0 -0.0864527 0.0341869 0.00154277 -0.0929539 
0.596955 0.392656 1 0.368156 0.581187 0.415639 2.44156e-07 2.87711 -0 -0 -0 -0 0 0 -0.0864527 0.0341869 0.000782218 -0.0929634 
0.610195 0.392656 1 0.376337 0.589434 0.423184 9.18762e-09 2.87671 -0 -0 -0 -0 0 0 -0.0864527 0.0341869 2.16311e-05 -0.0929667 
0.62343 0.392656 1 0.384518 0.59784 0.430617 0 2.87711 -0 -0 -0 -0 0 0 -0.0864527 0.0341869 -0.000738934 -0.0929638 
0.636663 0.392656 1 0.392699 0.606407 0.437937 9.18762e-09 2.87829 -0 -0 -0 -0 0 0 -0.0864527 0.0341869 -0.00149943 -0.0929546 
ZONE I=5
0.636663 0.392656 1 0.392699 0.606407 0.437937 9.18762e-09 2.87829 -0 -0 -0 -0 0 0 -0.0926343 0.040182 0.0016737 -0.10096 
0.649903 0.392657 1 0.400881 0.615137 0.445151 2.63764e-07 2.87709 -0 -0 -0 -0 0 0 -0.0926343 0.040182 0.000847633 -0.10097 
0.663136 0.392656 1 0.409062 0.624021 0.452245 9.18762e-09 2.87668 -0 -0 -0 -0 0 0 -0.0926343 0.040182 2.15385e-05 -0.100974 
0.676363 0.392656 1 0.417243 0.63306 0.459217 0 2.87708 -0 -0 -0 -0 0 0 -0.0926343 0.040182 -0.000804532 -0.100971 
0.689588 0.392656 1 0.425424 0.642254 0.466069 9.18762e-09 2.87828 -0 -0 -0 -0 0 0 -0.0926343 0.040182 -0.00163052 -0.100961 
ZONE I=5
0.689588 0.392656 1 0.425424 0.642254 0.466069 9.18762e-09 2.87828 -0 -0 -0 -0 0 0 -0.0984891 0.0466057 0.00180426 -0.108945 
0.702819 0.392657 1 0.433605 0.651605 0.472806 2.66089e-07 2.87706 -0 -0 -0 -0 0 0 -0.0984891 0.0466057 0.000912947 -0.108956 
0.716043 0.392656 1 0.441786 0.661105 0.479413 9.18762e-09 2.87665 -0 -0 -0 -0 0 0 -0.0984891 0.0466057 2.15455e-05 -0.10896 
0.729262 0.392656 1 0.449967 0.670754 0.485892 0 2.87705 -0 -0 -0 -0 0 0 -0.0984891 0.0466057 -0.000869885 -0.108956 
0.742479 0.392656 1 0.458149 0.680553 0.492242 9.18762e-09 2.87827 -0 -0 -0 -0 0 0 -0.0984891 0.0466057 -0.00176128 -0.108945 
ZONE I=5
0.742479 0.392656 1 0.458149 0.680553 0.492242 9.18762e-09 2.87827 -0 -0 -0 -0 0 0 -0.103994 0.0534411 0.00193443 -0.116906 
0.755702 0.392657 1 0.46633 0.690502 0.498468 2.85996e-07 2.87703 -0 -0 -0 -0 0 0 -0.103994 0.0534411 0.000977983 -0.116918 
0.768916 0.392656 1 0.474511 0.700595 0.504558 9.18762e-09 2.87661 -0 -0 -0 -0 0 0 -0.103994 0.0534411 2.14415e-05 -0.116922 
0.782126 0.392656 1 0.482692 0.71083 0.510509 0 2.87702 -0 -0 -0 -0 0 0 -0.103994 0.0534411 -0.00093513 -0.116918 
0.795333 0.392656 1 0.490874 0.721209 0.516324 9.18762e-09 2.87826 -0 -0 -0 -0 0 0 -0.103994 0.0534411 -0.00189167 -0.116907 
ZONE I=5
0.795333 0.392656 1 0.490874 0.721209 0.516324 9.18762e-09 2.87826 -0 -0 -0 -0 0 0 -0.109127 0.06067 0.00206416 -0.124841 
0.808546 0.392657 1 0.499055 0.731733 0.522008 3.06058e-07 2.877 -0 -0 -0 -0 0 0 -0.109127 0.06067 0.00104279 -0.124854 
0.821751 0.392656 1 0.507236 0.742393 0.527547 9.18762e-09 2.87658 -0 -0 -0 -0 0 0 -0.109127 0.06067 2.13273e-05 -0.124858 
0.83495 0.392656 1 0.515417 0.75319 0.53294 0 2.87699 -0 -0 -0 -0 0 0 -0.109127 0.06067 -0.00100017 -0.124854 
0.848146 0.392656 1 0.523599 0.764123 0.538188 9.18762e-09 2.87825 -0 -0 -0 -0 0 0 -0.109127 0.06067 -0.00202163 -0.124841 
ZONE I=5
0.848146 0.392656 1 0.523599 0.764123 0.538188 9.18762e-09 2.87825 -0 -0 -0 -0 0 0 -0.113865 0.0682729 0.0021934 -0.132747 
0.861348 0.392657 1 0.53178 0.775195 0.543298 3.26287e-07 2.87697 -0 -0 -0 -0 0 0 -0.113865 0.0682729 0.00110735 -0.13276 
0.874542 0.392656 1 0.539961 0.786397 0.548254 9.18762e-09 2.87654 -0 -0 -0 -0 0 0 -0.113865 0.0682729 2.12022e-05 -0.132765 
0.88773 0.392656 1 0.548142 0.797728 0.553058 0 2.87696 -0 -0 -0 -0 0 0 -0.113865 0.0682729 -0.00106498 -0.132761 
0.900914 0.392656 1 0.556324 0.809188 0.557709 9.18762e-09 2.87824 -0 -0 -0 -0 0 0 -0.113865 0.0682729 -0.00215113 -0.132747 
ZONE I=5
0.900914 0.392656 1 0.556324 0.809188 0.557709 9.18762e-09 2.87824 -0 -0 -0 -0 0 0 -0.118189 0.0762291 0.00232211 -0.14062 
0.914105 0.392657 1 0.564505 0.820781 0.562215 3.46692e-07 2.87693 -0 -0 -0 -0 0 0 -0.118189 0.0762291 0.00117164 -0.140635 
0.927287 0.392656 1 0.572686 0.832496 0.56656 9.18762e-09 2.8765 -0 -0 -0 -0 0 0 -0.118189 0.0762291 2.10658e-05 -0.14064 
0.940462 0.392656 1 0.580867 0.844333 0.570744 0 2.87693 -0 -0 -0 -0 0 0 -0.118189 0.0762291 -0.00112955 -0.140635 
0.953633 0.392656 1 0.589049 0.856292 0.574769 9.18762e-09 2.87823 -0 -0 -0 -0 0 0 -0.118189 0.0762291 -0.00228012 -0.140621 
ZONE I=5
0.953633 0.392656 1 0.589049 0.856292 0.574769 9.18762e-09 2.87823 -0 -0 -0 -0 0 0 -0.122078 0.0845166 0.00245022 -0.148459 
0.966811 0.392657 1 0.59723 0.868377 0.578641 3.67283e-07 2.8769 -0 -0 -0 -0 0 0 -0.122078 0.0845166 0.00123563 -0.148474 
0.97998 0.392656 1 0.605411 0.880576 0.582346 9.18762e-09 2.87645 -0 -0 -0 -0 0 0 -0.122078 0.0845166 2.09172e-05 -0.148479 
0.993142 0.392656 1 0.613592 0.892889 0.585883 0 2.87689 -0 -0 -0 -0 0 0 -0.122078 0.0845166 -0.00119383 -0.148474 
1.0063 0.392656 1 0.621774 0.905316 0.589253 9.18762e-09 2.87821 -0 -0 -0 -0 0 0 -0.122078 0.0845166 -0.00240854 -0.14846 
ZONE I=5
1.0063 0.392656 1 0.621774 0.905316 0.589253 9.18762e-09 2.87821 -0 -0 -0 -0 0 0 -0.125509 0.0931094 0.00257753 -0.156254 
1.01946 0.392657 1 0.629955 0.917862 0.592464 3.96687e-07 2.87686 -0 -0 -0 -0 0 0 -0.125509 0.0931094 0.00129915 -0.156269 
1.03262 0.392656 1 0.638136 0.930514 0.595501 9.18762e-09 2.87641 -0 -0 -0 -0 0 0 -0.125509 0.0931094 2.0676e-05 -0.156275 
1.04576 0.392656 1 0.646317 0.943272 0.598364 0 2.87685 -0 -0 -0 -0 0 0 -0.125509 0.0931094 -0.00125779 -0.15627 
1.0589 0.392656 1 0.654498 0.956135 0.601052 9.18762e-09 2.8782 -0 -0 -0 -0 0 0 -0.125509 0.0931094 -0.00253618 -0.156254 
ZONE I=5
1.0589 0.392656 1 0.654498 0.956135 0.601052 9.18762e-09 2.8782 -0 -0 -0 -0 0 0 -0.128476 0.101992 0.00270444 -0.164015 
1.07206 0.392657 1 0.66268 0.969112 0.603576 4.26337e-07 2.87682 -0 -0 -0 -0 0 0 -0.128476 0.101992 0.00136246 -0.164032 
1.08519 0.392656 1 0.670861 0.982185 0.60592 9.18762e-09 2.87636 -0 -0 -0 -0 0 0 -0.128476 0.101992 2.04176e-05 -0.164038 
1.09833 0.392656 1 0.679042 0.995356 0.608082 0 2.87682 -0 -0 -0 -0 0 0 -0.128476 0.101992 -0.00132158 -0.164032 
1.11145 0.392656 1 0.687223 1.00862 0.610064 9.18762e-09 2.87819 -0 -0 -0 -0 0 0 -0.128476 0.101992 -0.00266345 -0.164016 
ZONE I=5
1.11145 0.392656 1 0.687223 1.00862 0.610064 9.18762e-09 2.87819 -0 -0 -0 -0 0 0 -0.13095 0.11113 0.00283043 -0.171726 
1.12458 0.392657 1 0.695405 1.022 0.611876 4.4751e-07 2.87678 -0 -0 -0 -0 0 0 -0.13095 0.11113 0.00142535 -0.171743 
1.13771 0.392656 1 0.703586 1.03546 0.6135 9.18762e-09 2.87631 -0 -0 -0 -0 0 0 -0.13095 0.11113 2.02217e-05 -0.171749 
1.15082 0.392656 1 0.711767 1.04901 0.614938 0 2.87678 -0 -0 -0 -0 0 0 -0.13095 0.11113 -0.00138487 -0.171744 
1.16393 0.392656 1 0.719948 1.06264 0.616189 9.18762e-09 2.87818 -0 -0 -0 -0 0 0 -0.13095 0.11113 -0.00278982 -0.171727 
ZONE I=5
1.16393 0.392656 1 0.719948 1.06264 0.616189 9.18762e-09 2.87818 -0 -0 -0 -0 0 0 -0.132921 0.120499 0.00295557 -0.179386 
1.17704 0.392657 1 0.72813 1.07638 0.617265 4.68901e-07 2.87674 -0 -0 -0 -0 0 0 -0.132921 0.120499 0.00148782 -0.179404 
1.19015 0.392656 1 0.736311 1.09019 0.618148 9.18762e-09 2.87627 -0 -0 -0 -0 0 0 -0.132921 0.120499 2.0011e-05 -0.17941 
1.20324 0.392656 1 0.744492 1.10409 0.618839 0 2.87674 -0 -0 -0 -0 0 0 -0.132921 0.120499 -0.00144775 -0.179404 
1.21633 0.392656 1 0.752673 1.11806 0.619337 9.18762e-09 2.87816 -0 -0 -0 -0 0 0 -0.132921 0.120499 -0.00291537 -0.179387 
ZONE I=5
1.21633 0.392656 1 0.752673 1.11806 0.619337 9.18762e-09 2.87816 -0 -0 -0 -0 0 0 -0.134373 0.130073 0.00307979 -0.186991 
1.22943 0.392657 1 0.760855 1.13212 0.619655 4.90512e-07 2.8767 -0 -0 -0 -0 0 0 -0.134373 0.130073 0.00154982 -0.18701 
1.24251 0.392656 1 0.769036 1.14625 0.619774 9.18762e-09 2.87622 -0 -0 -0 -0 0 0 -0.134373 0.130073 1.97851e-05 -0.187016 
1.25558 0.392656 1 0.777217 1.16045 0.619697 0 2.8767 -0 -0 -0 -0 0 0 -0.134373 0.130073 -0.0015102 -0.18701 
1.26865 0.392656 1 0.785398 1.17472 0.619421 9.18762e-09 2.87815 -0 -0 -0 -0 0 0 -0.134373 0.130073 -0.00304004 -0.186991 
ZONE I=5
1.26865 0.392656 1 0.785398 1.17472 0.619421 9.18762e-09 2.87815 -0 -0 -0 -0 0 0 -0.135293 0.139822 0.00320301 -0.194536 
1.28173 0.392657 1 0.79358 1.18907 0.61896 5.12344e-07 2.87666 -0 -0 -0 -0 0 0 -0.135293 0.139822 0.00161131 -0.194555 
1.29479 0.392656 1 0.801761 1.20348 0.618296 9.18762e-09 2.87617 -0 -0 -0 -0 0 0 -0.135293 0.139822 1.9543e-05 -0.194562 
1.30784 0.392656 1 0.809942 1.21795 0.61743 0 2.87666 -0 -0 -0 -0 0 0 -0.135293 0.139822 -0.00157218 -0.194556 
1.32089 0.392656 1 0.818123 1.23248 0.616362 9.18762e-09 2.87814 -0 -0 -0 -0 0 0 -0.135293 0.139822 -0.00316374 -0.194536 
ZONE I=5
1.32089 0.392656 1 0.818123 1.23248 0.616362 9.18762e-09 2.87814 -0 -0 -0 -0 0 0 -0.135669 0.149717 0.00332516 -0.202015 
1.33394 0.392657 1 0.826305 1.24709 0.615103 5.34376e-07 2.87663 -0 -0 -0 -0 0 0 -0.135669 0.149717 0.00167225 -0.202036 
1.34698 0.392656 1 0.834486 1.26174 0.613638 9.18762e-09 2.87612 -0 -0 -0 -0 0 0 -0.135669 0.149717 1.92842e-05 -0.202043 
1.36001 0.392656 1 0.842667 1.27644 0.611966 0 2.87662 -0 -0 -0 -0 0 0 -0.135669 0.149717 -0.00163364 -0.202036 
1.37303 0.392656 1 0.850848 1.29119 0.610087 9.18762e-09 2.87812 -0 -0 -0 -0 0 0 -0.135669 0.149717 -0.0032864 -0.202016 
ZONE I=5
1.37303 0.392656 1 0.850848 1.29119 0.610087 9.18762e-09 2.87812 -0 -0 -0 -0 0 0 -0.135493 0.159727 0.00344615 -0.209426 
1.38606 0.392657 1 0.859029 1.30601 0.608014 5.39458e-07 2.8766 -0 -0 -0 -0 0 0 -0.135493 0.159727 0.00173277 -0.209447 
1.39907 0.392656 1 0.86721 1.32086 0.60573 9.18762e-09 2.87608 -0 -0 -0 -0 0 0 -0.135493 0.159727 1.9217e-05 -0.209454 
1.41208 0.392656 1 0.875391 1.33576 0.603235 0 2.87658 -0 -0 -0 -0 0 0 -0.135493 0.159727 -0.00169439 -0.209447 
1.42507 0.392656 1 0.883573 1.3507 0.60053 9.18762e-09 2.87809 -0 -0 -0 -0 0 0 -0.135493 0.159727 -0.00340793 -0.209426 
ZONE I=5
1.42507 0.392656 1 0.883573 1.3507 0.60053 9.18762e-09 2.87809 -0 -0 -0 -0 0 0 -0.134755 0.169821 0.00356589 -0.216761 
1.43808 0.392657 1 0.891754 1.36568 0.597626 5.61594e-07 2.87659 -0 -0 -0 -0 0 0 -0.134755 0.169821 0.0017925 -0.216783 
1.45107 0.392656 1 0.899935 1.3807 0.594509 9.18762e-09 2.87608 -0 -0 -0 -0 0 0 -0.134755 0.169821 1.89277e-05 -0.216791 
1.46404 0.392656 1 0.908116 1.39575 0.591178 0 2.87655 -0 -0 -0 -0 0 0 -0.134755 0.169821 -0.0017547 -0.216783 
1.47701 0.392656 1 0.916298 1.41083 0.587632 9.18762e-09 2.87802 -0 -0 -0 -0 0 0 -0.134755 0.169821 -0.00352826 -0.216762 
ZONE I=5
1.47701 0.392656 1 0.916298 1.41083 0.587632 9.18762e-09 2.87802 -0 -0 -0 -0 0 0 -0.133452 0.17997 0.00368436 -0.22402 
1.48999 0.392657 1 0.924479 1.42595 0.583885 5.83039e-07 2.87665 -0 -0 -0 -0 0 0 -0.133452 0.17997 0.00185158 -0.224043 
1.50295 0.392656 1 0.93266 1.44108 0.579921 9.18762e-09 2.87617 -0 -0 -0 -0 0 0 -0.133452 0.17997 1.86171e-05 -0.22405 
1.5159 0.392656 1 0.940841 1.45624 0.57574 0 2.87656 -0 -0 -0 -0 0 0 -0.133452 0.17997 -0.0018144 -0.224043 
1.52883 0.392656 1 0.949023 1.47142 0.571342 9.18762e-09 2.87783 -0 -0 -0 -0 0 0 -0.133452 0.17997 -0.00364736 -0.224021 
ZONE I=5
1.52883 0.392656 1 0.949023 1.47142 0.571342 9.18762e-09 2.87783 -0 -0 -0 -0 0 0 -0.131582 0.19015 0.00380162 -0.231206 
1.54178 0.392657 1 0.957204 1.48663 0.56674 6.02e-07 2.87692 -0 -0 -0 -0 0 0 -0.131582 0.19015 0.00191004 -0.23123 
1.55471 0.392656 1 0.965385 1.50185 0.561919 9.18762e-09 2.87653 -0 -0 -0 -0 0 0 -0.131582 0.19015 1.82812e-05 -0.231237 
1.56763 0.392656 1 0.973566 1.51708 0.556878 0 2.87665 -0 -0 -0 -0 0 0 -0.131582 0.19015 -0.00187354 -0.23123 
1.58054 0.392656 1 0.981748 1.53232 0.551617 9.18762e-09 2.87728 -0 -0 -0 -0 0 0 -0.131582 0.19015 -0.00376529 -0.231207 
ZONE I=5
1.58054 0.392656 1 0.981748 1.53232 0.551617 9.18762e-09 2.87728 -0 -0 -0 -0 0 0 -0.129148 0.200335 0.00391736 -0.238323 
1.59345 0.392657 1 0.989929 1.54758 0.54615 6.38488e-07 2.87775 -0 -0 -0 -0 0 0 -0.129148 0.200335 0.00196746 -0.238347 
1.60635 0.392656 1 0.99811 1.56283 0.540462 9.18762e-09 2.87766 -0 -0 -0 -0 0 0 -0.129148 0.200335 1.75607e-05 -0.238355 
1.61924 0.392656 1 1.00629 1.57809 0.534554 0 2.87701 -0 -0 -0 -0 0 0 -0.129148 0.200335 -0.00193223 -0.238348 
1.63211 0.392656 1 1.01447 1.59334 0.528425 9.18762e-09 2.87581 -0 -0 -0 -0 0 0 -0.129148 0.200335 -0.00388176 -0.238324 
ZONE I=5
1.63211 0.392656 1 1.01447 1.59334 0.528425 9.18762e-09 2.87581 -0 -0 -0 -0 0 0 -0.126248 0.210665 0.00403652 -0.245565 
1.645 0.392657 1 1.02266 1.60861 0.522081 6.95162e-07 2.88014 -0 -0 -0 -0 0 0 -0.126248 0.210665 0.00202615 -0.24559 
1.65787 0.392656 1 1.03084 1.62387 0.515517 9.18762e-09 2.88095 -0 -0 -0 -0 0 0 -0.126248 0.210665 1.62663e-05 -0.245598 
1.67073 0.392656 1 1.03902 1.63912 0.508735 0 2.87824 -0 -0 -0 -0 0 0 -0.126248 0.210665 -0.00199301 -0.24559 
1.68358 0.392656 1 1.0472 1.65435 0.501734 9.18762e-09 2.87202 -0 -0 -0 -0 0 0 -0.126248 0.210665 -0.00400154 -0.245565 
ZONE I=5
1.68358 0.392656 1 1.0472 1.65435 0.501734 9.18762e-09 2.87202 -0 -0 -0 -0 0 0 -0.122891 0.221169 0.00415677 -0.252983 
1.69642 0.392657 1 1.05538 1.66958 0.494517 5.36422e-07 2.88656 -0 -0 -0 -0 0 0 -0.122891 0.221169 0.00208726 -0.253009 
1.70926 0.392656 1 1.06356 1.68479 0.487081 9.18762e-09 2.88992 -0 -0 -0 -0 0 0 -0.122891 0.221169 1.75957e-05 -0.253017 
1.7221 0.392656 1 1.07174 1.69999 0.479427 0 2.8821 -0 -0 -0 -0 0 0 -0.122891 0.221169 -0.00205206 -0.253009 
1.73493 0.392656 1 1.07992 1.71517 0.471555 9.18762e-09 2.8631 -0 -0 -0 -0 0 0 -0.122891 0.221169 -0.00412159 -0.252984 
ZONE I=5
1.73493 0.392656 1 1.07992 1.71517 0.471555 9.18762e-09 2.8631 -0 -0 -0 -0 0 0 -0.119485 0.23266 0.00429927 -0.261513 
1.74775 0.392656 1 1.0881 1.73032 0.463458 2.17942e-07 2.90206 -0 -0 -0 -0 0 0 -0.119485 0.23266 0.0021603 -0.261539 
1.76058 0.392656 1 1.09628 1.74547 0.45515 9.18762e-09 2.91169 -0 -0 -0 -0 0 0 -0.119485 0.23266 2.05332e-05 -0.261548 
1.77343 0.392656 1 1.10446 1.76061 0.446628 0 2.89199 -0 -0 -0 -0 0 0 -0.119485 0.23266 -0.00211989 -0.26154 
1.7863 0.392656 1 1.11265 1.77575 0.437894 9.18762e-09 2.84297 -0 -0 -0 -0 0 0 -0.119485 0.23266 -0.00426082 -0.261513 
ZONE I=5
1.7863 0.392656 1 1.11265 1.77575 0.437894 9.18762e-09 2.84297 -0 -0 -0 -0 0 0 -0.115576 0.244395 0.00443509 -0.270309 
1.7991 0.392656 1 1.12083 1.7908 0.428921 0 2.92793 -0 -0 -0 -0 0 0 -0.115576 0.244395 0.00222384 -0.270337 
1.81196 0.392656 1 1.12901 1.80587 0.419754 9.18762e-09 2.9419 -0 -0 -0 -0 0 0 -0.115576 0.244395 1.24326e-05 -0.270346 
1.82487 0.392657 1 1.13719 1.82097 0.410395 2.57252e-07 2.88488 -0 -0 -0 -0 0 0 -0.115576 0.244395 -0.00219897 -0.270337 
1.83785 0.392656 1 1.14537 1.83608 0.400842 9.18762e-09 2.75688 -0 -0 -0 -0 0 0 -0.115576 0.244395 -0.00441023 -0.27031 
ZONE I=5
1.83785 0.392656 1 1.14537 1.83608 0.400842 9.18762e-09 2.75688 -0 -0 -0 -0 0 0 -0.0978501 0.225058 0.00375543 -0.245381 
1.8507 0.392656 1 1.15355 1.85105 0.391019 0 2.86774 -0 -0 -0 -0 0 0 -0.0978501 0.225058 0.00174842 -0.245403 
1.8636 0.392656 1 1.16173 1.86602 0.380992 9.18762e-09 2.72202 -0 -0 -0 -0 0 0 -0.0978501 0.225058 -0.000259317 -0.245409 
1.87655 0.392656 1 1.16991 1.881 0.370762 2.00052e-07 2.31972 -0 -0 -0 -0 0 0 -0.0978501 0.225058 -0.00226765 -0.245399 
1.88956 0.392656 1 1.1781 1.89599 0.36033 9.18762e-09 1.66084 -0 -0 -0 -0 0 0 -0.0978501 0.225058 -0.00427645 -0.245372 
ZONE I=5
1.88956 0.392656 1 1.1781 1.89599 0.36033 9.18762e-09 1.66084 -0 -0 -0 -0 0 0 -0.0097125 0.0242434 0.000304275 -0.0261148 
1.90202 0.392539 1 1.18628 1.91038 0.349594 0 0.622816 -0 -0 -0 -0 0 0 -0.0097125 0.0242434 9.06481e-05 -0.0261164 
1.91446 0.391902 1 1.19446 1.92451 0.339118 0 -4.94066e-324 0 0 -0 -0 0 0 -0.0097125 0.0242434 -0.000122984 -0.0261162 
1.92686 0.390749 1 1.20264 1.93837 0.328902 0 -0.207605 0 0 -0 -0 0 0 -0.0097125 0.0242434 -0.000336609 -0.0261144 
1.9392 0.389082 1 1.21082 1.95196 0.318944 0 0 -0 -0 -0 -0 0 0 -0.0097125 0.0242434 -0.00055021 -0.0261107 
ZONE I=5
1.9392 0.389082 1 1.21082 1.95196 0.318944 0 0 -0 -0 -0 -0 0 0 0 0 0 0 
1.95141 0.386931 1 1.219 1.96523 0.309196 0 0 -0 -0 -0 -0 0 0 0 0 0 0 
1.9636 0.384343 1 1.22718 1.9783 0.29965 0 0 -0 -0 -0 -0 0 0 0 0 0 0 
1.97575 0.381319 1 1.23536 1.99116 0.290307 0 0 -0 -0 -0 -0 0 0 0 0 0 0 
1.98787 0.377859 1 1.24355 2.00383 0.281166 0 0 -0 -0 -0 -0 0 0 0 0 0 0 
ZONE I=5
1.98787 0.377859 1 1.24355 2.00383 0.281166 0 0 -0 -0 -0 -0 0 0 0 0 0 0 
1.99976 0.373968 1 1.25173 2.01614 0.272192 0 0 -0 -0 -0 -0 0 0 0 0 0 0 
2.01152 0.369664 1 1.25991 2.02818 0.263386 0 0 -0 -0 -0 -0 0 0 0 0 0 0 
2.02314 0.364951 1 1.26809 2.03994 0.254748 0 0 -0 -0 -0 -0 0 0 0 0 0 0 
2.03459 0.359833 1 1.27627 2.05144 0.246277 0 0 -0 -0 -0 -0 0 0 0 0 0 0 
ZONE I=5
2.03459 0.359833 1 1.27627 2.05144 0.246277 0 0 -0 -0 -0 -0 0 0 0 0 0 0 
2.04584 0.354321 1 1.28445 2.06262 0.237956 0 0 -0 -0 -0 -0 0 0 0 0 0 0 
2.05689 0.348433 1 1.29263 2.0735 0.229767 0 0 -0 -0 -0 -0 0 0 0 0 0 0 
2.06772 0.342175 1 1.30081 2.08408 0.221712 0 0 -0 -0 -0 -0 0 0 0 0 0 0 
2.07834 0.335551 1 1.309 2.09437 0.21379 0 0 -0 -0 -0 -0 0 0 0 0 0 0 
ZONE I=5
2.07834 0.335551 1 1.309 2.09437 0.21379 0 0 -0 -0 -0 -0 0 0 0 0 0 0 
2.08871 0.328577 1 1.31718 2.10434 0.206005 0 0 -0 -0 -0 -0 0 0 0 0 0 0 
2.09883 0.321273 1 1.32536 2.114 0.198329 0 0 -0 -0 -0 -0 0 0 0 0 0 0 
2.1087 0.313646 1 1.33354 2.12334 0.190762 0 0 -0 -0 -0 -0 0 0 0 0 0 0 
2.1183 0.3057 1 1.34172 2.13238 0.183305 0 0 -0 -0 -0 -0 0 0 0 0 0 0 
ZONE I=5
2.1183 0.3057 1 1.34172 2.13238 0.183305 0 0 -0 -0 -0 -0 0 0 0 0 0 0 
2.12763 0.297443 1 1.3499 2.1411 0.175959 0 0 -0 -0 -0 -0 0 0 0 0 0 0 
2.13668 0.288898 1 1.35808 2.14951 0.168699 0 0 -0 -0 -0 -0 0 0 0 0 0 0 
2.14544 0.280072 1 1.36626 2.1576 0.161525 0 0 -0 -0 -0 -0 0 0 0 0 0 0 
2.1539 0.27097 1 1.37445 2.16538 0.154435 0 0 -0 -0 -0 -0 0 0 0 0 0 0 
ZONE I=5
2.1539 0.27097 1 1.37445 2.16538 0.154435 0 0 -0 -0 -0 -0 0 0 0 0 0 0 
2.16207 0.261606 1 1.38263 2.17284 0.147444 0 0 -0 -0 -0 -0 0 0 0 0 0 0 
2.16993 0.252002 1 1.39081 2.17999 0.140521 0 0 -0 -0 -0 -0 0 0 0 0 0 0 
2.17747 0.242163 1 1.39899 2.18681 0.133667 0 0 -0 -0 -0 -0 0 0 0 0 0 0 
2.18468 0.232097 1 1.40717 2.19331 0.126882 0 0 -0 -0 -0 -0 0 0 0 0 0 0 
ZONE I=5
2.18468 0.232097 1 1.40717 2.19331 0.126882 0 0 -0 -0 -0 -0 0 0 0 0 0 0 
2.19159 0.221808 1 1.41535 2.1995 0.120173 0 0 -0 -0 -0 -0 0 0 0 0 0 0 
2.19816 0.211319 1 1.42353 2.20538 0.113514 0 0 -0 -0 -0 -0 0 0 0 0 0 0 
2.2044 0.200637 1 1.43171 2.21093 0.106907 0 0 -0 -0 -0 -0 0 0 0 0 0 0 
2.21031 0.189768 1 1.4399 2.21617 0.100351 0 0 -0 -0 -0 -0 0 0 0 0 0 0 
ZONE I=5
2.21031 0.189768 1 1.4399 2.21617 0.100351 0 0 -0 -0 -0 -0 0 0 0 0 0 0 
2.21587 0.178728 1 1.44808 2.22109 0.0938575 0 0 -0 -0 -0 -0 0 0 0 0 0 0 
2.22109 0.167534 1 1.45626 2.22569 0.0874034 0 0 -0 -0 -0 -0 0 0 0 0 0 0 
2.22597 0.156194 1 1.46444 2.22997 0.0809886 0 0 -0 -0 -0 -0 0 0 0 0 0 0 
2.23049 0.144713 1 1.47262 2.23393 0.074613 0 0 -0 -0 -0 -0 0 0 0 0 0 0 
ZONE I=5
2.23049 0.144713 1 1.47262 2.23393 0.074613 0 0 -0 -0 -0 -0 0 0 0 0 0 0 
2.23466 0.133101 1 1.4808 2.23758 0.0682807 0 0 -0 -0 -0 -0 0 0 0 0 0 0 
2.23848 0.121372 1 1.48898 2.24091 0.0619735 0 0 -0 -0 -0 -0 0 0 0 0 0 0 
2.24194 0.109536 1 1.49716 2.24392 0.0556914 0 0 -0 -0 -0 -0 0 0 0 0 0 0 
2.24504 0.0975995 1 1.50535 2.24662 0.0494343 0 0 -0 -0 -0 -0 0 0 0 0 0 0 
ZONE I=5
2.24504 0.0975995 1 1.50535 2.24662 0.0494343 0 0 -0 -0 -0 -0 0 0 0 0 0 0 
2.24778 0.0855826 1 1.51353 2.249 0.0432097 0 0 -0 -0 -0 -0 0 0 0 0 0 0 
2.25016 0.0734955 1 1.52171 2.25106 0.0370009 0 0 -0 -0 -0 -0 0 0 0 0 0 0 
2.25218 0.061346 1 1.52989 2.2528 0.0308079 0 0 -0 -0 -0 -0 0 0 0 0 0 0 
2.25382 0.0491419 1 1.53807 2.25423 0.0246306 0 0 -0 -0 -0 -0 0 0 0 0 0 0 
ZONE I=5
2.25382 0.0491419 1 1.53807 2.25423 0.0246306 0 0 -0 -0 -0 -0 0 0 0 0 0 0 
2.25511 0.036895 1 1.54625 2.25534 0.018468 0 0 -0 -0 -0 -0 0 0 0 0 0 0 
2.25603 0.0246158 1 1.55443 2.25613 0.0123087 0 0 -0 -0 -0 -0 0 0 0 0 0 0 
2.25658 0.0123121 1 1.56261 2.2566 0.00615269 0 0 -0 -0 -0 -0 0 0 0 0 0 0 
2.25676 -8.28955e-06 1 1.5708 2.25676 0 0 0 -0 -0 -0 -0 0 0 0 0 0 -0 
