#Contact mesh details for the compression of a sphere.
nreler=1_nreletheta=48_H=0.3969_lambda=1.00_vol=0.2430_t=0.10_CL=MR_C1=1.3000_C2=1.1000
ZONE I=5
0 0.396934 1 0 0.396934 0 7.15034e-12 2.78036 -0 -0 -0 -0 0 0 -0.00377448 8.23589e-05 8.23589e-05 -0.00377448 
0.0130331 0.396934 1 0.00818126 0.397027 0.00978526 2.04486e-08 2.77939 -0 -0 -0 -0 0 0 -0.00377448 8.23589e-05 5.14765e-05 -0.00377502 
0.0260632 0.396934 1 0.0163625 0.397307 0.0195652 3.29701e-10 2.77895 -0 -0 -0 -0 0 0 -0.00377448 8.23589e-05 2.05908e-05 -0.00377532 
0.0390929 0.396934 1 0.0245437 0.397773 0.0293399 0 2.77906 -0 -0 -0 -0 0 0 -0.00377448 8.23589e-05 -1.02963e-05 -0.00377536 
0.0521244 0.396934 1 0.0327249 0.398427 0.0391092 6.83354e-10 2.77971 -0 -0 -0 -0 0 0 -0.00377448 8.23589e-05 -4.11825e-05 -0.00377515 
ZONE I=5
0.0521244 0.396934 1 0.0327249 0.398427 0.0391092 6.83354e-10 2.77971 -0 -0 -0 -0 0 0 -0.0113102 0.000576249 0.000205881 -0.011323 
0.0651572 0.396934 1 0.0409062 0.399266 0.0488702 3.72211e-08 2.77888 -0 -0 -0 -0 0 0 -0.0113102 0.000576249 0.000113239 -0.0113243 
0.078187 0.396934 1 0.0490874 0.400292 0.0586162 1.9468e-09 2.77865 -0 -0 -0 -0 0 0 -0.0113102 0.000576249 2.0589e-05 -0.0113249 
0.0912161 0.396934 1 0.0572686 0.401504 0.0683472 0 2.77901 -0 -0 -0 -0 0 0 -0.0113102 0.000576249 -7.20617e-05 -0.0113246 
0.104247 0.396934 1 0.0654498 0.402902 0.0780632 3.44556e-09 2.77997 -0 -0 -0 -0 0 0 -0.0113102 0.000576249 -0.000164707 -0.0113237 
ZONE I=5
0.104247 0.396934 1 0.0654498 0.402902 0.0780632 3.44556e-09 2.77997 -0 -0 -0 -0 0 0 -0.0188083 0.00156284 0.00032937 -0.0188703 
0.117279 0.396934 1 0.0736311 0.404486 0.0877613 5.58136e-08 2.77896 -0 -0 -0 -0 0 0 -0.0188083 0.00156284 0.000174979 -0.0188723 
0.130308 0.396934 1 0.0818123 0.406255 0.0974346 2.38462e-09 2.77863 -0 -0 -0 -0 0 0 -0.0188083 0.00156284 2.05753e-05 -0.0188731 
0.143336 0.396934 1 0.0899936 0.408209 0.107083 0 2.77897 -0 -0 -0 -0 0 0 -0.0188083 0.00156284 -0.00013383 -0.0188727 
0.156366 0.396934 1 0.0981748 0.410349 0.116707 1.79258e-09 2.77999 -0 -0 -0 -0 0 0 -0.0188083 0.00156284 -0.000288225 -0.0188709 
ZONE I=5
0.156366 0.396934 1 0.0981748 0.410349 0.116707 1.79258e-09 2.77999 -0 -0 -0 -0 0 0 -0.0262432 0.00303974 0.000452814 -0.0264148 
0.169397 0.396934 1 0.106356 0.412673 0.126303 6.58304e-08 2.77896 -0 -0 -0 -0 0 0 -0.0262432 0.00303974 0.000236702 -0.0264176 
0.182425 0.396934 1 0.114537 0.415182 0.135865 1.42957e-09 2.77862 -0 -0 -0 -0 0 0 -0.0262432 0.00303974 2.0569e-05 -0.0264187 
0.195451 0.396934 1 0.122718 0.417874 0.145393 0 2.77896 -0 -0 -0 -0 0 0 -0.0262432 0.00303974 -0.000195571 -0.0264179 
0.20848 0.396934 1 0.1309 0.42075 0.154886 1.25233e-09 2.77998 -0 -0 -0 -0 0 0 -0.0262432 0.00303974 -0.000411703 -0.0264155 
ZONE I=5
0.20848 0.396934 1 0.1309 0.42075 0.154886 1.25233e-09 2.77998 -0 -0 -0 -0 0 0 -0.0335893 0.00500327 0.000576176 -0.033955 
0.221509 0.396934 1 0.139081 0.423809 0.164342 8.20908e-08 2.77896 -0 -0 -0 -0 0 0 -0.0335893 0.00500327 0.000298378 -0.0339585 
0.234535 0.396934 1 0.147262 0.427051 0.173754 1.36201e-09 2.77861 -0 -0 -0 -0 0 0 -0.0335893 0.00500327 2.05523e-05 -0.0339598 
0.247559 0.396934 1 0.155443 0.430474 0.183122 0 2.77895 -0 -0 -0 -0 0 0 -0.0335893 0.00500327 -0.000257284 -0.0339589 
0.260585 0.396934 1 0.163625 0.43408 0.192446 1.55033e-09 2.77998 -0 -0 -0 -0 0 0 -0.0335893 0.00500327 -0.000535111 -0.0339556 
ZONE I=5
0.260585 0.396934 1 0.163625 0.43408 0.192446 1.55033e-09 2.77998 -0 -0 -0 -0 0 0 -0.040822 0.00744867 0.00069945 -0.0414901 
0.273612 0.396934 1 0.171806 0.437867 0.201724 1.0051e-07 2.77894 -0 -0 -0 -0 0 0 -0.040822 0.00744867 0.000360006 -0.0414944 
0.286636 0.396934 1 0.179987 0.441834 0.210948 1.24905e-09 2.7786 -0 -0 -0 -0 0 0 -0.040822 0.00744867 2.05267e-05 -0.041496 
0.299658 0.396934 1 0.188168 0.445981 0.220118 0 2.77894 -0 -0 -0 -0 0 0 -0.040822 0.00744867 -0.000318964 -0.0414947 
0.312681 0.396934 1 0.19635 0.450308 0.229235 1.25417e-09 2.77997 -0 -0 -0 -0 0 0 -0.040822 0.00744867 -0.000658444 -0.0414907 
ZONE I=5
0.312681 0.396934 1 0.19635 0.450308 0.229235 1.25417e-09 2.77997 -0 -0 -0 -0 0 0 -0.0479147 0.0103695 0.000822561 -0.0490171 
0.325706 0.396934 1 0.204531 0.454814 0.238296 1.27502e-07 2.77893 -0 -0 -0 -0 0 0 -0.0479147 0.0103695 0.000421529 -0.0490222 
0.338726 0.396934 1 0.212712 0.459497 0.247295 1.4358e-09 2.77858 -0 -0 -0 -0 0 0 -0.0479147 0.0103695 2.04691e-05 -0.049024 
0.351744 0.396933 1 0.220893 0.464356 0.256229 0 2.77893 -0 -0 -0 -0 0 0 -0.0479147 0.0103695 -0.000380592 -0.0490225 
0.364763 0.396934 1 0.229074 0.469393 0.2651 1.378e-09 2.77996 -0 -0 -0 -0 0 0 -0.0479147 0.0103695 -0.000781628 -0.0490177 
ZONE I=5
0.364763 0.396934 1 0.229074 0.469393 0.2651 1.378e-09 2.77996 -0 -0 -0 -0 0 0 -0.0548475 0.0137596 0.000945638 -0.0565392 
0.377786 0.396934 1 0.237256 0.474608 0.273909 1.55334e-07 2.77891 -0 -0 -0 -0 0 0 -0.0548475 0.0137596 0.000483028 -0.0565451 
0.390804 0.396934 1 0.245437 0.479996 0.282645 2.39203e-09 2.77856 -0 -0 -0 -0 0 0 -0.0548475 0.0137596 2.04009e-05 -0.0565471 
0.403818 0.396933 1 0.253618 0.485557 0.291307 0 2.77891 -0 -0 -0 -0 0 0 -0.0548475 0.0137596 -0.000442214 -0.0565454 
0.416833 0.396934 1 0.261799 0.491293 0.299896 1.46821e-09 2.77995 -0 -0 -0 -0 0 0 -0.0548475 0.0137596 -0.000904785 -0.0565399 
ZONE I=5
0.416833 0.396934 1 0.261799 0.491293 0.299896 1.46821e-09 2.77995 -0 -0 -0 -0 0 0 -0.0615918 0.0176096 0.00106851 -0.0640508 
0.429852 0.396934 1 0.269981 0.497202 0.308414 1.72971e-07 2.7789 -0 -0 -0 -0 0 0 -0.0615918 0.0176096 0.00054444 -0.0640574 
0.442866 0.396934 1 0.278162 0.503282 0.316849 1.21956e-09 2.77854 -0 -0 -0 -0 0 0 -0.0615918 0.0176096 2.03502e-05 -0.0640597 
0.455876 0.396933 1 0.286343 0.509532 0.325202 0 2.77889 -0 -0 -0 -0 0 0 -0.0615918 0.0176096 -0.000503725 -0.0640577 
0.468886 0.396934 1 0.294524 0.515952 0.333472 2.49896e-09 2.77994 -0 -0 -0 -0 0 0 -0.0615918 0.0176096 -0.00102775 -0.0640515 
ZONE I=5
0.468886 0.396934 1 0.294524 0.515952 0.333472 2.49896e-09 2.77994 -0 -0 -0 -0 0 0 -0.0681249 0.0219102 0.0011912 -0.0715516 
0.481901 0.396934 1 0.302706 0.522543 0.341663 1.92798e-07 2.77887 -0 -0 -0 -0 0 0 -0.0681249 0.0219102 0.000605755 -0.071559 
0.494911 0.396934 1 0.310887 0.5293 0.349763 2.17465e-09 2.77852 -0 -0 -0 -0 0 0 -0.0681249 0.0219102 2.02901e-05 -0.0715615 
0.507916 0.396933 1 0.319068 0.536224 0.35777 0 2.77887 -0 -0 -0 -0 0 0 -0.0681249 0.0219102 -0.000565158 -0.0715593 
0.52092 0.396934 1 0.327249 0.543313 0.365685 2.34481e-09 2.77993 -0 -0 -0 -0 0 0 -0.0681249 0.0219102 -0.00115055 -0.0715523 
ZONE I=5
0.52092 0.396934 1 0.327249 0.543313 0.365685 2.34481e-09 2.77993 -0 -0 -0 -0 0 0 -0.0744232 0.0266505 0.00131367 -0.0790401 
0.533931 0.396934 1 0.335431 0.550569 0.373513 2.12259e-07 2.77885 -0 -0 -0 -0 0 0 -0.0744232 0.0266505 0.000666961 -0.0790482 
0.546935 0.396934 1 0.343612 0.557987 0.38124 2.99804e-09 2.77849 -0 -0 -0 -0 0 0 -0.0744232 0.0266505 2.0223e-05 -0.079051 
0.559935 0.396933 1 0.351793 0.565567 0.388867 0 2.77885 -0 -0 -0 -0 0 0 -0.0744232 0.0266505 -0.000626497 -0.0790485 
0.572934 0.396934 1 0.359974 0.573308 0.396392 1.66646e-09 2.77993 -0 -0 -0 -0 0 0 -0.0744232 0.0266505 -0.00127315 -0.0790408 
ZONE I=5
0.572934 0.396934 1 0.359974 0.573308 0.396392 1.66646e-09 2.77993 -0 -0 -0 -0 0 0 -0.0804636 0.0318186 0.00143592 -0.0865145 
0.585939 0.396934 1 0.368156 0.581213 0.403822 2.30738e-07 2.77883 -0 -0 -0 -0 0 0 -0.0804636 0.0318186 0.000728048 -0.0865234 
0.598937 0.396934 1 0.376337 0.589274 0.411142 2.8894e-09 2.77846 -0 -0 -0 -0 0 0 -0.0804636 0.0318186 2.01517e-05 -0.0865264 
0.611931 0.396933 1 0.384518 0.597492 0.418353 0 2.77882 -0 -0 -0 -0 0 0 -0.0804636 0.0318186 -0.000687725 -0.0865237 
0.624923 0.396934 1 0.392699 0.605866 0.425454 2.64704e-09 2.77991 -0 -0 -0 -0 0 0 -0.0804636 0.0318186 -0.00139553 -0.0865152 
ZONE I=5
0.624923 0.396934 1 0.392699 0.605866 0.425454 2.64704e-09 2.77991 -0 -0 -0 -0 0 0 -0.0862236 0.0374012 0.00155789 -0.093973 
0.637922 0.396934 1 0.400881 0.6144 0.432451 2.4942e-07 2.7788 -0 -0 -0 -0 0 0 -0.0862236 0.0374012 0.000788992 -0.0939826 
0.650914 0.396934 1 0.409062 0.623085 0.43933 1.67837e-09 2.77843 -0 -0 -0 -0 0 0 -0.0862236 0.0374012 2.00666e-05 -0.0939859 
0.663901 0.396933 1 0.417243 0.631921 0.446091 0 2.77879 -0 -0 -0 -0 0 0 -0.0862236 0.0374012 -0.000748836 -0.093983 
0.676885 0.396934 1 0.425424 0.640908 0.452733 1.32129e-09 2.7799 -0 -0 -0 -0 0 0 -0.0862236 0.0374012 -0.00151767 -0.0939737 
ZONE I=5
0.676885 0.396934 1 0.425424 0.640908 0.452733 1.32129e-09 2.7799 -0 -0 -0 -0 0 0 -0.0916808 0.043384 0.00167956 -0.101414 
0.689876 0.396934 1 0.433605 0.650048 0.459263 2.51057e-07 2.77877 -0 -0 -0 -0 0 0 -0.0916808 0.043384 0.000849863 -0.101424 
0.70286 0.396934 1 0.441786 0.659335 0.465668 1.72738e-09 2.77839 -0 -0 -0 -0 0 0 -0.0916808 0.043384 2.00816e-05 -0.101428 
0.71584 0.396933 1 0.449967 0.668768 0.471946 0 2.77876 -0 -0 -0 -0 0 0 -0.0916808 0.043384 -0.000809726 -0.101424 
0.728818 0.396934 1 0.458149 0.678347 0.478098 1.8616e-09 2.77989 -0 -0 -0 -0 0 0 -0.0916808 0.043384 -0.00163951 -0.101414 
ZONE I=5
0.728818 0.396934 1 0.458149 0.678347 0.478098 1.8616e-09 2.77989 -0 -0 -0 -0 0 0 -0.0968139 0.0497513 0.0018009 -0.108834 
0.741801 0.396934 1 0.46633 0.688073 0.484129 2.70979e-07 2.77874 -0 -0 -0 -0 0 0 -0.0968139 0.0497513 0.000910489 -0.108845 
0.754777 0.396934 1 0.474511 0.697939 0.490026 2.38871e-09 2.77835 -0 -0 -0 -0 0 0 -0.0968139 0.0497513 1.99916e-05 -0.108849 
0.767749 0.396933 1 0.482692 0.707946 0.495789 0 2.77873 -0 -0 -0 -0 0 0 -0.0968139 0.0497513 -0.000870534 -0.108846 
0.780718 0.396934 1 0.490874 0.718092 0.501418 2.94683e-09 2.77988 -0 -0 -0 -0 0 0 -0.0968139 0.0497513 -0.00176103 -0.108835 
ZONE I=5
0.780718 0.396934 1 0.490874 0.718092 0.501418 2.94683e-09 2.77988 -0 -0 -0 -0 0 0 -0.101602 0.0564865 0.00192185 -0.116232 
0.793692 0.396934 1 0.499055 0.72838 0.506919 2.9247e-07 2.7787 -0 -0 -0 -0 0 0 -0.101602 0.0564865 0.000970918 -0.116244 
0.80666 0.396934 1 0.507236 0.738801 0.512278 4.4163e-09 2.77831 -0 -0 -0 -0 0 0 -0.101602 0.0564865 1.98881e-05 -0.116248 
0.819622 0.396933 1 0.515417 0.749356 0.517495 0 2.7787 -0 -0 -0 -0 0 0 -0.101602 0.0564865 -0.000931172 -0.116245 
0.832581 0.396934 1 0.523599 0.760045 0.522569 2.5638e-09 2.77987 -0 -0 -0 -0 0 0 -0.101602 0.0564865 -0.0018822 -0.116233 
ZONE I=5
0.832581 0.396934 1 0.523599 0.760045 0.522569 2.5638e-09 2.77987 -0 -0 -0 -0 0 0 -0.106025 0.0635717 0.0020424 -0.123606 
0.845546 0.396934 1 0.53178 0.770869 0.527509 3.1176e-07 2.77867 -0 -0 -0 -0 0 0 -0.106025 0.0635717 0.00103114 -0.123618 
0.858504 0.396934 1 0.539961 0.78182 0.532299 4.1949e-09 2.77827 -0 -0 -0 -0 0 0 -0.106025 0.0635717 1.97801e-05 -0.123623 
0.871455 0.396933 1 0.548142 0.792898 0.536939 0 2.77866 -0 -0 -0 -0 0 0 -0.106025 0.0635717 -0.000991612 -0.123619 
0.884404 0.396934 1 0.556324 0.804102 0.54143 3.27687e-09 2.77986 -0 -0 -0 -0 0 0 -0.106025 0.0635717 -0.00200297 -0.123606 
ZONE I=5
0.884404 0.396934 1 0.556324 0.804102 0.54143 3.27687e-09 2.77986 -0 -0 -0 -0 0 0 -0.110062 0.0709877 0.00216248 -0.130952 
0.897359 0.396934 1 0.564505 0.815436 0.545778 3.32637e-07 2.77863 -0 -0 -0 -0 0 0 -0.110062 0.0709877 0.00109112 -0.130965 
0.910306 0.396934 1 0.572686 0.826889 0.54997 5.24618e-09 2.77822 -0 -0 -0 -0 0 0 -0.110062 0.0709877 1.96585e-05 -0.130969 
0.923246 0.396933 1 0.580867 0.838462 0.554005 0 2.77862 -0 -0 -0 -0 0 0 -0.110062 0.0709877 -0.00105184 -0.130965 
0.936183 0.396934 1 0.589049 0.850154 0.557883 3.62579e-09 2.77984 -0 -0 -0 -0 0 0 -0.110062 0.0709877 -0.0021233 -0.130952 
ZONE I=5
0.936183 0.396934 1 0.589049 0.850154 0.557883 3.62579e-09 2.77984 -0 -0 -0 -0 0 0 -0.113697 0.0787146 0.00228206 -0.138267 
0.949127 0.396934 1 0.59723 0.861969 0.561613 3.5135e-07 2.7786 -0 -0 -0 -0 0 0 -0.113697 0.0787146 0.00115085 -0.138281 
0.962062 0.396934 1 0.605411 0.873896 0.565178 3.16747e-09 2.77818 -0 -0 -0 -0 0 0 -0.113697 0.0787146 1.95246e-05 -0.138286 
0.97499 0.396933 1 0.613592 0.885934 0.56858 0 2.77859 -0 -0 -0 -0 0 0 -0.113697 0.0787146 -0.00111183 -0.138281 
0.987915 0.396934 1 0.621774 0.898085 0.571818 2.90674e-09 2.77983 -0 -0 -0 -0 0 0 -0.113697 0.0787146 -0.00224315 -0.138268 
ZONE I=5
0.987915 0.396934 1 0.621774 0.898085 0.571818 2.90674e-09 2.77983 -0 -0 -0 -0 0 0 -0.116907 0.0867281 0.00240092 -0.145545 
1.00085 0.396934 1 0.629955 0.910351 0.574901 3.79702e-07 2.77856 -0 -0 -0 -0 0 0 -0.116907 0.0867281 0.00121016 -0.145559 
1.01377 0.396934 1 0.638136 0.922721 0.577813 3.09007e-09 2.77813 -0 -0 -0 -0 0 0 -0.116907 0.0867281 1.93092e-05 -0.145564 
1.02668 0.396933 1 0.646317 0.935195 0.580555 0 2.77855 -0 -0 -0 -0 0 0 -0.116907 0.0867281 -0.00117154 -0.14556 
1.03959 0.396934 1 0.654498 0.947772 0.583126 2.9233e-09 2.77981 -0 -0 -0 -0 0 0 -0.116907 0.0867281 -0.00236231 -0.145545 
ZONE I=5
1.03959 0.396934 1 0.654498 0.947772 0.583126 2.9233e-09 2.77981 -0 -0 -0 -0 0 0 -0.119686 0.0950139 0.00251947 -0.152794 
1.05251 0.396934 1 0.66268 0.96046 0.585537 4.08582e-07 2.77851 -0 -0 -0 -0 0 0 -0.119686 0.0950139 0.0012693 -0.15281 
1.06542 0.396934 1 0.670861 0.973243 0.587771 3.04724e-09 2.77808 -0 -0 -0 -0 0 0 -0.119686 0.0950139 1.90766e-05 -0.152815 
1.07832 0.396933 1 0.679042 0.98612 0.589828 0 2.77851 -0 -0 -0 -0 0 0 -0.119686 0.0950139 -0.00123111 -0.15281 
1.09121 0.396934 1 0.687223 0.999093 0.591708 3.12633e-09 2.7798 -0 -0 -0 -0 0 0 -0.119686 0.0950139 -0.00248117 -0.152795 
ZONE I=5
1.09121 0.396934 1 0.687223 0.999093 0.591708 3.12633e-09 2.7798 -0 -0 -0 -0 0 0 -0.122008 0.103541 0.00263721 -0.159999 
1.10412 0.396934 1 0.695405 1.01217 0.593422 4.29446e-07 2.77847 -0 -0 -0 -0 0 0 -0.122008 0.103541 0.00132808 -0.160015 
1.11701 0.396934 1 0.703586 1.02533 0.594954 3.43831e-09 2.77803 -0 -0 -0 -0 0 0 -0.122008 0.103541 1.89053e-05 -0.160021 
1.1299 0.396933 1 0.711767 1.03858 0.596302 0 2.77847 -0 -0 -0 -0 0 0 -0.122008 0.103541 -0.00129023 -0.160016 
1.14277 0.396934 1 0.719948 1.05191 0.597467 4.32999e-09 2.77978 -0 -0 -0 -0 0 0 -0.122008 0.103541 -0.00259924 -0.16 
ZONE I=5
1.14277 0.396934 1 0.719948 1.05191 0.597467 4.32999e-09 2.77978 -0 -0 -0 -0 0 0 -0.123861 0.112287 0.0027542 -0.16716 
1.15566 0.396934 1 0.72813 1.06534 0.598461 4.53261e-07 2.77843 -0 -0 -0 -0 0 0 -0.123861 0.112287 0.00138648 -0.167177 
1.16854 0.396934 1 0.736311 1.07885 0.599267 7.09411e-09 2.77797 -0 -0 -0 -0 0 0 -0.123861 0.112287 1.87192e-05 -0.167182 
1.18141 0.396933 1 0.744492 1.09244 0.599884 0 2.77842 -0 -0 -0 -0 0 0 -0.123861 0.112287 -0.00134901 -0.167177 
1.19427 0.396934 1 0.752673 1.1061 0.600313 6.30423e-09 2.77977 -0 -0 -0 -0 0 0 -0.123861 0.112287 -0.0027166 -0.16716 
ZONE I=5
1.19427 0.396934 1 0.752673 1.1061 0.600313 6.30423e-09 2.77977 -0 -0 -0 -0 0 0 -0.125233 0.121226 0.00287038 -0.174272 
1.20714 0.396934 1 0.760855 1.11985 0.600565 4.74691e-07 2.77839 -0 -0 -0 -0 0 0 -0.125233 0.121226 0.00144447 -0.17429 
1.22 0.396934 1 0.769036 1.13367 0.600624 6.60092e-09 2.77792 -0 -0 -0 -0 0 0 -0.125233 0.121226 1.85115e-05 -0.174296 
1.23285 0.396933 1 0.777217 1.14755 0.600489 0 2.77838 -0 -0 -0 -0 0 0 -0.125233 0.121226 -0.00140741 -0.17429 
1.24569 0.396934 1 0.785398 1.16151 0.600161 6.56006e-09 2.77975 -0 -0 -0 -0 0 0 -0.125233 0.121226 -0.00283319 -0.174273 
ZONE I=5
1.24569 0.396934 1 0.785398 1.16151 0.600161 6.56006e-09 2.77975 -0 -0 -0 -0 0 0 -0.12611 0.130332 0.0029857 -0.181332 
1.25854 0.396934 1 0.79358 1.17554 0.599651 4.96108e-07 2.77834 -0 -0 -0 -0 0 0 -0.12611 0.130332 0.00150202 -0.181351 
1.27138 0.396934 1 0.801761 1.18964 0.598943 6.60436e-09 2.77787 -0 -0 -0 -0 0 0 -0.12611 0.130332 1.82936e-05 -0.181357 
1.28421 0.396933 1 0.809942 1.20379 0.598037 0 2.77834 -0 -0 -0 -0 0 0 -0.12611 0.130332 -0.00146539 -0.181351 
1.29703 0.396934 1 0.818123 1.218 0.596933 6.508e-09 2.77974 -0 -0 -0 -0 0 0 -0.12611 0.130332 -0.00294894 -0.181333 
ZONE I=5
1.29703 0.396934 1 0.818123 1.218 0.596933 6.508e-09 2.77974 -0 -0 -0 -0 0 0 -0.126482 0.139578 0.00310007 -0.188335 
1.30986 0.396934 1 0.826305 1.23228 0.595643 5.1735e-07 2.7783 -0 -0 -0 -0 0 0 -0.126482 0.139578 0.00155909 -0.188354 
1.32268 0.396934 1 0.834486 1.24661 0.59415 6.06965e-09 2.77782 -0 -0 -0 -0 0 0 -0.126482 0.139578 1.80572e-05 -0.188361 
1.33549 0.396933 1 0.842667 1.26099 0.592455 0 2.77829 -0 -0 -0 -0 0 0 -0.126482 0.139578 -0.00152293 -0.188355 
1.34829 0.396934 1 0.850848 1.27541 0.590558 5.21829e-09 2.77972 -0 -0 -0 -0 0 0 -0.126482 0.139578 -0.00306377 -0.188336 
ZONE I=5
1.34829 0.396934 1 0.850848 1.27541 0.590558 5.21829e-09 2.77972 -0 -0 -0 -0 0 0 -0.126339 0.148936 0.00321342 -0.195277 
1.3611 0.396934 1 0.859029 1.2899 0.588471 5.22033e-07 2.77827 -0 -0 -0 -0 0 0 -0.126339 0.148936 0.00161579 -0.195297 
1.37389 0.396934 1 0.86721 1.30443 0.586177 6.55286e-09 2.77779 -0 -0 -0 -0 0 0 -0.126339 0.148936 1.80098e-05 -0.195304 
1.38668 0.396933 1 0.875391 1.319 0.583677 0 2.77826 -0 -0 -0 -0 0 0 -0.126339 0.148936 -0.00157982 -0.195297 
1.39945 0.396934 1 0.883573 1.33361 0.580971 5.81128e-09 2.77968 -0 -0 -0 -0 0 0 -0.126339 0.148936 -0.0031776 -0.195278 
ZONE I=5
1.39945 0.396934 1 0.883573 1.33361 0.580971 5.81128e-09 2.77968 -0 -0 -0 -0 0 0 -0.125674 0.158377 0.00332569 -0.202154 
1.41224 0.396934 1 0.891754 1.34826 0.578071 5.43274e-07 2.77828 -0 -0 -0 -0 0 0 -0.125674 0.158377 0.0016718 -0.202174 
1.42501 0.396934 1 0.899935 1.36295 0.574962 5.99167e-09 2.7778 -0 -0 -0 -0 0 0 -0.125674 0.158377 1.77479e-05 -0.202181 
1.43777 0.396933 1 0.908116 1.37767 0.571643 0 2.77823 -0 -0 -0 -0 0 0 -0.125674 0.158377 -0.00163636 -0.202175 
1.45052 0.396934 1 0.916298 1.39242 0.568114 6.00641e-09 2.77959 -0 -0 -0 -0 0 0 -0.125674 0.158377 -0.0032904 -0.202155 
ZONE I=5
1.45052 0.396934 1 0.916298 1.39242 0.568114 6.00641e-09 2.77959 -0 -0 -0 -0 0 0 -0.124483 0.167876 0.00343687 -0.208965 
1.46328 0.396934 1 0.924479 1.4072 0.564388 5.63771e-07 2.77838 -0 -0 -0 -0 0 0 -0.124483 0.167876 0.00172725 -0.208987 
1.47603 0.396934 1 0.93266 1.42201 0.56045 5.92503e-09 2.77794 -0 -0 -0 -0 0 0 -0.124483 0.167876 1.74661e-05 -0.208994 
1.48876 0.396933 1 0.940841 1.43684 0.5563 0 2.77826 -0 -0 -0 -0 0 0 -0.124483 0.167876 -0.00169237 -0.208987 
1.50149 0.396934 1 0.949023 1.45168 0.551936 5.75862e-09 2.77934 -0 -0 -0 -0 0 0 -0.124483 0.167876 -0.00340215 -0.208966 
ZONE I=5
1.50149 0.396934 1 0.949023 1.45168 0.551936 5.75862e-09 2.77934 -0 -0 -0 -0 0 0 -0.122769 0.177414 0.0035471 -0.21572 
1.51422 0.396934 1 0.957204 1.46656 0.547373 5.79942e-07 2.77877 -0 -0 -0 -0 0 0 -0.122769 0.177414 0.00178222 -0.215742 
1.52694 0.396934 1 0.965385 1.48145 0.542596 4.92509e-09 2.77846 -0 -0 -0 -0 0 0 -0.122769 0.177414 1.71638e-05 -0.215749 
1.53965 0.396933 1 0.973566 1.49634 0.537603 0 2.77842 -0 -0 -0 -0 0 0 -0.122769 0.177414 -0.00174794 -0.215742 
1.55234 0.396934 1 0.981748 1.51125 0.532396 5.47411e-09 2.77865 -0 -0 -0 -0 0 0 -0.122769 0.177414 -0.00351299 -0.215721 
ZONE I=5
1.55234 0.396934 1 0.981748 1.51125 0.532396 5.47411e-09 2.77865 -0 -0 -0 -0 0 0 -0.120539 0.18698 0.00365635 -0.222436 
1.56505 0.396934 1 0.989929 1.52618 0.526985 6.10833e-07 2.77995 -0 -0 -0 -0 0 0 -0.120539 0.18698 0.00183644 -0.222459 
1.57774 0.396934 1 0.99811 1.5411 0.52136 5.14274e-09 2.78007 -0 -0 -0 -0 0 0 -0.120539 0.18698 1.65229e-05 -0.222466 
1.59041 0.396933 1 1.00629 1.55602 0.515518 0 2.77901 -0 -0 -0 -0 0 0 -0.120539 0.18698 -0.00180329 -0.222459 
1.60308 0.396934 1 1.01447 1.57094 0.509461 8.06311e-09 2.77677 -0 -0 -0 -0 0 0 -0.120539 0.18698 -0.00362286 -0.222437 
ZONE I=5
1.60308 0.396934 1 1.01447 1.57094 0.509461 8.06311e-09 2.77677 -0 -0 -0 -0 0 0 -0.117903 0.196742 0.00376989 -0.229335 
1.61576 0.396934 1 1.02266 1.58589 0.503192 6.5589e-07 2.78331 -0 -0 -0 -0 0 0 -0.117903 0.196742 0.00189239 -0.229358 
1.62843 0.396934 1 1.03084 1.60082 0.49671 6.91063e-09 2.78468 -0 -0 -0 -0 0 0 -0.117903 0.196742 1.5346e-05 -0.229366 
1.64108 0.396933 1 1.03902 1.61573 0.490014 0 2.78087 -0 -0 -0 -0 0 0 -0.117903 0.196742 -0.00186113 -0.229358 
1.65372 0.396934 1 1.0472 1.63064 0.483104 5.78561e-09 2.7719 -0 -0 -0 -0 0 0 -0.117903 0.196742 -0.00373691 -0.229335 
ZONE I=5
1.65372 0.396934 1 1.0472 1.63064 0.483104 5.78561e-09 2.7719 -0 -0 -0 -0 0 0 -0.114913 0.20681 0.0038871 -0.236559 
1.66637 0.396934 1 1.05538 1.64553 0.47598 4.65508e-07 2.79229 -0 -0 -0 -0 0 0 -0.114913 0.20681 0.00195194 -0.236583 
1.67901 0.396934 1 1.06356 1.66042 0.468645 8.67237e-09 2.79705 -0 -0 -0 -0 0 0 -0.114913 0.20681 1.66455e-05 -0.236591 
1.69165 0.396933 1 1.07174 1.6753 0.461098 0 2.78617 -0 -0 -0 -0 0 0 -0.114913 0.20681 -0.00191865 -0.236583 
1.70429 0.396934 1 1.07992 1.69017 0.453339 7.38375e-09 2.75967 -0 -0 -0 -0 0 0 -0.114913 0.20681 -0.00385381 -0.236559 
ZONE I=5
1.70429 0.396934 1 1.07992 1.69017 0.453339 7.38375e-09 2.75967 -0 -0 -0 -0 0 0 -0.111931 0.217946 0.00402568 -0.244975 
1.71691 0.396934 1 1.0881 1.70499 0.445356 7.40078e-08 2.81355 -0 -0 -0 -0 0 0 -0.111931 0.217946 0.00202198 -0.245 
1.72955 0.396934 1 1.09628 1.71982 0.437169 7.1029e-09 2.82542 -0 -0 -0 -0 0 0 -0.111931 0.217946 1.75324e-05 -0.245008 
1.74223 0.396934 1 1.10446 1.73467 0.428779 0 2.7953 -0 -0 -0 -0 0 0 -0.111931 0.217946 -0.00198753 -0.245 
1.75494 0.396934 1 1.11265 1.74951 0.420185 5.43797e-09 2.72317 -0 -0 -0 -0 0 0 -0.111931 0.217946 -0.00399307 -0.244975 
ZONE I=5
1.75494 0.396934 1 1.11265 1.74951 0.420185 5.43797e-09 2.72317 -0 -0 -0 -0 0 0 -0.10725 0.226711 0.00408171 -0.250767 
1.76755 0.396933 1 1.12083 1.76425 0.411347 0 2.84527 -0 -0 -0 -0 0 0 -0.10725 0.226711 0.00203032 -0.250792 
1.78024 0.396934 1 1.12901 1.77903 0.402326 7.78303e-09 2.8481 -0 -0 -0 -0 0 0 -0.10725 0.226711 -2.12023e-05 -0.2508 
1.793 0.396934 1 1.13719 1.79384 0.393122 4.36503e-07 2.73166 -0 -0 -0 -0 0 0 -0.10725 0.226711 -0.00207272 -0.250791 
1.80584 0.396934 1 1.14537 1.80869 0.383734 6.84281e-09 2.49595 -0 -0 -0 -0 0 0 -0.10725 0.226711 -0.0041241 -0.250766 
ZONE I=5
1.80584 0.396934 1 1.14537 1.80869 0.383734 6.84281e-09 2.49595 -0 -0 -0 -0 0 0 -0.0734294 0.167523 0.0022541 -0.182895 
1.81853 0.396941 1 1.15355 1.82337 0.374063 7.49628e-06 2.69297 -0 -0 -0 -0 0 0 -0.0734294 0.167523 0.000758181 -0.182908 
1.83119 0.396934 1 1.16173 1.83799 0.364178 8.85138e-09 2.34265 -0 -0 -0 -0 0 0 -0.0734294 0.167523 -0.000738242 -0.182908 
1.84383 0.396913 1 1.16991 1.85254 0.354077 0 1.44499 -0 -0 -0 -0 0 0 -0.0734294 0.167523 -0.00223507 -0.182896 
1.85645 0.39688 1 1.1781 1.86702 0.34376 0 -3.39539e-15 0 0 -0 -0 0 0 -0.0734294 0.167523 -0.00373221 -0.182871 
ZONE I=5
1.85645 0.39688 1 1.1781 1.86702 0.34376 0 -3.39539e-15 0 0 -0 -0 0 0 2.14068e-17 -4.59091e-17 2.2088e-18 5.06065e-17 
1.86853 0.396121 1 1.18628 1.88068 0.333708 0 -1.27327e-15 0 0 -0 -0 0 0 2.14068e-17 -4.59091e-17 2.62268e-18 5.05867e-17 
1.88065 0.394903 1 1.19446 1.89417 0.323902 0 -1.22913e-83 0 0 -0 -0 0 0 2.14068e-17 -4.59091e-17 3.03638e-18 5.05636e-17 
1.89282 0.393225 1 1.20264 1.90751 0.314342 0 4.24424e-16 -0 -0 -0 -0 0 0 2.14068e-17 -4.59091e-17 3.44989e-18 5.0537e-17 
1.90502 0.391088 1 1.21082 1.92068 0.305027 0 0 -0 -0 -0 -0 0 0 2.14068e-17 -4.59091e-17 3.86316e-18 5.05071e-17 
ZONE I=5
1.90502 0.391088 1 1.21082 1.92068 0.305027 0 0 -0 -0 -0 -0 0 0 0 0 0 0 
1.91704 0.388535 1 1.219 1.93351 0.295845 0 0 -0 -0 -0 -0 0 0 0 0 0 0 
1.92899 0.385559 1 1.22718 1.94612 0.286846 0 0 -0 -0 -0 -0 0 0 0 0 0 0 
1.94088 0.382162 1 1.23536 1.95851 0.278032 0 0 -0 -0 -0 -0 0 0 0 0 0 0 
1.9527 0.378346 1 1.24355 1.97068 0.269401 0 0 -0 -0 -0 -0 0 0 0 0 0 0 
ZONE I=5
1.9527 0.378346 1 1.24355 1.97068 0.269401 0 0 -0 -0 -0 -0 0 0 0 0 0 0 
1.96431 0.374124 1 1.25173 1.98253 0.260924 0 0 -0 -0 -0 -0 0 0 0 0 0 0 
1.97578 0.369511 1 1.25991 1.9941 0.252597 0 0 -0 -0 -0 -0 0 0 0 0 0 0 
1.98708 0.36451 1 1.26809 2.0054 0.244421 0 0 -0 -0 -0 -0 0 0 0 0 0 0 
1.99822 0.359126 1 1.27627 2.01643 0.236394 0 0 -0 -0 -0 -0 0 0 0 0 0 0 
ZONE I=5
1.99822 0.359126 1 1.27627 2.01643 0.236394 0 0 -0 -0 -0 -0 0 0 0 0 0 0 
2.00915 0.35337 1 1.28445 2.02715 0.228504 0 0 -0 -0 -0 -0 0 0 0 0 0 0 
2.01988 0.34726 1 1.29263 2.03759 0.220733 0 0 -0 -0 -0 -0 0 0 0 0 0 0 
2.03039 0.3408 1 1.30081 2.04774 0.213081 0 0 -0 -0 -0 -0 0 0 0 0 0 0 
2.04068 0.333995 1 1.309 2.05759 0.205547 0 0 -0 -0 -0 -0 0 0 0 0 0 0 
ZONE I=5
2.04068 0.333995 1 1.309 2.05759 0.205547 0 0 -0 -0 -0 -0 0 0 0 0 0 0 
2.05074 0.326861 1 1.31718 2.06715 0.198138 0 0 -0 -0 -0 -0 0 0 0 0 0 0 
2.06054 0.319416 1 1.32536 2.0764 0.190826 0 0 -0 -0 -0 -0 0 0 0 0 0 0 
2.07009 0.311666 1 1.33354 2.08535 0.183612 0 0 -0 -0 -0 -0 0 0 0 0 0 0 
2.07938 0.303617 1 1.34172 2.094 0.176495 0 0 -0 -0 -0 -0 0 0 0 0 0 0 
ZONE I=5
2.07938 0.303617 1 1.34172 2.094 0.176495 0 0 -0 -0 -0 -0 0 0 0 0 0 0 
2.0884 0.295275 1 1.3499 2.10235 0.16948 0 0 -0 -0 -0 -0 0 0 0 0 0 0 
2.09715 0.286662 1 1.35808 2.1104 0.16254 0 0 -0 -0 -0 -0 0 0 0 0 0 0 
2.10561 0.277783 1 1.36626 2.11814 0.155677 0 0 -0 -0 -0 -0 0 0 0 0 0 0 
2.11379 0.268647 1 1.37445 2.12558 0.148888 0 0 -0 -0 -0 -0 0 0 0 0 0 0 
ZONE I=5
2.11379 0.268647 1 1.37445 2.12558 0.148888 0 0 -0 -0 -0 -0 0 0 0 0 0 0 
2.12168 0.259263 1 1.38263 2.13272 0.142189 0 0 -0 -0 -0 -0 0 0 0 0 0 0 
2.12926 0.249654 1 1.39081 2.13956 0.135551 0 0 -0 -0 -0 -0 0 0 0 0 0 0 
2.13653 0.239824 1 1.39899 2.14608 0.128974 0 0 -0 -0 -0 -0 0 0 0 0 0 0 
2.1435 0.229781 1 1.40717 2.1523 0.122458 0 0 -0 -0 -0 -0 0 0 0 0 0 0 
ZONE I=5
2.1435 0.229781 1 1.40717 2.1523 0.122458 0 0 -0 -0 -0 -0 0 0 0 0 0 0 
2.15016 0.219529 1 1.41535 2.15822 0.11601 0 0 -0 -0 -0 -0 0 0 0 0 0 0 
2.1565 0.209088 1 1.42353 2.16383 0.109608 0 0 -0 -0 -0 -0 0 0 0 0 0 0 
2.16251 0.198465 1 1.43171 2.16915 0.10325 0 0 -0 -0 -0 -0 0 0 0 0 0 0 
2.1682 0.187668 1 1.4399 2.17415 0.0969379 0 0 -0 -0 -0 -0 0 0 0 0 0 0 
ZONE I=5
2.1682 0.187668 1 1.4399 2.17415 0.0969379 0 0 -0 -0 -0 -0 0 0 0 0 0 0 
2.17357 0.17671 1 1.44808 2.17885 0.0906827 0 0 -0 -0 -0 -0 0 0 0 0 0 0 
2.1786 0.165606 1 1.45626 2.18325 0.0844622 0 0 -0 -0 -0 -0 0 0 0 0 0 0 
2.18329 0.154365 1 1.46444 2.18734 0.0782764 0 0 -0 -0 -0 -0 0 0 0 0 0 0 
2.18765 0.142993 1 1.47262 2.19113 0.0721254 0 0 -0 -0 -0 -0 0 0 0 0 0 0 
ZONE I=5
2.18765 0.142993 1 1.47262 2.19113 0.0721254 0 0 -0 -0 -0 -0 0 0 0 0 0 0 
2.19167 0.131497 1 1.4808 2.19461 0.0660135 0 0 -0 -0 -0 -0 0 0 0 0 0 0 
2.19534 0.119892 1 1.48898 2.1978 0.0599236 0 0 -0 -0 -0 -0 0 0 0 0 0 0 
2.19867 0.108185 1 1.49716 2.20068 0.0538557 0 0 -0 -0 -0 -0 0 0 0 0 0 0 
2.20166 0.0963843 1 1.50535 2.20325 0.0478098 0 0 -0 -0 -0 -0 0 0 0 0 0 0 
ZONE I=5
2.20166 0.0963843 1 1.50535 2.20325 0.0478098 0 0 -0 -0 -0 -0 0 0 0 0 0 0 
2.2043 0.0845082 1 1.51353 2.20552 0.0417935 0 0 -0 -0 -0 -0 0 0 0 0 0 0 
2.20659 0.0725661 1 1.52171 2.20749 0.0357912 0 0 -0 -0 -0 -0 0 0 0 0 0 0 
2.20853 0.0605654 1 1.52989 2.20916 0.0298028 0 0 -0 -0 -0 -0 0 0 0 0 0 0 
2.21011 0.0485137 1 1.53807 2.21052 0.0238283 0 0 -0 -0 -0 -0 0 0 0 0 0 0 
ZONE I=5
2.21011 0.0485137 1 1.53807 2.21052 0.0238283 0 0 -0 -0 -0 -0 0 0 0 0 0 0 
2.21135 0.0364218 1 1.54625 2.21158 0.0178671 0 0 -0 -0 -0 -0 0 0 0 0 0 0 
2.21223 0.0242992 1 1.55443 2.21234 0.0119086 0 0 -0 -0 -0 -0 0 0 0 0 0 0 
2.21276 0.0121534 1 1.56261 2.21279 0.00595294 0 0 -0 -0 -0 -0 0 0 0 0 0 0 
2.21294 -8.12858e-06 1 1.5708 2.21294 0 0 0 -0 -0 -0 -0 0 0 0 0 0 -0 
