#Contact mesh details for the compression of a sphere.
nreler=1_nreletheta=48_H=0.3921_lambda=1.00_vol=0.2430_t=0.10_CL=MR_C1=1.3000_C2=1.1000
ZONE I=5
0 0.392148 1 0 0.392148 0 9.18762e-09 2.89065 -0 -0 -0 -0 0 0 -0.00409217 8.9291e-05 8.9291e-05 -0.00409217 
0.0133094 0.392148 1 0.00818126 0.392244 0.0101007 3.00545e-08 2.88953 -0 -0 -0 -0 0 0 -0.00409217 8.9291e-05 5.58092e-05 -0.00409277 
0.0266158 0.392148 1 0.0163625 0.392531 0.020196 9.18762e-09 2.88903 -0 -0 -0 -0 0 0 -0.00409217 8.9291e-05 2.23238e-05 -0.00409308 
0.0399217 0.392148 1 0.0245437 0.39301 0.0302859 1.57655e-09 2.88915 -0 -0 -0 -0 0 0 -0.00409217 8.9291e-05 -1.11629e-05 -0.00409313 
0.0532295 0.392148 1 0.0327249 0.39368 0.0403703 9.18762e-09 2.8899 -0 -0 -0 -0 0 0 -0.00409217 8.9291e-05 -4.46489e-05 -0.0040929 
ZONE I=5
0.0532295 0.392148 1 0.0327249 0.39368 0.0403703 9.18762e-09 2.8899 -0 -0 -0 -0 0 0 -0.0122621 0.000624747 0.000223208 -0.012276 
0.0665386 0.392148 1 0.0409062 0.394542 0.0504461 4.62769e-08 2.88898 -0 -0 -0 -0 0 0 -0.0122621 0.000624747 0.000122768 -0.0122774 
0.0798445 0.392148 1 0.0490874 0.395594 0.0605066 9.18762e-09 2.88872 -0 -0 -0 -0 0 0 -0.0122621 0.000624747 2.2321e-05 -0.012278 
0.0931498 0.392148 1 0.0572686 0.396837 0.0705516 0 2.88912 -0 -0 -0 -0 0 0 -0.0122621 0.000624747 -7.81274e-05 -0.0122778 
0.106457 0.392148 1 0.0654498 0.398271 0.0805813 9.18762e-09 2.89017 -0 -0 -0 -0 0 0 -0.0122621 0.000624747 -0.00017857 -0.0122767 
ZONE I=5
0.106457 0.392148 1 0.0654498 0.398271 0.0805813 9.18762e-09 2.89017 -0 -0 -0 -0 0 0 -0.020391 0.00169435 0.000357086 -0.0204582 
0.119765 0.392149 1 0.0736311 0.399896 0.0905926 6.38793e-08 2.88906 -0 -0 -0 -0 0 0 -0.020391 0.00169435 0.000189702 -0.0204604 
0.13307 0.392148 1 0.0818123 0.401711 0.100578 9.18762e-09 2.8887 -0 -0 -0 -0 0 0 -0.020391 0.00169435 2.23064e-05 -0.0204613 
0.146374 0.392148 1 0.0899936 0.403716 0.110539 0 2.88907 -0 -0 -0 -0 0 0 -0.020391 0.00169435 -0.000145091 -0.0204608 
0.15968 0.392148 1 0.0981748 0.405912 0.120474 9.18762e-09 2.8902 -0 -0 -0 -0 0 0 -0.020391 0.00169435 -0.000312479 -0.0204589 
ZONE I=5
0.15968 0.392148 1 0.0981748 0.405912 0.120474 9.18762e-09 2.8902 -0 -0 -0 -0 0 0 -0.0284509 0.00329545 0.000490906 -0.0286369 
0.172987 0.392149 1 0.106356 0.408296 0.130381 7.56008e-08 2.88906 -0 -0 -0 -0 0 0 -0.0284509 0.00329545 0.000256613 -0.02864 
0.18629 0.392148 1 0.114537 0.41087 0.140252 9.18762e-09 2.88869 -0 -0 -0 -0 0 0 -0.0284509 0.00329545 2.22978e-05 -0.0286411 
0.199593 0.392148 1 0.122718 0.413632 0.150089 0 2.88906 -0 -0 -0 -0 0 0 -0.0284509 0.00329545 -0.000212025 -0.0286403 
0.212897 0.392148 1 0.1309 0.416582 0.15989 9.18762e-09 2.89019 -0 -0 -0 -0 0 0 -0.0284509 0.00329545 -0.000446339 -0.0286377 
ZONE I=5
0.212897 0.392148 1 0.1309 0.416582 0.15989 9.18762e-09 2.89019 -0 -0 -0 -0 0 0 -0.0364139 0.00542401 0.000624625 -0.0368104 
0.226202 0.392149 1 0.139081 0.419721 0.169653 9.27249e-08 2.88906 -0 -0 -0 -0 0 0 -0.0364139 0.00542401 0.000323467 -0.0368143 
0.239503 0.392148 1 0.147262 0.423046 0.17937 9.18762e-09 2.88868 -0 -0 -0 -0 0 0 -0.0364139 0.00542401 2.22773e-05 -0.0368157 
0.252803 0.392148 1 0.155443 0.426559 0.189043 0 2.88905 -0 -0 -0 -0 0 0 -0.0364139 0.00542401 -0.000278923 -0.0368146 
0.266104 0.392148 1 0.163625 0.430258 0.19867 9.18762e-09 2.89018 -0 -0 -0 -0 0 0 -0.0364139 0.00542401 -0.000580114 -0.0368111 
ZONE I=5
0.266104 0.392148 1 0.163625 0.430258 0.19867 9.18762e-09 2.89018 -0 -0 -0 -0 0 0 -0.0442533 0.00807477 0.000758239 -0.0449775 
0.279407 0.392149 1 0.171806 0.434143 0.208251 1.11701e-07 2.88905 -0 -0 -0 -0 0 0 -0.0442533 0.00807477 0.000390262 -0.0449822 
0.292705 0.392148 1 0.179987 0.438213 0.217776 9.18762e-09 2.88867 -0 -0 -0 -0 0 0 -0.0442533 0.00807477 2.22474e-05 -0.0449839 
0.306002 0.392148 1 0.188168 0.442467 0.227245 0 2.88904 -0 -0 -0 -0 0 0 -0.0442533 0.00807477 -0.00034578 -0.0449826 
0.3193 0.392148 1 0.19635 0.446906 0.23666 9.18762e-09 2.89018 -0 -0 -0 -0 0 0 -0.0442533 0.00807477 -0.000713795 -0.0449783 
ZONE I=5
0.3193 0.392148 1 0.19635 0.446906 0.23666 9.18762e-09 2.89018 -0 -0 -0 -0 0 0 -0.0519401 0.0112407 0.000891657 -0.053135 
0.3326 0.392149 1 0.204531 0.451528 0.246019 1.39518e-07 2.88903 -0 -0 -0 -0 0 0 -0.0519401 0.0112407 0.000456935 -0.0531405 
0.345895 0.392148 1 0.212712 0.456333 0.255312 9.18762e-09 2.88865 -0 -0 -0 -0 0 0 -0.0519401 0.0112407 2.21817e-05 -0.0531425 
0.359187 0.392148 1 0.220893 0.461318 0.26454 0 2.88903 -0 -0 -0 -0 0 0 -0.0519401 0.0112407 -0.000412573 -0.0531409 
0.37248 0.392148 1 0.229074 0.466486 0.273703 9.18762e-09 2.89017 -0 -0 -0 -0 0 0 -0.0519401 0.0112407 -0.0008473 -0.0531357 
ZONE I=5
0.37248 0.392148 1 0.229074 0.466486 0.273703 9.18762e-09 2.89017 -0 -0 -0 -0 0 0 -0.0594524 0.0149148 0.00102502 -0.0612861 
0.385778 0.392149 1 0.237256 0.471835 0.282802 1.67436e-07 2.88902 -0 -0 -0 -0 0 0 -0.0594524 0.0149148 0.000523573 -0.0612924 
0.399069 0.392148 1 0.245437 0.477362 0.291825 9.18762e-09 2.88863 -0 -0 -0 -0 0 0 -0.0594524 0.0149148 2.21046e-05 -0.0612947 
0.412358 0.392148 1 0.253618 0.483068 0.300774 0 2.88901 -0 -0 -0 -0 0 0 -0.0594524 0.0149148 -0.00047935 -0.0612928 
0.425646 0.392148 1 0.261799 0.488951 0.309647 9.18762e-09 2.89016 -0 -0 -0 -0 0 0 -0.0594524 0.0149148 -0.000980757 -0.0612868 
ZONE I=5
0.425646 0.392148 1 0.261799 0.488951 0.309647 9.18762e-09 2.89016 -0 -0 -0 -0 0 0 -0.066759 0.019087 0.00115814 -0.0694244 
0.438939 0.392149 1 0.269981 0.495014 0.318448 1.86664e-07 2.889 -0 -0 -0 -0 0 0 -0.066759 0.019087 0.000590103 -0.0694315 
0.452226 0.392148 1 0.278162 0.501251 0.327164 9.18762e-09 2.88861 -0 -0 -0 -0 0 0 -0.066759 0.019087 2.20444e-05 -0.069434 
0.46551 0.392148 1 0.286343 0.507663 0.335795 0 2.889 -0 -0 -0 -0 0 0 -0.066759 0.019087 -0.000545998 -0.0694319 
0.478793 0.392148 1 0.294524 0.514249 0.344341 9.18762e-09 2.89015 -0 -0 -0 -0 0 0 -0.066759 0.019087 -0.00111399 -0.0694251 
ZONE I=5
0.478793 0.392148 1 0.294524 0.514249 0.344341 9.18762e-09 2.89015 -0 -0 -0 -0 0 0 -0.0738355 0.0237469 0.00129104 -0.0775495 
0.492081 0.392149 1 0.302706 0.52101 0.352807 2.05989e-07 2.88898 -0 -0 -0 -0 0 0 -0.0738355 0.0237469 0.000656518 -0.0775575 
0.505363 0.392148 1 0.310887 0.527942 0.361178 9.18762e-09 2.88859 -0 -0 -0 -0 0 0 -0.0738355 0.0237469 2.19762e-05 -0.0775603 
0.518641 0.392148 1 0.319068 0.535044 0.369454 0 2.88898 -0 -0 -0 -0 0 0 -0.0738355 0.0237469 -0.000612548 -0.0775578 
0.531917 0.392148 1 0.327249 0.542316 0.377637 9.18762e-09 2.89014 -0 -0 -0 -0 0 0 -0.0738355 0.0237469 -0.00124701 -0.0775502 
ZONE I=5
0.531917 0.392148 1 0.327249 0.542316 0.377637 9.18762e-09 2.89014 -0 -0 -0 -0 0 0 -0.0806561 0.0288825 0.00142368 -0.0856597 
0.5452 0.392149 1 0.335431 0.54976 0.38573 2.25422e-07 2.88896 -0 -0 -0 -0 0 0 -0.0806561 0.0288825 0.000722802 -0.0856684 
0.558476 0.392148 1 0.343612 0.55737 0.393719 9.18762e-09 2.88856 -0 -0 -0 -0 0 0 -0.0806561 0.0288825 2.18998e-05 -0.0856715 
0.571748 0.392148 1 0.351793 0.565146 0.401605 0 2.88896 -0 -0 -0 -0 0 0 -0.0806561 0.0288825 -0.000678982 -0.0856688 
0.585018 0.392148 1 0.359974 0.573087 0.409387 9.18762e-09 2.89013 -0 -0 -0 -0 0 0 -0.0806561 0.0288825 -0.0013798 -0.0856604 
ZONE I=5
0.585018 0.392148 1 0.359974 0.573087 0.409387 9.18762e-09 2.89013 -0 -0 -0 -0 0 0 -0.0871956 0.0344807 0.00155603 -0.0937527 
0.598294 0.392149 1 0.368156 0.581195 0.417072 2.44971e-07 2.88894 -0 -0 -0 -0 0 0 -0.0871956 0.0344807 0.000788937 -0.0937623 
0.611564 0.392148 1 0.376337 0.589464 0.424644 9.18762e-09 2.88854 -0 -0 -0 -0 0 0 -0.0871956 0.0344807 2.18147e-05 -0.0937656 
0.624828 0.392148 1 0.384518 0.597894 0.432103 0 2.88893 -0 -0 -0 -0 0 0 -0.0871956 0.0344807 -0.000745286 -0.0937627 
0.63809 0.392148 1 0.392699 0.606485 0.43945 9.18762e-09 2.89013 -0 -0 -0 -0 0 0 -0.0871956 0.0344807 -0.00151231 -0.0937534 
ZONE I=5
0.63809 0.392148 1 0.392699 0.606485 0.43945 9.18762e-09 2.89013 -0 -0 -0 -0 0 0 -0.0934295 0.0405269 0.00168806 -0.101827 
0.65136 0.392149 1 0.400881 0.615238 0.446691 2.64645e-07 2.88891 -0 -0 -0 -0 0 0 -0.0934295 0.0405269 0.000854906 -0.101837 
0.664622 0.392148 1 0.409062 0.624146 0.45381 9.18762e-09 2.8885 -0 -0 -0 -0 0 0 -0.0934295 0.0405269 2.17206e-05 -0.101841 
0.677878 0.392148 1 0.417243 0.63321 0.460808 0 2.88891 -0 -0 -0 -0 0 0 -0.0934295 0.0405269 -0.000811441 -0.101837 
0.691132 0.392148 1 0.425424 0.642429 0.467685 9.18762e-09 2.89012 -0 -0 -0 -0 0 0 -0.0934295 0.0405269 -0.00164452 -0.101827 
ZONE I=5
0.691132 0.392148 1 0.425424 0.642429 0.467685 9.18762e-09 2.89012 -0 -0 -0 -0 0 0 -0.0993336 0.0470053 0.00181973 -0.109879 
0.704392 0.392149 1 0.433605 0.651805 0.474447 2.6699e-07 2.88888 -0 -0 -0 -0 0 0 -0.0993336 0.0470053 0.000920771 -0.10989 
0.717646 0.392148 1 0.441786 0.661331 0.481079 9.18762e-09 2.88847 -0 -0 -0 -0 0 0 -0.0993336 0.0470053 2.17271e-05 -0.109894 
0.730894 0.392148 1 0.449967 0.671006 0.487582 0 2.88888 -0 -0 -0 -0 0 0 -0.0993336 0.0470053 -0.000877346 -0.10989 
0.74414 0.392148 1 0.458149 0.680832 0.493956 9.18762e-09 2.89011 -0 -0 -0 -0 0 0 -0.0993336 0.0470053 -0.00177639 -0.109879 
ZONE I=5
0.74414 0.392148 1 0.458149 0.680832 0.493956 9.18762e-09 2.89011 -0 -0 -0 -0 0 0 -0.104885 0.0538987 0.00195099 -0.117907 
0.757391 0.392149 1 0.46633 0.690808 0.500206 2.86963e-07 2.88885 -0 -0 -0 -0 0 0 -0.104885 0.0538987 0.000986353 -0.117919 
0.770635 0.392148 1 0.474511 0.700928 0.506318 9.18762e-09 2.88844 -0 -0 -0 -0 0 0 -0.104885 0.0538987 2.16214e-05 -0.117923 
0.783874 0.392148 1 0.482692 0.711192 0.512293 0 2.88885 -0 -0 -0 -0 0 0 -0.104885 0.0538987 -0.000943141 -0.117919 
0.79711 0.392148 1 0.490874 0.721599 0.51813 9.18762e-09 2.8901 -0 -0 -0 -0 0 0 -0.104885 0.0538987 -0.00190787 -0.117908 
ZONE I=5
0.79711 0.392148 1 0.490874 0.721599 0.51813 9.18762e-09 2.8901 -0 -0 -0 -0 0 0 -0.11006 0.0611888 0.0020818 -0.125908 
0.810352 0.392149 1 0.499055 0.732151 0.523836 3.07092e-07 2.88882 -0 -0 -0 -0 0 0 -0.11006 0.0611888 0.00105171 -0.125921 
0.823585 0.392148 1 0.507236 0.742841 0.529397 9.18762e-09 2.8884 -0 -0 -0 -0 0 0 -0.11006 0.0611888 2.15055e-05 -0.125926 
0.836813 0.392148 1 0.515417 0.753667 0.534811 0 2.88882 -0 -0 -0 -0 0 0 -0.11006 0.0611888 -0.00100873 -0.125921 
0.850038 0.392148 1 0.523599 0.76463 0.54008 9.18762e-09 2.89009 -0 -0 -0 -0 0 0 -0.11006 0.0611888 -0.00203892 -0.125909 
ZONE I=5
0.850038 0.392148 1 0.523599 0.76463 0.54008 9.18762e-09 2.89009 -0 -0 -0 -0 0 0 -0.114837 0.0688558 0.00221212 -0.13388 
0.863269 0.392149 1 0.53178 0.775732 0.545211 3.27386e-07 2.88879 -0 -0 -0 -0 0 0 -0.114837 0.0688558 0.0011168 -0.133894 
0.876492 0.392148 1 0.539961 0.786964 0.550188 9.18762e-09 2.88836 -0 -0 -0 -0 0 0 -0.114837 0.0688558 2.13785e-05 -0.133898 
0.889708 0.392148 1 0.548142 0.798325 0.555011 0 2.88879 -0 -0 -0 -0 0 0 -0.114837 0.0688558 -0.00107408 -0.133894 
0.902921 0.392148 1 0.556324 0.809817 0.559681 9.18762e-09 2.89007 -0 -0 -0 -0 0 0 -0.114837 0.0688558 -0.00216951 -0.133881 
ZONE I=5
0.902921 0.392148 1 0.556324 0.809817 0.559681 9.18762e-09 2.89007 -0 -0 -0 -0 0 0 -0.119196 0.0768789 0.0023419 -0.141819 
0.91614 0.392149 1 0.564505 0.821441 0.564206 3.47857e-07 2.88876 -0 -0 -0 -0 0 0 -0.119196 0.0768789 0.00118163 -0.141834 
0.929351 0.392148 1 0.572686 0.833188 0.56857 9.18762e-09 2.88832 -0 -0 -0 -0 0 0 -0.119196 0.0768789 2.12401e-05 -0.141839 
0.942555 0.392148 1 0.580867 0.845057 0.572772 0 2.88875 -0 -0 -0 -0 0 0 -0.119196 0.0768789 -0.00113918 -0.141834 
0.955754 0.392148 1 0.589049 0.857048 0.576814 9.18762e-09 2.89006 -0 -0 -0 -0 0 0 -0.119196 0.0768789 -0.00229956 -0.14182 
ZONE I=5
0.955754 0.392148 1 0.589049 0.857048 0.576814 9.18762e-09 2.89006 -0 -0 -0 -0 0 0 -0.123117 0.0852359 0.00247107 -0.149722 
0.968961 0.392149 1 0.59723 0.869166 0.580704 3.68514e-07 2.88872 -0 -0 -0 -0 0 0 -0.123117 0.0852359 0.00124614 -0.149738 
0.982158 0.392148 1 0.605411 0.881397 0.584426 9.18762e-09 2.88828 -0 -0 -0 -0 0 0 -0.123117 0.0852359 2.10894e-05 -0.149743 
0.995348 0.392148 1 0.613592 0.893744 0.587979 0 2.88872 -0 -0 -0 -0 0 0 -0.123117 0.0852359 -0.001204 -0.149738 
1.00853 0.392148 1 0.621774 0.906205 0.591365 9.18762e-09 2.89005 -0 -0 -0 -0 0 0 -0.123117 0.0852359 -0.00242904 -0.149723 
ZONE I=5
1.00853 0.392148 1 0.621774 0.906205 0.591365 9.18762e-09 2.89005 -0 -0 -0 -0 0 0 -0.126575 0.0939004 0.00259942 -0.157581 
1.02173 0.392149 1 0.629955 0.918785 0.594592 3.98005e-07 2.88869 -0 -0 -0 -0 0 0 -0.126575 0.0939004 0.00131018 -0.157597 
1.03491 0.392148 1 0.638136 0.931471 0.597644 9.18762e-09 2.88823 -0 -0 -0 -0 0 0 -0.126575 0.0939004 2.08451e-05 -0.157603 
1.04808 0.392148 1 0.646317 0.944263 0.600521 0 2.88868 -0 -0 -0 -0 0 0 -0.126575 0.0939004 -0.00126849 -0.157597 
1.06125 0.392148 1 0.654498 0.957161 0.603223 9.18762e-09 2.89004 -0 -0 -0 -0 0 0 -0.126575 0.0939004 -0.00255773 -0.157582 
ZONE I=5
1.06125 0.392148 1 0.654498 0.957161 0.603223 9.18762e-09 2.89004 -0 -0 -0 -0 0 0 -0.129565 0.102857 0.00272737 -0.165406 
1.07443 0.392149 1 0.66268 0.970173 0.605761 4.27742e-07 2.88865 -0 -0 -0 -0 0 0 -0.129565 0.102857 0.001374 -0.165423 
1.0876 0.392148 1 0.670861 0.983282 0.608118 9.18762e-09 2.88819 -0 -0 -0 -0 0 0 -0.129565 0.102857 2.05835e-05 -0.165429 
1.10076 0.392148 1 0.679042 0.996488 0.610293 0 2.88864 -0 -0 -0 -0 0 0 -0.129565 0.102857 -0.00133279 -0.165423 
1.11391 0.392148 1 0.687223 1.00979 0.612287 9.18762e-09 2.89002 -0 -0 -0 -0 0 0 -0.129565 0.102857 -0.00268604 -0.165407 
ZONE I=5
1.11391 0.392148 1 0.687223 1.00979 0.612287 9.18762e-09 2.89002 -0 -0 -0 -0 0 0 -0.132059 0.11207 0.00285437 -0.173179 
1.12707 0.392149 1 0.695405 1.0232 0.614111 4.48979e-07 2.88861 -0 -0 -0 -0 0 0 -0.132059 0.11207 0.00143741 -0.173197 
1.14022 0.392148 1 0.703586 1.0367 0.615747 9.18762e-09 2.88814 -0 -0 -0 -0 0 0 -0.132059 0.11207 2.0385e-05 -0.173203 
1.15336 0.392148 1 0.711767 1.05028 0.617195 0 2.88861 -0 -0 -0 -0 0 0 -0.132059 0.11207 -0.00139659 -0.173197 
1.1665 0.392148 1 0.719948 1.06396 0.618457 9.18762e-09 2.89001 -0 -0 -0 -0 0 0 -0.132059 0.11207 -0.00281344 -0.17318 
ZONE I=5
1.1665 0.392148 1 0.719948 1.06396 0.618457 9.18762e-09 2.89001 -0 -0 -0 -0 0 0 -0.134043 0.121517 0.00298052 -0.180901 
1.17964 0.392149 1 0.72813 1.07773 0.619542 4.70432e-07 2.88857 -0 -0 -0 -0 0 0 -0.134043 0.121517 0.00150037 -0.180919 
1.19277 0.392148 1 0.736311 1.09158 0.620435 9.18762e-09 2.88809 -0 -0 -0 -0 0 0 -0.134043 0.121517 2.01715e-05 -0.180926 
1.20589 0.392148 1 0.744492 1.10551 0.621134 0 2.88857 -0 -0 -0 -0 0 0 -0.134043 0.121517 -0.00145999 -0.18092 
1.21901 0.392148 1 0.752673 1.11952 0.621641 9.18762e-09 2.89 -0 -0 -0 -0 0 0 -0.134043 0.121517 -0.00294 -0.180902 
ZONE I=5
1.21901 0.392148 1 0.752673 1.11952 0.621641 9.18762e-09 2.89 -0 -0 -0 -0 0 0 -0.135505 0.131169 0.00310574 -0.188567 
1.23213 0.392149 1 0.760855 1.13362 0.621966 4.92107e-07 2.88853 -0 -0 -0 -0 0 0 -0.135505 0.131169 0.00156287 -0.188586 
1.24525 0.392148 1 0.769036 1.14779 0.622093 9.18762e-09 2.88804 -0 -0 -0 -0 0 0 -0.135505 0.131169 1.99425e-05 -0.188592 
1.25835 0.392148 1 0.777217 1.16203 0.622022 0 2.88853 -0 -0 -0 -0 0 0 -0.135505 0.131169 -0.00152294 -0.188586 
1.27144 0.392148 1 0.785398 1.17633 0.621753 9.18762e-09 2.88999 -0 -0 -0 -0 0 0 -0.135505 0.131169 -0.00306567 -0.188567 
ZONE I=5
1.27144 0.392148 1 0.785398 1.17633 0.621753 9.18762e-09 2.88999 -0 -0 -0 -0 0 0 -0.13643 0.140998 0.00322994 -0.196171 
1.28454 0.392149 1 0.79358 1.19072 0.621298 5.14001e-07 2.88849 -0 -0 -0 -0 0 0 -0.13643 0.140998 0.00162485 -0.196191 
1.29763 0.392148 1 0.801761 1.20517 0.62064 9.18762e-09 2.88799 -0 -0 -0 -0 0 0 -0.13643 0.140998 1.96973e-05 -0.196198 
1.31071 0.392148 1 0.809942 1.21968 0.619778 0 2.88849 -0 -0 -0 -0 0 0 -0.13643 0.140998 -0.0015854 -0.196191 
1.32378 0.392148 1 0.818123 1.23425 0.618714 9.18762e-09 2.88998 -0 -0 -0 -0 0 0 -0.13643 0.140998 -0.00319035 -0.196172 
ZONE I=5
1.32378 0.392148 1 0.818123 1.23425 0.618714 9.18762e-09 2.88998 -0 -0 -0 -0 0 0 -0.136807 0.150973 0.00335304 -0.20371 
1.33687 0.392149 1 0.826305 1.24889 0.617459 5.36097e-07 2.88846 -0 -0 -0 -0 0 0 -0.136807 0.150973 0.00168627 -0.203731 
1.34993 0.392148 1 0.834486 1.26359 0.615997 9.18762e-09 2.88795 -0 -0 -0 -0 0 0 -0.136807 0.150973 1.94352e-05 -0.203738 
1.36299 0.392148 1 0.842667 1.27833 0.614327 0 2.88845 -0 -0 -0 -0 0 0 -0.136807 0.150973 -0.00164735 -0.203731 
1.37604 0.392148 1 0.850848 1.29312 0.612451 9.18762e-09 2.88996 -0 -0 -0 -0 0 0 -0.136807 0.150973 -0.00331397 -0.203711 
ZONE I=5
1.37604 0.392148 1 0.850848 1.29312 0.612451 9.18762e-09 2.88996 -0 -0 -0 -0 0 0 -0.136627 0.161063 0.00347497 -0.211178 
1.38909 0.392149 1 0.859029 1.30797 0.610379 5.41203e-07 2.88842 -0 -0 -0 -0 0 0 -0.136627 0.161063 0.00174725 -0.211199 
1.40213 0.392148 1 0.86721 1.32287 0.608096 9.18762e-09 2.88791 -0 -0 -0 -0 0 0 -0.136627 0.161063 1.93663e-05 -0.211206 
1.41517 0.392148 1 0.875391 1.3378 0.605602 0 2.88841 -0 -0 -0 -0 0 0 -0.136627 0.161063 -0.00170857 -0.2112 
1.42819 0.392148 1 0.883573 1.35278 0.602897 9.18762e-09 2.88993 -0 -0 -0 -0 0 0 -0.136627 0.161063 -0.00343645 -0.211179 
ZONE I=5
1.42819 0.392148 1 0.883573 1.35278 0.602897 9.18762e-09 2.88993 -0 -0 -0 -0 0 0 -0.13588 0.171238 0.00359564 -0.21857 
1.44122 0.392149 1 0.891754 1.36781 0.599993 5.63418e-07 2.88842 -0 -0 -0 -0 0 0 -0.13588 0.171238 0.00180744 -0.218592 
1.45423 0.392148 1 0.899935 1.38286 0.596875 9.18762e-09 2.8879 -0 -0 -0 -0 0 0 -0.13588 0.171238 1.90734e-05 -0.2186 
1.46724 0.392148 1 0.908116 1.39795 0.593542 0 2.88838 -0 -0 -0 -0 0 0 -0.13588 0.171238 -0.00176935 -0.218593 
1.48023 0.392148 1 0.916298 1.41307 0.589994 9.18762e-09 2.88986 -0 -0 -0 -0 0 0 -0.13588 0.171238 -0.00355772 -0.218571 
ZONE I=5
1.48023 0.392148 1 0.916298 1.41307 0.589994 9.18762e-09 2.88986 -0 -0 -0 -0 0 0 -0.134562 0.181468 0.00371501 -0.225884 
1.49323 0.392149 1 0.924479 1.42823 0.586245 5.84979e-07 2.88848 -0 -0 -0 -0 0 0 -0.134562 0.181468 0.00186697 -0.225907 
1.50622 0.392148 1 0.93266 1.44341 0.582277 9.18762e-09 2.88799 -0 -0 -0 -0 0 0 -0.134562 0.181468 1.8759e-05 -0.225915 
1.51919 0.392148 1 0.940841 1.45861 0.578093 0 2.88838 -0 -0 -0 -0 0 0 -0.134562 0.181468 -0.00182951 -0.225907 
1.53216 0.392148 1 0.949023 1.47383 0.57369 9.18762e-09 2.88967 -0 -0 -0 -0 0 0 -0.134562 0.181468 -0.00367772 -0.225885 
ZONE I=5
1.53216 0.392148 1 0.949023 1.47383 0.57369 9.18762e-09 2.88967 -0 -0 -0 -0 0 0 -0.132674 0.191727 0.00383313 -0.233124 
1.54513 0.392149 1 0.957204 1.48908 0.569083 6.0416e-07 2.88873 -0 -0 -0 -0 0 0 -0.132674 0.191727 0.00192587 -0.233147 
1.55809 0.392148 1 0.965385 1.50434 0.564256 9.18762e-09 2.88833 -0 -0 -0 -0 0 0 -0.132674 0.191727 1.84191e-05 -0.233155 
1.57103 0.392148 1 0.973566 1.51961 0.55921 0 2.88847 -0 -0 -0 -0 0 0 -0.132674 0.191727 -0.00188909 -0.233148 
1.58396 0.392148 1 0.981748 1.53488 0.553942 9.18762e-09 2.88915 -0 -0 -0 -0 0 0 -0.132674 0.191727 -0.00379653 -0.233124 
ZONE I=5
1.58396 0.392148 1 0.981748 1.53488 0.553942 9.18762e-09 2.88915 -0 -0 -0 -0 0 0 -0.130214 0.201989 0.00394968 -0.240291 
1.5969 0.392149 1 0.989929 1.55018 0.548468 6.41239e-07 2.88952 -0 -0 -0 -0 0 0 -0.130214 0.201989 0.00198369 -0.240315 
1.60983 0.392148 1 0.99811 1.56548 0.542773 9.18762e-09 2.88941 -0 -0 -0 -0 0 0 -0.130214 0.201989 1.76911e-05 -0.240323 
1.62274 0.392148 1 1.00629 1.58077 0.536856 0 2.88881 -0 -0 -0 -0 0 0 -0.130214 0.201989 -0.00194819 -0.240315 
1.63564 0.392148 1 1.01447 1.59607 0.530719 9.18762e-09 2.88773 -0 -0 -0 -0 0 0 -0.130214 0.201989 -0.00391382 -0.240291 
ZONE I=5
1.63564 0.392148 1 1.01447 1.59607 0.530719 9.18762e-09 2.88773 -0 -0 -0 -0 0 0 -0.127281 0.21239 0.00406956 -0.247576 
1.64855 0.392149 1 1.02266 1.61138 0.524365 6.99477e-07 2.89181 -0 -0 -0 -0 0 0 -0.127281 0.21239 0.00204273 -0.247601 
1.66145 0.392148 1 1.03084 1.62668 0.517792 9.18762e-09 2.89256 -0 -0 -0 -0 0 0 -0.127281 0.21239 1.63834e-05 -0.247609 
1.67433 0.392148 1 1.03902 1.64197 0.510999 0 2.88998 -0 -0 -0 -0 0 0 -0.127281 0.21239 -0.00200935 -0.247601 
1.6872 0.392148 1 1.0472 1.65724 0.503987 9.18762e-09 2.88407 -0 -0 -0 -0 0 0 -0.127281 0.21239 -0.00403432 -0.247576 
ZONE I=5
1.6872 0.392148 1 1.0472 1.65724 0.503987 9.18762e-09 2.88407 -0 -0 -0 -0 0 0 -0.123881 0.22295 0.00419026 -0.255021 
1.70008 0.392149 1 1.05538 1.6725 0.496758 5.44215e-07 2.89794 -0 -0 -0 -0 0 0 -0.123881 0.22295 0.00210407 -0.255047 
1.71294 0.392148 1 1.06356 1.68776 0.48931 9.18762e-09 2.90115 -0 -0 -0 -0 0 0 -0.123881 0.22295 1.7733e-05 -0.255056 
1.7258 0.392148 1 1.07174 1.70299 0.481643 0 2.8937 -0 -0 -0 -0 0 0 -0.123881 0.22295 -0.0020686 -0.255047 
1.73866 0.392148 1 1.07992 1.71821 0.473757 9.18762e-09 2.8756 -0 -0 -0 -0 0 0 -0.123881 0.22295 -0.0041548 -0.255022 
ZONE I=5
1.73866 0.392148 1 1.07992 1.71821 0.473757 9.18762e-09 2.8756 -0 -0 -0 -0 0 0 -0.120424 0.23449 0.00433335 -0.263569 
1.75149 0.392149 1 1.0881 1.7334 0.465647 2.33854e-07 2.91272 -0 -0 -0 -0 0 0 -0.120424 0.23449 0.00217757 -0.263596 
1.76435 0.392148 1 1.09628 1.74859 0.457324 9.18762e-09 2.9221 -0 -0 -0 -0 0 0 -0.120424 0.23449 2.09766e-05 -0.263605 
1.77722 0.392148 1 1.10446 1.76377 0.448786 0 2.90375 -0 -0 -0 -0 0 0 -0.120424 0.23449 -0.00213627 -0.263596 
1.79011 0.392148 1 1.11265 1.77895 0.440035 9.18762e-09 2.85765 -0 -0 -0 -0 0 0 -0.120424 0.23449 -0.00429404 -0.26357 
ZONE I=5
1.79011 0.392148 1 1.11265 1.77895 0.440035 9.18762e-09 2.85765 -0 -0 -0 -0 0 0 -0.116596 0.246561 0.00447864 -0.272702 
1.80293 0.392148 1 1.12083 1.79403 0.431045 0 2.93725 -0 -0 -0 -0 0 0 -0.116596 0.246561 0.0022478 -0.27273 
1.81581 0.392148 1 1.12901 1.80914 0.421861 9.18762e-09 2.9524 -0 -0 -0 -0 0 0 -0.116596 0.246561 1.68222e-05 -0.272739 
1.82875 0.392149 1 1.13719 1.82427 0.412483 2.35917e-07 2.9031 -0 -0 -0 -0 0 0 -0.116596 0.246561 -0.00221416 -0.27273 
1.84174 0.392148 1 1.14537 1.83942 0.402911 9.18762e-09 2.78935 -0 -0 -0 -0 0 0 -0.116596 0.246561 -0.004445 -0.272703 
ZONE I=5
1.84174 0.392148 1 1.14537 1.83942 0.402911 9.18762e-09 2.78935 -0 -0 -0 -0 0 0 -0.100782 0.231946 0.00392763 -0.252864 
1.85461 0.392148 1 1.15355 1.85441 0.393067 0 2.88048 -0 -0 -0 -0 0 0 -0.100782 0.231946 0.00185941 -0.252888 
1.86753 0.392148 1 1.16173 1.86943 0.383023 9.18762e-09 2.75838 -0 -0 -0 -0 0 0 -0.100782 0.231946 -0.000209567 -0.252895 
1.88052 0.392149 1 1.16991 1.88446 0.37278 3.17294e-07 2.42308 -0 -0 -0 -0 0 0 -0.100782 0.231946 -0.00227916 -0.252885 
1.89357 0.392148 1 1.1781 1.8995 0.362336 9.18762e-09 1.87456 -0 -0 -0 -0 0 0 -0.100782 0.231946 -0.00434924 -0.252857 
ZONE I=5
1.89357 0.392148 1 1.1781 1.8995 0.362336 9.18762e-09 1.87456 -0 -0 -0 -0 0 0 -0.0108589 0.0276107 0.000533749 -0.0296645 
1.90609 0.392107 1 1.18628 1.91399 0.351519 0 0.702959 -0 -0 -0 -0 0 0 -0.0108589 0.0276107 0.000291078 -0.0296678 
1.91856 0.391541 1 1.19446 1.9282 0.340963 0 -4.94066e-324 0 0 -0 -0 0 0 -0.0108589 0.0276107 4.83883e-05 -0.0296692 
1.93099 0.390451 1 1.20264 1.94212 0.330666 0 -0.23432 0 0 -0 -0 0 0 -0.0108589 0.0276107 -0.000194305 -0.0296686 
1.94335 0.38884 1 1.21082 1.95576 0.32063 0 0 -0 -0 -0 -0 0 0 -0.0108589 0.0276107 -0.000436985 -0.029666 
ZONE I=5
1.94335 0.38884 1 1.21082 1.95576 0.32063 0 0 -0 -0 -0 -0 0 0 0 0 0 0 
1.95558 0.386738 1 1.219 1.96908 0.310814 0 0 -0 -0 -0 -0 0 0 0 0 0 0 
1.9678 0.384197 1 1.22718 1.9822 0.301202 0 0 -0 -0 -0 -0 0 0 0 0 0 0 
1.97998 0.381217 1 1.23536 1.99512 0.291794 0 0 -0 -0 -0 -0 0 0 0 0 0 0 
1.99213 0.3778 1 1.24355 2.00785 0.282592 0 0 -0 -0 -0 -0 0 0 0 0 0 0 
ZONE I=5
1.99213 0.3778 1 1.24355 2.00785 0.282592 0 0 -0 -0 -0 -0 0 0 0 0 0 0 
2.00406 0.373949 1 1.25173 2.02021 0.273557 0 0 -0 -0 -0 -0 0 0 0 0 0 0 
2.01585 0.369683 1 1.25991 2.0323 0.264693 0 0 -0 -0 -0 -0 0 0 0 0 0 0 
2.0275 0.365004 1 1.26809 2.04413 0.255999 0 0 -0 -0 -0 -0 0 0 0 0 0 0 
2.039 0.359918 1 1.27627 2.05568 0.247474 0 0 -0 -0 -0 -0 0 0 0 0 0 0 
ZONE I=5
2.039 0.359918 1 1.27627 2.05568 0.247474 0 0 -0 -0 -0 -0 0 0 0 0 0 0 
2.05028 0.354436 1 1.28445 2.06691 0.2391 0 0 -0 -0 -0 -0 0 0 0 0 0 0 
2.06137 0.348575 1 1.29263 2.07784 0.230861 0 0 -0 -0 -0 -0 0 0 0 0 0 0 
2.07224 0.342341 1 1.30081 2.08848 0.222757 0 0 -0 -0 -0 -0 0 0 0 0 0 0 
2.0829 0.335739 1 1.309 2.09882 0.214788 0 0 -0 -0 -0 -0 0 0 0 0 0 0 
ZONE I=5
2.0829 0.335739 1 1.309 2.09882 0.214788 0 0 -0 -0 -0 -0 0 0 0 0 0 0 
2.09331 0.328785 1 1.31718 2.10884 0.206957 0 0 -0 -0 -0 -0 0 0 0 0 0 0 
2.10347 0.321498 1 1.32536 2.11855 0.199236 0 0 -0 -0 -0 -0 0 0 0 0 0 0 
2.11337 0.313885 1 1.33354 2.12794 0.191627 0 0 -0 -0 -0 -0 0 0 0 0 0 0 
2.123 0.305952 1 1.34172 2.13702 0.184128 0 0 -0 -0 -0 -0 0 0 0 0 0 0 
ZONE I=5
2.123 0.305952 1 1.34172 2.13702 0.184128 0 0 -0 -0 -0 -0 0 0 0 0 0 0 
2.13237 0.297705 1 1.3499 2.14579 0.176743 0 0 -0 -0 -0 -0 0 0 0 0 0 0 
2.14146 0.289169 1 1.35808 2.15424 0.169444 0 0 -0 -0 -0 -0 0 0 0 0 0 0 
2.15025 0.280349 1 1.36626 2.16237 0.162232 0 0 -0 -0 -0 -0 0 0 0 0 0 0 
2.15875 0.271251 1 1.37445 2.17019 0.155106 0 0 -0 -0 -0 -0 0 0 0 0 0 0 
ZONE I=5
2.15875 0.271251 1 1.37445 2.17019 0.155106 0 0 -0 -0 -0 -0 0 0 0 0 0 0 
2.16695 0.26189 1 1.38263 2.17769 0.148079 0 0 -0 -0 -0 -0 0 0 0 0 0 0 
2.17484 0.252286 1 1.39081 2.18487 0.141121 0 0 -0 -0 -0 -0 0 0 0 0 0 0 
2.18241 0.242446 1 1.39899 2.19173 0.134234 0 0 -0 -0 -0 -0 0 0 0 0 0 0 
2.18966 0.232377 1 1.40717 2.19827 0.127417 0 0 -0 -0 -0 -0 0 0 0 0 0 0 
ZONE I=5
2.18966 0.232377 1 1.40717 2.19827 0.127417 0 0 -0 -0 -0 -0 0 0 0 0 0 0 
2.1966 0.222084 1 1.41535 2.20449 0.120675 0 0 -0 -0 -0 -0 0 0 0 0 0 0 
2.2032 0.21159 1 1.42353 2.2104 0.113986 0 0 -0 -0 -0 -0 0 0 0 0 0 0 
2.20947 0.2009 1 1.43171 2.21598 0.107349 0 0 -0 -0 -0 -0 0 0 0 0 0 0 
2.2154 0.190023 1 1.4399 2.22125 0.100763 0 0 -0 -0 -0 -0 0 0 0 0 0 0 
ZONE I=5
2.2154 0.190023 1 1.4399 2.22125 0.100763 0 0 -0 -0 -0 -0 0 0 0 0 0 0 
2.22099 0.178973 1 1.44808 2.22619 0.0942407 0 0 -0 -0 -0 -0 0 0 0 0 0 0 
2.22623 0.167768 1 1.45626 2.23082 0.0877584 0 0 -0 -0 -0 -0 0 0 0 0 0 0 
2.23112 0.156415 1 1.46444 2.23512 0.0813159 0 0 -0 -0 -0 -0 0 0 0 0 0 0 
2.23567 0.144922 1 1.47262 2.23911 0.0749132 0 0 -0 -0 -0 -0 0 0 0 0 0 0 
ZONE I=5
2.23567 0.144922 1 1.47262 2.23911 0.0749132 0 0 -0 -0 -0 -0 0 0 0 0 0 0 
2.23986 0.133295 1 1.4808 2.24277 0.0685543 0 0 -0 -0 -0 -0 0 0 0 0 0 0 
2.24369 0.121552 1 1.48898 2.24612 0.0622208 0 0 -0 -0 -0 -0 0 0 0 0 0 0 
2.24717 0.1097 1 1.49716 2.24915 0.0559128 0 0 -0 -0 -0 -0 0 0 0 0 0 0 
2.25028 0.0977468 1 1.50535 2.25186 0.0496302 0 0 -0 -0 -0 -0 0 0 0 0 0 0 
ZONE I=5
2.25028 0.0977468 1 1.50535 2.25186 0.0496302 0 0 -0 -0 -0 -0 0 0 0 0 0 0 
2.25304 0.0857127 1 1.51353 2.25425 0.0433805 0 0 -0 -0 -0 -0 0 0 0 0 0 0 
2.25543 0.0736081 1 1.52171 2.25632 0.0371468 0 0 -0 -0 -0 -0 0 0 0 0 0 0 
2.25745 0.0614406 1 1.52989 2.25807 0.0309291 0 0 -0 -0 -0 -0 0 0 0 0 0 0 
2.25911 0.049218 1 1.53807 2.25951 0.0247274 0 0 -0 -0 -0 -0 0 0 0 0 0 0 
ZONE I=5
2.25911 0.049218 1 1.53807 2.25951 0.0247274 0 0 -0 -0 -0 -0 0 0 0 0 0 0 
2.2604 0.0369524 1 1.54625 2.26062 0.0185405 0 0 -0 -0 -0 -0 0 0 0 0 0 0 
2.26132 0.0246542 1 1.55443 2.26142 0.0123569 0 0 -0 -0 -0 -0 0 0 0 0 0 0 
2.26187 0.0123314 1 1.56261 2.2619 0.00617678 0 0 -0 -0 -0 -0 0 0 0 0 0 0 
2.26206 -8.309e-06 1 1.5708 2.26206 0 0 0 -0 -0 -0 -0 0 0 0 0 0 -0 
