ZONE I=5, J=5
0 0.358349 17.3983 0.358349 0 0.9 0 
0 0.366244 15.7509 0.366244 0 0.925 0 
0 0.37459 14.1036 0.37459 0 0.95 0 
0 0.383388 12.4562 0.383388 0 0.975 0 
0 0.392637 10.8088 0.392637 0 1 0 
0.0132817 0.358349 17.3997 0.358446 0.0103495 0.9 0.00818126 
0.0132813 0.366244 15.7523 0.366341 0.0102845 0.925 0.00818126 
0.0132809 0.374591 14.105 0.374687 0.0102159 0.95 0.00818126 
0.0132807 0.383388 12.4576 0.383484 0.0101437 0.975 0.00818126 
0.0132806 0.392637 10.8102 0.392732 0.0100679 1 0.00818126 
0.0265606 0.35835 17.4011 0.358737 0.0206938 0.9 0.0163625 
0.0265597 0.366245 15.7537 0.366631 0.0205637 0.925 0.0163625 
0.026559 0.374591 14.1064 0.374976 0.0204264 0.95 0.0163625 
0.0265585 0.383388 12.459 0.383772 0.020282 0.975 0.0163625 
0.0265582 0.392637 10.8116 0.393019 0.0201304 1 0.0163625 
0.0398392 0.358352 17.4025 0.359222 0.0310328 0.9 0.0245437 
0.0398378 0.366246 15.7551 0.367114 0.0308376 0.925 0.0245437 
0.0398366 0.374592 14.1078 0.375457 0.0306317 0.95 0.0245437 
0.0398358 0.383389 12.4604 0.384251 0.030415 0.975 0.0245437 
0.0398353 0.392637 10.813 0.393496 0.0301875 1 0.0245437 
0.05312 0.358354 17.4039 0.3599 0.0413665 0.9 0.0327249 
0.0531179 0.366248 15.7565 0.36779 0.0411062 0.925 0.0327249 
0.0531163 0.374593 14.1092 0.37613 0.0408316 0.95 0.0327249 
0.0531151 0.383389 12.4618 0.384922 0.0405425 0.975 0.0327249 
0.0531143 0.392637 10.8144 0.394164 0.0402392 1 0.0327249 

ZONE I=5, J=5
0.05312 0.358354 17.4061 0.3599 0.0413665 0.9 0.0327249 
0.0531179 0.366248 15.7578 0.36779 0.0411062 0.925 0.0327249 
0.0531163 0.374593 14.1096 0.37613 0.0408316 0.95 0.0327249 
0.0531151 0.383389 12.4613 0.384922 0.0405425 0.975 0.0327249 
0.0531143 0.392637 10.8131 0.394164 0.0402392 1 0.0327249 
0.0664009 0.358357 17.4094 0.360773 0.0516904 0.9 0.0409062 
0.0663985 0.36625 15.7612 0.368659 0.0513652 0.925 0.0409062 
0.0663967 0.374595 14.1129 0.376997 0.0510222 0.95 0.0409062 
0.0663954 0.38339 12.4647 0.385785 0.0506612 0.975 0.0409062 
0.0663946 0.392637 10.8164 0.395023 0.0502823 1 0.0409062 
0.0796792 0.358361 17.4128 0.361839 0.0619993 0.9 0.0490874 
0.0796764 0.366253 15.7645 0.369722 0.0616092 0.925 0.0490874 
0.0796742 0.374597 14.1163 0.378055 0.0611976 0.95 0.0490874 
0.0796726 0.383391 12.468 0.386839 0.0607646 0.975 0.0490874 
0.0796717 0.392637 10.8198 0.396073 0.06031 1 0.0490874 
0.0929574 0.358365 17.4161 0.363098 0.0722932 0.9 0.0572686 
0.092954 0.366256 15.7679 0.370976 0.0718381 0.925 0.0572686 
0.0929514 0.374599 14.1196 0.379305 0.071358 0.95 0.0572686 
0.0929494 0.383392 12.4714 0.388084 0.0708527 0.975 0.0572686 
0.0929482 0.392637 10.8231 0.397313 0.0703224 1 0.0572686 
0.106238 0.35837 17.4195 0.364551 0.082572 0.9 0.0654498 
0.106234 0.36626 15.7712 0.372424 0.0820519 0.925 0.0654498 
0.106231 0.374601 14.123 0.380747 0.0815032 0.95 0.0654498 
0.106228 0.383394 12.4747 0.38952 0.0809256 0.975 0.0654498 
0.106227 0.392637 10.8265 0.398744 0.0803194 1 0.0654498 

ZONE I=5, J=5
0.106238 0.35837 17.4236 0.364551 0.082572 0.9 0.0654498 
0.106234 0.36626 15.7737 0.372424 0.0820519 0.925 0.0654498 
0.106231 0.374601 14.1237 0.380747 0.0815032 0.95 0.0654498 
0.106228 0.383394 12.4737 0.38952 0.0809256 0.975 0.0654498 
0.106227 0.392637 10.8237 0.398744 0.0803194 1 0.0654498 
0.119518 0.358375 17.4294 0.366197 0.09283 0.9 0.0736311 
0.119513 0.366264 15.7794 0.374064 0.0922454 0.925 0.073631 
0.11951 0.374604 14.1294 0.382381 0.0916286 0.95 0.0736311 
0.119508 0.383395 12.4794 0.391148 0.0909795 0.975 0.0736311 
0.119506 0.392637 10.8294 0.400364 0.0902982 1 0.0736311 
0.132795 0.358381 17.4351 0.368035 0.103063 0.9 0.0818123 
0.13279 0.366269 15.7851 0.375896 0.102414 0.925 0.0818123 
0.132786 0.374608 14.1351 0.384206 0.101729 0.95 0.0818123 
0.132784 0.383397 12.4851 0.392966 0.101008 0.975 0.0818123 
0.132782 0.392637 10.8352 0.402175 0.100252 1 0.0818123 
0.146072 0.358388 17.4408 0.370066 0.113272 0.9 0.0899936 
0.146067 0.366274 15.7908 0.377919 0.112558 0.925 0.0899936 
0.146063 0.374611 14.1409 0.386222 0.111804 0.95 0.0899936 
0.14606 0.383399 12.4909 0.394974 0.111012 0.975 0.0899935 
0.146058 0.392637 10.8409 0.404174 0.11018 1 0.0899936 
0.159352 0.358396 17.4465 0.372289 0.123455 0.9 0.0981748 
0.159346 0.36628 15.7966 0.380135 0.122677 0.925 0.0981748 
0.159341 0.374615 14.1466 0.388429 0.121855 0.95 0.0981748 
0.159337 0.383401 12.4966 0.397172 0.12099 0.975 0.0981748 
0.159335 0.392637 10.8466 0.406364 0.120082 1 0.0981748 

ZONE I=5, J=5
0.159352 0.358396 17.4524 0.372289 0.123455 0.9 0.0981748 
0.159346 0.36628 15.7999 0.380135 0.122677 0.925 0.0981748 
0.159341 0.374615 14.1473 0.388429 0.121855 0.95 0.0981748 
0.159337 0.383401 12.4947 0.397172 0.12099 0.975 0.0981748 
0.159335 0.392637 10.8421 0.406364 0.120082 1 0.0981748 
0.172629 0.358404 17.4605 0.374704 0.133607 0.9 0.106356 
0.172623 0.366286 15.808 0.382542 0.132764 0.925 0.106356 
0.172618 0.374619 14.1554 0.390827 0.131875 0.95 0.106356 
0.172615 0.383403 12.5028 0.39956 0.130939 0.975 0.106356 
0.172613 0.392637 10.8502 0.408742 0.129957 1 0.106356 
0.185905 0.358412 17.4686 0.37731 0.143725 0.9 0.114537 
0.185898 0.366293 15.816 0.385139 0.142817 0.925 0.114537 
0.185893 0.374624 14.1635 0.393414 0.14186 0.95 0.114537 
0.185889 0.383405 12.5109 0.402138 0.140853 0.975 0.114537 
0.185887 0.392637 10.8583 0.411309 0.139796 1 0.114537 
0.19918 0.358422 17.4767 0.380108 0.153808 0.9 0.122718 
0.199173 0.3663 15.8241 0.387926 0.152836 0.925 0.122718 
0.199168 0.374629 14.1716 0.396192 0.151811 0.95 0.122718 
0.199163 0.383408 12.519 0.404904 0.150733 0.975 0.122718 
0.199161 0.392637 10.8664 0.414063 0.1496 1 0.122718 
0.212459 0.358432 17.4848 0.383097 0.163857 0.9 0.1309 
0.212451 0.366308 15.8322 0.390904 0.162821 0.925 0.1309 
0.212444 0.374634 14.1796 0.399159 0.161727 0.95 0.1309 
0.21244 0.38341 12.5271 0.407859 0.160577 0.975 0.1309 
0.212436 0.392637 10.8745 0.417006 0.159369 1 0.1309 

ZONE I=5, J=5
0.212459 0.358432 17.4925 0.383097 0.163857 0.9 0.1309 
0.212451 0.366308 15.8365 0.390904 0.162821 0.925 0.1309 
0.212444 0.374634 14.1804 0.399159 0.161727 0.95 0.1309 
0.21244 0.38341 12.5244 0.407859 0.160577 0.975 0.1309 
0.212436 0.392637 10.8683 0.417006 0.159369 1 0.1309 
0.225734 0.358442 17.5029 0.386275 0.173862 0.9 0.139081 
0.225726 0.366316 15.8469 0.394072 0.172763 0.925 0.139081 
0.22572 0.37464 14.1909 0.402314 0.171603 0.95 0.139081 
0.225715 0.383413 12.5348 0.411003 0.170382 0.975 0.139081 
0.225712 0.392637 10.8788 0.420137 0.1691 1 0.139081 
0.239007 0.358454 17.5134 0.389644 0.183824 0.9 0.147262 
0.238999 0.366325 15.8573 0.397428 0.182661 0.925 0.147262 
0.238992 0.374646 14.2013 0.405658 0.181433 0.95 0.147262 
0.238988 0.383416 12.5453 0.414333 0.180142 0.975 0.147262 
0.238985 0.392637 10.8892 0.423453 0.178787 1 0.147262 
0.252281 0.358466 17.5238 0.393201 0.193742 0.9 0.155443 
0.252271 0.366334 15.8678 0.400973 0.192515 0.925 0.155443 
0.252264 0.374652 14.2118 0.40919 0.19122 0.95 0.155443 
0.252259 0.383419 12.5557 0.417851 0.189858 0.975 0.155443 
0.252256 0.392637 10.8997 0.426956 0.188427 1 0.155443 
0.265557 0.358478 17.5343 0.396948 0.203616 0.9 0.163625 
0.265547 0.366343 15.8782 0.404707 0.202324 0.925 0.163625 
0.265539 0.374658 14.2222 0.412909 0.200962 0.95 0.163625 
0.265533 0.383423 12.5662 0.421556 0.199528 0.975 0.163625 
0.265529 0.392637 10.9101 0.430646 0.198023 1 0.163625 

ZONE I=5, J=5
0.265557 0.358478 17.5438 0.396948 0.203616 0.9 0.163625 
0.265547 0.366343 15.8834 0.404707 0.202324 0.925 0.163625 
0.265539 0.374658 14.2231 0.412909 0.200962 0.95 0.163625 
0.265533 0.383423 12.5627 0.421556 0.199528 0.975 0.163625 
0.265529 0.392637 10.9023 0.430646 0.198023 1 0.163625 
0.278829 0.358491 17.5566 0.400883 0.213436 0.9 0.171806 
0.278819 0.366354 15.8963 0.408628 0.212082 0.925 0.171806 
0.278811 0.374665 14.2359 0.416816 0.210653 0.95 0.171806 
0.278806 0.383427 12.5755 0.425447 0.20915 0.975 0.171806 
0.278803 0.392637 10.9151 0.434521 0.207572 1 0.171806 
0.292099 0.358505 17.5695 0.405005 0.223202 0.9 0.179987 
0.292089 0.366364 15.9091 0.412735 0.221785 0.925 0.179987 
0.292081 0.374673 14.2487 0.420908 0.22029 0.95 0.179987 
0.292076 0.38343 12.5883 0.429523 0.218717 0.975 0.179987 
0.292072 0.392637 10.928 0.43858 0.217066 1 0.179987 
0.30537 0.35852 17.5823 0.409314 0.232915 0.9 0.188168 
0.305359 0.366375 15.9219 0.417029 0.231435 0.925 0.188168 
0.305351 0.37468 14.2615 0.425185 0.229873 0.95 0.188168 
0.305344 0.383434 12.6011 0.433783 0.22823 0.975 0.188168 
0.305341 0.392637 10.9408 0.442823 0.226504 1 0.188168 
0.318644 0.358535 17.5951 0.41381 0.242575 0.9 0.19635 
0.318632 0.366387 15.9347 0.421509 0.241031 0.925 0.19635 
0.318622 0.374688 14.2743 0.429649 0.239402 0.95 0.19635 
0.318615 0.383438 12.614 0.438229 0.237688 0.975 0.19635 
0.31861 0.392637 10.9536 0.44725 0.235888 1 0.19635 

ZONE I=5, J=5
0.318644 0.358535 17.6065 0.41381 0.242575 0.9 0.19635 
0.318632 0.366387 15.9409 0.421509 0.241031 0.925 0.19635 
0.318622 0.374688 14.2753 0.429649 0.239402 0.95 0.19635 
0.318615 0.383438 12.6097 0.438229 0.237688 0.975 0.19635 
0.31861 0.392637 10.9441 0.44725 0.235888 1 0.19635 
0.331913 0.358551 17.6217 0.418491 0.25217 0.9 0.204531 
0.331901 0.366399 15.9561 0.426174 0.250564 0.925 0.204531 
0.331892 0.374697 14.2905 0.434296 0.24887 0.95 0.204531 
0.331885 0.383442 12.6249 0.442859 0.247087 0.975 0.204531 
0.331881 0.392637 10.9593 0.451861 0.245216 1 0.204531 
0.345179 0.358567 17.6369 0.423357 0.261702 0.9 0.212712 
0.345167 0.366412 15.9713 0.431022 0.260034 0.925 0.212712 
0.345158 0.374705 14.3057 0.439127 0.258274 0.95 0.212712 
0.345151 0.383447 12.6401 0.44767 0.256422 0.975 0.212712 
0.345148 0.392637 10.9745 0.456652 0.254478 1 0.212712 
0.358446 0.358584 17.6521 0.428407 0.271171 0.9 0.220893 
0.358433 0.366425 15.9865 0.436055 0.26944 0.925 0.220893 
0.358423 0.374714 14.3209 0.44414 0.267614 0.95 0.220893 
0.358416 0.383451 12.6553 0.452664 0.265693 0.975 0.220893 
0.358412 0.392637 10.9897 0.461625 0.263676 1 0.220893 
0.371716 0.358601 17.6673 0.433641 0.280576 0.9 0.229074 
0.371702 0.366438 16.0017 0.44127 0.278782 0.925 0.229074 
0.37169 0.374723 14.3361 0.449336 0.27689 0.95 0.229074 
0.371682 0.383456 12.6705 0.457839 0.274899 0.975 0.229074 
0.371676 0.392637 11.0049 0.466778 0.272808 1 0.229074 

ZONE I=5, J=5
0.371716 0.358601 17.6806 0.433641 0.280576 0.9 0.229074 
0.371702 0.366438 16.0089 0.44127 0.278782 0.925 0.229074 
0.37169 0.374723 14.3372 0.449336 0.27689 0.95 0.229074 
0.371682 0.383456 12.6655 0.457839 0.274899 0.975 0.229074 
0.371676 0.392637 10.9938 0.466778 0.272808 1 0.229074 
0.384981 0.35862 17.6982 0.439058 0.289908 0.9 0.237256 
0.384968 0.366453 16.0265 0.446668 0.288054 0.925 0.237256 
0.384957 0.374733 14.3548 0.454714 0.286097 0.95 0.237256 
0.384949 0.383461 12.6831 0.463196 0.284038 0.975 0.237256 
0.384945 0.392637 11.0114 0.472114 0.281877 1 0.237256 
0.398244 0.358638 17.7158 0.444656 0.299167 0.9 0.245437 
0.39823 0.366467 16.0441 0.452247 0.297252 0.925 0.245437 
0.39822 0.374743 14.3724 0.460272 0.29523 0.95 0.245437 
0.398212 0.383466 12.7007 0.468732 0.293104 0.975 0.245437 
0.398208 0.392637 11.029 0.477627 0.290871 1 0.245437 
0.411507 0.358658 17.7334 0.450435 0.308353 0.9 0.253618 
0.411493 0.366482 16.0617 0.458005 0.306376 0.925 0.253618 
0.411481 0.374753 14.39 0.466009 0.30429 0.95 0.253618 
0.411473 0.383471 12.7183 0.474446 0.302094 0.975 0.253618 
0.411468 0.392637 11.0466 0.483317 0.29979 1 0.253618 
0.424773 0.358678 17.751 0.456395 0.317466 0.9 0.261799 
0.424757 0.366497 16.0793 0.463944 0.315427 0.925 0.261799 
0.424744 0.374763 14.4076 0.471925 0.313275 0.95 0.261799 
0.424734 0.383477 12.7359 0.480339 0.311011 0.975 0.261799 
0.424727 0.392637 11.0642 0.489185 0.308633 1 0.261799 

ZONE I=5, J=5
0.424773 0.358678 17.7662 0.456395 0.317466 0.9 0.261799 
0.424757 0.366497 16.0875 0.463944 0.315427 0.925 0.261799 
0.424744 0.374763 14.4088 0.471925 0.313275 0.95 0.261799 
0.424734 0.383477 12.7301 0.480339 0.311011 0.975 0.261799 
0.424727 0.392637 11.0514 0.489185 0.308633 1 0.261799 
0.438034 0.358699 17.7862 0.462534 0.326497 0.9 0.269981 
0.438018 0.366513 16.1075 0.470062 0.324397 0.925 0.269981 
0.438006 0.374775 14.4288 0.478021 0.322182 0.95 0.269981 
0.437997 0.383482 12.7501 0.486411 0.319852 0.975 0.269981 
0.437992 0.392637 11.0714 0.495232 0.317405 1 0.269981 
0.451292 0.35872 17.8062 0.468851 0.335445 0.9 0.278162 
0.451276 0.36653 16.1275 0.476356 0.333285 0.925 0.278162 
0.451264 0.374786 14.4488 0.484292 0.331006 0.95 0.278162 
0.451256 0.383488 12.7701 0.492657 0.328609 0.975 0.278162 
0.451251 0.392637 11.0914 0.501453 0.326092 1 0.278162 
0.46455 0.358742 17.8262 0.475345 0.34431 0.9 0.286343 
0.464534 0.366546 16.1475 0.482828 0.34209 0.925 0.286343 
0.464521 0.374797 14.4688 0.490739 0.339747 0.95 0.286343 
0.464511 0.383494 12.7901 0.499079 0.337282 0.975 0.286343 
0.464506 0.392637 11.1114 0.507848 0.334694 1 0.286343 
0.477811 0.358764 17.8462 0.482017 0.353093 0.9 0.294524 
0.477793 0.366564 16.1675 0.489476 0.350812 0.925 0.294524 
0.477778 0.374809 14.4888 0.497362 0.348404 0.95 0.294524 
0.477767 0.3835 12.8101 0.505675 0.345871 0.975 0.294524 
0.47776 0.392637 11.1314 0.514416 0.343211 1 0.294524 

ZONE I=5, J=5
0.477811 0.358764 17.8634 0.482017 0.353093 0.9 0.294524 
0.477793 0.366564 16.1768 0.489476 0.350812 0.925 0.294524 
0.477778 0.374809 14.4902 0.497362 0.348404 0.95 0.294524 
0.477767 0.3835 12.8036 0.505675 0.345871 0.975 0.294524 
0.47776 0.392637 11.117 0.514416 0.343211 1 0.294524 
0.491066 0.358788 17.8858 0.488864 0.361783 0.9 0.302706 
0.491049 0.366582 16.1992 0.496298 0.359443 0.925 0.302706 
0.491035 0.374821 14.5126 0.504159 0.356974 0.95 0.302706 
0.491026 0.383506 12.826 0.512446 0.354376 0.975 0.302706 
0.49102 0.392637 11.1394 0.52116 0.351648 1 0.302706 
0.504319 0.358811 17.9083 0.495884 0.370382 0.9 0.310887 
0.504302 0.3666 16.2217 0.503294 0.367983 0.925 0.310887 
0.504288 0.374834 14.5351 0.511129 0.365451 0.95 0.310887 
0.504279 0.383513 12.8485 0.519389 0.362787 0.975 0.310887 
0.504273 0.392637 11.1619 0.528074 0.359991 1 0.310887 
0.517572 0.358835 17.9307 0.503077 0.378889 0.9 0.319068 
0.517554 0.366619 16.2441 0.510462 0.37643 0.925 0.319068 
0.51754 0.374846 14.5575 0.51827 0.373836 0.95 0.319068 
0.517529 0.383519 12.8709 0.526502 0.371106 0.975 0.319068 
0.517523 0.392637 11.1843 0.535157 0.36824 1 0.319068 
0.530828 0.358861 17.9532 0.510445 0.387305 0.9 0.327249 
0.530808 0.366638 16.2666 0.517803 0.384786 0.925 0.327249 
0.530792 0.37486 14.58 0.525583 0.382128 0.95 0.327249 
0.53078 0.383526 12.8934 0.533786 0.379331 0.975 0.327249 
0.530771 0.392637 11.2068 0.54241 0.376394 1 0.327249 

ZONE I=5, J=5
0.530828 0.358861 17.9723 0.510445 0.387305 0.9 0.327249 
0.530808 0.366638 16.2769 0.517803 0.384786 0.925 0.327249 
0.530792 0.37486 14.5815 0.525583 0.382128 0.95 0.327249 
0.53078 0.383526 12.886 0.533786 0.379331 0.975 0.327249 
0.530771 0.392637 11.1906 0.54241 0.376394 1 0.327249 
0.544077 0.358886 17.9972 0.517982 0.395618 0.9 0.335431 
0.544058 0.366658 16.3018 0.525314 0.393042 0.925 0.335431 
0.544043 0.374873 14.6064 0.533067 0.390323 0.95 0.335431 
0.544032 0.383533 12.9109 0.541241 0.387463 0.975 0.335431 
0.544026 0.392637 11.2155 0.549835 0.38446 1 0.335431 
0.557324 0.358912 18.0221 0.525689 0.403831 0.9 0.343612 
0.557305 0.366678 16.3267 0.532994 0.401197 0.925 0.343612 
0.55729 0.374887 14.6313 0.540718 0.398417 0.95 0.343612 
0.557279 0.38354 12.9359 0.548862 0.395492 0.975 0.343612 
0.557273 0.392637 11.2404 0.557425 0.392422 1 0.343612 
0.570571 0.358939 18.0471 0.533564 0.411943 0.9 0.351793 
0.570551 0.366698 16.3516 0.540842 0.409251 0.925 0.351793 
0.570535 0.374901 14.6562 0.548536 0.406409 0.95 0.351793 
0.570524 0.383547 12.9608 0.556649 0.403419 0.975 0.351793 
0.570517 0.392637 11.2654 0.56518 0.400281 1 0.351793 
0.58382 0.358966 18.072 0.541609 0.419955 0.9 0.359974 
0.583798 0.366719 16.3765 0.548858 0.417203 0.925 0.359974 
0.583781 0.374915 14.6811 0.556522 0.4143 0.95 0.359974 
0.583767 0.383554 12.9857 0.564603 0.411244 0.975 0.359974 
0.583758 0.392637 11.2903 0.5731 0.408036 1 0.359974 

ZONE I=5, J=5
0.58382 0.358966 18.0931 0.541609 0.419955 0.9 0.359974 
0.583798 0.366719 16.3879 0.548858 0.417203 0.925 0.359974 
0.583781 0.374915 14.6827 0.556522 0.4143 0.95 0.359974 
0.583767 0.383554 12.9776 0.564603 0.411244 0.975 0.359974 
0.583758 0.392637 11.2724 0.5731 0.408036 1 0.359974 
0.597063 0.358995 18.1205 0.549819 0.427855 0.9 0.368156 
0.597042 0.366741 16.4153 0.557039 0.425047 0.925 0.368156 
0.597025 0.37493 14.7102 0.564674 0.422085 0.95 0.368156 
0.597014 0.383562 13.005 0.572723 0.418967 0.975 0.368156 
0.597006 0.392637 11.2998 0.581187 0.415694 1 0.368156 
0.610303 0.359023 18.1479 0.558194 0.435645 0.9 0.376337 
0.610282 0.366763 16.4427 0.565384 0.432781 0.925 0.376337 
0.610266 0.374945 14.7376 0.572988 0.429759 0.95 0.376337 
0.610254 0.38357 13.0324 0.581005 0.426579 0.975 0.376337 
0.610247 0.392637 11.3272 0.589435 0.42324 1 0.376337 
0.623543 0.359052 18.1753 0.566732 0.443326 0.9 0.384518 
0.623521 0.366785 16.4702 0.573893 0.440405 0.925 0.384518 
0.623504 0.37496 14.765 0.581464 0.437323 0.95 0.384518 
0.623491 0.383577 13.0598 0.589448 0.434079 0.975 0.384518 
0.623484 0.392637 11.3546 0.597842 0.430674 1 0.384518 
0.636785 0.359082 18.2028 0.575435 0.450898 0.9 0.392699 
0.636761 0.366808 16.4976 0.582564 0.44792 0.925 0.392699 
0.636742 0.374976 14.7924 0.590103 0.444776 0.95 0.392699 
0.636728 0.383586 13.0872 0.598052 0.441468 0.975 0.392699 
0.636718 0.392637 11.3821 0.60641 0.437995 1 0.392699 

ZONE I=5, J=5
0.636785 0.359082 18.2259 0.575435 0.450898 0.9 0.392699 
0.636761 0.366808 16.51 0.582564 0.44792 0.925 0.392699 
0.636742 0.374976 14.7942 0.590103 0.444776 0.95 0.392699 
0.636728 0.383586 13.0783 0.598052 0.441468 0.975 0.392699 
0.636718 0.392637 11.3624 0.60641 0.437995 1 0.392699 
0.65002 0.359112 18.2558 0.584298 0.458349 0.9 0.400881 
0.649997 0.366832 16.54 0.591396 0.455316 0.925 0.400881 
0.64998 0.374992 14.8241 0.598903 0.452115 0.95 0.400881 
0.649967 0.383594 13.1083 0.606818 0.448746 0.975 0.400881 
0.649959 0.392637 11.3924 0.615141 0.44521 1 0.400881 
0.663252 0.359143 18.2858 0.593319 0.465682 0.9 0.409062 
0.66323 0.366855 16.5699 0.600386 0.462593 0.925 0.409062 
0.663212 0.375008 14.8541 0.60786 0.459334 0.95 0.409062 
0.6632 0.383602 13.1382 0.61574 0.455905 0.975 0.409062 
0.663193 0.392637 11.4223 0.624026 0.452305 1 0.409062 
0.676485 0.359174 18.3157 0.6025 0.472897 0.9 0.417243 
0.676461 0.366879 16.5999 0.609535 0.469753 0.925 0.417243 
0.676443 0.375025 14.884 0.616974 0.466435 0.95 0.417243 
0.67643 0.38361 13.1681 0.624818 0.462944 0.975 0.417243 
0.676421 0.392636 11.4523 0.633066 0.459278 1 0.417243 
0.68972 0.359206 18.3457 0.61184 0.479994 0.9 0.425424 
0.689694 0.366904 16.6298 0.618841 0.476794 0.925 0.425424 
0.689674 0.375042 14.9139 0.626245 0.473417 0.95 0.425424 
0.689658 0.383619 13.1981 0.634052 0.469862 0.975 0.425424 
0.689647 0.392637 11.4822 0.642261 0.466131 1 0.425424 

ZONE I=5, J=5
0.68972 0.359206 18.3709 0.61184 0.479994 0.9 0.425424 
0.689694 0.366904 16.6434 0.618841 0.476794 0.925 0.425424 
0.689674 0.375042 14.9159 0.626245 0.473417 0.95 0.425424 
0.689658 0.383619 13.1883 0.634052 0.469862 0.975 0.425424 
0.689647 0.392637 11.4608 0.642261 0.466131 1 0.425424 
0.702945 0.359239 18.4034 0.621333 0.48696 0.9 0.433605 
0.702921 0.366929 16.6759 0.628301 0.483707 0.925 0.433605 
0.702902 0.375059 14.9484 0.63567 0.480274 0.95 0.433605 
0.702888 0.383628 13.2209 0.643441 0.476661 0.975 0.433605 
0.702879 0.392637 11.4933 0.651612 0.472869 1 0.433605 
0.716169 0.359272 18.4359 0.630979 0.4938 0.9 0.441786 
0.716144 0.366955 16.7084 0.637914 0.490494 0.925 0.441786 
0.716126 0.375076 14.9809 0.645248 0.487004 0.95 0.441786 
0.716112 0.383637 13.2534 0.652981 0.483332 0.975 0.441786 
0.716104 0.392637 11.5259 0.661113 0.479477 1 0.441786 
0.729393 0.359305 18.4684 0.64078 0.500515 0.9 0.449967 
0.729368 0.36698 16.7409 0.64768 0.497154 0.925 0.449967 
0.729348 0.375094 15.0134 0.654977 0.493608 0.95 0.449967 
0.729334 0.383646 13.2859 0.662672 0.489875 0.975 0.449967 
0.729325 0.392636 11.5584 0.670764 0.485957 1 0.449967 
0.74262 0.35934 18.5009 0.650735 0.507104 0.9 0.458149 
0.742593 0.367007 16.7734 0.657599 0.503689 0.925 0.458149 
0.742571 0.375112 15.0459 0.664859 0.500084 0.95 0.458149 
0.742554 0.383655 13.3184 0.672513 0.49629 0.975 0.458149 
0.742543 0.392637 11.5909 0.680563 0.492308 1 0.458149 

ZONE I=5, J=5
0.74262 0.35934 18.5282 0.650735 0.507104 0.9 0.458149 
0.742593 0.367007 16.7881 0.657599 0.503689 0.925 0.458149 
0.742571 0.375112 15.048 0.664859 0.500084 0.95 0.458149 
0.742554 0.383655 13.3078 0.672513 0.49629 0.975 0.458149 
0.742543 0.392637 11.5677 0.680563 0.492308 1 0.458149 
0.755836 0.359375 18.5633 0.660835 0.513553 0.9 0.46633 
0.755811 0.367034 16.8232 0.667664 0.510086 0.925 0.46633 
0.75579 0.375131 15.0831 0.674887 0.506427 0.95 0.46633 
0.755775 0.383665 13.3429 0.682504 0.502577 0.975 0.46633 
0.755766 0.392637 11.6028 0.690514 0.498535 1 0.46633 
0.769051 0.35941 18.5985 0.671083 0.519867 0.9 0.474511 
0.769025 0.367061 16.8583 0.677877 0.516349 0.925 0.474511 
0.769005 0.375149 15.1182 0.685062 0.512635 0.95 0.474511 
0.768991 0.383674 13.3781 0.692639 0.508728 0.975 0.474511 
0.768982 0.392637 11.6379 0.700607 0.504625 1 0.474511 
0.782266 0.359446 18.6336 0.681479 0.526048 0.9 0.482692 
0.782239 0.367088 16.8934 0.688236 0.522477 0.925 0.482692 
0.782218 0.375168 15.1533 0.695383 0.518708 0.95 0.482692 
0.782203 0.383684 13.4132 0.702919 0.514742 0.975 0.482692 
0.782193 0.392636 11.673 0.710844 0.510578 1 0.482692 
0.795484 0.359482 18.6687 0.692024 0.532095 0.9 0.490874 
0.795455 0.367116 16.9286 0.698743 0.528471 0.925 0.490874 
0.795432 0.375187 15.1884 0.705849 0.524646 0.95 0.490874 
0.795414 0.383694 13.4483 0.713343 0.52062 0.975 0.490874 
0.795401 0.392637 11.7082 0.721224 0.516393 1 0.490874 

ZONE I=5, J=5
0.795484 0.359482 18.6981 0.692024 0.532095 0.9 0.490874 
0.795455 0.367116 16.9444 0.698743 0.528471 0.925 0.490874 
0.795432 0.375187 15.1906 0.705849 0.524646 0.95 0.490874 
0.795414 0.383694 13.4369 0.713343 0.52062 0.975 0.490874 
0.795401 0.392637 11.6832 0.721224 0.516393 1 0.490874 
0.80869 0.35952 18.7359 0.702706 0.537994 0.9 0.499055 
0.808662 0.367145 16.9821 0.709389 0.53432 0.925 0.499055 
0.808641 0.375207 15.2284 0.716457 0.530443 0.95 0.499055 
0.808625 0.383704 13.4747 0.72391 0.526362 0.975 0.499055 
0.808615 0.392637 11.7209 0.731749 0.522078 1 0.499055 
0.821894 0.359557 18.7736 0.713531 0.54375 0.9 0.507236 
0.821866 0.367174 17.0199 0.720176 0.540026 0.925 0.507236 
0.821845 0.375226 15.2662 0.727204 0.536096 0.95 0.507236 
0.82183 0.383714 13.5124 0.734615 0.53196 0.975 0.507236 
0.821821 0.392637 11.7587 0.74241 0.527618 1 0.507236 
0.835098 0.359595 18.8114 0.724497 0.549365 0.9 0.515417 
0.83507 0.367203 17.0577 0.731103 0.54559 0.925 0.515417 
0.835048 0.375246 15.3039 0.73809 0.541606 0.95 0.515417 
0.835032 0.383724 13.5502 0.745459 0.537413 0.975 0.515417 
0.835021 0.392636 11.7964 0.753208 0.533012 1 0.515417 
0.848306 0.359634 18.8492 0.735605 0.554838 0.9 0.523599 
0.848276 0.367233 17.0954 0.742171 0.551012 0.925 0.523599 
0.848251 0.375266 15.3417 0.749116 0.546973 0.95 0.523599 
0.848232 0.383734 13.5879 0.75644 0.542723 0.975 0.523599 
0.848219 0.392637 11.8342 0.764143 0.53826 1 0.523599 

ZONE I=5, J=5
0.848306 0.359634 18.8808 0.735605 0.554838 0.9 0.523599 
0.848276 0.367233 17.1124 0.742171 0.551012 0.925 0.523599 
0.848251 0.375266 15.3441 0.749116 0.546973 0.95 0.523599 
0.848232 0.383734 13.5757 0.75644 0.542723 0.975 0.523599 
0.848219 0.392637 11.8074 0.764143 0.53826 1 0.523599 
0.861501 0.359673 18.9212 0.746844 0.560154 0.9 0.53178 
0.861472 0.367263 17.1529 0.753371 0.55628 0.925 0.53178 
0.861449 0.375287 15.3845 0.760276 0.552192 0.95 0.53178 
0.861432 0.383745 13.6162 0.767557 0.547889 0.975 0.53178 
0.861422 0.392637 11.8478 0.775216 0.543371 1 0.53178 
0.874694 0.359712 18.9617 0.758218 0.565321 0.9 0.539961 
0.874665 0.367294 17.1933 0.764706 0.561399 0.925 0.539961 
0.874643 0.375308 15.425 0.771568 0.557259 0.95 0.539961 
0.874627 0.383756 13.6566 0.778806 0.552902 0.975 0.539961 
0.874617 0.392637 11.8883 0.786419 0.548329 1 0.539961 
0.887887 0.359752 19.0021 0.769727 0.570339 0.9 0.548142 
0.887857 0.367324 17.2338 0.776174 0.566367 0.925 0.548142 
0.887834 0.375329 15.4654 0.782994 0.562176 0.95 0.548142 
0.887817 0.383766 13.6971 0.790186 0.557765 0.975 0.548142 
0.887806 0.392636 11.9287 0.797751 0.553133 1 0.548142 
0.901084 0.359793 19.0426 0.781371 0.575207 0.9 0.556324 
0.901051 0.367356 17.2742 0.787776 0.571186 0.925 0.556324 
0.901025 0.375351 15.5059 0.794551 0.566942 0.95 0.556324 
0.901005 0.383778 13.7375 0.801697 0.562475 0.975 0.556324 
0.900991 0.392637 11.9692 0.809213 0.557785 1 0.556324 

ZONE I=5, J=5
0.901084 0.359793 19.0764 0.781371 0.575207 0.9 0.556324 
0.901051 0.367356 17.2924 0.787776 0.571186 0.925 0.556324 
0.901025 0.375351 15.5084 0.794551 0.566942 0.95 0.556324 
0.901005 0.383778 13.7245 0.801697 0.562475 0.975 0.556324 
0.900991 0.392637 11.9405 0.809213 0.557785 1 0.556324 
0.914266 0.359835 19.1196 0.793138 0.57991 0.9 0.564505 
0.914236 0.367388 17.3356 0.799503 0.575844 0.925 0.564505 
0.914212 0.375373 15.5516 0.806236 0.571551 0.95 0.564505 
0.914194 0.383789 13.7676 0.813337 0.567034 0.975 0.564505 
0.914183 0.392637 11.9837 0.820807 0.562291 1 0.564505 
0.927447 0.359876 19.1628 0.805033 0.584458 0.9 0.572686 
0.927417 0.36742 17.3788 0.811356 0.580344 0.925 0.572686 
0.927393 0.375394 15.5948 0.818046 0.576003 0.95 0.572686 
0.927376 0.3838 13.8108 0.825101 0.571434 0.975 0.572686 
0.927366 0.392637 12.0269 0.832523 0.566637 1 0.572686 
0.940628 0.359918 19.206 0.817056 0.588848 0.9 0.580867 
0.940597 0.367452 17.422 0.823337 0.584687 0.925 0.580867 
0.940572 0.375416 15.638 0.829981 0.580296 0.95 0.580867 
0.940554 0.383811 13.854 0.836989 0.575675 0.975 0.580867 
0.940542 0.392636 12.07 0.844361 0.570822 1 0.580867 
0.953812 0.359961 19.2492 0.829207 0.593082 0.9 0.589049 
0.953778 0.367485 17.4652 0.835444 0.588873 0.925 0.589049 
0.953751 0.375439 15.6812 0.842042 0.584432 0.95 0.589049 
0.953729 0.383823 13.8972 0.849001 0.579756 0.975 0.589049 
0.953715 0.392637 12.1132 0.856321 0.574847 1 0.589049 

ZONE I=5, J=5
0.953812 0.359961 19.2853 0.829207 0.593082 0.9 0.589049 
0.953778 0.367485 17.4846 0.835444 0.588873 0.925 0.589049 
0.953751 0.375439 15.684 0.842042 0.584432 0.95 0.589049 
0.953729 0.383823 13.8833 0.849001 0.579756 0.975 0.589049 
0.953715 0.392637 12.0826 0.856321 0.574847 1 0.589049 
0.966981 0.360005 19.3313 0.841473 0.597143 0.9 0.59723 
0.966949 0.367519 17.5306 0.847668 0.592891 0.925 0.59723 
0.966924 0.375462 15.7299 0.854222 0.588403 0.95 0.59723 
0.966905 0.383835 13.9293 0.861135 0.58368 0.975 0.59723 
0.966894 0.392637 12.1286 0.868407 0.57872 1 0.59723 
0.980149 0.360048 19.3773 0.853859 0.601042 0.9 0.605411 
0.980117 0.367552 17.5766 0.860011 0.596745 0.925 0.605411 
0.980092 0.375485 15.7759 0.86652 0.59221 0.95 0.605411 
0.980074 0.383846 13.9753 0.873385 0.587437 0.975 0.605411 
0.980064 0.392637 12.1746 0.880607 0.582426 1 0.605411 
0.993316 0.360092 19.4233 0.866366 0.604776 0.9 0.613592 
0.993283 0.367586 17.6226 0.872473 0.600434 0.925 0.613592 
0.993257 0.375508 15.8219 0.878935 0.595852 0.95 0.613592 
0.993238 0.383858 14.0212 0.885751 0.591028 0.975 0.613592 
0.993227 0.392636 12.2206 0.892922 0.585964 1 0.613592 
1.00649 0.360137 19.4693 0.878993 0.608347 0.9 0.621774 
1.00645 0.367621 17.6686 0.885055 0.603959 0.925 0.621774 
1.00642 0.375532 15.8679 0.891469 0.599328 0.95 0.621774 
1.0064 0.38387 14.0672 0.898234 0.594453 0.975 0.621774 
1.00638 0.392637 12.2666 0.90535 0.589334 1 0.621774 

ZONE I=5, J=5
1.00649 0.360137 19.5077 0.878993 0.608347 0.9 0.621774 
1.00645 0.367621 17.6893 0.885055 0.603959 0.925 0.621774 
1.00642 0.375532 15.8708 0.891469 0.599328 0.95 0.621774 
1.0064 0.38387 14.0524 0.898234 0.594453 0.975 0.621774 
1.00638 0.392637 12.234 0.90535 0.589334 1 0.621774 
1.01964 0.360183 19.5565 0.891727 0.611739 0.9 0.629955 
1.01961 0.367656 17.7381 0.897745 0.607309 0.925 0.629955 
1.01958 0.375556 15.9197 0.904114 0.602634 0.95 0.629955 
1.01956 0.383883 14.1012 0.910831 0.597713 0.975 0.629955 
1.01955 0.392637 12.2828 0.917898 0.592546 1 0.629955 
1.03279 0.360228 19.6054 0.904573 0.614961 0.9 0.638136 
1.03276 0.367691 17.7869 0.910547 0.610489 0.925 0.638136 
1.03274 0.37558 15.9685 0.916868 0.605768 0.95 0.638136 
1.03272 0.383895 14.1501 0.923536 0.6008 0.975 0.638136 
1.03271 0.392637 12.3316 0.930551 0.595584 1 0.638136 
1.04595 0.360274 19.6542 0.917531 0.618012 0.9 0.646317 
1.04591 0.367726 17.8358 0.923459 0.613497 0.925 0.646317 
1.04589 0.375604 16.0173 0.929732 0.608731 0.95 0.646317 
1.04587 0.383907 14.1989 0.936349 0.603714 0.975 0.646317 
1.04585 0.392636 12.3805 0.94331 0.598447 1 0.646317 
1.0591 0.360321 19.703 0.930602 0.620893 0.9 0.654498 
1.05906 0.367762 17.8846 0.936483 0.616334 0.925 0.654498 
1.05903 0.375628 16.0662 0.942705 0.611521 0.95 0.654498 
1.05901 0.38392 14.2477 0.949269 0.606455 0.975 0.654498 
1.05899 0.392637 12.4293 0.956175 0.601135 1 0.654498 

ZONE I=5, J=5
1.0591 0.360321 19.7438 0.930602 0.620893 0.9 0.654498 
1.05906 0.367762 17.9065 0.936483 0.616334 0.925 0.654498 
1.05903 0.375628 16.0693 0.942705 0.611521 0.95 0.654498 
1.05901 0.38392 14.232 0.949269 0.606455 0.975 0.654498 
1.05899 0.392637 12.3947 0.956175 0.601135 1 0.654498 
1.07224 0.360368 19.7956 0.943772 0.623588 0.9 0.66268 
1.07221 0.367799 17.9583 0.949608 0.618989 0.925 0.66268 
1.07218 0.375654 16.121 0.955784 0.614135 0.95 0.66268 
1.07216 0.383933 14.2837 0.962299 0.609025 0.975 0.66268 
1.07215 0.392637 12.4465 0.969153 0.60366 1 0.66268 
1.08538 0.360416 19.8473 0.957047 0.626107 0.9 0.670861 
1.08534 0.367835 18.0101 0.962836 0.621468 0.925 0.670861 
1.08532 0.375678 16.1728 0.968963 0.616571 0.95 0.670861 
1.0853 0.383946 14.3355 0.975427 0.611416 0.975 0.670861 
1.08529 0.392637 12.4982 0.982227 0.606004 1 0.670861 
1.09852 0.360463 19.8991 0.970424 0.628449 0.9 0.679042 
1.09848 0.367872 18.0618 0.976167 0.623769 0.925 0.679042 
1.09845 0.375703 16.2245 0.982243 0.618828 0.95 0.679042 
1.09843 0.383958 14.3873 0.988654 0.613628 0.975 0.679042 
1.09842 0.392636 12.55 0.995399 0.608167 1 0.679042 
1.11165 0.360512 19.9508 0.983906 0.630615 0.9 0.687223 
1.11162 0.367909 18.1136 0.989599 0.625892 0.925 0.687223 
1.11159 0.375729 16.2763 0.995624 0.620907 0.95 0.687223 
1.11156 0.383971 14.439 1.00198 0.61566 0.975 0.687223 
1.11154 0.392637 12.6017 1.00867 0.610149 1 0.687223 

ZONE I=5, J=5
1.11165 0.360512 19.994 0.983906 0.630615 0.9 0.687223 
1.11162 0.367909 18.1368 0.989599 0.625892 0.925 0.687223 
1.11159 0.375729 16.2796 0.995624 0.620907 0.95 0.687223 
1.11156 0.383971 14.4223 1.00198 0.61566 0.975 0.687223 
1.11154 0.392637 12.5651 1.00867 0.610149 1 0.687223 
1.12478 0.360561 20.0488 0.997478 0.632588 0.9 0.695405 
1.12474 0.367947 18.1915 1.00313 0.627828 0.925 0.695405 
1.12471 0.375755 16.3343 1.0091 0.622804 0.95 0.695405 
1.12469 0.383985 14.477 1.01541 0.617515 0.975 0.695405 
1.12468 0.392637 12.6198 1.02204 0.611961 1 0.695405 
1.1379 0.360611 20.1035 1.01115 0.634379 0.9 0.703586 
1.13786 0.367985 18.2463 1.01675 0.629581 0.925 0.703586 
1.13783 0.375781 16.389 1.02267 0.624516 0.95 0.703586 
1.13781 0.383998 14.5318 1.02893 0.619185 0.975 0.703586 
1.1378 0.392637 12.6745 1.0355 0.613587 1 0.703586 
1.15102 0.36066 20.1582 1.02491 0.635988 0.9 0.711767 
1.15098 0.368023 18.301 1.03046 0.631151 0.925 0.711767 
1.15095 0.375807 16.4437 1.03633 0.626044 0.95 0.711767 
1.15093 0.384011 14.5865 1.04253 0.620669 0.975 0.711767 
1.15092 0.392636 12.7293 1.04906 0.615025 1 0.711767 
1.16414 0.360711 20.213 1.03877 0.637414 0.9 0.719948 
1.1641 0.368062 18.3557 1.04427 0.632537 0.925 0.719948 
1.16407 0.375833 16.4985 1.05009 0.627388 0.95 0.719948 
1.16404 0.384025 14.6412 1.05623 0.621968 0.975 0.719948 
1.16402 0.392637 12.784 1.06269 0.616276 1 0.719948 

ZONE I=5, J=5
1.16414 0.360711 20.2586 1.03877 0.637414 0.9 0.719948 
1.1641 0.368062 18.3803 1.04427 0.632537 0.925 0.719948 
1.16407 0.375833 16.5019 1.05009 0.627388 0.95 0.719948 
1.16404 0.384025 14.6236 1.05623 0.621968 0.975 0.719948 
1.16402 0.392637 12.7452 1.06269 0.616276 1 0.719948 
1.17724 0.360762 20.3164 1.05271 0.638642 0.9 0.72813 
1.17721 0.368101 18.4381 1.05816 0.633729 0.925 0.72813 
1.17718 0.375861 16.5597 1.06393 0.628544 0.95 0.72813 
1.17716 0.384039 14.6814 1.07002 0.623085 0.975 0.72813 
1.17714 0.392637 12.803 1.07643 0.617353 1 0.72813 
1.19035 0.360813 20.3742 1.06673 0.639682 0.9 0.736311 
1.19031 0.368141 18.4958 1.07214 0.634733 0.925 0.736311 
1.19028 0.375887 16.6175 1.07786 0.629509 0.95 0.736311 
1.19026 0.384053 14.7391 1.08389 0.62401 0.975 0.736311 
1.19025 0.392637 12.8608 1.09025 0.618236 1 0.736311 
1.20345 0.360864 20.432 1.08085 0.640533 0.9 0.744492 
1.20341 0.36818 18.5536 1.0862 0.635548 0.925 0.744492 
1.20338 0.375914 16.6753 1.09187 0.630285 0.95 0.744492 
1.20336 0.384066 14.7969 1.09785 0.624745 0.975 0.744492 
1.20334 0.392636 12.9186 1.10414 0.618927 1 0.744492 
1.21655 0.360916 20.4897 1.09504 0.641197 0.9 0.752673 
1.21651 0.36822 18.6114 1.10035 0.636174 0.925 0.752673 
1.21648 0.375942 16.733 1.10596 0.630871 0.95 0.752673 
1.21645 0.38408 14.8547 1.11188 0.625288 0.975 0.752673 
1.21643 0.392637 12.9763 1.11811 0.619426 1 0.752673 

ZONE I=5, J=5
1.21655 0.360916 20.538 1.09504 0.641197 0.9 0.752673 
1.21651 0.36822 18.6373 1.10035 0.636174 0.925 0.752673 
1.21648 0.375942 16.7367 1.10596 0.630871 0.95 0.752673 
1.21645 0.38408 14.8361 1.11188 0.625288 0.975 0.752673 
1.21643 0.392637 12.9355 1.11811 0.619426 1 0.752673 
1.22964 0.360969 20.5988 1.10931 0.641657 0.9 0.760855 
1.2296 0.368261 18.6982 1.11457 0.636601 0.925 0.760855 
1.22957 0.37597 16.7976 1.12013 0.631263 0.95 0.760855 
1.22954 0.384095 14.897 1.126 0.625644 0.975 0.760855 
1.22953 0.392637 12.9964 1.13218 0.619743 1 0.760855 
1.24272 0.361021 20.6597 1.12366 0.641924 0.9 0.769036 
1.24268 0.368301 18.7591 1.12887 0.636834 0.925 0.769036 
1.24265 0.375997 16.8585 1.13438 0.63146 0.95 0.769036 
1.24263 0.384109 14.9579 1.14019 0.625804 0.975 0.769036 
1.24261 0.392637 13.0572 1.14631 0.619863 1 0.769036 
1.2558 0.361074 20.7206 1.13809 0.641998 0.9 0.777217 
1.25576 0.368342 18.82 1.14324 0.636873 0.925 0.777217 
1.25573 0.376025 16.9194 1.1487 0.631463 0.95 0.777217 
1.2557 0.384123 15.0188 1.15445 0.625767 0.975 0.777217 
1.25569 0.392636 13.1181 1.16051 0.619786 1 0.777217 
1.26888 0.361128 20.7815 1.15259 0.641878 0.9 0.785398 
1.26884 0.368383 18.8809 1.15769 0.636718 0.925 0.785398 
1.2688 0.376053 16.9803 1.16309 0.63127 0.95 0.785398 
1.26878 0.384138 15.0797 1.16879 0.625534 0.975 0.785398 
1.26876 0.392637 13.179 1.17478 0.619511 1 0.785398 

ZONE I=5, J=5
1.26888 0.361128 20.8323 1.15259 0.641878 0.9 0.785398 
1.26884 0.368383 18.9082 1.15769 0.636718 0.925 0.785398 
1.2688 0.376053 16.9841 1.16309 0.63127 0.95 0.785398 
1.26878 0.384138 15.06 1.16879 0.625534 0.975 0.785398 
1.26876 0.392637 13.136 1.17478 0.619511 1 0.785398 
1.28195 0.361183 20.8964 1.16715 0.64155 0.9 0.79358 
1.28191 0.368426 18.9723 1.17221 0.636359 0.925 0.79358 
1.28187 0.376082 17.0482 1.17755 0.630878 0.95 0.79358 
1.28185 0.384153 15.1241 1.1832 0.625108 0.975 0.79358 
1.28183 0.392637 13.2 1.18914 0.61905 1 0.79358 
1.29501 0.361237 20.9605 1.18179 0.641024 0.9 0.801761 
1.29497 0.368467 19.0364 1.18679 0.635801 0.925 0.801761 
1.29494 0.376111 17.1123 1.19208 0.630287 0.95 0.801761 
1.29491 0.384167 15.1882 1.19767 0.624482 0.975 0.801761 
1.2949 0.392637 13.2641 1.20355 0.618386 1 0.801761 
1.30807 0.361291 21.0246 1.19649 0.640299 0.9 0.809942 
1.30802 0.368509 19.1005 1.20143 0.635044 0.925 0.809942 
1.30799 0.376139 17.1764 1.20667 0.629496 0.95 0.809942 
1.30797 0.384181 15.2523 1.2122 0.623654 0.975 0.809942 
1.30795 0.392636 13.3282 1.21802 0.61752 1 0.809942 
1.32113 0.361347 21.0887 1.21126 0.639377 0.9 0.818123 
1.32108 0.368552 19.1646 1.21615 0.634088 0.925 0.818123 
1.32105 0.376168 17.2405 1.22133 0.628505 0.95 0.818123 
1.32102 0.384197 15.3164 1.2268 0.622626 0.975 0.818123 
1.321 0.392637 13.3923 1.23255 0.616452 1 0.818123 

ZONE I=5, J=5
1.32113 0.361347 21.1422 1.21126 0.639377 0.9 0.818123 
1.32108 0.368552 19.1934 1.21615 0.634088 0.925 0.818123 
1.32105 0.376168 17.2446 1.22133 0.628505 0.95 0.818123 
1.32102 0.384197 15.2958 1.2268 0.622626 0.975 0.818123 
1.321 0.392637 13.347 1.23255 0.616452 1 0.818123 
1.33417 0.361403 21.2095 1.22608 0.638241 0.9 0.826305 
1.33413 0.368595 19.2607 1.23092 0.632924 0.925 0.826305 
1.33409 0.376198 17.3119 1.23605 0.62731 0.95 0.826305 
1.33407 0.384212 15.3631 1.24146 0.6214 0.975 0.826305 
1.33405 0.392637 13.4144 1.24716 0.615194 1 0.826305 
1.3472 0.361459 21.2769 1.24095 0.636903 0.9 0.834486 
1.34716 0.368638 19.3281 1.24574 0.631557 0.925 0.834486 
1.34713 0.376227 17.3793 1.25082 0.625912 0.95 0.834486 
1.34711 0.384227 15.4305 1.25617 0.619969 0.975 0.834486 
1.34709 0.392637 13.4817 1.26181 0.613728 1 0.834486 
1.36024 0.361515 21.3442 1.25589 0.635363 0.9 0.842667 
1.3602 0.368681 19.3955 1.26063 0.629986 0.925 0.842667 
1.36016 0.376256 17.4467 1.26564 0.624309 0.95 0.842667 
1.36014 0.384242 15.4979 1.27094 0.618333 0.975 0.842667 
1.36012 0.392636 13.5491 1.27651 0.612056 1 0.842667 
1.37328 0.361572 21.4116 1.27088 0.63362 0.9 0.850848 
1.37323 0.368725 19.4628 1.27557 0.628213 0.925 0.850848 
1.37319 0.376287 17.514 1.28053 0.622503 0.95 0.850848 
1.37317 0.384257 15.5652 1.28576 0.616491 0.975 0.850848 
1.37314 0.392637 13.6165 1.29127 0.610177 1 0.850848 

ZONE I=5, J=5
1.37328 0.361572 21.4678 1.27088 0.63362 0.9 0.850848 
1.37323 0.368725 19.493 1.27557 0.628213 0.925 0.850848 
1.37319 0.376287 17.5183 1.28053 0.622503 0.95 0.850848 
1.37317 0.384257 15.5436 1.28576 0.616491 0.975 0.850848 
1.37314 0.392637 13.5689 1.29127 0.610177 1 0.850848 
1.38629 0.361629 21.5385 1.28592 0.63166 0.9 0.859029 
1.38625 0.368769 19.5638 1.29055 0.626226 0.925 0.859029 
1.38622 0.376317 17.589 1.29546 0.620489 0.95 0.859029 
1.38619 0.384273 15.6143 1.30063 0.614448 0.975 0.859029 
1.38618 0.392637 13.6396 1.30608 0.608104 1 0.859029 
1.3993 0.361686 21.6092 1.301 0.629494 0.9 0.86721 
1.39926 0.368813 19.6345 1.30558 0.624033 0.925 0.86721 
1.39923 0.376347 17.6598 1.31043 0.618267 0.95 0.86721 
1.39921 0.384288 15.685 1.31555 0.612196 0.975 0.86721 
1.39919 0.392637 13.7103 1.32094 0.605821 1 0.86721 
1.41232 0.361744 21.68 1.31614 0.627121 0.9 0.875391 
1.41227 0.368857 19.7052 1.32066 0.621632 0.925 0.875391 
1.41224 0.376377 17.7305 1.32545 0.615836 0.95 0.875391 
1.41221 0.384303 15.7558 1.33051 0.609734 0.975 0.875391 
1.4122 0.392636 13.781 1.33584 0.603326 1 0.875391 
1.42533 0.361802 21.7507 1.33132 0.624542 0.9 0.883573 
1.42528 0.368902 19.776 1.33579 0.619024 0.925 0.883573 
1.42524 0.376408 17.8012 1.34052 0.613198 0.95 0.883573 
1.42521 0.384319 15.8265 1.34552 0.607063 0.975 0.883573 
1.42519 0.392637 13.8518 1.35078 0.60062 1 0.883573 

ZONE I=5, J=5
1.42533 0.361802 21.8096 1.33132 0.624542 0.9 0.883573 
1.42528 0.368902 19.8076 1.33579 0.619024 0.925 0.883573 
1.42524 0.376408 17.8057 1.34052 0.613198 0.95 0.883573 
1.42521 0.384319 15.8038 1.34552 0.607063 0.975 0.883573 
1.42519 0.392637 13.8019 1.35078 0.60062 1 0.883573 
1.43832 0.361861 21.8837 1.34653 0.621742 0.9 0.891754 
1.43827 0.368948 19.8818 1.35095 0.6162 0.925 0.891754 
1.43824 0.376439 17.8799 1.35562 0.610349 0.95 0.891754 
1.43821 0.384336 15.878 1.36056 0.604188 0.975 0.891754 
1.4382 0.392637 13.8761 1.36576 0.597717 1 0.891754 
1.4513 0.36192 21.9579 1.36178 0.618732 0.9 0.899935 
1.45126 0.368993 19.956 1.36614 0.613165 0.925 0.899935 
1.45123 0.37647 17.9541 1.37076 0.607288 0.95 0.899935 
1.4512 0.384351 15.9522 1.37564 0.601099 0.975 0.899935 
1.45119 0.392637 13.9503 1.38078 0.5946 1 0.899935 
1.46429 0.361978 22.0321 1.37707 0.615512 0.9 0.908116 
1.46424 0.369038 20.0302 1.38137 0.60992 0.925 0.908116 
1.46421 0.376501 18.0283 1.38594 0.604015 0.95 0.908116 
1.46418 0.384367 16.0264 1.39076 0.597798 0.975 0.908116 
1.46417 0.392636 14.0245 1.39583 0.591268 1 0.908116 
1.47727 0.362038 22.1063 1.39239 0.612082 0.9 0.916298 
1.47723 0.369084 20.1044 1.39665 0.606464 0.925 0.916298 
1.47719 0.376532 18.1025 1.40115 0.600531 0.95 0.916298 
1.47716 0.384383 16.1006 1.4059 0.594284 0.975 0.916298 
1.47713 0.392637 14.0987 1.41091 0.587722 1 0.916298 

ZONE I=5, J=5
1.47727 0.362038 22.1677 1.39239 0.612082 0.9 0.916298 
1.47723 0.369084 20.1375 1.39665 0.606464 0.925 0.916298 
1.47719 0.376532 18.1072 1.40115 0.600531 0.95 0.916298 
1.47716 0.384383 16.0769 1.4059 0.594284 0.975 0.916298 
1.47713 0.392637 14.0467 1.41091 0.587722 1 0.916298 
1.49023 0.362099 22.2455 1.40774 0.608429 0.9 0.924479 
1.49019 0.369131 20.2152 1.41194 0.602788 0.925 0.924479 
1.49015 0.376564 18.1849 1.41639 0.596833 0.95 0.924479 
1.49013 0.3844 16.1547 1.42109 0.590562 0.975 0.924479 
1.49011 0.392637 14.1244 1.42603 0.583976 1 0.924479 
1.50319 0.362158 22.3232 1.42311 0.604562 0.9 0.93266 
1.50315 0.369177 20.2929 1.42726 0.598899 0.925 0.93266 
1.50311 0.376596 18.2627 1.43165 0.59292 0.95 0.93266 
1.50309 0.384416 16.2324 1.43629 0.586624 0.975 0.93266 
1.50307 0.392637 14.2021 1.44117 0.580012 1 0.93266 
1.51615 0.362218 22.4009 1.43851 0.600482 0.9 0.940841 
1.5161 0.369223 20.3707 1.4426 0.594796 0.925 0.940841 
1.51607 0.376627 18.3404 1.44694 0.588792 0.95 0.940841 
1.51604 0.384432 16.3101 1.45151 0.58247 0.975 0.940841 
1.51602 0.392636 14.2799 1.45633 0.575831 1 0.940841 
1.5291 0.36228 22.4787 1.45394 0.596189 0.9 0.949023 
1.52905 0.36927 20.4484 1.45798 0.590479 0.925 0.949023 
1.52901 0.37666 18.4182 1.46225 0.58445 0.95 0.949023 
1.52898 0.384448 16.3879 1.46676 0.578101 0.975 0.949023 
1.52896 0.392637 14.3576 1.47151 0.571432 1 0.949023 

ZONE I=5, J=5
1.5291 0.36228 22.5421 1.45394 0.596189 0.9 0.949023 
1.52905 0.36927 20.4826 1.45798 0.590479 0.925 0.949023 
1.52901 0.37666 18.423 1.46225 0.58445 0.95 0.949023 
1.52898 0.384448 16.3635 1.46676 0.578101 0.975 0.949023 
1.52896 0.392637 14.304 1.47151 0.571432 1 0.949023 
1.54203 0.362341 22.6235 1.46938 0.59167 0.9 0.957204 
1.54199 0.369318 20.564 1.47336 0.585941 0.925 0.957204 
1.54195 0.376692 18.5044 1.47758 0.579891 0.95 0.957204 
1.54193 0.384466 16.4449 1.48203 0.573521 0.975 0.957204 
1.54191 0.392637 14.3854 1.48673 0.56683 1 0.957204 
1.55496 0.362402 22.7049 1.48484 0.586935 0.9 0.965385 
1.55491 0.369365 20.6454 1.48876 0.581186 0.925 0.965385 
1.55488 0.376724 18.5859 1.49292 0.575115 0.95 0.965385 
1.55486 0.384482 16.5263 1.49732 0.568722 0.975 0.965385 
1.55484 0.392637 14.4668 1.50195 0.562008 1 0.965385 
1.56788 0.362464 22.7863 1.50031 0.581985 0.9 0.973566 
1.56784 0.369412 20.7268 1.50418 0.576214 0.925 0.973566 
1.5678 0.376757 18.6673 1.50828 0.570121 0.95 0.973566 
1.56778 0.384498 16.6077 1.51261 0.563706 0.975 0.973566 
1.56776 0.392636 14.5482 1.51718 0.556967 1 0.973566 
1.58081 0.362526 22.8677 1.5158 0.576818 0.9 0.981748 
1.58076 0.36946 20.8082 1.51961 0.571027 0.925 0.981748 
1.58072 0.37679 18.7487 1.52365 0.564911 0.95 0.981748 
1.58069 0.384515 16.6891 1.52792 0.558471 0.975 0.981748 
1.58067 0.392637 14.6296 1.53242 0.551706 1 0.981748 

ZONE I=5, J=5
1.58081 0.362526 22.9313 1.5158 0.576818 0.9 0.981748 
1.58076 0.36946 20.8425 1.51961 0.571027 0.925 0.981748 
1.58072 0.37679 18.7536 1.52365 0.564911 0.95 0.981748 
1.58069 0.384515 16.6647 1.52792 0.558471 0.975 0.981748 
1.58067 0.392637 14.5759 1.53242 0.551706 1 0.981748 
1.5937 0.362589 23.0165 1.53129 0.571424 0.9 0.989929 
1.59366 0.369509 20.9277 1.53505 0.565615 0.925 0.989929 
1.59363 0.376823 18.8388 1.53903 0.559481 0.95 0.989929 
1.5936 0.384533 16.7499 1.54324 0.553022 0.975 0.989929 
1.59359 0.392637 14.6611 1.54768 0.546239 1 0.989929 
1.6066 0.362651 23.1017 1.54678 0.565811 0.9 0.99811 
1.60655 0.369557 21.0129 1.55049 0.559985 0.925 0.99811 
1.60652 0.376856 18.924 1.55441 0.553832 0.95 0.99811 
1.6065 0.38455 16.8351 1.55856 0.547354 0.975 0.99811 
1.60649 0.392637 14.7463 1.56294 0.540551 1 0.99811 
1.61948 0.362714 23.187 1.56228 0.559981 0.9 1.00629 
1.61944 0.369605 21.0981 1.56593 0.554136 0.925 1.00629 
1.61941 0.376889 19.0092 1.5698 0.547965 0.95 1.00629 
1.61938 0.384566 16.9203 1.57388 0.541467 0.975 1.00629 
1.61937 0.392636 14.8315 1.57819 0.534642 1 1.00629 
1.63237 0.362777 23.2722 1.57778 0.553934 0.9 1.01447 
1.63232 0.369655 21.1833 1.58137 0.54807 0.925 1.01447 
1.63229 0.376924 19.0944 1.58518 0.541878 0.95 1.01447 
1.63226 0.384585 17.0055 1.58921 0.535359 0.975 1.01447 
1.63225 0.392637 14.9167 1.59344 0.528513 1 1.01447 

ZONE I=5, J=5
1.63237 0.362777 23.3305 1.57778 0.553934 0.9 1.01447 
1.63232 0.369655 21.2147 1.58137 0.54807 0.925 1.01447 
1.63229 0.376924 19.099 1.58518 0.541878 0.95 1.01447 
1.63226 0.384585 16.9833 1.58921 0.535359 0.975 1.01447 
1.63225 0.392637 14.8675 1.59344 0.528513 1 1.01447 
1.64524 0.362842 23.4197 1.59328 0.547651 0.9 1.02266 
1.6452 0.369705 21.3039 1.59682 0.541773 0.925 1.02266 
1.64517 0.376958 19.1882 1.60058 0.535566 0.95 1.02266 
1.64515 0.384603 17.0725 1.60454 0.529031 0.975 1.02266 
1.64514 0.392637 14.9568 1.60872 0.522168 1 1.02266 
1.6581 0.362906 23.5089 1.60877 0.54115 0.9 1.03084 
1.65806 0.369754 21.3932 1.61226 0.535257 0.925 1.03084 
1.65803 0.376992 19.2774 1.61596 0.529035 0.95 1.03084 
1.65802 0.38462 17.1617 1.61987 0.522484 0.975 1.03084 
1.65801 0.392637 15.046 1.62398 0.515605 1 1.03084 
1.67095 0.362969 23.5981 1.62425 0.534431 0.9 1.03902 
1.67091 0.369804 21.4824 1.62769 0.528522 0.925 1.03902 
1.67089 0.377027 19.3667 1.63133 0.522284 0.95 1.03902 
1.67087 0.384638 17.2509 1.63518 0.515717 0.975 1.03902 
1.67087 0.392636 15.1352 1.63923 0.508822 1 1.03902 
1.68379 0.363033 23.6873 1.63972 0.527493 0.9 1.0472 
1.68375 0.369856 21.5716 1.6431 0.521568 0.925 1.0472 
1.68373 0.377064 19.4559 1.64669 0.515314 0.95 1.0472 
1.68372 0.384658 17.3401 1.65047 0.508731 0.975 1.0472 
1.68372 0.392637 15.2244 1.65446 0.50182 1 1.0472 

ZONE I=5, J=5
1.68379 0.363033 23.724 1.63972 0.527493 0.9 1.0472 
1.68375 0.369856 21.5914 1.6431 0.521568 0.925 1.0472 
1.68373 0.377064 19.4589 1.64669 0.515314 0.95 1.0472 
1.68372 0.384658 17.3263 1.65047 0.508731 0.975 1.0472 
1.68372 0.392637 15.1938 1.65446 0.50182 1 1.0472 
1.69661 0.363101 23.8175 1.65517 0.520324 0.9 1.05538 
1.69658 0.369908 21.6849 1.6585 0.514388 0.925 1.05538 
1.69656 0.3771 19.5524 1.66203 0.508122 0.95 1.05538 
1.69656 0.384676 17.4198 1.66576 0.501527 0.975 1.05538 
1.69656 0.392637 15.2873 1.66969 0.494603 1 1.05538 
1.70942 0.363167 23.911 1.6706 0.512932 0.9 1.06356 
1.7094 0.36996 21.7785 1.67388 0.506984 0.925 1.06356 
1.70939 0.377136 19.6459 1.67736 0.500707 0.95 1.06356 
1.70939 0.384695 17.5134 1.68103 0.494101 0.975 1.06356 
1.70941 0.392637 15.3808 1.6849 0.487166 1 1.06356 
1.72221 0.363231 24.0045 1.686 0.505317 0.9 1.07174 
1.7222 0.370013 21.872 1.68924 0.499356 0.925 1.07174 
1.7222 0.377174 19.7394 1.69267 0.493069 0.95 1.07174 
1.72222 0.384716 17.6069 1.69629 0.486454 0.975 1.07174 
1.72224 0.392636 15.4743 1.7001 0.479512 1 1.07174 
1.73499 0.363294 24.0981 1.70138 0.497477 0.9 1.07992 
1.73499 0.370068 21.9655 1.70458 0.491504 0.925 1.07992 
1.73501 0.377216 19.833 1.70796 0.485206 0.95 1.07992 
1.73504 0.384739 17.7004 1.71153 0.478585 0.975 1.07992 
1.73508 0.392637 15.5679 1.71529 0.471639 1 1.07992 

ZONE I=5, J=5
1.73499 0.363294 24.0656 1.70138 0.497477 0.9 1.07992 
1.73499 0.370068 21.9482 1.70458 0.491504 0.925 1.07992 
1.73501 0.377216 19.8309 1.70796 0.485206 0.95 1.07992 
1.73504 0.384739 17.7135 1.71153 0.478585 0.975 1.07992 
1.73508 0.392637 15.5962 1.71529 0.471639 1 1.07992 
1.74777 0.363369 24.1643 1.71675 0.489412 0.9 1.0881 
1.74778 0.370124 22.0469 1.71989 0.483433 0.925 1.0881 
1.74781 0.377254 19.9296 1.72322 0.477128 0.95 1.0881 
1.74784 0.384758 17.8123 1.72674 0.470498 0.975 1.0881 
1.74789 0.392637 15.6949 1.73044 0.463542 1 1.0881 
1.76052 0.363437 24.263 1.73206 0.481114 0.9 1.09628 
1.76055 0.370181 22.1456 1.73517 0.475128 0.925 1.09628 
1.76059 0.377296 20.0283 1.73846 0.468819 0.95 1.09628 
1.76065 0.384781 17.911 1.74193 0.462188 0.975 1.09628 
1.76072 0.392637 15.7936 1.74559 0.455233 1 1.09628 
1.77324 0.363501 24.3617 1.74733 0.472584 0.9 1.10446 
1.7733 0.37024 22.2444 1.75042 0.466591 0.925 1.10446 
1.77337 0.377343 20.127 1.75368 0.460281 0.95 1.10446 
1.77347 0.384808 18.0097 1.75712 0.453655 0.975 1.10446 
1.77357 0.392637 15.8924 1.76073 0.446711 1 1.10446 
1.78593 0.363562 24.4604 1.76255 0.463821 0.9 1.11265 
1.78603 0.370303 22.3431 1.76562 0.457821 0.925 1.11265 
1.78615 0.377396 20.2257 1.76887 0.451513 0.95 1.11265 
1.78629 0.38484 18.1084 1.77229 0.444898 0.975 1.11265 
1.78645 0.392637 15.9911 1.77588 0.437976 1 1.11265 

ZONE I=5, J=5
1.78593 0.363562 24.2265 1.76255 0.463821 0.9 1.11265 
1.78603 0.370303 22.2178 1.76562 0.457821 0.925 1.11265 
1.78615 0.377396 20.2092 1.76887 0.451513 0.95 1.11265 
1.78629 0.38484 18.2006 1.77229 0.444898 0.975 1.11265 
1.78645 0.392637 16.1919 1.77588 0.437976 1 1.11265 
1.79865 0.363645 24.3319 1.77777 0.454845 0.9 1.12083 
1.79877 0.370368 22.3233 1.78081 0.448847 0.925 1.12083 
1.79891 0.377441 20.3147 1.78402 0.44254 0.95 1.12083 
1.79907 0.384864 18.306 1.78739 0.435925 0.975 1.12083 
1.79925 0.392636 16.2974 1.79093 0.429002 1 1.12083 
1.81128 0.363713 24.4374 1.79289 0.445629 0.9 1.12901 
1.81146 0.370431 22.4287 1.79592 0.439634 0.925 1.12901 
1.81166 0.377491 20.4201 1.79912 0.433337 0.95 1.12901 
1.81188 0.384893 18.4115 1.80248 0.426737 0.975 1.12901 
1.81211 0.392637 16.4028 1.806 0.419835 1 1.12901 
1.82383 0.363769 24.5428 1.80789 0.436172 0.9 1.13719 
1.8241 0.370495 22.5342 1.81096 0.430182 0.925 1.13719 
1.82439 0.377548 20.5256 1.81418 0.423903 0.95 1.13719 
1.8247 0.384929 18.5169 1.81756 0.417334 0.975 1.13719 
1.82502 0.392637 16.5083 1.82109 0.410475 1 1.13719 
1.83631 0.363814 24.6483 1.82277 0.426475 0.9 1.14537 
1.8367 0.370561 22.6397 1.82591 0.420491 0.925 1.14537 
1.83711 0.377614 20.631 1.8292 0.414238 0.95 1.14537 
1.83755 0.384972 18.6224 1.83263 0.407715 0.975 1.14537 
1.838 0.392637 16.6138 1.83621 0.400922 1 1.14537 

ZONE I=5, J=5
1.83631 0.363814 23.9132 1.82277 0.426475 0.9 1.14537 
1.8367 0.370561 22.2507 1.82591 0.420491 0.925 1.14537 
1.83711 0.377614 20.5883 1.8292 0.414238 0.95 1.14537 
1.83755 0.384972 18.9259 1.83263 0.407715 0.975 1.14537 
1.838 0.392637 17.2635 1.83621 0.400922 1 1.14537 
1.84886 0.363886 24.0159 1.83771 0.416575 0.9 1.15355 
1.84935 0.370634 22.3535 1.84089 0.410605 0.925 1.15355 
1.84985 0.377674 20.6911 1.84419 0.404369 0.95 1.15355 
1.85034 0.385009 19.0286 1.84762 0.397866 0.975 1.15355 
1.85085 0.392637 17.3662 1.85117 0.391097 1 1.15355 
1.86126 0.363882 24.1186 1.85243 0.406463 0.9 1.16173 
1.86189 0.37064 22.4562 1.85569 0.400512 0.925 1.16173 
1.86251 0.377686 20.7938 1.85907 0.394296 0.95 1.16173 
1.86313 0.385018 19.1314 1.86255 0.387815 0.975 1.16173 
1.86375 0.392637 17.469 1.86615 0.38107 1 1.16173 
1.87351 0.363806 24.2214 1.86694 0.396137 0.9 1.16991 
1.87431 0.370585 22.559 1.87032 0.390211 0.925 1.16991 
1.87511 0.377649 20.8966 1.87382 0.384019 0.95 1.16991 
1.87591 0.385 19.2341 1.87742 0.377562 0.975 1.16991 
1.8767 0.392637 17.5717 1.88113 0.37084 1 1.16991 
1.88559 0.363664 24.3241 1.88123 0.385599 0.9 1.1781 
1.88662 0.370471 22.6617 1.88478 0.379702 0.925 1.1781 
1.88765 0.377568 20.9993 1.88845 0.373538 0.95 1.1781 
1.88868 0.384957 19.3369 1.89223 0.367106 0.975 1.1781 
1.88971 0.392637 17.6745 1.89612 0.360407 1 1.1781 

ZONE I=5, J=5
1.88559 0.363664 23.0626 1.88123 0.385599 0.9 1.1781 
1.88662 0.370471 21.9733 1.88478 0.379702 0.925 1.1781 
1.88765 0.377568 20.884 1.88845 0.373538 0.95 1.1781 
1.88868 0.384957 19.7947 1.89223 0.367106 0.975 1.1781 
1.88971 0.392637 18.7054 1.89612 0.360407 1 1.1781 
1.89783 0.363318 23.1475 1.89553 0.375106 0.9 1.18628 
1.89889 0.370151 22.0582 1.89908 0.369173 0.925 1.18628 
1.89998 0.377296 20.9689 1.90277 0.362956 0.95 1.18628 
1.90107 0.384753 19.8796 1.90658 0.356454 0.975 1.18628 
1.90218 0.392522 18.7903 1.91052 0.349668 1 1.18628 
1.90987 0.362612 23.2324 1.90948 0.364672 0.9 1.19446 
1.91102 0.369453 22.1431 1.91306 0.358731 0.925 1.19446 
1.91219 0.376612 21.0538 1.91678 0.352503 0.95 1.19446 
1.91339 0.384091 19.9645 1.92064 0.34599 0.975 1.19446 
1.91462 0.391888 18.8752 1.92465 0.339189 1 1.19446 
1.92172 0.361551 23.3173 1.92308 0.354296 0.9 1.20264 
1.92298 0.36838 22.228 1.9267 0.348376 0.925 1.20264 
1.92428 0.37552 21.1387 1.93048 0.342182 0.95 1.20264 
1.92562 0.382973 20.0494 1.93442 0.335713 0.975 1.20264 
1.92702 0.390738 18.96 1.93852 0.328969 1 1.20264 
1.93338 0.360141 23.4022 1.93632 0.343979 0.9 1.21082 
1.93477 0.366937 22.3128 1.94002 0.338109 0.925 1.21082 
1.93623 0.374025 21.2235 1.94388 0.331991 0.95 1.21082 
1.93776 0.381403 20.1342 1.94791 0.325624 0.975 1.21082 
1.93936 0.389073 19.0449 1.95211 0.319009 1 1.21082 

ZONE I=5, J=5
1.93338 0.360141 22.7083 1.93632 0.343979 0.9 1.21082 
1.93477 0.366937 21.9512 1.94002 0.338109 0.925 1.21082 
1.93623 0.374025 21.1941 1.94388 0.331991 0.95 1.21082 
1.93776 0.381403 20.437 1.94791 0.325624 0.975 1.21082 
1.93936 0.389073 19.6799 1.95211 0.319009 1 1.21082 
1.94504 0.358219 22.8177 1.94936 0.333954 0.9 1.219 
1.94657 0.365003 22.0606 1.95313 0.328112 0.925 1.219 
1.94817 0.372048 21.3035 1.95705 0.322049 0.95 1.219 
1.94983 0.379355 20.5464 1.96114 0.315764 0.975 1.219 
1.95157 0.386924 19.7893 1.96538 0.309258 1 1.219 
1.95655 0.355896 22.9272 1.96208 0.324061 0.9 1.22718 
1.95824 0.362643 22.1701 1.96594 0.318277 0.925 1.22718 
1.96001 0.369632 21.413 1.96996 0.312291 0.95 1.22718 
1.96185 0.376864 20.6559 1.97413 0.306102 0.975 1.22718 
1.96376 0.384338 19.8988 1.97845 0.29971 1 1.22718 
1.96791 0.353177 23.0366 1.97449 0.314297 0.9 1.23536 
1.96979 0.359862 22.2795 1.97847 0.308604 0.925 1.23536 
1.97175 0.36678 21.5224 1.9826 0.302718 0.95 1.23536 
1.97379 0.373931 20.7653 1.98688 0.296638 0.975 1.23536 
1.97592 0.381315 20.0082 1.99131 0.290364 1 1.23536 
1.97909 0.350067 23.1461 1.98659 0.304664 0.9 1.24355 
1.9812 0.356663 22.389 1.9907 0.299093 0.925 1.24355 
1.98339 0.363494 21.6319 1.99497 0.29333 0.95 1.24355 
1.98566 0.370558 20.8748 1.9994 0.287372 0.975 1.24355 
1.98803 0.377857 20.1177 2.00398 0.281221 1 1.24355 

ZONE I=5, J=5
1.97909 0.350067 22.9328 1.98659 0.304664 0.9 1.24355 
1.9812 0.356663 22.2736 1.9907 0.299093 0.925 1.24355 
1.98339 0.363494 21.6145 1.99497 0.29333 0.95 1.24355 
1.98566 0.370558 20.9553 1.9994 0.287372 0.975 1.24355 
1.98803 0.377857 20.2961 2.00398 0.281221 1 1.24355 
1.99019 0.346524 23.0373 1.99844 0.295249 0.9 1.25173 
1.99249 0.353055 22.3781 2.00267 0.289769 0.925 1.25173 
1.99488 0.359806 21.7189 2.00706 0.284108 0.95 1.25173 
1.99736 0.366777 21.0597 2.0116 0.278267 0.975 1.25173 
1.99993 0.373968 20.4005 2.0163 0.272245 1 1.25173 
2.00113 0.342605 23.1417 2.01 0.285969 0.9 1.25991 
2.00363 0.349054 22.4825 2.01435 0.280593 0.925 1.25991 
2.00622 0.355714 21.8233 2.01886 0.275045 0.95 1.25991 
2.00891 0.362585 21.1642 2.02352 0.269326 0.975 1.25991 
2.01169 0.369665 20.505 2.02834 0.263436 1 1.25991 
2.01189 0.338314 23.2462 2.02127 0.276823 0.9 1.26809 
2.0146 0.344667 22.587 2.02575 0.271565 0.925 1.26809 
2.0174 0.351224 21.9278 2.03038 0.266141 0.95 1.26809 
2.0203 0.357986 21.2686 2.03516 0.260551 0.975 1.26809 
2.0233 0.364953 20.6094 2.0401 0.254796 1 1.26809 
2.02248 0.333657 23.3506 2.03225 0.267811 0.9 1.27627 
2.02539 0.339896 22.6914 2.03685 0.262685 0.925 1.27627 
2.02841 0.346339 22.0322 2.0416 0.257395 0.95 1.27627 
2.03153 0.352986 21.373 2.04652 0.251941 0.975 1.27627 
2.03476 0.359836 20.7139 2.0516 0.246323 1 1.27627 

ZONE I=5, J=5
2.02248 0.333657 23.3227 2.03225 0.267811 0.9 1.27627 
2.02539 0.339896 22.6764 2.03685 0.262685 0.925 1.27627 
2.02841 0.346339 22.03 2.0416 0.257395 0.95 1.27627 
2.03153 0.352986 21.3836 2.04652 0.251941 0.975 1.27627 
2.03476 0.359836 20.7373 2.0516 0.246323 1 1.27627 
2.03291 0.328622 23.4214 2.04295 0.258954 0.9 1.28445 
2.03602 0.334754 22.775 2.04767 0.253951 0.925 1.28445 
2.03924 0.341081 22.1287 2.05254 0.24879 0.95 1.28445 
2.04257 0.347605 21.4823 2.05758 0.243473 0.975 1.28445 
2.04601 0.354325 20.836 2.06278 0.237999 1 1.28445 
2.04314 0.323238 23.5201 2.05336 0.250219 0.9 1.29263 
2.04645 0.329253 22.8737 2.05819 0.245343 0.925 1.29263 
2.04987 0.335458 22.2274 2.06319 0.240316 0.95 1.29263 
2.0534 0.341853 21.581 2.06834 0.235138 0.975 1.29263 
2.05706 0.348439 20.9347 2.07367 0.229809 1 1.29263 
2.05318 0.317509 23.6188 2.06349 0.241607 0.9 1.30081 
2.05668 0.323398 22.9724 2.06843 0.236862 0.925 1.30081 
2.06029 0.329474 22.3261 2.07354 0.231972 0.95 1.30081 
2.06403 0.335735 21.6797 2.07881 0.226935 0.975 1.30081 
2.0679 0.342181 21.0333 2.08425 0.221752 1 1.30081 
2.06302 0.311439 23.7175 2.07333 0.233116 0.9 1.309 
2.0667 0.317195 23.0711 2.07838 0.228509 0.925 1.309 
2.07051 0.323133 22.4248 2.08359 0.223758 0.95 1.309 
2.07445 0.329254 21.7784 2.08898 0.218865 0.975 1.309 
2.07851 0.335558 21.132 2.09454 0.213829 1 1.309 

ZONE I=5, J=5
2.06302 0.311439 23.7545 2.07333 0.233116 0.9 1.309 
2.0667 0.317195 23.0911 2.07838 0.228509 0.925 1.309 
2.07051 0.323133 22.4277 2.08359 0.223758 0.95 1.309 
2.07445 0.329254 21.7642 2.08898 0.218865 0.975 1.309 
2.07851 0.335558 21.1008 2.09454 0.213829 1 1.309 
2.07263 0.305047 23.8458 2.08287 0.224747 0.9 1.31718 
2.0765 0.310666 23.1824 2.08802 0.220278 0.925 1.31718 
2.08049 0.316462 22.5189 2.09334 0.21567 0.95 1.31718 
2.08462 0.322435 21.8555 2.09884 0.210925 0.975 1.31718 
2.08889 0.328585 21.1921 2.10451 0.206041 1 1.31718 
2.08202 0.298341 23.9371 2.09211 0.216488 0.9 1.32536 
2.08606 0.303818 23.2737 2.09736 0.212156 0.925 1.32536 
2.09024 0.309467 22.6102 2.10279 0.207692 0.95 1.32536 
2.09456 0.315289 21.9468 2.10839 0.203094 0.975 1.32536 
2.09901 0.321282 21.2833 2.11417 0.198364 1 1.32536 
2.09117 0.291326 24.0284 2.10106 0.208337 0.9 1.33354 
2.09538 0.296657 23.3649 2.10641 0.204145 0.925 1.33354 
2.09974 0.302156 22.7015 2.11193 0.199824 0.95 1.33354 
2.10424 0.307822 22.0381 2.11764 0.195374 0.975 1.33354 
2.10888 0.313655 21.3746 2.12352 0.190795 1 1.33354 
2.10009 0.284009 24.1197 2.10972 0.200295 0.9 1.34172 
2.10446 0.289189 23.4562 2.11516 0.196243 0.925 1.34172 
2.10899 0.294533 22.7928 2.12077 0.192066 0.95 1.34172 
2.11366 0.30004 22.1293 2.12657 0.187764 0.975 1.34172 
2.11848 0.30571 21.4659 2.13255 0.183336 1 1.34172 

ZONE I=5, J=5
2.10009 0.284009 24.176 2.10972 0.200295 0.9 1.34172 
2.10446 0.289189 23.4866 2.11516 0.196243 0.925 1.34172 
2.10899 0.294533 22.7971 2.12077 0.192066 0.95 1.34172 
2.11366 0.30004 22.1077 2.12657 0.187764 0.975 1.34172 
2.11848 0.30571 21.4182 2.13255 0.183336 1 1.34172 
2.10875 0.276412 24.2583 2.11807 0.192344 0.9 1.3499 
2.11329 0.281435 23.5689 2.1236 0.188436 0.925 1.3499 
2.11797 0.286616 22.8794 2.12931 0.184408 0.95 1.3499 
2.12281 0.291956 22.19 2.1352 0.180259 0.975 1.3499 
2.12781 0.297453 21.5005 2.14128 0.17599 1 1.3499 
2.11716 0.268536 24.3406 2.12613 0.184482 0.9 1.35808 
2.12185 0.2734 23.6512 2.13174 0.180718 0.925 1.35808 
2.12669 0.278416 22.9617 2.13754 0.176837 0.95 1.35808 
2.1317 0.283586 22.2722 2.14352 0.172841 0.975 1.35808 
2.13686 0.288909 21.5828 2.14969 0.168728 1 1.35808 
2.12531 0.260388 24.4229 2.1339 0.17671 0.9 1.36626 
2.13014 0.26509 23.7334 2.13958 0.173088 0.925 1.36626 
2.13514 0.269939 23.044 2.14546 0.169354 0.95 1.36626 
2.1403 0.274937 22.3545 2.15153 0.165509 0.975 1.36626 
2.14562 0.280082 21.6651 2.15779 0.161552 1 1.36626 
2.1332 0.251974 24.5052 2.14137 0.169027 0.9 1.37445 
2.13817 0.256511 23.8157 2.14713 0.165547 0.925 1.37445 
2.14331 0.261191 23.1263 2.15308 0.161959 0.95 1.37445 
2.14861 0.266014 22.4368 2.15923 0.158264 0.975 1.37445 
2.15409 0.270981 21.7474 2.16557 0.154461 1 1.37445 

ZONE I=5, J=5
2.1332 0.251974 24.5633 2.14137 0.169027 0.9 1.37445 
2.13817 0.256511 23.8471 2.14713 0.165547 0.925 1.37445 
2.14331 0.261191 23.1308 2.15308 0.161959 0.95 1.37445 
2.14861 0.266014 22.4146 2.15923 0.158264 0.975 1.37445 
2.15409 0.270981 21.6983 2.16557 0.154461 1 1.37445 
2.14079 0.243328 24.6352 2.14852 0.161419 0.9 1.38263 
2.1459 0.247694 23.9189 2.15436 0.158086 0.925 1.38263 
2.15118 0.252197 23.2027 2.16039 0.15465 0.95 1.38263 
2.15663 0.256838 22.4864 2.16661 0.151111 0.975 1.38263 
2.16226 0.261617 21.7702 2.17303 0.147468 1 1.38263 
2.14811 0.234447 24.7071 2.15538 0.153887 0.9 1.39081 
2.15335 0.238639 23.9908 2.16128 0.150699 0.925 1.39081 
2.15876 0.242965 23.2745 2.16738 0.147413 0.95 1.39081 
2.16435 0.247422 22.5583 2.17368 0.144028 0.975 1.39081 
2.17011 0.252012 21.842 2.18017 0.140544 1 1.39081 
2.15514 0.225336 24.7789 2.16193 0.146429 0.9 1.39899 
2.1605 0.229355 24.0627 2.1679 0.143386 0.925 1.39899 
2.16604 0.233501 23.3464 2.17407 0.140248 0.95 1.39899 
2.17176 0.237774 22.6301 2.18043 0.137016 0.975 1.39899 
2.17766 0.242174 21.9139 2.187 0.133689 1 1.39899 
2.16188 0.216003 24.8508 2.16819 0.139047 0.9 1.40717 
2.16735 0.219846 24.1345 2.17422 0.136146 0.925 1.40717 
2.17301 0.223812 23.4183 2.18044 0.133155 0.95 1.40717 
2.17885 0.227899 22.702 2.18687 0.130074 0.975 1.40717 
2.18488 0.232107 21.9857 2.1935 0.126903 1 1.40717 

ZONE I=5, J=5
2.16188 0.216003 24.9034 2.16819 0.139047 0.9 1.40717 
2.16735 0.219846 24.1629 2.17422 0.136146 0.925 1.40717 
2.17301 0.223812 23.4223 2.18044 0.133155 0.95 1.40717 
2.17885 0.227899 22.6818 2.18687 0.130074 0.975 1.40717 
2.18488 0.232107 21.9413 2.1935 0.126903 1 1.40717 
2.16831 0.206474 24.9637 2.17414 0.131719 0.9 1.41535 
2.1739 0.210136 24.2232 2.18022 0.128965 0.925 1.41535 
2.17967 0.213914 23.4826 2.18651 0.126127 0.95 1.41535 
2.18563 0.217809 22.7421 2.193 0.123202 0.975 1.41535 
2.19178 0.221819 22.0015 2.19969 0.120192 1 1.41535 
2.17445 0.196748 25.024 2.17978 0.124448 0.9 1.42353 
2.18014 0.200228 24.2835 2.18592 0.121841 0.925 1.42353 
2.18602 0.203818 23.5429 2.19226 0.119152 0.95 1.42353 
2.19209 0.207519 22.8024 2.19881 0.116383 0.975 1.42353 
2.19836 0.21133 22.0618 2.20557 0.113533 1 1.42353 
2.18028 0.186832 25.0843 2.18513 0.117234 0.9 1.43171 
2.18607 0.190129 24.3438 2.19131 0.114772 0.925 1.43171 
2.19205 0.19353 23.6032 2.19771 0.112233 0.95 1.43171 
2.19823 0.197036 22.8627 2.20431 0.109617 0.975 1.43171 
2.2046 0.200647 22.1221 2.21113 0.106924 1 1.43171 
2.1858 0.176731 25.1446 2.19017 0.110078 0.9 1.4399 
2.19168 0.179844 24.404 2.19641 0.107759 0.925 1.4399 
2.19776 0.183057 23.6635 2.20285 0.105367 0.95 1.4399 
2.20403 0.186368 22.923 2.2095 0.102903 0.975 1.4399 
2.2105 0.189778 22.1824 2.21636 0.100367 1 1.4399 

ZONE I=5, J=5
2.1858 0.176731 25.1887 2.19017 0.110078 0.9 1.4399 
2.19168 0.179844 24.4278 2.19641 0.107759 0.925 1.4399 
2.19776 0.183057 23.667 2.20285 0.105367 0.95 1.4399 
2.20403 0.186368 22.9061 2.2095 0.102903 0.975 1.4399 
2.2105 0.189778 22.1452 2.21636 0.100367 1 1.4399 
2.191 0.166482 25.2365 2.1949 0.102967 0.9 1.44808 
2.19697 0.169406 24.4756 2.20118 0.100795 0.925 1.44808 
2.20313 0.172424 23.7147 2.20767 0.0985552 0.95 1.44808 
2.2095 0.175534 22.9539 2.21437 0.0962476 0.975 1.44808 
2.21607 0.178738 22.193 2.22128 0.0938723 1 1.44808 
2.19588 0.15608 25.2843 2.19933 0.0959009 0.9 1.45626 
2.20193 0.158815 24.5234 2.20565 0.0938749 0.925 1.45626 
2.20818 0.161637 23.7625 2.21218 0.0917856 0.95 1.45626 
2.21463 0.164547 23.0017 2.21893 0.089633 0.975 1.45626 
2.22129 0.167543 22.2408 2.22589 0.0874171 1 1.45626 
2.20044 0.145532 25.3321 2.20345 0.0888797 0.9 1.46444 
2.20656 0.148078 24.5712 2.20981 0.0869983 0.925 1.46444 
2.21289 0.150705 23.8103 2.21638 0.0850581 0.95 1.46444 
2.21942 0.153413 23.0495 2.22317 0.083059 0.975 1.46444 
2.22617 0.156202 22.2886 2.23017 0.0810012 1 1.46444 
2.20467 0.134845 25.3799 2.20727 0.0819032 0.9 1.47262 
2.21086 0.137202 24.619 2.21367 0.0801651 0.925 1.47262 
2.21726 0.139633 23.8581 2.22027 0.0783726 0.95 1.47262 
2.22387 0.14214 23.0973 2.2271 0.0765258 0.975 1.47262 
2.23069 0.144721 22.3364 2.23413 0.0746246 1 1.47262 

ZONE I=5, J=5
2.20467 0.134845 25.4138 2.20727 0.0819032 0.9 1.47262 
2.21086 0.137202 24.6373 2.21367 0.0801651 0.925 1.47262 
2.21726 0.139633 23.8608 2.22027 0.0783726 0.95 1.47262 
2.22387 0.14214 23.0843 2.2271 0.0765258 0.975 1.47262 
2.23069 0.144721 22.3078 2.23413 0.0746246 1 1.47262 
2.20858 0.124044 25.4484 2.21079 0.0749563 0.9 1.4808 
2.21483 0.126206 24.6719 2.21721 0.0733648 0.925 1.4808 
2.2213 0.128438 23.8954 2.22385 0.0717234 0.95 1.4808 
2.22797 0.130739 23.1189 2.23071 0.0700323 0.975 1.4808 
2.23486 0.133108 22.3424 2.23778 0.0682912 1 1.4808 
2.21215 0.113128 25.483 2.21399 0.0680385 0.9 1.48898 
2.21846 0.115096 24.7065 2.22045 0.0665926 0.925 1.48898 
2.22499 0.117128 23.93 2.22712 0.0651014 0.95 1.48898 
2.23173 0.119222 23.1535 2.23401 0.0635649 0.975 1.48898 
2.23868 0.121379 22.377 2.24111 0.061983 1 1.48898 
2.21539 0.102104 25.5176 2.2169 0.06115 0.9 1.49716 
2.22176 0.103879 24.7411 2.22338 0.0598487 0.925 1.49716 
2.22834 0.10571 23.9646 2.23008 0.0585065 0.95 1.49716 
2.23513 0.107598 23.1881 2.23699 0.0571236 0.975 1.49716 
2.24214 0.109542 22.4116 2.24412 0.0556999 1 1.49716 
2.2183 0.09098 25.5522 2.2195 0.0542905 0.9 1.50535 
2.22471 0.0925606 24.7757 2.226 0.0531328 0.925 1.50535 
2.23134 0.0941916 23.9992 2.23272 0.0519388 0.95 1.50535 
2.23818 0.0958731 23.2227 2.23966 0.0507085 0.975 1.50535 
2.24524 0.0976052 22.4462 2.24682 0.0494418 1 1.50535 

ZONE I=5, J=5
2.2183 0.09098 25.5752 2.2195 0.0542905 0.9 1.50535 
2.22471 0.0925606 24.7881 2.226 0.0531328 0.925 1.50535 
2.23134 0.0941916 24.001 2.23272 0.0519388 0.95 1.50535 
2.23818 0.0958731 23.2139 2.23966 0.0507085 0.975 1.50535 
2.24524 0.0976052 22.4268 2.24682 0.0494418 1 1.50535 
2.22086 0.0797873 25.5962 2.22179 0.0474547 0.9 1.51353 
2.22732 0.081171 24.8091 2.22831 0.0464427 0.925 1.51353 
2.23399 0.0825989 24.022 2.23506 0.045399 0.95 1.51353 
2.24088 0.0840711 23.2349 2.24202 0.0443235 0.975 1.51353 
2.24799 0.0855875 22.4478 2.2492 0.0432163 1 1.51353 
2.22309 0.0685248 25.6171 2.22378 0.0406373 0.9 1.52171 
2.22958 0.0697115 24.83 2.23032 0.0397705 0.925 1.52171 
2.23629 0.0709363 24.0429 2.23708 0.0388764 0.95 1.52171 
2.24322 0.072199 23.2558 2.24406 0.0379551 0.975 1.52171 
2.25036 0.0734998 22.4687 2.25126 0.0370065 1 1.52171 
2.22498 0.0571998 25.6381 2.22546 0.0338384 0.9 1.52989 
2.2315 0.0581897 24.851 2.23201 0.033116 0.925 1.52989 
2.23824 0.0592113 24.0639 2.23879 0.0323709 0.95 1.52989 
2.2452 0.0602646 23.2768 2.24579 0.031603 0.975 1.52989 
2.25238 0.0613496 22.4897 2.253 0.0308125 1 1.52989 
2.22653 0.0458197 25.6591 2.22683 0.0270579 0.9 1.53807 
2.23307 0.0466129 24.872 2.2334 0.0264792 0.925 1.53807 
2.23984 0.0474315 24.0849 2.24019 0.0258825 0.95 1.53807 
2.24682 0.0482755 23.2978 2.2472 0.0252675 0.975 1.53807 
2.25403 0.0491448 22.5106 2.25443 0.0246343 1 1.53807 

ZONE I=5, J=5
2.22653 0.0458197 25.6707 2.22683 0.0270579 0.9 1.53807 
2.23307 0.0466129 24.8782 2.2334 0.0264792 0.925 1.53807 
2.23984 0.0474315 24.0858 2.24019 0.0258825 0.95 1.53807 
2.24682 0.0482755 23.2933 2.2472 0.0252675 0.975 1.53807 
2.25403 0.0491448 22.5009 2.25443 0.0246343 1 1.53807 
2.22773 0.0344029 25.6777 2.2279 0.0202873 0.9 1.54625 
2.23429 0.0349979 24.8852 2.23448 0.0198536 0.925 1.54625 
2.24108 0.0356119 24.0928 2.24128 0.0194063 0.95 1.54625 
2.24809 0.036245 23.3003 2.2483 0.0189454 0.975 1.54625 
2.25531 0.0368972 22.5079 2.25554 0.0184708 1 1.54625 
2.22859 0.0229544 25.6847 2.22867 0.0135208 0.9 1.55443 
2.23517 0.0233511 24.8922 2.23525 0.0132319 0.925 1.55443 
2.24197 0.0237604 24.0998 2.24206 0.0129339 0.95 1.55443 
2.24899 0.0241825 23.3073 2.24908 0.0126268 0.975 1.55443 
2.25623 0.0246173 22.5149 2.25633 0.0123106 1 1.55443 
2.22911 0.0114816 25.6917 2.22913 0.0067584 0.9 1.56261 
2.23569 0.0116799 24.8992 2.23571 0.00661402 0.925 1.56261 
2.2425 0.0118845 24.1068 2.24252 0.0064651 0.95 1.56261 
2.24953 0.0120955 23.3143 2.24955 0.00631163 0.975 1.56261 
2.25678 0.0123129 22.5219 2.25681 0.00615362 1 1.56261 
2.22928 -8.1886e-06 25.6987 2.22928 0 0.9 1.5708 
2.23587 -8.2128e-06 24.9062 2.23587 0 0.925 1.5708 
2.24268 -8.23782e-06 24.1138 2.24268 0 0.95 1.5708 
2.24971 -8.26365e-06 23.3213 2.24971 0 0.975 1.5708 
2.25696 -8.29029e-06 22.5289 2.25696 0 1 1.5708 

