ZONE I=5, J=5
0 0.356714 18.1295 0.356714 0 0.9 0 
0 0.364446 16.4212 0.364446 0 0.925 0 
0 0.37262 14.7129 0.37262 0 0.95 0 
0 0.381235 13.0046 0.381235 0 0.975 0 
0 0.390293 11.2963 0.390293 0 1 0 
0.0134212 0.356714 18.131 0.356812 0.0105024 0.9 0.00818126 
0.0134207 0.364446 16.4227 0.364544 0.0104387 0.925 0.00818126 
0.0134204 0.37262 14.7143 0.372717 0.0103715 0.95 0.00818126 
0.0134202 0.381236 13.006 0.381333 0.0103008 0.975 0.00818126 
0.0134201 0.390293 11.2977 0.39039 0.0102266 1 0.00818126 
0.0268395 0.356715 18.1324 0.357107 0.0209994 0.9 0.0163625 
0.0268386 0.364447 16.4241 0.364837 0.020872 0.925 0.0163625 
0.0268379 0.372621 14.7158 0.37301 0.0207376 0.95 0.0163625 
0.0268374 0.381236 13.0075 0.381624 0.0205961 0.975 0.0163625 
0.0268372 0.390293 11.2992 0.39068 0.0204477 1 0.0163625 
0.0402575 0.356717 18.1338 0.357598 0.0314911 0.9 0.0245437 
0.0402561 0.364448 16.4255 0.365326 0.0312999 0.925 0.0245437 
0.040255 0.372621 14.7172 0.373497 0.0310983 0.95 0.0245437 
0.0402542 0.381236 13.0089 0.382109 0.030886 0.975 0.0245437 
0.0402537 0.390293 11.3006 0.391163 0.0306633 1 0.0245437 
0.0536776 0.356719 18.1353 0.358285 0.0419774 0.9 0.0327249 
0.0536757 0.36445 16.427 0.366011 0.0417225 0.925 0.0327249 
0.0536741 0.372622 14.7187 0.374179 0.0414536 0.95 0.0327249 
0.053673 0.381237 13.0103 0.382789 0.0411705 0.975 0.0327249 
0.0536721 0.390293 11.302 0.39184 0.0408734 1 0.0327249 

ZONE I=5, J=5
0.0536776 0.356719 18.1375 0.358285 0.0419774 0.9 0.0327249 
0.0536757 0.36445 16.4283 0.366011 0.0417225 0.925 0.0327249 
0.0536741 0.372622 14.7191 0.374179 0.0414536 0.95 0.0327249 
0.053673 0.381237 13.0099 0.382789 0.0411705 0.975 0.0327249 
0.0536721 0.390293 11.3007 0.39184 0.0408734 1 0.0327249 
0.067098 0.356722 18.1409 0.359168 0.0524538 0.9 0.0409062 
0.0670957 0.364452 16.4317 0.366891 0.0521354 0.925 0.0409062 
0.0670939 0.372624 14.7225 0.375056 0.0517994 0.95 0.0409062 
0.0670927 0.381238 13.0133 0.383663 0.0514459 0.975 0.0409062 
0.0670919 0.390293 11.3041 0.39271 0.0510748 1 0.0409062 
0.0805157 0.356726 18.1444 0.360247 0.062915 0.9 0.0490874 
0.080513 0.364455 16.4351 0.367967 0.062533 0.925 0.0490874 
0.0805109 0.372626 14.7259 0.376128 0.06213 0.95 0.0490874 
0.0805094 0.381239 13.0167 0.38473 0.0617059 0.975 0.0490874 
0.0805085 0.390293 11.3075 0.393773 0.0612607 1 0.0490874 
0.0939333 0.35673 18.1478 0.361521 0.073361 0.9 0.0572686 
0.09393 0.364458 16.4386 0.369237 0.0729154 0.925 0.0572686 
0.0939274 0.372628 14.7294 0.377393 0.0724452 0.95 0.0572686 
0.0939256 0.38124 13.0202 0.385991 0.0719505 0.975 0.0572686 
0.0939244 0.390293 11.311 0.395029 0.0714311 1 0.0572686 
0.107353 0.356734 18.1512 0.362992 0.0837918 0.9 0.0654498 
0.107349 0.364462 16.442 0.370702 0.0832826 0.925 0.0654498 
0.107346 0.37263 14.7328 0.378853 0.0827451 0.95 0.0654498 
0.107344 0.381241 13.0236 0.387445 0.0821796 0.975 0.0654498 
0.107342 0.390293 11.3144 0.396478 0.0815859 1 0.0654498 

ZONE I=5, J=5
0.107353 0.356734 18.1555 0.362992 0.0837918 0.9 0.0654498 
0.107349 0.364462 16.4445 0.370702 0.0832826 0.925 0.0654498 
0.107346 0.37263 14.7335 0.378853 0.0827451 0.95 0.0654498 
0.107344 0.381241 13.0226 0.387445 0.0821796 0.975 0.0654498 
0.107342 0.390293 11.3116 0.396478 0.0815859 1 0.0654498 
0.120772 0.35674 18.1614 0.364658 0.0942015 0.9 0.0736311 
0.120768 0.364466 16.4504 0.372363 0.0936291 0.925 0.073631 
0.120765 0.372633 14.7394 0.380508 0.093025 0.95 0.0736311 
0.120763 0.381242 13.0284 0.389093 0.0923894 0.975 0.0736311 
0.120761 0.390293 11.3174 0.398119 0.0917222 1 0.0736311 
0.134189 0.356746 18.1672 0.366518 0.104586 0.9 0.0818123 
0.134184 0.36447 16.4563 0.374217 0.10395 0.925 0.0818123 
0.134181 0.372636 14.7453 0.382355 0.10328 0.95 0.0818123 
0.134178 0.381244 13.0343 0.390934 0.102574 0.975 0.0818123 
0.134177 0.390293 11.3233 0.399953 0.101833 1 0.0818123 
0.147605 0.356752 18.1731 0.368574 0.114946 0.9 0.0899936 
0.1476 0.364475 16.4621 0.376266 0.114247 0.925 0.0899936 
0.147596 0.37264 14.7511 0.384397 0.113509 0.95 0.0899936 
0.147593 0.381246 13.0401 0.392967 0.112732 0.975 0.0899935 
0.147591 0.390293 11.3292 0.401978 0.111918 1 0.0899936 
0.161024 0.356759 18.179 0.370825 0.12528 0.9 0.0981748 
0.161018 0.364481 16.468 0.378508 0.124518 0.925 0.0981748 
0.161014 0.372644 14.757 0.386631 0.123713 0.95 0.0981748 
0.16101 0.381248 13.046 0.395194 0.122866 0.975 0.0981748 
0.161007 0.390293 11.335 0.404195 0.121977 1 0.0981748 

ZONE I=5, J=5
0.161024 0.356759 18.1851 0.370825 0.12528 0.9 0.0981748 
0.161018 0.364481 16.4714 0.378508 0.124518 0.925 0.0981748 
0.161014 0.372644 14.7577 0.386631 0.123713 0.95 0.0981748 
0.16101 0.381248 13.0441 0.395194 0.122866 0.975 0.0981748 
0.161007 0.390293 11.3304 0.404195 0.121977 1 0.0981748 
0.174441 0.356767 18.1933 0.373269 0.135582 0.9 0.106356 
0.174435 0.364487 16.4797 0.380945 0.134757 0.925 0.106356 
0.17443 0.372648 14.766 0.389059 0.133886 0.95 0.106356 
0.174427 0.38125 13.0524 0.397612 0.13297 0.975 0.106356 
0.174425 0.390293 11.3387 0.406604 0.132007 1 0.106356 
0.187855 0.356776 18.2016 0.375907 0.14585 0.9 0.114537 
0.187849 0.364493 16.488 0.383574 0.144961 0.925 0.114537 
0.187844 0.372652 14.7743 0.391679 0.144024 0.95 0.114537 
0.187841 0.381252 13.0606 0.400222 0.143038 0.975 0.114537 
0.187839 0.390293 11.347 0.409203 0.142003 1 0.114537 
0.20127 0.356785 18.2099 0.378739 0.156082 0.9 0.122718 
0.201263 0.3645 16.4962 0.386396 0.155131 0.925 0.122718 
0.201258 0.372657 14.7826 0.394491 0.154127 0.95 0.122718 
0.201254 0.381254 13.0689 0.403023 0.153071 0.975 0.122718 
0.201252 0.390293 11.3553 0.411993 0.151962 1 0.122718 
0.214688 0.356794 18.2182 0.381764 0.16628 0.9 0.1309 
0.21468 0.364508 16.5045 0.389411 0.165266 0.925 0.1309 
0.214674 0.372662 14.7909 0.397494 0.164195 0.95 0.1309 
0.214669 0.381257 13.0772 0.406015 0.163069 0.975 0.1309 
0.214666 0.390293 11.3636 0.414974 0.161886 1 0.1309 

ZONE I=5, J=5
0.214688 0.356794 18.2261 0.381764 0.16628 0.9 0.1309 
0.21468 0.364508 16.5089 0.389411 0.165266 0.925 0.1309 
0.214674 0.372662 14.7917 0.397494 0.164195 0.95 0.1309 
0.214669 0.381257 13.0745 0.406015 0.163069 0.975 0.1309 
0.214666 0.390293 11.3572 0.414974 0.161886 1 0.1309 
0.228102 0.356805 18.2368 0.384982 0.176435 0.9 0.139081 
0.228094 0.364516 16.5196 0.392617 0.175358 0.925 0.139081 
0.228088 0.372668 14.8024 0.40069 0.174222 0.95 0.139081 
0.228084 0.38126 13.0852 0.409198 0.173026 0.975 0.139081 
0.228081 0.390293 11.3679 0.418144 0.171771 1 0.139081 
0.241514 0.356816 18.2475 0.388391 0.186544 0.9 0.147262 
0.241506 0.364524 16.5303 0.396015 0.185405 0.925 0.147262 
0.2415 0.372673 14.8131 0.404075 0.184204 0.95 0.147262 
0.241495 0.381263 13.0959 0.412571 0.182939 0.975 0.147262 
0.241493 0.390293 11.3786 0.421503 0.181611 1 0.147262 
0.254927 0.356827 18.2582 0.391992 0.19661 0.9 0.155443 
0.254918 0.364533 16.541 0.399604 0.195408 0.925 0.155443 
0.254911 0.372679 14.8238 0.407651 0.19414 0.95 0.155443 
0.254906 0.381266 13.1066 0.416133 0.192806 0.975 0.155443 
0.254903 0.390293 11.3893 0.425051 0.191405 1 0.155443 
0.268342 0.356839 18.2689 0.395785 0.20663 0.9 0.163625 
0.268333 0.364542 16.5517 0.403383 0.205366 0.925 0.163625 
0.268325 0.372686 14.8345 0.411417 0.204032 0.95 0.163625 
0.268319 0.381269 13.1173 0.419885 0.202628 0.975 0.163625 
0.268315 0.390293 11.4 0.428787 0.201154 1 0.163625 

ZONE I=5, J=5
0.268342 0.356839 18.2788 0.395785 0.20663 0.9 0.163625 
0.268333 0.364542 16.5571 0.403383 0.205366 0.925 0.163625 
0.268325 0.372686 14.8354 0.411417 0.204032 0.95 0.163625 
0.268319 0.381269 13.1137 0.419885 0.202628 0.975 0.163625 
0.268315 0.390293 11.392 0.428787 0.201154 1 0.163625 
0.281753 0.356852 18.2919 0.399767 0.216597 0.9 0.171806 
0.281744 0.364552 16.5702 0.407353 0.215271 0.925 0.171806 
0.281736 0.372693 14.8485 0.415372 0.213872 0.95 0.171806 
0.281731 0.381273 13.1268 0.423825 0.2124 0.975 0.171806 
0.281727 0.390293 11.4051 0.432712 0.210854 1 0.171806 
0.295162 0.356865 18.305 0.40394 0.226509 0.9 0.179987 
0.295152 0.364563 16.5833 0.411511 0.225122 0.925 0.179987 
0.295145 0.372699 14.8616 0.419515 0.223657 0.95 0.179987 
0.295139 0.381276 13.1399 0.427952 0.222117 0.975 0.179987 
0.295136 0.390293 11.4183 0.436823 0.2205 1 0.179987 
0.308572 0.356879 18.3181 0.408301 0.236367 0.9 0.188168 
0.308561 0.364573 16.5965 0.415857 0.234918 0.925 0.188168 
0.308553 0.372707 14.8748 0.423846 0.233388 0.95 0.188168 
0.308547 0.38128 13.1531 0.432267 0.231778 0.975 0.188168 
0.308543 0.390293 11.4314 0.44112 0.230089 1 0.188168 
0.321984 0.356894 18.3313 0.412852 0.246171 0.9 0.19635 
0.321973 0.364584 16.6096 0.420393 0.244659 0.925 0.19635 
0.321963 0.372714 14.8879 0.428365 0.243064 0.95 0.19635 
0.321956 0.381284 13.1662 0.436768 0.241385 0.975 0.19635 
0.321951 0.390293 11.4445 0.445603 0.239622 1 0.19635 

ZONE I=5, J=5
0.321984 0.356894 18.343 0.412852 0.246171 0.9 0.19635 
0.321973 0.364584 16.616 0.420393 0.244659 0.925 0.19635 
0.321963 0.372714 14.8889 0.428365 0.243064 0.95 0.19635 
0.321956 0.381284 13.1618 0.436768 0.241385 0.975 0.19635 
0.321951 0.390293 11.4348 0.445603 0.239622 1 0.19635 
0.335392 0.356909 18.3586 0.417591 0.25591 0.9 0.204531 
0.33538 0.364596 16.6315 0.425115 0.254337 0.925 0.204531 
0.335371 0.372723 14.9045 0.43307 0.252678 0.95 0.204531 
0.335365 0.381288 13.1774 0.441456 0.250932 0.975 0.204531 
0.335361 0.390293 11.4503 0.450272 0.249099 1 0.204531 
0.348797 0.356925 18.3742 0.422516 0.265585 0.9 0.212712 
0.348785 0.364608 16.6471 0.430023 0.263951 0.925 0.212712 
0.348776 0.372731 14.92 0.437961 0.262228 0.95 0.212712 
0.34877 0.381292 13.193 0.446328 0.260414 0.975 0.212712 
0.348766 0.390293 11.4659 0.455125 0.25851 1 0.212712 
0.362202 0.356941 18.3897 0.427627 0.275195 0.9 0.220893 
0.36219 0.364621 16.6627 0.435118 0.2735 0.925 0.220893 
0.36218 0.372739 14.9356 0.443037 0.271712 0.95 0.220893 
0.362173 0.381297 13.2085 0.451384 0.269831 0.975 0.220893 
0.362169 0.390293 11.4815 0.460161 0.267855 1 0.220893 
0.37561 0.356958 18.4053 0.432925 0.284741 0.9 0.229074 
0.375596 0.364634 16.6782 0.440398 0.282985 0.925 0.229074 
0.375586 0.372748 14.9512 0.448297 0.281132 0.95 0.229074 
0.375577 0.381301 13.2241 0.456625 0.279182 0.975 0.229074 
0.375571 0.390293 11.497 0.465381 0.277134 1 0.229074 

ZONE I=5, J=5
0.37561 0.356958 18.419 0.432925 0.284741 0.9 0.229074 
0.375596 0.364634 16.6856 0.440398 0.282985 0.925 0.229074 
0.375586 0.372748 14.9523 0.448297 0.281132 0.95 0.229074 
0.375577 0.381301 13.2189 0.456625 0.279182 0.975 0.229074 
0.375571 0.390293 11.4856 0.465381 0.277134 1 0.229074 
0.389014 0.356976 18.437 0.438408 0.294214 0.9 0.237256 
0.389001 0.364648 16.7037 0.445862 0.292398 0.925 0.237256 
0.388991 0.372758 14.9703 0.453742 0.290482 0.95 0.237256 
0.388983 0.381306 13.237 0.46205 0.288466 0.975 0.237256 
0.388979 0.390293 11.5036 0.470784 0.286349 1 0.237256 
0.402415 0.356994 18.455 0.444075 0.303613 0.9 0.245437 
0.402402 0.364662 16.7217 0.451509 0.301737 0.925 0.245437 
0.402392 0.372767 14.9883 0.459369 0.299757 0.95 0.245437 
0.402384 0.381311 13.255 0.467655 0.297674 0.975 0.245437 
0.40238 0.390293 11.5216 0.476367 0.295488 1 0.245437 
0.415816 0.357013 18.473 0.449924 0.312938 0.9 0.253618 
0.415802 0.364676 16.7397 0.457339 0.311001 0.925 0.253618 
0.415791 0.372777 15.0063 0.465178 0.308958 0.95 0.253618 
0.415783 0.381316 13.273 0.473441 0.306808 0.975 0.253618 
0.415778 0.390293 11.5397 0.48213 0.30455 1 0.253618 
0.42922 0.357032 18.4911 0.455957 0.322188 0.9 0.261799 
0.429205 0.364691 16.7577 0.463351 0.320191 0.925 0.261799 
0.429192 0.372787 15.0244 0.471168 0.318083 0.95 0.261799 
0.429183 0.381321 13.291 0.479409 0.315865 0.975 0.261799 
0.429176 0.390293 11.5577 0.488073 0.313537 1 0.261799 

ZONE I=5, J=5
0.42922 0.357032 18.5067 0.455957 0.322188 0.9 0.261799 
0.429205 0.364691 16.7662 0.463351 0.320191 0.925 0.261799 
0.429192 0.372787 15.0256 0.471168 0.318083 0.95 0.261799 
0.429183 0.381321 13.2851 0.479409 0.315865 0.975 0.261799 
0.429176 0.390293 11.5445 0.488073 0.313537 1 0.261799 
0.442619 0.357053 18.5272 0.462171 0.331355 0.9 0.269981 
0.442604 0.364707 16.7867 0.469544 0.329299 0.925 0.269981 
0.442592 0.372798 15.0461 0.477339 0.32713 0.95 0.269981 
0.442584 0.381327 13.3056 0.485557 0.324847 0.975 0.269981 
0.442579 0.390293 11.565 0.494197 0.322451 1 0.269981 
0.456015 0.357073 18.5477 0.468565 0.340438 0.9 0.278162 
0.456 0.364722 16.8072 0.475916 0.338324 0.925 0.278162 
0.455989 0.372809 15.0666 0.483688 0.336092 0.95 0.278162 
0.45598 0.381332 13.3261 0.491882 0.333744 0.975 0.278162 
0.455975 0.390293 11.5855 0.500496 0.331278 1 0.278162 
0.469411 0.357094 18.5682 0.475138 0.349438 0.9 0.286343 
0.469395 0.364739 16.8277 0.482467 0.347264 0.925 0.286343 
0.469383 0.37282 15.0871 0.490215 0.34497 0.95 0.286343 
0.469374 0.381338 13.3466 0.498384 0.342555 0.975 0.286343 
0.469368 0.390293 11.606 0.506973 0.34002 1 0.286343 
0.48281 0.357116 18.5887 0.481891 0.358355 0.9 0.294524 
0.482792 0.364755 16.8482 0.489196 0.356121 0.925 0.294524 
0.482779 0.372831 15.1076 0.49692 0.353763 0.95 0.294524 
0.482768 0.381344 13.367 0.505063 0.351282 0.975 0.294524 
0.48276 0.390293 11.6265 0.513625 0.348677 1 0.294524 

ZONE I=5, J=5
0.48281 0.357116 18.6064 0.481891 0.358355 0.9 0.294524 
0.482792 0.364755 16.8577 0.489196 0.356121 0.925 0.294524 
0.482779 0.372831 15.109 0.49692 0.353763 0.95 0.294524 
0.482768 0.381344 13.3603 0.505063 0.351282 0.975 0.294524 
0.48276 0.390293 11.6116 0.513625 0.348677 1 0.294524 
0.496203 0.357139 18.6294 0.488821 0.367178 0.9 0.302706 
0.496186 0.364773 16.8807 0.496103 0.364886 0.925 0.302706 
0.496173 0.372843 15.132 0.503803 0.362468 0.95 0.302706 
0.496164 0.38135 13.3833 0.51192 0.359923 0.975 0.302706 
0.496158 0.390293 11.6346 0.520455 0.357251 1 0.302706 
0.509593 0.357162 18.6524 0.495926 0.375908 0.9 0.310887 
0.509577 0.364791 16.9037 0.503185 0.373558 0.925 0.310887 
0.509564 0.372855 15.155 0.510859 0.371079 0.95 0.310887 
0.509555 0.381356 13.4063 0.518949 0.36847 0.975 0.310887 
0.509549 0.390293 11.6576 0.527456 0.365731 1 0.310887 
0.522984 0.357185 18.6754 0.503208 0.384545 0.9 0.319068 
0.522966 0.364808 16.9267 0.510441 0.382137 0.925 0.319068 
0.522953 0.372868 15.178 0.518089 0.379596 0.95 0.319068 
0.522942 0.381362 13.4293 0.526152 0.376922 0.975 0.319068 
0.522936 0.390293 11.6806 0.53463 0.374115 1 0.319068 
0.536377 0.357209 18.6984 0.510665 0.39309 0.9 0.327249 
0.536357 0.364827 16.9497 0.517872 0.390623 0.925 0.327249 
0.536342 0.37288 15.201 0.525493 0.38802 0.95 0.327249 
0.53633 0.381369 13.4523 0.533527 0.38528 0.975 0.327249 
0.536322 0.390293 11.7036 0.541975 0.382404 1 0.327249 

ZONE I=5, J=5
0.536377 0.357209 18.7181 0.510665 0.39309 0.9 0.327249 
0.536357 0.364827 16.9603 0.517872 0.390623 0.925 0.327249 
0.536342 0.37288 15.2025 0.525493 0.38802 0.95 0.327249 
0.53633 0.381369 13.4447 0.533527 0.38528 0.975 0.327249 
0.536322 0.390293 11.687 0.541975 0.382404 1 0.327249 
0.549763 0.357234 18.7436 0.518294 0.401531 0.9 0.335431 
0.549745 0.364846 16.9858 0.525476 0.399008 0.925 0.335431 
0.54973 0.372894 15.228 0.53307 0.396346 0.95 0.335431 
0.54972 0.381376 13.4703 0.541076 0.393544 0.975 0.335431 
0.549714 0.390293 11.7125 0.549494 0.390602 1 0.335431 
0.563147 0.357259 18.7691 0.526094 0.409871 0.9 0.343612 
0.563129 0.364866 17.0113 0.53325 0.407291 0.925 0.343612 
0.563115 0.372907 15.2535 0.540816 0.404568 0.95 0.343612 
0.563104 0.381383 13.4958 0.548793 0.401704 0.975 0.343612 
0.563098 0.390293 11.738 0.55718 0.398696 1 0.343612 
0.576531 0.357285 18.7946 0.534066 0.418108 0.9 0.351793 
0.576512 0.364885 17.0368 0.541194 0.415471 0.925 0.351793 
0.576497 0.37292 15.2791 0.548731 0.412688 0.95 0.351793 
0.576486 0.381389 13.5213 0.556678 0.40976 0.975 0.351793 
0.576479 0.390293 11.7635 0.565034 0.406685 1 0.351793 
0.589917 0.357312 18.8201 0.542208 0.426244 0.9 0.359974 
0.589896 0.364906 17.0624 0.549309 0.423549 0.925 0.359974 
0.589879 0.372934 15.3046 0.556816 0.420706 0.95 0.359974 
0.589866 0.381397 13.5468 0.564732 0.417713 0.975 0.359974 
0.589857 0.390293 11.789 0.573055 0.41457 1 0.359974 

ZONE I=5, J=5
0.589917 0.357312 18.8419 0.542208 0.426244 0.9 0.359974 
0.589896 0.364906 17.0741 0.549309 0.423549 0.925 0.359974 
0.589879 0.372934 15.3063 0.556816 0.420706 0.95 0.359974 
0.589866 0.381397 13.5385 0.564732 0.417713 0.975 0.359974 
0.589857 0.390293 11.7706 0.573055 0.41457 1 0.359974 
0.603297 0.357339 18.87 0.550518 0.434267 0.9 0.368156 
0.603277 0.364927 17.1021 0.557591 0.431517 0.925 0.368156 
0.603261 0.372949 15.3343 0.565069 0.428616 0.95 0.368156 
0.603249 0.381404 13.5665 0.572954 0.425562 0.975 0.368156 
0.603242 0.390293 11.7987 0.581245 0.422356 1 0.368156 
0.616673 0.357366 18.898 0.558994 0.442179 0.9 0.376337 
0.616653 0.364948 17.1302 0.566038 0.439374 0.925 0.376337 
0.616638 0.372963 15.3624 0.573487 0.436414 0.95 0.376337 
0.616627 0.381411 13.5946 0.58134 0.433298 0.975 0.376337 
0.61662 0.390293 11.8268 0.589597 0.430028 1 0.376337 
0.63005 0.357394 18.9261 0.567637 0.44998 0.9 0.384518 
0.630029 0.36497 17.1583 0.574651 0.447119 0.925 0.384518 
0.630013 0.372978 15.3905 0.582068 0.4441 0.95 0.384518 
0.630001 0.381419 13.6227 0.589888 0.440923 0.975 0.384518 
0.629993 0.390293 11.8548 0.598112 0.437587 1 0.384518 
0.643429 0.357423 18.9542 0.576445 0.457671 0.9 0.392699 
0.643406 0.364992 17.1864 0.583429 0.454753 0.925 0.392699 
0.643388 0.372993 15.4185 0.590814 0.451675 0.95 0.392699 
0.643374 0.381427 13.6507 0.598601 0.448434 0.975 0.392699 
0.643364 0.390293 11.8829 0.606788 0.445032 1 0.392699 

ZONE I=5, J=5
0.643429 0.357423 18.978 0.576445 0.457671 0.9 0.392699 
0.643406 0.364992 17.1992 0.583429 0.454753 0.925 0.392699 
0.643388 0.372993 15.4204 0.590814 0.451675 0.95 0.392699 
0.643374 0.381427 13.6416 0.598601 0.448434 0.975 0.392699 
0.643364 0.390293 11.8628 0.606788 0.445032 1 0.392699 
0.6568 0.357453 19.0087 0.585416 0.465239 0.9 0.400881 
0.656778 0.365015 17.2299 0.59237 0.462268 0.925 0.400881 
0.656761 0.373009 15.451 0.599723 0.459133 0.95 0.400881 
0.656749 0.381435 13.6722 0.607477 0.455833 0.975 0.400881 
0.656741 0.390293 11.8934 0.61563 0.452369 1 0.400881 
0.670169 0.357482 19.0393 0.594547 0.472688 0.9 0.409062 
0.670147 0.365037 17.2605 0.60147 0.469663 0.925 0.409062 
0.67013 0.373024 15.4817 0.608791 0.466471 0.95 0.409062 
0.670118 0.381443 13.7029 0.61651 0.463111 0.975 0.409062 
0.670111 0.390293 11.9241 0.624628 0.459584 1 0.409062 
0.683537 0.357512 19.07 0.603839 0.480017 0.9 0.417243 
0.683514 0.365061 17.2912 0.61073 0.476938 0.925 0.417243 
0.683497 0.37304 15.5124 0.618018 0.473688 0.95 0.417243 
0.683484 0.381451 13.7335 0.625702 0.470268 0.975 0.417243 
0.683476 0.390293 11.9547 0.633782 0.466677 1 0.417243 
0.696908 0.357544 19.1006 0.613292 0.487227 0.9 0.425424 
0.696883 0.365084 17.3218 0.620151 0.484093 0.925 0.425424 
0.696863 0.373056 15.543 0.627404 0.480785 0.95 0.425424 
0.696848 0.381459 13.7642 0.635052 0.477303 0.975 0.425424 
0.696837 0.390293 11.9854 0.643093 0.473647 1 0.425424 

ZONE I=5, J=5
0.696908 0.357544 19.1266 0.613292 0.487227 0.9 0.425424 
0.696883 0.365084 17.3358 0.620151 0.484093 0.925 0.425424 
0.696863 0.373056 15.545 0.627404 0.480785 0.95 0.425424 
0.696848 0.381459 13.7542 0.635052 0.477303 0.975 0.425424 
0.696837 0.390293 11.9634 0.643093 0.473647 1 0.425424 
0.710269 0.357575 19.1599 0.6229 0.494305 0.9 0.433605 
0.710246 0.365109 17.3691 0.629727 0.491119 0.925 0.433605 
0.710227 0.373073 15.5783 0.636946 0.487756 0.95 0.433605 
0.710214 0.381468 13.7875 0.644558 0.484217 0.975 0.433605 
0.710205 0.390293 11.9967 0.652564 0.480501 1 0.433605 
0.723628 0.357607 19.1932 0.632664 0.501256 0.9 0.441786 
0.723605 0.365134 17.4024 0.639458 0.498017 0.925 0.441786 
0.723587 0.37309 15.6116 0.646642 0.494598 0.95 0.441786 
0.723574 0.381476 13.8208 0.654218 0.491001 0.975 0.441786 
0.723566 0.390293 12.03 0.662185 0.487225 1 0.441786 
0.736988 0.35764 19.2264 0.642583 0.508079 0.9 0.449967 
0.736964 0.365158 17.4356 0.649343 0.504787 0.925 0.449967 
0.736945 0.373107 15.6448 0.656492 0.501312 0.95 0.449967 
0.736931 0.381485 13.854 0.66403 0.497656 0.975 0.449967 
0.736922 0.390293 12.0632 0.671957 0.493817 1 0.449967 
0.750351 0.357673 19.2597 0.652659 0.514774 0.9 0.458149 
0.750325 0.365184 17.4689 0.659384 0.511429 0.925 0.458149 
0.750303 0.373124 15.6781 0.666496 0.507898 0.95 0.458149 
0.750287 0.381494 13.8873 0.673995 0.504181 0.975 0.458149 
0.750275 0.390293 12.0965 0.681881 0.500279 1 0.458149 

ZONE I=5, J=5
0.750351 0.357673 19.2878 0.652659 0.514774 0.9 0.458149 
0.750325 0.365184 17.4841 0.659384 0.511429 0.925 0.458149 
0.750303 0.373124 15.6803 0.666496 0.507898 0.95 0.458149 
0.750287 0.381494 13.8765 0.673995 0.504181 0.975 0.458149 
0.750275 0.390293 12.0727 0.681881 0.500279 1 0.458149 
0.763702 0.357707 19.3238 0.662881 0.521328 0.9 0.46633 
0.763677 0.36521 17.52 0.669572 0.517932 0.925 0.46633 
0.763657 0.373142 15.7162 0.676649 0.514348 0.95 0.46633 
0.763643 0.381503 13.9124 0.684111 0.510576 0.975 0.46633 
0.763634 0.390293 12.1087 0.691958 0.506616 1 0.46633 
0.777051 0.357741 19.3597 0.673254 0.527747 0.9 0.474511 
0.777026 0.365236 17.5559 0.67991 0.5243 0.925 0.474511 
0.777007 0.37316 15.7522 0.686949 0.520662 0.95 0.474511 
0.776993 0.381512 13.9484 0.694373 0.516834 0.975 0.474511 
0.776985 0.390293 12.1446 0.702179 0.512815 1 0.474511 
0.790401 0.357775 19.3957 0.683776 0.534029 0.9 0.482692 
0.790375 0.365263 17.5919 0.690396 0.530531 0.925 0.482692 
0.790355 0.373178 15.7881 0.697398 0.526839 0.95 0.482692 
0.79034 0.381522 13.9843 0.704781 0.522953 0.975 0.482692 
0.790331 0.390293 12.1805 0.712546 0.518874 1 0.482692 
0.803754 0.357811 19.4316 0.694448 0.540177 0.9 0.490874 
0.803726 0.36529 17.6278 0.701031 0.536626 0.925 0.490874 
0.803703 0.373197 15.824 0.707994 0.532879 0.95 0.490874 
0.803686 0.381531 14.0203 0.715335 0.528935 0.975 0.490874 
0.803673 0.390293 12.2165 0.723057 0.524794 1 0.490874 

ZONE I=5, J=5
0.803754 0.357811 19.4619 0.694448 0.540177 0.9 0.490874 
0.803726 0.36529 17.6441 0.701031 0.536626 0.925 0.490874 
0.803703 0.373197 15.8264 0.707994 0.532879 0.95 0.490874 
0.803686 0.381531 14.0086 0.715335 0.528935 0.975 0.490874 
0.803673 0.390293 12.1908 0.723057 0.524794 1 0.490874 
0.817094 0.357847 19.5006 0.70526 0.546174 0.9 0.499055 
0.817068 0.365318 17.6828 0.711807 0.542575 0.925 0.499055 
0.817047 0.373216 15.865 0.718732 0.538776 0.95 0.499055 
0.817032 0.381541 14.0472 0.726035 0.534779 0.975 0.499055 
0.817022 0.390293 12.2295 0.733715 0.530581 1 0.499055 
0.830433 0.357883 19.5392 0.716216 0.552027 0.9 0.507236 
0.830406 0.365346 17.7214 0.722726 0.548379 0.925 0.507236 
0.830386 0.373235 15.9037 0.729612 0.544529 0.95 0.507236 
0.830371 0.381551 14.0859 0.736874 0.540476 0.975 0.507236 
0.830362 0.390293 12.2681 0.744511 0.536222 1 0.507236 
0.843771 0.35792 19.5779 0.727315 0.557737 0.9 0.515417 
0.843744 0.365374 17.7601 0.733787 0.554039 0.925 0.515417 
0.843723 0.373254 15.9423 0.740633 0.550136 0.95 0.515417 
0.843707 0.38156 14.1245 0.747852 0.546028 0.975 0.515417 
0.843697 0.390293 12.3068 0.755445 0.541715 1 0.515417 
0.857113 0.357957 19.6165 0.738557 0.563303 0.9 0.523599 
0.857084 0.365403 17.7987 0.74499 0.559555 0.925 0.523599 
0.85706 0.373274 15.981 0.751795 0.555598 0.95 0.523599 
0.857041 0.381571 14.1632 0.758971 0.551434 0.975 0.523599 
0.857028 0.390293 12.3454 0.766518 0.547061 1 0.523599 

ZONE I=5, J=5
0.857113 0.357957 19.6491 0.738557 0.563303 0.9 0.523599 
0.857084 0.365403 17.8162 0.74499 0.559555 0.925 0.523599 
0.85706 0.373274 15.9834 0.751795 0.555598 0.95 0.523599 
0.857041 0.381571 14.1506 0.758971 0.551434 0.975 0.523599 
0.857028 0.390293 12.3178 0.766518 0.547061 1 0.523599 
0.870442 0.357995 19.6905 0.749932 0.568711 0.9 0.53178 
0.870414 0.365432 17.8576 0.756328 0.564916 0.925 0.53178 
0.870392 0.373294 16.0248 0.763093 0.56091 0.95 0.53178 
0.870376 0.381581 14.192 0.770227 0.556694 0.975 0.53178 
0.870366 0.390293 12.3592 0.777731 0.552268 1 0.53178 
0.883768 0.358033 19.7319 0.761443 0.573968 0.9 0.539961 
0.883741 0.365462 17.8991 0.7678 0.570125 0.925 0.539961 
0.883719 0.373314 16.0662 0.774525 0.566069 0.95 0.539961 
0.883704 0.381591 14.2334 0.781616 0.561801 0.975 0.539961 
0.883694 0.390293 12.4006 0.789075 0.557319 1 0.539961 
0.897095 0.358072 19.7733 0.773091 0.579073 0.9 0.548142 
0.897066 0.365491 17.9405 0.779408 0.575182 0.925 0.548142 
0.897044 0.373334 16.1076 0.786091 0.571076 0.95 0.548142 
0.897027 0.381602 14.2748 0.793138 0.566754 0.975 0.548142 
0.897017 0.390293 12.442 0.80055 0.562216 1 0.548142 
0.910425 0.358112 19.8147 0.784875 0.584027 0.9 0.556324 
0.910394 0.365522 17.9819 0.791152 0.580088 0.925 0.556324 
0.910369 0.373355 16.149 0.797791 0.57593 0.95 0.556324 
0.910349 0.381612 14.3162 0.804792 0.571553 0.975 0.556324 
0.910335 0.390293 12.4834 0.812156 0.566957 1 0.556324 

ZONE I=5, J=5
0.910425 0.358112 19.8495 0.784875 0.584027 0.9 0.556324 
0.910394 0.365522 18.0006 0.791152 0.580088 0.925 0.556324 
0.910369 0.373355 16.1517 0.797791 0.57593 0.95 0.556324 
0.910349 0.381612 14.3028 0.804792 0.571553 0.975 0.556324 
0.910335 0.390293 12.4539 0.812156 0.566957 1 0.556324 
0.923741 0.358152 19.8937 0.796785 0.588815 0.9 0.564505 
0.923711 0.365553 18.0448 0.803022 0.584831 0.925 0.564505 
0.923688 0.373377 16.1959 0.80962 0.580625 0.95 0.564505 
0.923671 0.381624 14.347 0.816578 0.576199 0.975 0.564505 
0.92366 0.390293 12.4981 0.823897 0.571552 1 0.564505 
0.937054 0.358192 19.9379 0.808824 0.593445 0.9 0.572686 
0.937025 0.365584 18.089 0.81502 0.589415 0.925 0.572686 
0.937002 0.373398 16.2401 0.821575 0.585161 0.95 0.572686 
0.936986 0.381634 14.3912 0.828489 0.580684 0.975 0.572686 
0.936976 0.390293 12.5423 0.83576 0.575984 1 0.572686 
0.950368 0.358233 19.9821 0.820992 0.597915 0.9 0.580867 
0.950338 0.365615 18.1332 0.827146 0.593839 0.925 0.580867 
0.950314 0.373419 16.2843 0.833657 0.589537 0.95 0.580867 
0.950296 0.381645 14.4354 0.840525 0.585008 0.975 0.580867 
0.950285 0.390293 12.5865 0.847748 0.580253 1 0.580867 
0.963685 0.358274 20.0263 0.833289 0.602228 0.9 0.589049 
0.963652 0.365647 18.1774 0.839401 0.598105 0.925 0.589049 
0.963625 0.373441 16.3285 0.845867 0.593752 0.95 0.589049 
0.963605 0.381656 14.4796 0.852686 0.589171 0.975 0.589049 
0.96359 0.390293 12.6307 0.859859 0.58436 1 0.589049 

ZONE I=5, J=5
0.963685 0.358274 20.0634 0.833289 0.602228 0.9 0.589049 
0.963652 0.365647 18.1974 0.839401 0.598105 0.925 0.589049 
0.963625 0.373441 16.3313 0.845867 0.593752 0.95 0.589049 
0.963605 0.381656 14.4653 0.852686 0.589171 0.975 0.589049 
0.96359 0.390293 12.5993 0.859859 0.58436 1 0.589049 
0.976986 0.358316 20.1105 0.845703 0.606366 0.9 0.59723 
0.976955 0.365679 18.2444 0.851774 0.6022 0.925 0.59723 
0.976931 0.373463 16.3784 0.858197 0.597802 0.95 0.59723 
0.976913 0.381668 14.5124 0.864971 0.593174 0.975 0.59723 
0.976902 0.390293 12.6463 0.872097 0.588314 1 0.59723 
0.990286 0.358358 20.1575 0.858238 0.610339 0.9 0.605411 
0.990255 0.365712 18.2915 0.864267 0.606129 0.925 0.605411 
0.990231 0.373485 16.4255 0.870646 0.601685 0.95 0.605411 
0.990214 0.381679 14.5594 0.877373 0.597008 0.975 0.605411 
0.990204 0.390293 12.6934 0.884451 0.592097 1 0.605411 
1.00359 0.358401 20.2046 0.870896 0.614146 0.9 0.613592 
1.00355 0.365744 18.3385 0.876881 0.609891 0.925 0.613592 
1.00353 0.373508 16.4725 0.883214 0.605401 0.95 0.613592 
1.00351 0.38169 14.6065 0.889894 0.600674 0.975 0.613592 
1.0035 0.390293 12.7404 0.89692 0.595711 1 0.613592 
1.01689 0.358444 20.2516 0.883675 0.617787 0.9 0.621774 
1.01685 0.365778 18.3856 0.889616 0.613488 0.925 0.621774 
1.01683 0.37353 16.5196 0.895901 0.60895 0.95 0.621774 
1.0168 0.381702 14.6535 0.902531 0.604172 0.975 0.621774 
1.01679 0.390293 12.7875 0.909505 0.599155 1 0.621774 

ZONE I=5, J=5
1.01689 0.358444 20.2912 0.883675 0.617787 0.9 0.621774 
1.01685 0.365778 18.4069 0.889616 0.613488 0.925 0.621774 
1.01683 0.37353 16.5226 0.895901 0.60895 0.95 0.621774 
1.0168 0.381702 14.6383 0.902531 0.604172 0.975 0.621774 
1.01679 0.390293 12.754 0.909505 0.599155 1 0.621774 
1.03017 0.358489 20.3411 0.896562 0.621248 0.9 0.629955 
1.03014 0.365812 18.4568 0.902461 0.616907 0.925 0.629955 
1.03012 0.373554 16.5725 0.908702 0.612326 0.95 0.629955 
1.0301 0.381714 14.6883 0.915285 0.607503 0.975 0.629955 
1.03009 0.390293 12.804 0.92221 0.60244 1 0.629955 
1.04346 0.358532 20.3911 0.909563 0.624536 0.9 0.638136 
1.04343 0.365846 18.5068 0.915418 0.620154 0.925 0.638136 
1.0434 0.373577 16.6225 0.921613 0.615528 0.95 0.638136 
1.04338 0.381726 14.7382 0.928148 0.610659 0.975 0.638136 
1.04337 0.390293 12.8539 0.935022 0.605547 1 0.638136 
1.05674 0.358577 20.4411 0.922677 0.627651 0.9 0.646317 
1.05671 0.36588 18.5568 0.928487 0.623227 0.925 0.646317 
1.05668 0.3736 16.6725 0.934635 0.618556 0.95 0.646317 
1.05666 0.381738 14.7882 0.94112 0.61364 0.975 0.646317 
1.05665 0.390293 12.9039 0.947942 0.608478 1 0.646317 
1.07003 0.358622 20.491 0.935905 0.630595 0.9 0.654498 
1.06999 0.365915 18.6067 0.941669 0.626127 0.925 0.654498 
1.06996 0.373624 16.7224 0.947767 0.621411 0.95 0.654498 
1.06994 0.38175 14.8382 0.9542 0.616446 0.975 0.654498 
1.06992 0.390293 12.9539 0.960968 0.611232 1 0.654498 

ZONE I=5, J=5
1.07003 0.358622 20.533 0.935905 0.630595 0.9 0.654498 
1.06999 0.365915 18.6293 0.941669 0.626127 0.925 0.654498 
1.06996 0.373624 16.7256 0.947767 0.621411 0.95 0.654498 
1.06994 0.38175 14.822 0.9542 0.616446 0.975 0.654498 
1.06992 0.390293 12.9183 0.960968 0.611232 1 0.654498 
1.0833 0.358668 20.5859 0.949234 0.63335 0.9 0.66268 
1.08326 0.36595 18.6822 0.954954 0.628844 0.925 0.66268 
1.08324 0.373649 16.7786 0.961007 0.624086 0.95 0.66268 
1.08322 0.381763 14.8749 0.967391 0.619079 0.975 0.66268 
1.08321 0.390293 12.9713 0.974109 0.613821 1 0.66268 
1.09657 0.358714 20.6388 0.962668 0.635927 0.9 0.670861 
1.09653 0.365985 18.7352 0.968343 0.631381 0.925 0.670861 
1.09651 0.373672 16.8315 0.974348 0.626582 0.95 0.670861 
1.09649 0.381775 14.9279 0.980683 0.62153 0.975 0.670861 
1.09648 0.390293 13.0242 0.987348 0.616226 1 0.670861 
1.10983 0.35876 20.6918 0.976206 0.638325 0.9 0.679042 
1.1098 0.366021 18.7881 0.981835 0.633738 0.925 0.679042 
1.10977 0.373697 16.8845 0.987791 0.628897 0.95 0.679042 
1.10975 0.381787 14.9808 0.994074 0.6238 0.975 0.679042 
1.10974 0.390293 13.0772 1.00068 0.618448 1 0.679042 
1.1231 0.358807 20.7447 0.989849 0.640544 0.9 0.687223 
1.12306 0.366057 18.8411 0.99543 0.635917 0.925 0.687223 
1.12303 0.373721 16.9374 1.00134 0.631031 0.95 0.687223 
1.12301 0.3818 15.0338 1.00757 0.625888 0.975 0.687223 
1.12299 0.390293 13.1301 1.01412 0.620487 1 0.687223 

ZONE I=5, J=5
1.1231 0.358807 20.7891 0.989849 0.640544 0.9 0.687223 
1.12306 0.366057 18.865 0.99543 0.635917 0.925 0.687223 
1.12303 0.373721 16.9408 1.00134 0.631031 0.95 0.687223 
1.12301 0.3818 15.0166 1.00757 0.625888 0.975 0.687223 
1.12299 0.390293 13.0925 1.01412 0.620487 1 0.687223 
1.13635 0.358855 20.8451 1.00358 0.64257 0.9 0.695405 
1.13632 0.366094 18.9209 1.00912 0.637905 0.925 0.695405 
1.13629 0.373747 16.9968 1.01498 0.632981 0.95 0.695405 
1.13627 0.381813 15.0726 1.02116 0.627797 0.975 0.695405 
1.13626 0.390293 13.1485 1.02766 0.622354 1 0.695405 
1.1496 0.358902 20.9011 1.01742 0.64441 0.9 0.703586 
1.14957 0.366131 18.9769 1.02291 0.639708 0.925 0.703586 
1.14954 0.373772 17.0528 1.02872 0.634744 0.95 0.703586 
1.14952 0.381826 15.1286 1.03484 0.629518 0.975 0.703586 
1.14951 0.390293 13.2044 1.04129 0.624031 1 0.703586 
1.16285 0.35895 20.9571 1.03134 0.646066 0.9 0.711767 
1.16282 0.366167 19.0329 1.03679 0.641325 0.925 0.711767 
1.16279 0.373797 17.1087 1.04254 0.63632 0.95 0.711767 
1.16277 0.381838 15.1846 1.04862 0.631052 0.975 0.711767 
1.16275 0.390293 13.2604 1.05501 0.62552 1 0.711767 
1.1761 0.358999 21.013 1.04537 0.647537 0.9 0.719948 
1.17606 0.366205 19.0889 1.05076 0.642757 0.925 0.719948 
1.17603 0.373823 17.1647 1.05647 0.637711 0.95 0.719948 
1.17601 0.381852 15.2406 1.06249 0.632398 0.975 0.719948 
1.17599 0.390293 13.3164 1.06882 0.626819 1 0.719948 

ZONE I=5, J=5
1.1761 0.358999 21.06 1.04537 0.647537 0.9 0.719948 
1.17606 0.366205 19.1141 1.05076 0.642757 0.925 0.719948 
1.17603 0.373823 17.1683 1.05647 0.637711 0.95 0.719948 
1.17601 0.381852 15.2225 1.06249 0.632398 0.975 0.719948 
1.17599 0.390293 13.2766 1.06882 0.626819 1 0.719948 
1.18934 0.359049 21.1191 1.05948 0.648808 0.9 0.72813 
1.1893 0.366243 19.1732 1.06482 0.643993 0.925 0.72813 
1.18927 0.373849 17.2274 1.07048 0.63891 0.95 0.72813 
1.18925 0.381866 15.2815 1.07645 0.63356 0.975 0.72813 
1.18924 0.390293 13.3357 1.08273 0.627941 1 0.72813 
1.20257 0.359098 21.1781 1.07367 0.649888 0.9 0.736311 
1.20253 0.366281 19.2323 1.07897 0.645038 0.925 0.736311 
1.2025 0.373875 17.2865 1.08458 0.639918 0.95 0.736311 
1.20248 0.381879 15.3406 1.09049 0.634528 0.975 0.736311 
1.20247 0.390293 13.3948 1.09672 0.628868 1 0.736311 
1.2158 0.359148 21.2372 1.08795 0.650778 0.9 0.744492 
1.21576 0.366319 19.2914 1.0932 0.645892 0.925 0.744492 
1.21573 0.3739 17.3456 1.09876 0.640733 0.95 0.744492 
1.21571 0.381892 15.3997 1.10462 0.635302 0.975 0.744492 
1.2157 0.390293 13.4539 1.11079 0.6296 1 0.744492 
1.22903 0.359198 21.2963 1.10232 0.651478 0.9 0.752673 
1.22899 0.366358 19.3505 1.10752 0.646555 0.925 0.752673 
1.22895 0.373927 17.4046 1.11302 0.641357 0.95 0.752673 
1.22893 0.381905 15.4588 1.11883 0.635884 0.975 0.752673 
1.22891 0.390293 13.513 1.12493 0.630137 1 0.752673 

ZONE I=5, J=5
1.22903 0.359198 21.3458 1.10232 0.651478 0.9 0.752673 
1.22899 0.366358 19.3771 1.10752 0.646555 0.925 0.752673 
1.22895 0.373927 17.4084 1.11302 0.641357 0.95 0.752673 
1.22893 0.381905 15.4397 1.11883 0.635884 0.975 0.752673 
1.22891 0.390293 13.471 1.12493 0.630137 1 0.752673 
1.24224 0.359249 21.4081 1.11676 0.651972 0.9 0.760855 
1.2422 0.366398 19.4394 1.12191 0.647016 0.925 0.760855 
1.24217 0.373954 17.4707 1.12736 0.641784 0.95 0.760855 
1.24215 0.38192 15.502 1.13312 0.636275 0.975 0.760855 
1.24214 0.390293 13.5333 1.13917 0.630491 1 0.760855 
1.25545 0.3593 21.4704 1.13128 0.652271 0.9 0.769036 
1.25541 0.366437 19.5017 1.13638 0.647281 0.925 0.769036 
1.25538 0.373981 17.5329 1.14178 0.642014 0.95 0.769036 
1.25536 0.381933 15.5642 1.14748 0.636468 0.975 0.769036 
1.25535 0.390293 13.5955 1.15348 0.630645 1 0.769036 
1.26866 0.359351 21.5326 1.14588 0.652373 0.9 0.777217 
1.26862 0.366476 19.5639 1.15093 0.64735 0.925 0.777217 
1.26859 0.374008 17.5952 1.15628 0.642046 0.95 0.777217 
1.26857 0.381947 15.6265 1.16192 0.636463 0.975 0.777217 
1.26855 0.390293 13.6578 1.16786 0.630599 1 0.777217 
1.28187 0.359403 21.5949 1.16055 0.652281 0.9 0.785398 
1.28183 0.366516 19.6262 1.16555 0.647222 0.925 0.785398 
1.28179 0.374035 17.6575 1.17085 0.641881 0.95 0.785398 
1.28177 0.381961 15.6888 1.17643 0.636258 0.975 0.785398 
1.28175 0.390293 13.7201 1.18231 0.630353 1 0.785398 

ZONE I=5, J=5
1.28187 0.359403 21.6471 1.16055 0.652281 0.9 0.785398 
1.28183 0.366516 19.6543 1.16555 0.647222 0.925 0.785398 
1.28179 0.374035 17.6615 1.17085 0.641881 0.95 0.785398 
1.28177 0.381961 15.6687 1.17643 0.636258 0.975 0.785398 
1.28175 0.390293 13.6759 1.18231 0.630353 1 0.785398 
1.29506 0.359456 21.7126 1.17529 0.651977 0.9 0.79358 
1.29502 0.366557 19.7198 1.18024 0.646888 0.925 0.79358 
1.29499 0.374063 17.727 1.18549 0.641515 0.95 0.79358 
1.29497 0.381976 15.7342 1.19102 0.635859 0.975 0.79358 
1.29495 0.390293 13.7414 1.19684 0.629919 1 0.79358 
1.30825 0.359509 21.7781 1.1901 0.651473 0.9 0.801761 
1.30821 0.366597 19.7853 1.195 0.646353 0.925 0.801761 
1.30818 0.374091 17.7925 1.20019 0.640947 0.95 0.801761 
1.30816 0.381989 15.7997 1.20567 0.635256 0.975 0.801761 
1.30814 0.390293 13.8069 1.21143 0.62928 1 0.801761 
1.32143 0.359561 21.8436 1.20497 0.650768 0.9 0.809942 
1.32139 0.366637 19.8508 1.20983 0.645616 0.925 0.809942 
1.32136 0.374118 17.858 1.21496 0.640177 0.95 0.809942 
1.32134 0.382003 15.8652 1.22038 0.63445 0.975 0.809942 
1.32132 0.390292 13.8724 1.22609 0.628436 1 0.809942 
1.33462 0.359615 21.9092 1.21992 0.649864 0.9 0.818123 
1.33457 0.366679 19.9164 1.22472 0.644679 0.925 0.818123 
1.33454 0.374147 17.9236 1.2298 0.639205 0.95 0.818123 
1.33451 0.382018 15.9307 1.23516 0.633441 0.975 0.818123 
1.33449 0.390293 13.9379 1.2408 0.627388 1 0.818123 

ZONE I=5, J=5
1.33462 0.359615 21.9641 1.21992 0.649864 0.9 0.818123 
1.33457 0.366679 19.9459 1.22472 0.644679 0.925 0.818123 
1.33454 0.374147 17.9278 1.2298 0.639205 0.95 0.818123 
1.33451 0.382018 15.9096 1.23516 0.633441 0.975 0.818123 
1.33449 0.390293 13.8915 1.2408 0.627388 1 0.818123 
1.34778 0.359669 22.0329 1.23491 0.648743 0.9 0.826305 
1.34774 0.366721 20.0148 1.23966 0.64353 0.925 0.826305 
1.34771 0.374175 17.9966 1.24469 0.638026 0.95 0.826305 
1.34769 0.382033 15.9785 1.25 0.632232 0.975 0.826305 
1.34767 0.390294 13.9603 1.25558 0.626146 1 0.826305 
1.36095 0.359723 22.1018 1.24997 0.647418 0.9 0.834486 
1.36091 0.366762 20.0836 1.25467 0.642176 0.925 0.834486 
1.36088 0.374204 18.0655 1.25964 0.636642 0.95 0.834486 
1.36085 0.382047 16.0473 1.26489 0.630815 0.975 0.834486 
1.36084 0.390293 14.0292 1.27042 0.624696 1 0.834486 
1.37411 0.359777 22.1706 1.26508 0.645888 0.9 0.842667 
1.37407 0.366804 20.1525 1.26973 0.640616 0.925 0.842667 
1.37403 0.374232 18.1343 1.27465 0.63505 0.95 0.842667 
1.37401 0.382061 16.1162 1.27984 0.62919 0.975 0.842667 
1.374 0.390292 14.098 1.28531 0.623036 1 0.842667 
1.38727 0.359832 22.2395 1.28026 0.644153 0.9 0.850848 
1.38722 0.366846 20.2213 1.28485 0.638851 0.925 0.850848 
1.38719 0.374261 18.2032 1.28971 0.633253 0.95 0.850848 
1.38716 0.382077 16.1851 1.29484 0.627358 0.975 0.850848 
1.38714 0.390293 14.1669 1.30025 0.621167 1 0.850848 

ZONE I=5, J=5
1.38727 0.359832 22.2972 1.28026 0.644153 0.9 0.850848 
1.38722 0.366846 20.2524 1.28485 0.638851 0.925 0.850848 
1.38719 0.374261 18.2076 1.28971 0.633253 0.95 0.850848 
1.38716 0.382077 16.1629 1.29484 0.627358 0.975 0.850848 
1.38714 0.390293 14.1181 1.30025 0.621167 1 0.850848 
1.40041 0.359888 22.3694 1.29547 0.642199 0.9 0.859029 
1.40037 0.366889 20.3247 1.30001 0.636871 0.925 0.859029 
1.40034 0.374291 18.2799 1.30482 0.631245 0.95 0.859029 
1.40031 0.382092 16.2351 1.3099 0.625322 0.975 0.859029 
1.4003 0.390294 14.1904 1.31524 0.619102 1 0.859029 
1.41354 0.359943 22.4417 1.31073 0.640036 0.9 0.86721 
1.4135 0.366932 20.397 1.31522 0.634681 0.925 0.86721 
1.41347 0.37432 18.3522 1.31998 0.629027 0.95 0.86721 
1.41345 0.382107 16.3074 1.325 0.623074 0.975 0.86721 
1.41344 0.390293 14.2627 1.33029 0.616823 1 0.86721 
1.42668 0.359999 22.514 1.32605 0.637663 0.9 0.875391 
1.42664 0.366974 20.4692 1.33048 0.632281 0.925 0.875391 
1.42661 0.374349 18.4245 1.33518 0.626598 0.95 0.875391 
1.42658 0.382121 16.3797 1.34014 0.620615 0.975 0.875391 
1.42656 0.390292 14.3349 1.34537 0.61433 1 0.875391 
1.43982 0.360055 22.5863 1.34141 0.635083 0.9 0.883573 
1.43977 0.367018 20.5415 1.34579 0.629672 0.925 0.883573 
1.43973 0.374378 18.4968 1.35043 0.623959 0.95 0.883573 
1.4397 0.382137 16.452 1.35533 0.617943 0.975 0.883573 
1.43968 0.390293 14.4072 1.36049 0.611625 1 0.883573 

ZONE I=5, J=5
1.43982 0.360055 22.6467 1.34141 0.635083 0.9 0.883573 
1.43977 0.367018 20.5741 1.34579 0.629672 0.925 0.883573 
1.43973 0.374378 18.5014 1.35043 0.623959 0.95 0.883573 
1.4397 0.382137 16.4288 1.35533 0.617943 0.975 0.883573 
1.43968 0.390293 14.3561 1.36049 0.611625 1 0.883573 
1.45293 0.360113 22.7225 1.3568 0.632278 0.9 0.891754 
1.45289 0.367062 20.6499 1.36113 0.626844 0.925 0.891754 
1.45285 0.374409 18.5772 1.36572 0.621106 0.95 0.891754 
1.45283 0.382153 16.5046 1.37056 0.615065 0.975 0.891754 
1.45281 0.390294 14.4319 1.37566 0.608719 1 0.891754 
1.46604 0.360169 22.7983 1.37223 0.629262 0.9 0.899935 
1.466 0.367106 20.7257 1.37651 0.623803 0.925 0.899935 
1.46596 0.374438 18.653 1.38104 0.618039 0.95 0.899935 
1.46594 0.382168 16.5804 1.38583 0.611971 0.975 0.899935 
1.46593 0.390293 14.5077 1.39087 0.605597 1 0.899935 
1.47914 0.360226 22.8741 1.3877 0.626033 0.9 0.908116 
1.4791 0.367149 20.8015 1.39193 0.620549 0.925 0.908116 
1.47907 0.374468 18.7288 1.3964 0.614759 0.95 0.908116 
1.47904 0.382182 16.6562 1.40113 0.608662 0.975 0.908116 
1.47903 0.390292 14.5835 1.4061 0.602258 1 0.908116 
1.49225 0.360284 22.9499 1.40321 0.622592 0.9 0.916298 
1.4922 0.367194 20.8773 1.40738 0.617082 0.925 0.916298 
1.49217 0.374499 18.8046 1.4118 0.611264 0.95 0.916298 
1.49214 0.382198 16.732 1.41646 0.605137 0.975 0.916298 
1.49212 0.390293 14.6593 1.42137 0.598702 1 0.916298 

ZONE I=5, J=5
1.49225 0.360284 23.013 1.40321 0.622592 0.9 0.916298 
1.4922 0.367194 20.9113 1.40738 0.617082 0.925 0.916298 
1.49217 0.374499 18.8095 1.4118 0.611264 0.95 0.916298 
1.49214 0.382198 16.7077 1.41646 0.605137 0.975 0.916298 
1.49212 0.390293 14.606 1.42137 0.598702 1 0.916298 
1.50533 0.360342 23.0925 1.41873 0.618924 0.9 0.924479 
1.50529 0.367239 20.9907 1.42285 0.613393 0.925 0.924479 
1.50526 0.37453 18.8889 1.42722 0.607552 0.95 0.924479 
1.50523 0.382215 16.7872 1.43183 0.601402 0.975 0.924479 
1.50521 0.390294 14.6854 1.43668 0.594943 1 0.924479 
1.51841 0.3604 23.1719 1.43429 0.615041 0.9 0.93266 
1.51837 0.367284 21.0701 1.43836 0.609488 0.925 0.93266 
1.51834 0.37456 18.9684 1.44266 0.603623 0.95 0.93266 
1.51831 0.38223 16.8666 1.44721 0.597449 0.975 0.93266 
1.5183 0.390293 14.7648 1.45201 0.590964 1 0.93266 
1.53149 0.360458 23.2513 1.44987 0.610943 0.9 0.940841 
1.53145 0.367328 21.1495 1.45389 0.605366 0.925 0.940841 
1.53141 0.37459 19.0478 1.45814 0.599478 0.95 0.940841 
1.53139 0.382245 16.946 1.46263 0.593277 0.975 0.940841 
1.53137 0.390292 14.8442 1.46735 0.586765 1 0.940841 
1.54456 0.360517 23.3307 1.46549 0.606629 0.9 0.949023 
1.54452 0.367374 21.229 1.46944 0.601029 0.925 0.949023 
1.54448 0.374622 19.1272 1.47363 0.595115 0.95 0.949023 
1.54445 0.382262 17.0254 1.47806 0.588887 0.975 0.949023 
1.54443 0.390293 14.9237 1.48272 0.582346 1 0.949023 

ZONE I=5, J=5
1.54456 0.360517 23.396 1.46549 0.606629 0.9 0.949023 
1.54452 0.367374 21.2641 1.46944 0.601029 0.925 0.949023 
1.54448 0.374622 19.1323 1.47363 0.595115 0.95 0.949023 
1.54445 0.382262 17.0004 1.47806 0.588887 0.975 0.949023 
1.54443 0.390293 14.8685 1.48272 0.582346 1 0.949023 
1.55762 0.360577 23.4792 1.48111 0.602086 0.9 0.957204 
1.55757 0.36742 21.3473 1.48501 0.596466 0.925 0.957204 
1.55754 0.374654 19.2154 1.48915 0.590533 0.95 0.957204 
1.55751 0.382278 17.0835 1.49352 0.584284 0.975 0.957204 
1.5575 0.390294 14.9516 1.49812 0.577721 1 0.957204 
1.57066 0.360636 23.5624 1.49674 0.597325 0.9 0.965385 
1.57062 0.367465 21.4305 1.5006 0.591685 0.925 0.965385 
1.57059 0.374685 19.2986 1.50468 0.585731 0.95 0.965385 
1.57056 0.382294 17.1667 1.50899 0.57946 0.975 0.965385 
1.57055 0.390293 15.0348 1.51353 0.572875 1 0.965385 
1.58371 0.360696 23.6455 1.5124 0.592346 0.9 0.973566 
1.58366 0.367511 21.5136 1.5162 0.586686 0.925 0.973566 
1.58363 0.374716 19.3817 1.52022 0.580709 0.95 0.973566 
1.5836 0.382309 17.2498 1.52447 0.574416 0.975 0.973566 
1.58359 0.390292 15.1179 1.52895 0.567805 1 0.973566 
1.59675 0.360756 23.7287 1.52807 0.587148 0.9 0.981748 
1.5967 0.367558 21.5968 1.53181 0.581467 0.925 0.981748 
1.59667 0.374748 19.4649 1.53578 0.575468 0.95 0.981748 
1.59664 0.382326 17.333 1.53996 0.56915 0.975 0.981748 
1.59661 0.390293 15.2011 1.54437 0.562514 1 0.981748 

ZONE I=5, J=5
1.59675 0.360756 23.7947 1.52807 0.587148 0.9 0.981748 
1.5967 0.367558 21.6323 1.53181 0.581467 0.925 0.981748 
1.59667 0.374748 19.47 1.53578 0.575468 0.95 0.981748 
1.59664 0.382326 17.3077 1.53996 0.56915 0.975 0.981748 
1.59661 0.390293 15.1454 1.54437 0.562514 1 0.981748 
1.60977 0.360817 23.8817 1.54374 0.58172 0.9 0.989929 
1.60972 0.367605 21.7193 1.54743 0.576022 0.925 0.989929 
1.60969 0.37478 19.557 1.55134 0.570005 0.95 0.989929 
1.60967 0.382343 17.3947 1.55547 0.563669 0.975 0.989929 
1.60965 0.390294 15.2324 1.55982 0.557014 1 0.989929 
1.62278 0.360877 23.9687 1.55942 0.576071 0.9 0.99811 
1.62274 0.367651 21.8063 1.56305 0.570356 0.925 0.99811 
1.6227 0.374812 19.644 1.56691 0.56432 0.95 0.99811 
1.62268 0.382359 17.4817 1.57098 0.557965 0.975 0.99811 
1.62267 0.390293 15.3194 1.57527 0.55129 1 0.99811 
1.63578 0.360937 24.0557 1.5751 0.570203 0.9 1.00629 
1.63574 0.367698 21.8933 1.57868 0.564469 0.925 1.00629 
1.63571 0.374844 19.731 1.58248 0.558415 0.95 1.00629 
1.63569 0.382375 17.5687 1.58649 0.552039 0.975 1.00629 
1.63567 0.390292 15.4064 1.59071 0.545343 1 1.00629 
1.64879 0.360999 24.1427 1.59078 0.564114 0.9 1.01447 
1.64874 0.367746 21.9804 1.59431 0.558362 0.925 1.01447 
1.64871 0.374877 19.818 1.59805 0.552287 0.95 1.01447 
1.64868 0.382393 17.6557 1.60199 0.545891 0.975 1.01447 
1.64866 0.390293 15.4934 1.60615 0.539173 1 1.01447 

ZONE I=5, J=5
1.64879 0.360999 24.2048 1.59078 0.564114 0.9 1.01447 
1.64874 0.367746 22.0138 1.59431 0.558362 0.925 1.01447 
1.64871 0.374877 19.8229 1.59805 0.552287 0.95 1.01447 
1.64868 0.382393 17.632 1.60199 0.545891 0.975 1.01447 
1.64866 0.390293 15.4411 1.60615 0.539173 1 1.01447 
1.66178 0.361062 24.2958 1.60647 0.557789 0.9 1.02266 
1.66174 0.367794 22.1049 1.60994 0.552022 0.925 1.02266 
1.66171 0.374911 19.914 1.61362 0.545932 0.95 1.02266 
1.66169 0.38241 17.7231 1.61751 0.53952 0.975 1.02266 
1.66167 0.390294 15.5322 1.62161 0.532786 1 1.02266 
1.67475 0.361123 24.3869 1.62214 0.551242 0.9 1.03084 
1.67472 0.367842 22.196 1.62556 0.54546 0.925 1.03084 
1.67469 0.374943 20.0051 1.62919 0.539355 0.95 1.03084 
1.67467 0.382427 17.8142 1.63302 0.532927 0.975 1.03084 
1.67466 0.390293 15.6232 1.63706 0.526176 1 1.03084 
1.68772 0.361184 24.478 1.6378 0.544475 0.9 1.03902 
1.68768 0.36789 22.2871 1.64117 0.538677 0.925 1.03902 
1.68766 0.374977 20.0961 1.64474 0.532556 0.95 1.03902 
1.68764 0.382444 17.9052 1.64852 0.526112 0.975 1.03902 
1.68764 0.390292 15.7143 1.65249 0.519344 1 1.03902 
1.70068 0.361246 24.569 1.65345 0.537486 0.9 1.0472 
1.70064 0.36794 22.3781 1.65677 0.531673 0.925 1.0472 
1.70062 0.375012 20.1872 1.66029 0.525535 0.95 1.0472 
1.7006 0.382463 17.9963 1.664 0.519075 0.975 1.0472 
1.7006 0.390293 15.8054 1.66791 0.512291 1 1.0472 

ZONE I=5, J=5
1.70068 0.361246 24.6134 1.65345 0.537486 0.9 1.0472 
1.70064 0.36794 22.4021 1.65677 0.531673 0.925 1.0472 
1.70062 0.375012 20.1908 1.66029 0.525535 0.95 1.0472 
1.7006 0.382463 17.9795 1.664 0.519075 0.975 1.0472 
1.7006 0.390293 15.7682 1.66791 0.512291 1 1.0472 
1.71362 0.361312 24.7088 1.66909 0.530265 0.9 1.05538 
1.71359 0.36799 22.4975 1.67235 0.52444 0.925 1.05538 
1.71357 0.375046 20.2862 1.67581 0.518291 0.95 1.05538 
1.71356 0.382481 18.0749 1.67947 0.511817 0.975 1.05538 
1.71356 0.390294 15.8636 1.68332 0.50502 1 1.05538 
1.72655 0.361375 24.8042 1.6847 0.522818 0.9 1.06356 
1.72652 0.36804 22.5929 1.68792 0.516981 0.925 1.06356 
1.72651 0.375081 20.3816 1.69132 0.51082 0.95 1.06356 
1.72651 0.382499 18.1703 1.69493 0.504335 0.975 1.06356 
1.72652 0.390293 15.959 1.69872 0.497527 1 1.06356 
1.73946 0.361437 24.8996 1.70029 0.515146 0.9 1.07174 
1.73944 0.36809 22.6883 1.70346 0.509296 0.925 1.07174 
1.73944 0.375117 20.477 1.70682 0.503124 0.95 1.07174 
1.73944 0.382518 18.2657 1.71036 0.496629 0.975 1.07174 
1.73946 0.390292 16.0543 1.7141 0.489812 1 1.07174 
1.75236 0.361499 24.995 1.71585 0.507248 0.9 1.07992 
1.75235 0.368143 22.7837 1.71898 0.501385 0.925 1.07992 
1.75236 0.375157 20.5723 1.72229 0.495202 0.95 1.07992 
1.75238 0.38254 18.361 1.72578 0.488698 0.975 1.07992 
1.75241 0.390293 16.1497 1.72947 0.481875 1 1.07992 

ZONE I=5, J=5
1.75236 0.361499 24.9815 1.71585 0.507248 0.9 1.07992 
1.75235 0.368143 22.7766 1.71898 0.501385 0.925 1.07992 
1.75236 0.375157 20.5717 1.72229 0.495202 0.95 1.07992 
1.75238 0.38254 18.3668 1.72578 0.488698 0.975 1.07992 
1.75241 0.390293 16.1619 1.72947 0.481875 1 1.07992 
1.76526 0.36157 25.082 1.7314 0.499121 0.9 1.0881 
1.76526 0.368197 22.8771 1.73448 0.493251 0.925 1.0881 
1.76527 0.375193 20.6722 1.73773 0.48706 0.95 1.0881 
1.76529 0.382558 18.4673 1.74118 0.480548 0.975 1.0881 
1.76533 0.390293 16.2624 1.7448 0.473714 1 1.0881 
1.77813 0.361635 25.1825 1.7469 0.49076 0.9 1.09628 
1.77814 0.368251 22.9776 1.74994 0.484883 0.925 1.09628 
1.77817 0.375232 20.7727 1.75315 0.478687 0.95 1.09628 
1.77821 0.38258 18.5678 1.75655 0.472171 0.975 1.09628 
1.77827 0.390293 16.3629 1.76012 0.465336 1 1.09628 
1.79097 0.361697 25.283 1.76236 0.482166 0.9 1.10446 
1.79101 0.368307 23.0781 1.76537 0.476281 0.925 1.10446 
1.79107 0.375276 20.8732 1.76855 0.470082 0.95 1.10446 
1.79114 0.382604 18.6683 1.77191 0.463568 0.975 1.10446 
1.79122 0.390293 16.4634 1.77544 0.45674 1 1.10446 
1.80379 0.361757 25.3835 1.77777 0.473339 0.9 1.11265 
1.80386 0.368366 23.1786 1.78076 0.467445 0.925 1.11265 
1.80395 0.375325 20.9737 1.78392 0.461245 0.95 1.11265 
1.80406 0.382634 18.7688 1.78725 0.454739 0.975 1.11265 
1.80419 0.390293 16.5639 1.79075 0.447926 1 1.11265 

ZONE I=5, J=5
1.80379 0.361757 25.1979 1.77777 0.473339 0.9 1.11265 
1.80386 0.368366 23.0793 1.78076 0.467445 0.925 1.11265 
1.80395 0.375325 20.9606 1.78392 0.461245 0.95 1.11265 
1.80406 0.382634 18.8419 1.78725 0.454739 0.975 1.11265 
1.80419 0.390293 16.7233 1.79075 0.447926 1 1.11265 
1.81663 0.361838 25.3052 1.79318 0.464294 0.9 1.12083 
1.81672 0.368427 23.1865 1.79613 0.458401 0.925 1.12083 
1.81683 0.375366 21.0679 1.79925 0.452201 0.95 1.12083 
1.81696 0.382655 18.9492 1.80253 0.445692 0.975 1.12083 
1.8171 0.390293 16.8305 1.80598 0.438876 1 1.12083 
1.82939 0.361906 25.4124 1.80849 0.455007 0.9 1.12901 
1.82953 0.368489 23.2938 1.81143 0.449116 0.925 1.12901 
1.82969 0.375415 21.1751 1.81453 0.442922 0.95 1.12901 
1.82986 0.382683 19.0565 1.81779 0.436426 0.975 1.12901 
1.83005 0.390293 16.9378 1.82122 0.429627 1 1.12901 
1.84209 0.361964 25.5197 1.82369 0.445479 0.9 1.13719 
1.8423 0.368554 23.401 1.82666 0.43959 0.925 1.13719 
1.84254 0.375472 21.2824 1.82977 0.43341 0.95 1.13719 
1.84279 0.382718 19.1637 1.83305 0.42694 0.975 1.13719 
1.84306 0.390293 17.045 1.83647 0.420179 1 1.13719 
1.85471 0.362016 25.627 1.83879 0.43571 0.9 1.14537 
1.85503 0.368623 23.5083 1.84181 0.429823 0.925 1.14537 
1.85537 0.375538 21.3896 1.84498 0.423664 0.95 1.14537 
1.85573 0.382762 19.271 1.84829 0.417235 0.975 1.14537 
1.85612 0.390293 17.1523 1.85175 0.410534 1 1.14537 

ZONE I=5, J=5
1.85471 0.362016 24.9807 1.83879 0.43571 0.9 1.14537 
1.85503 0.368623 23.1647 1.84181 0.429823 0.925 1.14537 
1.85537 0.375538 21.3486 1.84498 0.423664 0.95 1.14537 
1.85573 0.382762 19.5325 1.84829 0.417235 0.975 1.14537 
1.85612 0.390293 17.7164 1.85175 0.410534 1 1.14537 
1.86743 0.362099 25.0925 1.85396 0.425734 0.9 1.15355 
1.86782 0.368696 23.2764 1.85698 0.419859 0.925 1.15355 
1.86821 0.375594 21.4603 1.86014 0.413715 0.95 1.15355 
1.86862 0.382793 19.6442 1.86344 0.4073 0.975 1.15355 
1.86905 0.390292 17.8281 1.86686 0.400614 1 1.15355 
1.87999 0.362136 25.2042 1.86891 0.415513 0.9 1.16173 
1.8805 0.368741 23.3881 1.87201 0.409658 0.925 1.16173 
1.88102 0.375636 21.572 1.87523 0.403538 0.95 1.16173 
1.88154 0.38282 19.7559 1.87857 0.397155 0.975 1.16173 
1.88207 0.390293 17.9399 1.88202 0.390507 1 1.16173 
1.89239 0.362132 25.3159 1.88367 0.405048 0.9 1.16991 
1.89309 0.368761 23.4998 1.8869 0.399218 0.925 1.16991 
1.89379 0.375664 21.6838 1.89024 0.393136 0.95 1.16991 
1.89449 0.382842 19.8677 1.89369 0.3868 0.975 1.16991 
1.89519 0.390294 18.0516 1.89724 0.380212 1 1.16991 
1.90463 0.362091 25.4277 1.89822 0.394338 0.9 1.1781 
1.90558 0.368759 23.6116 1.90165 0.388541 0.925 1.1781 
1.90653 0.375682 21.7955 1.90517 0.382507 0.95 1.1781 
1.90747 0.38286 19.9794 1.90879 0.376236 0.975 1.1781 
1.90841 0.390293 18.1633 1.9125 0.369728 1 1.1781 

ZONE I=5, J=5
1.90463 0.362091 24.1279 1.89822 0.394338 0.9 1.1781 
1.90558 0.368759 22.909 1.90165 0.388541 0.925 1.1781 
1.90653 0.375682 21.6901 1.90517 0.382507 0.95 1.1781 
1.90747 0.38286 20.4711 1.90879 0.376236 0.975 1.1781 
1.90841 0.390293 19.2522 1.9125 0.369728 1 1.1781 
1.91703 0.361949 24.1993 1.91282 0.383579 0.9 1.18628 
1.91804 0.368638 22.9803 1.91627 0.377758 0.925 1.18628 
1.91906 0.375631 21.7614 1.91983 0.371656 0.95 1.18628 
1.92008 0.382929 20.5425 1.92351 0.365274 0.975 1.18628 
1.9211 0.39053 19.3236 1.92731 0.358612 1 1.18628 
1.92924 0.361458 24.2706 1.92707 0.372865 0.9 1.19446 
1.93033 0.368157 23.0517 1.93055 0.367036 0.925 1.19446 
1.93144 0.375183 21.8328 1.93416 0.360908 0.95 1.19446 
1.93257 0.382537 20.6139 1.93791 0.354483 0.975 1.19446 
1.93371 0.390218 19.3949 1.94179 0.347759 1 1.19446 
1.94127 0.360626 24.342 1.94098 0.362194 0.9 1.20264 
1.94245 0.367321 23.1231 1.94449 0.356373 0.925 1.20264 
1.94367 0.374341 21.9041 1.94816 0.350262 0.95 1.20264 
1.94493 0.381687 20.6852 1.95197 0.343861 0.975 1.20264 
1.94622 0.389359 19.4663 1.95594 0.33717 1 1.20264 
1.9531 0.359458 24.4133 1.95454 0.351567 0.9 1.21082 
1.95439 0.366136 23.1944 1.9581 0.345771 0.925 1.21082 
1.95574 0.373111 21.9755 1.96182 0.339718 0.95 1.21082 
1.95716 0.380384 20.7566 1.96571 0.33341 0.975 1.21082 
1.95864 0.387956 19.5377 1.96976 0.326845 1 1.21082 

ZONE I=5, J=5
1.9531 0.359458 23.6177 1.95454 0.351567 0.9 1.21082 
1.95439 0.366136 22.7855 1.9581 0.345771 0.925 1.21082 
1.95574 0.373111 21.9532 1.96182 0.339718 0.95 1.21082 
1.95716 0.380384 21.1209 1.96571 0.33341 0.975 1.21082 
1.95864 0.387956 20.2887 1.96976 0.326845 1 1.21082 
1.96494 0.357755 23.7314 1.96787 0.341246 0.9 1.219 
1.96634 0.364425 22.8991 1.97149 0.335468 0.925 1.219 
1.96781 0.371361 22.0669 1.97526 0.329464 0.95 1.219 
1.96935 0.378563 21.2346 1.97919 0.323233 0.975 1.219 
1.97096 0.386031 20.4023 1.98327 0.316776 1 1.219 
1.97662 0.355638 23.8451 1.98088 0.331063 0.9 1.22718 
1.97818 0.362276 23.0128 1.98459 0.325337 0.925 1.22718 
1.9798 0.369159 22.1805 1.98844 0.319405 0.95 1.22718 
1.9815 0.376287 21.3483 1.99244 0.313266 0.975 1.22718 
1.98327 0.38366 20.516 1.99659 0.30692 1 1.22718 
1.98814 0.353111 23.9587 1.99357 0.321019 0.9 1.23536 
1.98988 0.359692 23.1264 1.99738 0.315378 0.925 1.23536 
1.9917 0.366508 22.2942 2.00134 0.309541 0.95 1.23536 
1.9936 0.373559 21.4619 2.00546 0.303507 0.975 1.23536 
1.99557 0.380846 20.6296 2.00972 0.297276 1 1.23536 
1.99948 0.350179 24.0724 2.00593 0.311113 0.9 1.24355 
2.00145 0.356676 23.2401 2.00988 0.305592 0.925 1.24355 
2.0035 0.36341 22.4078 2.01399 0.299873 0.95 1.24355 
2.00563 0.37038 21.5756 2.01825 0.293958 0.975 1.24355 
2.00784 0.377588 20.7433 2.02266 0.287845 1 1.24355 

ZONE I=5, J=5
1.99948 0.350179 23.8174 2.00593 0.311113 0.9 1.24355 
2.00145 0.356676 23.1017 2.00988 0.305592 0.925 1.24355 
2.0035 0.36341 22.386 2.01399 0.299873 0.95 1.24355 
2.00563 0.37038 21.6702 2.01825 0.293958 0.975 1.24355 
2.00784 0.377588 20.9545 2.02266 0.287845 1 1.24355 
2.01076 0.3468 23.9253 2.01806 0.301438 0.9 1.25173 
2.01291 0.353239 23.2095 2.02212 0.296001 0.925 1.25173 
2.01515 0.359899 22.4938 2.02634 0.29038 0.95 1.25173 
2.01748 0.36678 21.7781 2.03071 0.284575 0.975 1.25173 
2.01989 0.373883 21.0624 2.03523 0.278588 1 1.25173 
2.02187 0.343035 24.0331 2.02988 0.291904 0.9 1.25991 
2.02422 0.349398 23.3174 2.03407 0.286565 0.925 1.25991 
2.02666 0.355972 22.6017 2.0384 0.281053 0.95 1.25991 
2.02919 0.362757 21.8859 2.04289 0.275368 0.975 1.25991 
2.03182 0.369754 21.1702 2.04753 0.269509 1 1.25991 
2.03281 0.338887 24.141 2.04141 0.28251 0.9 1.26809 
2.03536 0.345158 23.4252 2.04571 0.277286 0.925 1.26809 
2.03801 0.351634 22.7095 2.05017 0.271894 0.95 1.26809 
2.04076 0.358316 21.9938 2.05479 0.266335 0.975 1.26809 
2.0436 0.365203 21.2781 2.05955 0.260607 1 1.26809 
2.04357 0.334362 24.2488 2.05263 0.273257 0.9 1.27627 
2.04633 0.340523 23.5331 2.05707 0.268163 0.925 1.27627 
2.0492 0.346888 22.8174 2.06165 0.262903 0.95 1.27627 
2.05216 0.353459 22.1017 2.0664 0.257477 0.975 1.27627 
2.05524 0.360235 21.3859 2.07131 0.251884 1 1.27627 

ZONE I=5, J=5
2.04357 0.334362 24.2079 2.05263 0.273257 0.9 1.27627 
2.04633 0.340523 23.5109 2.05707 0.268163 0.925 1.27627 
2.0492 0.346888 22.814 2.06165 0.262903 0.95 1.27627 
2.05216 0.353459 22.1171 2.0664 0.257477 0.975 1.27627 
2.05524 0.360235 21.4201 2.07131 0.251884 1 1.27627 
2.05417 0.329446 24.3099 2.06358 0.26417 0.9 1.28445 
2.05713 0.335504 23.6129 2.06813 0.259194 0.925 1.28445 
2.0602 0.341759 22.916 2.07284 0.25406 0.95 1.28445 
2.06337 0.348212 22.219 2.07771 0.248768 0.975 1.28445 
2.06666 0.354861 21.5221 2.08274 0.243316 1 1.28445 
2.06458 0.324169 24.4118 2.07423 0.255211 0.9 1.29263 
2.06774 0.330115 23.7149 2.0789 0.250359 0.925 1.29263 
2.071 0.336253 23.018 2.08373 0.245356 0.95 1.29263 
2.07438 0.342581 22.321 2.08872 0.240199 0.975 1.29263 
2.07788 0.3491 21.6241 2.09387 0.23489 1 1.29263 
2.07479 0.318537 24.5138 2.08459 0.24638 0.9 1.30081 
2.07814 0.324362 23.8169 2.08937 0.241658 0.925 1.30081 
2.08161 0.330374 23.12 2.09432 0.236789 0.95 1.30081 
2.08519 0.336572 22.423 2.09942 0.231771 0.975 1.30081 
2.08889 0.342956 21.7261 2.10469 0.226606 1 1.30081 
2.08481 0.312555 24.6158 2.09466 0.237676 0.9 1.309 
2.08834 0.31825 23.9189 2.09955 0.23309 0.925 1.309 
2.092 0.324128 23.2219 2.10461 0.228359 0.95 1.309 
2.09578 0.330189 22.525 2.10983 0.223484 0.975 1.309 
2.09969 0.336434 21.8281 2.11522 0.218463 1 1.309 

ZONE I=5, J=5
2.08481 0.312555 24.6499 2.09466 0.237676 0.9 1.309 
2.08834 0.31825 23.9372 2.09955 0.23309 0.925 1.309 
2.092 0.324128 23.2246 2.10461 0.228359 0.95 1.309 
2.09578 0.330189 22.512 2.10983 0.223484 0.975 1.309 
2.09969 0.336434 21.7993 2.11522 0.218463 1 1.309 
2.09459 0.306238 24.7443 2.10442 0.229104 0.9 1.31718 
2.09831 0.3118 24.0317 2.10942 0.224653 0.925 1.31718 
2.10216 0.317539 23.3191 2.11458 0.220063 0.95 1.31718 
2.10613 0.323456 22.6064 2.11992 0.215333 0.975 1.31718 
2.11024 0.329552 21.8938 2.12542 0.210463 1 1.31718 
2.10415 0.299598 24.8388 2.11389 0.220646 0.9 1.32536 
2.10804 0.305021 24.1261 2.11898 0.216331 0.925 1.32536 
2.11207 0.310617 23.4135 2.12425 0.211882 0.95 1.32536 
2.11624 0.316386 22.7009 2.12969 0.207298 0.975 1.32536 
2.12054 0.322328 21.9882 2.13531 0.202579 1 1.32536 
2.11347 0.292639 24.9332 2.12305 0.212302 0.9 1.33354 
2.11754 0.29792 24.2206 2.12824 0.208125 0.925 1.33354 
2.12175 0.303368 23.5079 2.13361 0.203818 0.95 1.33354 
2.12609 0.308985 22.7953 2.13915 0.19938 0.975 1.33354 
2.13058 0.31477 22.0827 2.14488 0.194812 1 1.33354 
2.12256 0.285368 25.0277 2.13191 0.204074 0.9 1.34172 
2.12679 0.290501 24.315 2.1372 0.200035 0.925 1.34172 
2.13116 0.295798 23.6024 2.14266 0.19587 0.95 1.34172 
2.13568 0.301258 22.8898 2.1483 0.191579 0.975 1.34172 
2.14035 0.306882 22.1771 2.15412 0.187161 1 1.34172 

ZONE I=5, J=5
2.12256 0.285368 25.0845 2.13191 0.204074 0.9 1.34172 
2.12679 0.290501 24.3457 2.1372 0.200035 0.925 1.34172 
2.13116 0.295798 23.6068 2.14266 0.19587 0.95 1.34172 
2.13568 0.301258 22.8679 2.1483 0.191579 0.975 1.34172 
2.14035 0.306882 22.1291 2.15412 0.187161 1 1.34172 
2.13139 0.277807 25.1697 2.14047 0.195941 0.9 1.3499 
2.13578 0.282786 24.4309 2.14584 0.192046 0.925 1.3499 
2.14032 0.287923 23.692 2.1514 0.188029 0.95 1.3499 
2.14501 0.293219 22.9532 2.15714 0.183889 0.975 1.3499 
2.14985 0.298674 22.2143 2.16306 0.179628 1 1.3499 
2.13996 0.269959 25.255 2.14872 0.187904 0.9 1.35808 
2.1445 0.274781 24.5161 2.15418 0.18415 0.925 1.35808 
2.1492 0.279756 23.7773 2.15982 0.18028 0.95 1.35808 
2.15406 0.284886 23.0384 2.16565 0.176291 0.975 1.35808 
2.15907 0.290168 22.2995 2.17167 0.172186 1 1.35808 
2.14826 0.26183 25.3402 2.15667 0.17996 0.9 1.36626 
2.15296 0.266492 24.6014 2.16221 0.176348 0.925 1.36626 
2.15781 0.271303 23.8625 2.16794 0.172623 0.95 1.36626 
2.16282 0.276263 23.1236 2.17385 0.168785 0.975 1.36626 
2.168 0.281371 22.3848 2.17996 0.164834 1 1.36626 
2.15631 0.253426 25.4254 2.16432 0.172111 0.9 1.37445 
2.16114 0.257926 24.6866 2.16993 0.16864 0.925 1.37445 
2.16614 0.26257 23.9477 2.17574 0.16506 0.95 1.37445 
2.1713 0.267358 23.2089 2.18174 0.161371 0.975 1.37445 
2.17662 0.272289 22.47 2.18792 0.157574 1 1.37445 

ZONE I=5, J=5
2.15631 0.253426 25.4852 2.16432 0.172111 0.9 1.37445 
2.16114 0.257926 24.7188 2.16993 0.16864 0.925 1.37445 
2.16614 0.26257 23.9524 2.17574 0.16506 0.95 1.37445 
2.1713 0.267358 23.186 2.18174 0.161371 0.975 1.37445 
2.17662 0.272289 22.4197 2.18792 0.157574 1 1.37445 
2.16405 0.244782 25.5597 2.17165 0.164342 0.9 1.38263 
2.16902 0.249113 24.7933 2.17734 0.161017 0.925 1.38263 
2.17416 0.253582 24.0269 2.18322 0.157588 0.95 1.38263 
2.17947 0.25819 23.2605 2.1893 0.154054 0.975 1.38263 
2.18495 0.262937 22.4942 2.19557 0.150416 1 1.38263 
2.17152 0.235894 25.6342 2.17867 0.156653 0.9 1.39081 
2.17662 0.240055 24.8678 2.18443 0.153472 0.925 1.39081 
2.18189 0.244348 24.1014 2.19039 0.150192 0.95 1.39081 
2.18734 0.248775 23.3351 2.19654 0.146812 0.975 1.39081 
2.19296 0.253335 22.5687 2.20288 0.143332 1 1.39081 
2.17869 0.22677 25.7087 2.18538 0.149042 0.9 1.39899 
2.18391 0.230759 24.9423 2.19121 0.146005 0.925 1.39899 
2.18931 0.234875 24.1759 2.19723 0.142873 0.95 1.39899 
2.19489 0.239119 23.4096 2.20345 0.139644 0.975 1.39899 
2.20064 0.243491 22.6432 2.20987 0.136321 1 1.39899 
2.18557 0.217416 25.7832 2.19179 0.141511 0.9 1.40717 
2.1909 0.221231 25.0168 2.19768 0.138616 0.925 1.40717 
2.19642 0.225169 24.2505 2.20376 0.135629 0.95 1.40717 
2.20212 0.229229 23.4841 2.21005 0.132552 0.975 1.40717 
2.208 0.233412 22.7177 2.21653 0.129383 1 1.40717 

ZONE I=5, J=5
2.18557 0.217416 25.8377 2.19179 0.141511 0.9 1.40717 
2.1909 0.221231 25.0462 2.19768 0.138616 0.925 1.40717 
2.19642 0.225169 24.2547 2.20376 0.135629 0.95 1.40717 
2.20212 0.229229 23.4632 2.21005 0.132552 0.975 1.40717 
2.208 0.233412 22.6717 2.21653 0.129383 1 1.40717 
2.19213 0.20786 25.9002 2.19788 0.134038 0.9 1.41535 
2.19758 0.211495 25.1087 2.20383 0.13129 0.925 1.41535 
2.20322 0.215248 24.3172 2.20998 0.128455 0.95 1.41535 
2.20904 0.219117 23.5258 2.21633 0.125533 0.975 1.41535 
2.21505 0.223103 22.7343 2.22288 0.122525 1 1.41535 
2.19839 0.1981 25.9628 2.20367 0.126625 0.9 1.42353 
2.20395 0.201555 25.1713 2.20967 0.124023 0.925 1.42353 
2.20969 0.205121 24.3798 2.21587 0.121338 0.95 1.42353 
2.21563 0.208798 23.5883 2.22228 0.118571 0.975 1.42353 
2.22175 0.212587 22.7968 2.2289 0.115722 1 1.42353 
2.20435 0.188142 26.0253 2.20914 0.119273 0.9 1.43171 
2.21 0.191416 25.2338 2.2152 0.116814 0.925 1.43171 
2.21585 0.194796 24.4424 2.22146 0.114278 0.95 1.43171 
2.22189 0.198281 23.6509 2.22792 0.111665 0.975 1.43171 
2.22812 0.201871 22.8594 2.23459 0.108973 1 1.43171 
2.20998 0.177995 26.0879 2.21431 0.111981 0.9 1.4399 
2.21573 0.181087 25.2964 2.22041 0.109665 0.925 1.4399 
2.22167 0.184279 24.5049 2.22672 0.107276 0.95 1.4399 
2.22781 0.187571 23.7134 2.23323 0.104814 0.975 1.4399 
2.23414 0.190962 22.922 2.23996 0.102279 1 1.4399 

ZONE I=5, J=5
2.20998 0.177995 26.1336 2.21431 0.111981 0.9 1.4399 
2.21573 0.181087 25.321 2.22041 0.109665 0.925 1.4399 
2.22167 0.184279 24.5085 2.22672 0.107276 0.95 1.4399 
2.22781 0.187571 23.696 2.23323 0.104814 0.975 1.4399 
2.23414 0.190962 22.8835 2.23996 0.102279 1 1.4399 
2.21529 0.167694 26.1832 2.21916 0.104738 0.9 1.44808 
2.22113 0.170599 25.3707 2.22531 0.102569 0.925 1.44808 
2.22716 0.173597 24.5581 2.23166 0.100331 0.95 1.44808 
2.23339 0.17669 23.7456 2.23822 0.0980253 0.975 1.44808 
2.23982 0.179876 22.9331 2.245 0.0956506 1 1.44808 
2.22027 0.157235 26.2328 2.2237 0.0975418 0.9 1.45626 
2.22619 0.159952 25.4203 2.22988 0.0955185 0.925 1.45626 
2.23231 0.162757 24.6078 2.23628 0.0934312 0.95 1.45626 
2.23863 0.16565 23.7952 2.24289 0.0912798 0.975 1.45626 
2.24515 0.16863 22.9827 2.24971 0.0890642 1 1.45626 
2.22493 0.146625 26.2824 2.22792 0.0903931 0.9 1.46444 
2.23092 0.149154 25.4699 2.23415 0.0885141 0.925 1.46444 
2.23712 0.151765 24.6574 2.24059 0.0865756 0.95 1.46444 
2.24352 0.154458 23.8448 2.24724 0.0845775 0.975 1.46444 
2.25012 0.157232 23.0323 2.2541 0.0825198 1 1.46444 
2.22925 0.135871 26.3321 2.23184 0.0832916 0.9 1.47262 
2.23532 0.138213 25.5195 2.2381 0.0815556 0.925 1.47262 
2.24158 0.14063 24.707 2.24457 0.0797646 0.95 1.47262 
2.24806 0.143122 23.8945 2.25126 0.0779185 0.975 1.47262 
2.25474 0.145691 23.0819 2.25816 0.0760174 1 1.47262 

ZONE I=5, J=5
2.22925 0.135871 26.3673 2.23184 0.0832916 0.9 1.47262 
2.23532 0.138213 25.5385 2.2381 0.0815556 0.925 1.47262 
2.24158 0.14063 24.7098 2.24457 0.0797646 0.95 1.47262 
2.24806 0.143122 23.881 2.25126 0.0779185 0.975 1.47262 
2.25474 0.145691 23.0522 2.25816 0.0760174 1 1.47262 
2.23324 0.124999 26.4032 2.23543 0.0762219 0.9 1.4808 
2.23937 0.127148 25.5745 2.24173 0.0746322 0.925 1.4808 
2.2457 0.129366 24.7457 2.24824 0.0729921 0.95 1.4808 
2.25225 0.131654 23.9169 2.25496 0.0713015 0.975 1.4808 
2.259 0.134012 23.0882 2.2619 0.0695604 1 1.4808 
2.23689 0.114008 26.4392 2.23872 0.069183 0.9 1.48898 
2.24307 0.115965 25.6104 2.24505 0.0677387 0.925 1.48898 
2.24947 0.117984 24.7816 2.25159 0.0662485 0.95 1.48898 
2.25608 0.120067 23.9529 2.25834 0.0647124 0.975 1.48898 
2.2629 0.122214 23.1241 2.26531 0.0631304 1 1.48898 
2.2402 0.102906 26.4751 2.2417 0.062175 0.9 1.49716 
2.24644 0.10467 25.6463 2.24805 0.060875 0.925 1.49716 
2.25289 0.106491 24.8176 2.25462 0.0595337 0.95 1.49716 
2.25955 0.108369 23.9888 2.2614 0.0581511 0.975 1.49716 
2.26643 0.110304 23.1601 2.2684 0.0567272 1 1.49716 
2.24317 0.0917009 26.511 2.24436 0.0551978 0.9 1.50535 
2.24946 0.093272 25.6823 2.25074 0.0540413 0.925 1.50535 
2.25596 0.0948938 24.8535 2.25733 0.0528479 0.95 1.50535 
2.26267 0.0965666 24.0248 2.26414 0.0516178 0.975 1.50535 
2.26959 0.0982901 23.196 2.27116 0.0503509 1 1.50535 

ZONE I=5, J=5
2.24317 0.0917009 26.5349 2.24436 0.0551978 0.9 1.50535 
2.24946 0.093272 25.6952 2.25074 0.0540413 0.925 1.50535 
2.25596 0.0948938 24.8554 2.25733 0.0528479 0.95 1.50535 
2.26267 0.0965666 24.0157 2.26414 0.0516178 0.975 1.50535 
2.26959 0.0982901 23.1759 2.27116 0.0503509 1 1.50535 
2.24579 0.0804241 26.5567 2.24671 0.0482457 0.9 1.51353 
2.25212 0.0817995 25.717 2.25311 0.0472347 0.925 1.51353 
2.25866 0.0832195 24.8772 2.25972 0.0461915 0.95 1.51353 
2.26542 0.084684 24.0374 2.26655 0.0451162 0.975 1.51353 
2.27239 0.0861931 23.1977 2.2736 0.0440087 1 1.51353 
2.24807 0.0690752 26.5785 2.24875 0.041313 0.9 1.52171 
2.25443 0.0702549 25.7387 2.25516 0.040447 0.925 1.52171 
2.26101 0.0714729 24.899 2.26179 0.0395533 0.95 1.52171 
2.26781 0.0727292 24.0592 2.26865 0.0386321 0.975 1.52171 
2.27482 0.0740236 23.2195 2.27571 0.0376834 1 1.52171 
2.24999 0.0576618 26.6003 2.25047 0.0343998 0.9 1.52989 
2.25639 0.0586459 25.7605 2.2569 0.0336781 0.925 1.52989 
2.263 0.0596619 24.9207 2.26355 0.0329333 0.95 1.52989 
2.26983 0.0607098 24.081 2.27042 0.0321656 0.975 1.52989 
2.27688 0.0617896 23.2412 2.2775 0.0313749 1 1.52989 
2.25158 0.0461912 26.622 2.25188 0.0275061 0.9 1.53807 
2.25799 0.0469798 25.7823 2.25832 0.026928 0.925 1.53807 
2.26463 0.047794 24.9425 2.26498 0.0263315 0.95 1.53807 
2.27149 0.0486337 24.1028 2.27186 0.0257166 0.975 1.53807 
2.27856 0.0494989 23.263 2.27896 0.0250832 1 1.53807 

ZONE I=5, J=5
2.25158 0.0461912 26.6341 2.25188 0.0275061 0.9 1.53807 
2.25799 0.0469798 25.7888 2.25832 0.026928 0.925 1.53807 
2.26463 0.047794 24.9435 2.26498 0.0263315 0.95 1.53807 
2.27149 0.0486337 24.0982 2.27186 0.0257166 0.975 1.53807 
2.27856 0.0494989 23.2529 2.27896 0.0250832 1 1.53807 
2.2528 0.0346827 26.6414 2.25298 0.0206231 0.9 1.54625 
2.25924 0.0352743 25.7961 2.25943 0.0201898 0.925 1.54625 
2.2659 0.035885 24.9508 2.2661 0.0197426 0.95 1.54625 
2.27278 0.0365149 24.1054 2.27299 0.0192817 0.975 1.54625 
2.27987 0.037164 23.2601 2.2801 0.018807 1 1.54625 
2.25368 0.0231416 26.6486 2.25376 0.0137444 0.9 1.55443 
2.26014 0.023536 25.8033 2.26022 0.0134557 0.925 1.55443 
2.26681 0.0239431 24.958 2.2669 0.0131578 0.95 1.55443 
2.2737 0.0243631 24.1127 2.27379 0.0128507 0.975 1.55443 
2.28081 0.0247958 23.2674 2.28091 0.0125344 1 1.55443 
2.25421 0.0115754 26.6559 2.25423 0.00687 0.9 1.56261 
2.26067 0.0117726 25.8106 2.26069 0.00672575 0.925 1.56261 
2.26735 0.0119761 24.9653 2.26738 0.00657689 0.95 1.56261 
2.27425 0.012186 24.12 2.27428 0.00642342 0.975 1.56261 
2.28137 0.0124024 23.2747 2.2814 0.00626536 1 1.56261 
2.25439 -8.28083e-06 26.6632 2.25439 0 0.9 1.5708 
2.26085 -8.30457e-06 25.8179 2.26085 0 0.925 1.5708 
2.26754 -8.32912e-06 24.9726 2.26754 0 0.95 1.5708 
2.27444 -8.35448e-06 24.1273 2.27444 0 0.975 1.5708 
2.28156 -8.38064e-06 23.282 2.28156 0 1 1.5708 

