ZONE I=5, J=5
0 0.360139 16.6363 0.360139 0 0.9 0 
0 0.368216 15.0523 0.368216 0 0.925 0 
0 0.376754 13.4683 0.376754 0 0.95 0 
0 0.385754 11.8843 0.385754 0 0.975 0 
0 0.395215 10.3003 0.395215 0 1 0 
0.0131318 0.36014 16.6377 0.360235 0.010185 0.9 0.00818126 
0.0131314 0.368216 15.0537 0.368311 0.0101185 0.925 0.00818126 
0.013131 0.376754 13.4697 0.376849 0.0100483 0.95 0.00818126 
0.0131308 0.385754 11.8857 0.385848 0.00997442 0.975 0.00818126 
0.0131307 0.395215 10.3017 0.395309 0.00989691 1 0.00818126 
0.0262609 0.360141 16.6391 0.360522 0.0203648 0.9 0.0163625 
0.0262599 0.368217 15.0551 0.368597 0.0202317 0.925 0.0163625 
0.0262592 0.376755 13.4711 0.377134 0.0200913 0.95 0.0163625 
0.0262587 0.385754 11.8871 0.386132 0.0199435 0.975 0.0163625 
0.0262584 0.395215 10.3031 0.395592 0.0197885 1 0.0163625 
0.0393896 0.360143 16.6404 0.361001 0.0305394 0.9 0.0245437 
0.0393881 0.368218 15.0564 0.369074 0.0303397 0.925 0.0245437 
0.039387 0.376756 13.4724 0.377609 0.030129 0.95 0.0245437 
0.0393861 0.385755 11.8884 0.386605 0.0299074 0.975 0.0245437 
0.0393856 0.395215 10.3044 0.396062 0.0296747 1 0.0245437 
0.0525206 0.360145 16.6418 0.361671 0.0407088 0.9 0.0327249 
0.0525185 0.36822 15.0578 0.369741 0.0404425 0.925 0.0327249 
0.0525168 0.376757 13.4738 0.378273 0.0401615 0.95 0.0327249 
0.0525155 0.385755 11.8898 0.387267 0.0398659 0.975 0.0327249 
0.0525147 0.395215 10.3058 0.396721 0.0395555 1 0.0327249 

ZONE I=5, J=5
0.0525206 0.360145 16.6439 0.361671 0.0407088 0.9 0.0327249 
0.0525185 0.36822 15.059 0.369741 0.0404425 0.925 0.0327249 
0.0525168 0.376757 13.4742 0.378273 0.0401615 0.95 0.0327249 
0.0525155 0.385755 11.8893 0.387267 0.0398659 0.975 0.0327249 
0.0525147 0.395215 10.3045 0.396721 0.0395555 1 0.0327249 
0.0656516 0.360148 16.6471 0.362532 0.0508685 0.9 0.0409062 
0.0656491 0.368223 15.0623 0.370599 0.0505358 0.925 0.0409062 
0.0656472 0.376759 13.4774 0.379128 0.0501848 0.95 0.0409062 
0.0656459 0.385756 11.8926 0.388118 0.0498155 0.975 0.0409062 
0.0656451 0.395215 10.3077 0.397569 0.0494279 1 0.0409062 
0.0787802 0.360152 16.6504 0.363584 0.0610134 0.9 0.0490874 
0.0787772 0.368226 15.0655 0.371647 0.0606143 0.925 0.0490874 
0.0787749 0.376761 13.4807 0.380172 0.0601932 0.95 0.0490874 
0.0787733 0.385757 11.8959 0.389158 0.0597502 0.975 0.0490874 
0.0787724 0.395215 10.311 0.398604 0.0592852 1 0.0490874 
0.0919086 0.360156 16.6537 0.364826 0.0711435 0.9 0.0572686 
0.091905 0.368229 15.0688 0.372886 0.0706779 0.925 0.0572686 
0.0919023 0.376763 13.484 0.381405 0.0701867 0.95 0.0572686 
0.0919003 0.385758 11.8991 0.390386 0.0696699 0.975 0.0572686 
0.0918991 0.395215 10.3143 0.399827 0.0691274 1 0.0572686 
0.105039 0.360161 16.6569 0.36626 0.0812588 0.9 0.0654498 
0.105035 0.368233 15.0721 0.374314 0.0807267 0.925 0.0654498 
0.105032 0.376765 13.4872 0.382828 0.0801652 0.95 0.0654498 
0.105029 0.385759 11.9024 0.391803 0.0795745 0.975 0.0654498 
0.105028 0.395215 10.3175 0.401238 0.0789544 1 0.0654498 

ZONE I=5, J=5
0.105039 0.360161 16.6609 0.36626 0.0812588 0.9 0.0654498 
0.105035 0.368233 15.0744 0.374314 0.0807267 0.925 0.0654498 
0.105032 0.376765 13.4879 0.382828 0.0801652 0.95 0.0654498 
0.105029 0.385759 11.9014 0.391803 0.0795745 0.975 0.0654498 
0.105028 0.395215 10.3149 0.401238 0.0789544 1 0.0654498 
0.118169 0.360167 16.6665 0.367884 0.0913535 0.9 0.0736311 
0.118165 0.368237 15.08 0.375932 0.0907553 0.925 0.073631 
0.118161 0.376769 13.4935 0.38444 0.0901243 0.95 0.0736311 
0.118159 0.385761 11.907 0.393408 0.0894603 0.975 0.0736311 
0.118157 0.395215 10.3205 0.402836 0.0887634 1 0.0736311 
0.131297 0.360173 16.6721 0.369698 0.101424 0.9 0.0818123 
0.131292 0.368242 15.0856 0.37774 0.100759 0.925 0.0818123 
0.131288 0.376772 13.4991 0.386241 0.100059 0.95 0.0818123 
0.131285 0.385763 11.9125 0.395201 0.0993212 0.975 0.0818123 
0.131284 0.395215 10.326 0.404622 0.0985473 1 0.0818123 
0.144424 0.36018 16.6777 0.371703 0.11147 0.9 0.0899936 
0.144419 0.368247 15.0912 0.379736 0.110739 0.925 0.0899936 
0.144414 0.376776 13.5046 0.38823 0.109968 0.95 0.0899936 
0.144411 0.385765 11.9181 0.397182 0.109157 0.975 0.0899935 
0.144409 0.395215 10.3316 0.406594 0.108306 1 0.0899936 
0.157554 0.360188 16.6833 0.373897 0.121491 0.9 0.0981748 
0.157548 0.368253 15.0967 0.381922 0.120694 0.925 0.0981748 
0.157543 0.376779 13.5102 0.390407 0.119853 0.95 0.0981748 
0.157539 0.385767 11.9237 0.399351 0.118969 0.975 0.0981748 
0.157536 0.395215 10.3372 0.408753 0.11804 1 0.0981748 

ZONE I=5, J=5
0.157554 0.360188 16.689 0.373897 0.121491 0.9 0.0981748 
0.157548 0.368253 15.0999 0.381922 0.120694 0.925 0.0981748 
0.157543 0.376779 13.5109 0.390407 0.119853 0.95 0.0981748 
0.157539 0.385767 11.9219 0.399351 0.118969 0.975 0.0981748 
0.157536 0.395215 10.3329 0.408753 0.11804 1 0.0981748 
0.170682 0.360197 16.6968 0.37628 0.131481 0.9 0.106356 
0.170675 0.36826 15.1078 0.384297 0.130618 0.925 0.106356 
0.17067 0.376784 13.5188 0.392773 0.129708 0.95 0.106356 
0.170667 0.385769 11.9298 0.401707 0.128751 0.975 0.106356 
0.170665 0.395215 10.3407 0.411099 0.127746 1 0.106356 
0.183808 0.360206 16.7047 0.378852 0.141437 0.9 0.114537 
0.183801 0.368267 15.1157 0.38686 0.140509 0.925 0.114537 
0.183796 0.376789 13.5267 0.395325 0.139529 0.95 0.114537 
0.183792 0.385771 11.9376 0.404249 0.138499 0.975 0.114537 
0.18379 0.395215 10.3486 0.41363 0.137418 1 0.114537 
0.196934 0.360215 16.7126 0.381613 0.151359 0.9 0.122718 
0.196927 0.368274 15.1236 0.38961 0.150365 0.925 0.122718 
0.196921 0.376794 13.5345 0.398065 0.149316 0.95 0.122718 
0.196916 0.385774 11.9455 0.406977 0.148213 0.975 0.122718 
0.196914 0.395215 10.3565 0.416347 0.147055 1 0.122718 
0.210063 0.360225 16.7205 0.384563 0.161247 0.9 0.1309 
0.210055 0.368282 15.1314 0.392549 0.160187 0.925 0.1309 
0.210048 0.376799 13.5424 0.400992 0.159069 0.95 0.1309 
0.210043 0.385777 11.9534 0.409893 0.157892 0.975 0.1309 
0.21004 0.395215 10.3644 0.419249 0.156657 1 0.1309 

ZONE I=5, J=5
0.210063 0.360225 16.7279 0.384563 0.161247 0.9 0.1309 
0.210055 0.368282 15.1355 0.392549 0.160187 0.925 0.1309 
0.210048 0.376799 13.5432 0.400992 0.159069 0.95 0.1309 
0.210043 0.385777 11.9508 0.409893 0.157892 0.975 0.1309 
0.21004 0.395215 10.3584 0.419249 0.156657 1 0.1309 
0.223189 0.360237 16.7381 0.387699 0.171093 0.9 0.139081 
0.22318 0.368291 15.1457 0.395675 0.169968 0.925 0.139081 
0.223174 0.376805 13.5533 0.404106 0.168781 0.95 0.139081 
0.223169 0.38578 11.961 0.412993 0.167532 0.975 0.139081 
0.223166 0.395215 10.3686 0.422337 0.166221 1 0.139081 
0.236312 0.360248 16.7483 0.391023 0.180895 0.9 0.147262 
0.236303 0.3683 15.1559 0.398986 0.179705 0.925 0.147262 
0.236297 0.376811 13.5635 0.407405 0.178449 0.95 0.147262 
0.236292 0.385783 11.9711 0.416279 0.177128 0.975 0.147262 
0.236289 0.395215 10.3788 0.425608 0.175742 1 0.147262 
0.249436 0.360261 16.7585 0.394534 0.190654 0.9 0.155443 
0.249427 0.368309 15.1661 0.402484 0.189399 0.925 0.155443 
0.24942 0.376818 13.5737 0.410889 0.188074 0.95 0.155443 
0.249414 0.385786 11.9813 0.419749 0.18668 0.975 0.155443 
0.249411 0.395215 10.3889 0.429063 0.185217 1 0.155443 
0.262564 0.360274 16.7686 0.398232 0.20037 0.9 0.163625 
0.262553 0.368319 15.1763 0.406168 0.199049 0.925 0.163625 
0.262545 0.376824 13.5839 0.414559 0.197655 0.95 0.163625 
0.262538 0.38579 11.9915 0.423403 0.196188 0.975 0.163625 
0.262534 0.395215 10.3991 0.432702 0.194649 1 0.163625 

ZONE I=5, J=5
0.262564 0.360274 16.7779 0.398232 0.20037 0.9 0.163625 
0.262553 0.368319 15.1813 0.406168 0.199049 0.925 0.163625 
0.262545 0.376824 13.5847 0.414559 0.197655 0.95 0.163625 
0.262538 0.38579 11.9881 0.423403 0.196188 0.975 0.163625 
0.262534 0.395215 10.3915 0.432702 0.194649 1 0.163625 
0.275686 0.360287 16.7903 0.402115 0.210032 0.9 0.171806 
0.275676 0.36833 15.1938 0.410037 0.208647 0.925 0.171806 
0.275668 0.376832 13.5972 0.418413 0.207186 0.95 0.171806 
0.275662 0.385794 12.0006 0.427242 0.205648 0.975 0.171806 
0.275659 0.395215 10.404 0.436524 0.204034 1 0.171806 
0.288807 0.360302 16.8028 0.406183 0.219642 0.9 0.179987 
0.288797 0.368341 15.2063 0.41409 0.218192 0.925 0.179987 
0.288788 0.376839 13.6097 0.42245 0.216663 0.95 0.179987 
0.288783 0.385797 12.0131 0.431262 0.215053 0.975 0.179987 
0.288779 0.395215 10.4165 0.440527 0.213364 1 0.179987 
0.301929 0.360316 16.8153 0.410435 0.229199 0.9 0.188168 
0.301918 0.368352 15.2187 0.418327 0.227684 0.925 0.188168 
0.301909 0.376847 13.6222 0.42667 0.226087 0.95 0.188168 
0.301902 0.385801 12.0256 0.435465 0.224405 0.975 0.188168 
0.301898 0.395215 10.429 0.444712 0.222641 1 0.188168 
0.315054 0.360332 16.8278 0.414872 0.238703 0.9 0.19635 
0.315041 0.368364 15.2312 0.422748 0.237123 0.925 0.19635 
0.315031 0.376855 13.6346 0.431074 0.235457 0.95 0.19635 
0.315024 0.385806 12.0381 0.439851 0.233703 0.975 0.19635 
0.315018 0.395215 10.4415 0.449078 0.231863 1 0.19635 

ZONE I=5, J=5
0.315054 0.360332 16.8388 0.414872 0.238703 0.9 0.19635 
0.315041 0.368364 15.2372 0.422748 0.237123 0.925 0.19635 
0.315031 0.376855 13.6356 0.431074 0.235457 0.95 0.19635 
0.315024 0.385806 12.0339 0.439851 0.233703 0.975 0.19635 
0.315018 0.395215 10.4323 0.449078 0.231863 1 0.19635 
0.328174 0.360349 16.8536 0.419492 0.248144 0.9 0.204531 
0.328161 0.368377 15.252 0.427351 0.246501 0.925 0.204531 
0.328152 0.376864 13.6504 0.435659 0.244768 0.95 0.204531 
0.328145 0.38581 12.0488 0.444417 0.242944 0.975 0.204531 
0.328141 0.395215 10.4471 0.453625 0.24103 1 0.204531 
0.341291 0.360365 16.8684 0.424294 0.257522 0.9 0.212712 
0.341278 0.36839 15.2668 0.432135 0.255815 0.925 0.212712 
0.341269 0.376873 13.6652 0.440425 0.254015 0.95 0.212712 
0.341262 0.385815 12.0636 0.449163 0.252121 0.975 0.212712 
0.341258 0.395215 10.4619 0.458351 0.250132 1 0.212712 
0.354409 0.360383 16.8832 0.429278 0.266837 0.9 0.220893 
0.354396 0.368403 15.2816 0.4371 0.265067 0.925 0.220893 
0.354385 0.376882 13.68 0.445371 0.263199 0.95 0.220893 
0.354378 0.385819 12.0784 0.454089 0.261234 0.975 0.220893 
0.354373 0.395215 10.4767 0.463255 0.259171 1 0.220893 
0.36753 0.360401 16.898 0.434444 0.27609 0.9 0.229074 
0.367515 0.368417 15.2964 0.442247 0.274256 0.925 0.229074 
0.367503 0.376892 13.6948 0.450497 0.27232 0.95 0.229074 
0.367494 0.385824 12.0932 0.459194 0.270283 0.975 0.229074 
0.367489 0.395215 10.4915 0.468338 0.268145 1 0.229074 

ZONE I=5, J=5
0.36753 0.360401 16.9109 0.434444 0.27609 0.9 0.229074 
0.367515 0.368417 15.3034 0.442247 0.274256 0.925 0.229074 
0.367503 0.376892 13.6958 0.450497 0.27232 0.95 0.229074 
0.367494 0.385824 12.0883 0.459194 0.270283 0.975 0.229074 
0.367489 0.395215 10.4808 0.468338 0.268145 1 0.229074 
0.380647 0.36042 16.9281 0.439789 0.285272 0.9 0.237256 
0.380632 0.368432 15.3205 0.447573 0.283375 0.925 0.237256 
0.380621 0.376902 13.713 0.455803 0.281373 0.95 0.237256 
0.380613 0.385829 12.1054 0.464479 0.279267 0.975 0.237256 
0.380608 0.395215 10.4979 0.4736 0.277057 1 0.237256 
0.393761 0.36044 16.9452 0.445314 0.294381 0.9 0.245437 
0.393747 0.368447 15.3377 0.453078 0.292421 0.925 0.245437 
0.393735 0.376912 13.7301 0.461286 0.290353 0.95 0.245437 
0.393727 0.385835 12.1226 0.46994 0.288178 0.975 0.245437 
0.393723 0.395215 10.515 0.479038 0.285894 1 0.245437 
0.406875 0.36046 16.9623 0.451017 0.303418 0.9 0.253618 
0.40686 0.368462 15.3548 0.45876 0.301395 0.925 0.253618 
0.406848 0.376922 13.7473 0.466947 0.299261 0.95 0.253618 
0.40684 0.38584 12.1397 0.475577 0.297015 0.975 0.253618 
0.406834 0.395215 10.5322 0.48465 0.294658 1 0.253618 
0.419992 0.36048 16.9795 0.456899 0.312382 0.9 0.261799 
0.419976 0.368478 15.3719 0.46462 0.310296 0.925 0.261799 
0.419962 0.376933 13.7644 0.472784 0.308095 0.95 0.261799 
0.419952 0.385846 12.1569 0.48139 0.305779 0.975 0.261799 
0.419945 0.395215 10.5493 0.490438 0.303347 1 0.261799 

ZONE I=5, J=5
0.419992 0.36048 16.9942 0.456899 0.312382 0.9 0.261799 
0.419976 0.368478 15.3799 0.46462 0.310296 0.925 0.261799 
0.419962 0.376933 13.7656 0.472784 0.308095 0.95 0.261799 
0.419952 0.385846 12.1512 0.48139 0.305779 0.975 0.261799 
0.419945 0.395215 10.5369 0.490438 0.303347 1 0.261799 
0.433105 0.360502 17.0137 0.462958 0.321266 0.9 0.269981 
0.433089 0.368495 15.3994 0.470657 0.319118 0.925 0.269981 
0.433076 0.376945 13.7851 0.478797 0.316852 0.95 0.269981 
0.433067 0.385852 12.1707 0.487379 0.314468 0.975 0.269981 
0.433062 0.395215 10.5564 0.496402 0.311965 1 0.269981 
0.446215 0.360524 17.0332 0.469192 0.330067 0.9 0.278162 
0.446198 0.368512 15.4189 0.476868 0.327858 0.925 0.278162 
0.446186 0.376956 13.8046 0.484985 0.325527 0.95 0.278162 
0.446177 0.385857 12.1902 0.493541 0.323075 0.975 0.278162 
0.446172 0.395215 10.5759 0.502537 0.3205 1 0.278162 
0.459325 0.360547 17.0527 0.475601 0.338788 0.9 0.286343 
0.459308 0.368529 15.4384 0.483254 0.336516 0.925 0.286343 
0.459294 0.376968 13.824 0.491345 0.33412 0.95 0.286343 
0.459285 0.385863 12.2097 0.499875 0.331598 0.975 0.286343 
0.459279 0.395215 10.5954 0.508844 0.328952 1 0.286343 
0.472437 0.36057 17.0722 0.482185 0.347427 0.9 0.294524 
0.472419 0.368547 15.4579 0.489814 0.345093 0.925 0.294524 
0.472404 0.376981 13.8435 0.497879 0.342631 0.95 0.294524 
0.472392 0.38587 12.2292 0.506383 0.340039 0.975 0.294524 
0.472385 0.395215 10.6149 0.515323 0.337319 1 0.294524 

ZONE I=5, J=5
0.472437 0.36057 17.0888 0.482185 0.347427 0.9 0.294524 
0.472419 0.368547 15.4668 0.489814 0.345093 0.925 0.294524 
0.472404 0.376981 13.8448 0.497879 0.342631 0.95 0.294524 
0.472392 0.38587 12.2229 0.506383 0.340039 0.975 0.294524 
0.472385 0.395215 10.6009 0.515323 0.337319 1 0.294524 
0.485545 0.360594 17.1107 0.488942 0.355974 0.9 0.302706 
0.485527 0.368566 15.4887 0.496546 0.353581 0.925 0.302706 
0.485513 0.376993 13.8667 0.504586 0.351055 0.95 0.302706 
0.485503 0.385876 12.2447 0.513062 0.348397 0.975 0.302706 
0.485497 0.395215 10.6228 0.521974 0.345608 1 0.302706 
0.49865 0.360619 17.1325 0.49587 0.364432 0.9 0.310887 
0.498632 0.368585 15.5106 0.503449 0.361977 0.925 0.310887 
0.498618 0.377006 13.8886 0.511462 0.359388 0.95 0.310887 
0.498608 0.385883 12.2666 0.51991 0.356663 0.975 0.310887 
0.498602 0.395215 10.6446 0.528793 0.353803 1 0.310887 
0.511755 0.360644 17.1544 0.50297 0.372799 0.9 0.319068 
0.511736 0.368604 15.5324 0.510522 0.370283 0.925 0.319068 
0.511721 0.377019 13.9105 0.518508 0.36763 0.95 0.319068 
0.511711 0.38589 12.2885 0.526927 0.364837 0.975 0.319068 
0.511704 0.395215 10.6665 0.53578 0.361906 1 0.319068 
0.524863 0.36067 17.1763 0.510241 0.381075 0.9 0.327249 
0.524842 0.368624 15.5543 0.517766 0.378499 0.925 0.327249 
0.524826 0.377033 13.9323 0.525723 0.37578 0.95 0.327249 
0.524813 0.385897 12.3104 0.534113 0.372919 0.975 0.327249 
0.524805 0.395215 10.6884 0.542934 0.369916 1 0.327249 

ZONE I=5, J=5
0.524863 0.36067 17.1948 0.510241 0.381075 0.9 0.327249 
0.524842 0.368624 15.5643 0.517766 0.378499 0.925 0.327249 
0.524826 0.377033 13.9338 0.525723 0.37578 0.95 0.327249 
0.524813 0.385897 12.3032 0.534113 0.372919 0.975 0.327249 
0.524805 0.395215 10.6727 0.542934 0.369916 1 0.327249 
0.537965 0.360696 17.2191 0.517679 0.389251 0.9 0.335431 
0.537945 0.368645 15.5886 0.525178 0.386615 0.925 0.335431 
0.537929 0.377047 13.958 0.533107 0.383835 0.95 0.335431 
0.537918 0.385904 12.3275 0.541467 0.380909 0.975 0.335431 
0.537911 0.395215 10.697 0.550257 0.377838 1 0.335431 
0.551064 0.360723 17.2434 0.525285 0.397327 0.9 0.343612 
0.551044 0.368665 15.6128 0.532756 0.394632 0.925 0.343612 
0.551029 0.377061 13.9823 0.540656 0.391789 0.95 0.343612 
0.551018 0.385911 12.3518 0.548985 0.388798 0.975 0.343612 
0.551011 0.395215 10.7213 0.557742 0.385658 1 0.343612 
0.564164 0.360751 17.2676 0.533058 0.405304 0.9 0.351793 
0.564143 0.368687 15.6371 0.5405 0.40255 0.925 0.351793 
0.564126 0.377076 14.0066 0.54837 0.399644 0.95 0.351793 
0.564115 0.385918 12.3761 0.556667 0.396586 0.975 0.351793 
0.564107 0.395215 10.7456 0.565391 0.393376 1 0.351793 
0.577266 0.360779 17.2919 0.540997 0.413182 0.9 0.359974 
0.577243 0.368708 15.6614 0.54841 0.410368 0.925 0.359974 
0.577225 0.377091 14.0309 0.556249 0.407398 0.95 0.359974 
0.577211 0.385926 12.4004 0.564513 0.404273 0.975 0.359974 
0.577202 0.395215 10.7698 0.573203 0.400992 1 0.359974 

ZONE I=5, J=5
0.577266 0.360779 17.3124 0.540997 0.413182 0.9 0.359974 
0.577243 0.368708 15.6724 0.54841 0.410368 0.925 0.359974 
0.577225 0.377091 14.0324 0.556249 0.407398 0.95 0.359974 
0.577211 0.385926 12.3925 0.564513 0.404273 0.975 0.359974 
0.577202 0.395215 10.7525 0.573203 0.400992 1 0.359974 
0.590361 0.360809 17.3391 0.5491 0.420949 0.9 0.368156 
0.590339 0.368731 15.6991 0.556484 0.418078 0.925 0.368156 
0.590322 0.377106 14.0592 0.564292 0.415048 0.95 0.368156 
0.59031 0.385934 12.4192 0.572524 0.411859 0.975 0.368156 
0.590303 0.395215 10.7792 0.58118 0.408512 1 0.368156 
0.603454 0.360838 17.3658 0.557365 0.428609 0.9 0.376337 
0.603432 0.368754 15.7258 0.564718 0.425679 0.925 0.376337 
0.603416 0.377122 14.0859 0.572495 0.422588 0.95 0.376337 
0.603404 0.385942 12.4459 0.580693 0.419336 0.975 0.376337 
0.603397 0.395215 10.8059 0.589315 0.415921 1 0.376337 
0.616547 0.360868 17.3925 0.565792 0.436161 0.9 0.384518 
0.616525 0.368777 15.7525 0.573114 0.433173 0.925 0.384518 
0.616507 0.377137 14.1126 0.580858 0.43002 0.95 0.384518 
0.616494 0.38595 12.4726 0.589022 0.426703 0.975 0.384518 
0.616486 0.395215 10.8327 0.597608 0.42322 1 0.384518 
0.629643 0.360899 17.4192 0.574381 0.443604 0.9 0.392699 
0.629619 0.3688 15.7793 0.581672 0.440558 0.925 0.392699 
0.629599 0.377154 14.1393 0.589381 0.437343 0.95 0.392699 
0.629584 0.385958 12.4993 0.59751 0.43396 0.975 0.392699 
0.629574 0.395215 10.8594 0.606058 0.430408 1 0.392699 

ZONE I=5, J=5
0.629643 0.360899 17.4416 0.574381 0.443604 0.9 0.392699 
0.629619 0.3688 15.7913 0.581672 0.440558 0.925 0.392699 
0.629599 0.377154 14.141 0.589381 0.437343 0.95 0.392699 
0.629584 0.385958 12.4907 0.59751 0.43396 0.975 0.392699 
0.629574 0.395215 10.8404 0.606058 0.430408 1 0.392699 
0.642732 0.36093 17.4708 0.583128 0.450929 0.9 0.400881 
0.642708 0.368825 15.8205 0.590387 0.447826 0.925 0.400881 
0.642689 0.37717 14.1702 0.598064 0.444553 0.95 0.400881 
0.642676 0.385967 12.5199 0.606158 0.441108 0.975 0.400881 
0.642668 0.395215 10.8695 0.61467 0.437492 1 0.400881 
0.655818 0.360962 17.5 0.592031 0.458137 0.9 0.409062 
0.655794 0.368849 15.8497 0.599258 0.454978 0.925 0.409062 
0.655776 0.377187 14.1994 0.606901 0.451645 0.95 0.409062 
0.655763 0.385976 12.549 0.614959 0.448137 0.975 0.409062 
0.655756 0.395215 10.8987 0.623433 0.444456 1 0.409062 
0.668904 0.360995 17.5292 0.601092 0.465228 0.9 0.417243 
0.668879 0.368874 15.8789 0.608286 0.462013 0.925 0.417243 
0.66886 0.377204 14.2285 0.615893 0.458619 0.95 0.417243 
0.668846 0.385984 12.5782 0.623915 0.455049 0.975 0.417243 
0.668838 0.395215 10.9279 0.63235 0.451301 1 0.417243 
0.681992 0.361028 17.5584 0.61031 0.472203 0.9 0.425424 
0.681966 0.3689 15.908 0.617469 0.46893 0.925 0.425424 
0.681945 0.377222 14.2577 0.625041 0.465477 0.95 0.425424 
0.681928 0.385993 12.6074 0.633024 0.461842 0.975 0.425424 
0.681918 0.395215 10.9571 0.641419 0.458026 1 0.425424 

ZONE I=5, J=5
0.681992 0.361028 17.5828 0.61031 0.472203 0.9 0.425424 
0.681966 0.3689 15.9212 0.617469 0.46893 0.925 0.425424 
0.681945 0.377222 14.2596 0.625041 0.465477 0.95 0.425424 
0.681928 0.385993 12.598 0.633024 0.461842 0.975 0.425424 
0.681918 0.395215 10.9363 0.641419 0.458026 1 0.425424 
0.695072 0.361062 17.6145 0.619679 0.479049 0.9 0.433605 
0.695046 0.368926 15.9529 0.626805 0.475722 0.925 0.433605 
0.695026 0.37724 14.2912 0.63434 0.472211 0.95 0.433605 
0.695012 0.386003 12.6296 0.642287 0.468517 0.975 0.433605 
0.695004 0.395215 10.968 0.650643 0.464638 1 0.433605 
0.708149 0.361096 17.6461 0.6292 0.485771 0.9 0.441786 
0.708124 0.368952 15.9845 0.636291 0.48239 0.925 0.441786 
0.708105 0.377257 14.3229 0.64379 0.478821 0.95 0.441786 
0.708091 0.386012 12.6613 0.651698 0.475066 0.975 0.441786 
0.708083 0.395215 10.9997 0.660014 0.471123 1 0.441786 
0.721228 0.361131 17.6778 0.638872 0.492369 0.9 0.449967 
0.721202 0.368979 16.0162 0.645928 0.488932 0.925 0.449967 
0.721181 0.377276 14.3546 0.65339 0.485305 0.95 0.449967 
0.721166 0.386021 12.693 0.661258 0.481488 0.975 0.449967 
0.721157 0.395215 11.0314 0.669533 0.477481 1 0.449967 
0.73431 0.361166 17.7095 0.648697 0.498843 0.9 0.458149 
0.734282 0.369006 16.0479 0.655716 0.49535 0.925 0.458149 
0.734259 0.377294 14.3863 0.66314 0.491664 0.95 0.458149 
0.734242 0.386031 12.7247 0.670967 0.487784 0.975 0.458149 
0.73423 0.395215 11.0631 0.679199 0.483712 1 0.458149 

ZONE I=5, J=5
0.73431 0.361166 17.736 0.648697 0.498843 0.9 0.458149 
0.734282 0.369006 16.0621 0.655716 0.49535 0.925 0.458149 
0.734259 0.377294 14.3883 0.66314 0.491664 0.95 0.458149 
0.734242 0.386031 12.7145 0.670967 0.487784 0.975 0.458149 
0.73423 0.395215 11.0406 0.679199 0.483712 1 0.458149 
0.747381 0.361203 17.7702 0.658666 0.505178 0.9 0.46633 
0.747354 0.369034 16.0964 0.665649 0.501633 0.925 0.46633 
0.747332 0.377314 14.4225 0.673035 0.497891 0.95 0.46633 
0.747317 0.386041 12.7487 0.680823 0.493954 0.975 0.46633 
0.747308 0.395215 11.0748 0.689014 0.489821 1 0.46633 
0.76045 0.361239 17.8044 0.66878 0.511381 0.9 0.474511 
0.760423 0.369062 16.1306 0.675727 0.507783 0.925 0.474511 
0.760402 0.377333 14.4567 0.683074 0.503985 0.95 0.474511 
0.760387 0.38605 12.7829 0.690822 0.499989 0.975 0.474511 
0.760379 0.395215 11.1091 0.69897 0.495794 1 0.474511 
0.77352 0.361276 17.8386 0.679041 0.517452 0.9 0.482692 
0.773492 0.369091 16.1648 0.68595 0.5138 0.925 0.482692 
0.77347 0.377352 14.491 0.693257 0.509946 0.95 0.482692 
0.773454 0.38606 12.8171 0.700963 0.50589 0.975 0.482692 
0.773444 0.395215 11.1433 0.709067 0.501632 1 0.482692 
0.786593 0.361314 17.8729 0.689448 0.523391 0.9 0.490874 
0.786563 0.36912 16.199 0.696318 0.519684 0.925 0.490874 
0.786539 0.377372 14.5252 0.703584 0.515773 0.95 0.490874 
0.78652 0.38607 12.8514 0.711247 0.511656 0.975 0.490874 
0.786508 0.395215 11.1775 0.719306 0.507335 1 0.490874 

ZONE I=5, J=5
0.786593 0.361314 17.9014 0.689448 0.523391 0.9 0.490874 
0.786563 0.36912 16.2144 0.696318 0.519684 0.925 0.490874 
0.786539 0.377372 14.5273 0.703584 0.515773 0.95 0.490874 
0.78652 0.38607 12.8403 0.711247 0.511656 0.975 0.490874 
0.786508 0.395215 11.1533 0.719306 0.507335 1 0.490874 
0.799654 0.361353 17.9382 0.699992 0.529183 0.9 0.499055 
0.799625 0.36915 16.2512 0.706824 0.525426 0.925 0.499055 
0.799603 0.377393 14.5641 0.714051 0.521461 0.95 0.499055 
0.799587 0.386081 12.8771 0.721672 0.517289 0.975 0.499055 
0.799577 0.395215 11.1901 0.729687 0.512908 1 0.499055 
0.812714 0.361391 17.975 0.710675 0.534835 0.9 0.507236 
0.812685 0.36918 16.288 0.717469 0.531027 0.925 0.507236 
0.812663 0.377413 14.601 0.724655 0.527008 0.95 0.507236 
0.812647 0.386091 12.9139 0.732233 0.522778 0.975 0.507236 
0.812638 0.395215 11.2269 0.740203 0.518339 1 0.507236 
0.825774 0.36143 18.0118 0.721498 0.540347 0.9 0.515417 
0.825745 0.36921 16.3248 0.728252 0.536487 0.925 0.515417 
0.825721 0.377433 14.6378 0.735396 0.532413 0.95 0.515417 
0.825705 0.386102 12.9507 0.74293 0.528126 0.975 0.515417 
0.825694 0.395215 11.2637 0.750854 0.523625 1 0.515417 
0.838838 0.361471 18.0486 0.732462 0.545719 0.9 0.523599 
0.838806 0.369241 16.3616 0.739175 0.541807 0.925 0.523599 
0.83878 0.377455 14.6746 0.746275 0.537677 0.95 0.523599 
0.838761 0.386113 12.9876 0.753764 0.533331 0.975 0.523599 
0.838747 0.395215 11.3005 0.76164 0.528769 1 0.523599 

ZONE I=5, J=5
0.838838 0.361471 18.0793 0.732462 0.545719 0.9 0.523599 
0.838806 0.369241 16.3781 0.739175 0.541807 0.925 0.523599 
0.83878 0.377455 14.6769 0.746275 0.537677 0.95 0.523599 
0.838761 0.386113 12.9757 0.753764 0.533331 0.975 0.523599 
0.838747 0.395215 11.2745 0.76164 0.528769 1 0.523599 
0.851889 0.361511 18.1187 0.743555 0.550937 0.9 0.53178 
0.851858 0.369272 16.4175 0.750228 0.546975 0.925 0.53178 
0.851834 0.377476 14.7163 0.757287 0.542795 0.95 0.53178 
0.851817 0.386124 13.0151 0.764732 0.538395 0.975 0.53178 
0.851807 0.395215 11.3139 0.772562 0.533776 1 0.53178 
0.864938 0.361552 18.1582 0.754781 0.556007 0.9 0.539961 
0.864907 0.369304 16.457 0.761413 0.551996 0.925 0.539961 
0.864884 0.377498 14.7558 0.76843 0.547763 0.95 0.539961 
0.864867 0.386135 13.0546 0.775829 0.543309 0.975 0.539961 
0.864858 0.395215 11.3534 0.783613 0.538632 1 0.539961 
0.877988 0.361594 18.1976 0.76614 0.56093 0.9 0.548142 
0.877956 0.369335 16.4964 0.772731 0.556869 0.925 0.548142 
0.877932 0.377519 14.7952 0.779703 0.552583 0.95 0.548142 
0.877914 0.386146 13.094 0.787056 0.548073 0.975 0.548142 
0.877903 0.395215 11.3928 0.794791 0.543338 1 0.548142 
0.89104 0.361636 18.237 0.777632 0.565705 0.9 0.556324 
0.891007 0.369368 16.5358 0.78418 0.561593 0.925 0.556324 
0.89098 0.377542 14.8346 0.791107 0.557254 0.95 0.556324 
0.890959 0.386157 13.1334 0.798413 0.552687 0.975 0.556324 
0.890945 0.395215 11.4322 0.806097 0.547892 1 0.556324 

ZONE I=5, J=5
0.89104 0.361636 18.2698 0.777632 0.565705 0.9 0.556324 
0.891007 0.369368 16.5535 0.78418 0.561593 0.925 0.556324 
0.89098 0.377542 14.8371 0.791107 0.557254 0.95 0.556324 
0.890959 0.386157 13.1207 0.798413 0.552687 0.975 0.556324 
0.890945 0.395215 11.4044 0.806097 0.547892 1 0.556324 
0.90408 0.361679 18.3119 0.789246 0.570318 0.9 0.564505 
0.904048 0.369401 16.5956 0.795753 0.566159 0.925 0.564505 
0.904023 0.377565 14.8792 0.802637 0.561771 0.95 0.564505 
0.904005 0.386169 13.1629 0.809897 0.557152 0.975 0.564505 
0.903994 0.395215 11.4465 0.817533 0.552303 1 0.564505 
0.917118 0.361722 18.3541 0.800987 0.574776 0.9 0.572686 
0.917086 0.369434 16.6377 0.807451 0.57057 0.925 0.572686 
0.917061 0.377587 14.9213 0.81429 0.566131 0.95 0.572686 
0.917044 0.386181 13.205 0.821503 0.56146 0.975 0.572686 
0.917033 0.395215 11.4886 0.82909 0.556556 1 0.572686 
0.930156 0.361766 18.3962 0.812854 0.57908 0.9 0.580867 
0.930123 0.369468 16.6798 0.819274 0.574826 0.925 0.580867 
0.930097 0.37761 14.9635 0.826067 0.570336 0.95 0.580867 
0.930079 0.386192 13.2471 0.833231 0.565611 0.975 0.580867 
0.930067 0.395215 11.5307 0.840768 0.56065 1 0.580867 
0.943197 0.36181 18.4383 0.824847 0.583229 0.9 0.589049 
0.943162 0.369502 16.7219 0.831223 0.578926 0.925 0.589049 
0.943133 0.377633 15.0056 0.837968 0.574385 0.95 0.589049 
0.943112 0.386204 13.2892 0.845082 0.569605 0.975 0.589049 
0.943097 0.395215 11.5728 0.852566 0.564586 1 0.589049 

ZONE I=5, J=5
0.943197 0.36181 18.4733 0.824847 0.583229 0.9 0.589049 
0.943162 0.369502 16.7407 0.831223 0.578926 0.925 0.589049 
0.943133 0.377633 15.0082 0.837968 0.574385 0.95 0.589049 
0.943112 0.386204 13.2756 0.845082 0.569605 0.975 0.589049 
0.943097 0.395215 11.5431 0.852566 0.564586 1 0.589049 
0.956224 0.361855 18.5182 0.836953 0.587208 0.9 0.59723 
0.956191 0.369537 16.7856 0.843286 0.58286 0.925 0.59723 
0.956164 0.377657 15.0531 0.849986 0.578272 0.95 0.59723 
0.956145 0.386217 13.3205 0.857053 0.573443 0.975 0.59723 
0.956134 0.395215 11.588 0.864488 0.568373 1 0.59723 
0.969249 0.3619 18.563 0.849179 0.591025 0.9 0.605411 
0.969216 0.369571 16.8305 0.855468 0.586632 0.925 0.605411 
0.96919 0.377681 15.0979 0.862121 0.581996 0.95 0.605411 
0.969172 0.386229 13.3654 0.869139 0.577117 0.975 0.605411 
0.969161 0.395215 11.6328 0.876522 0.571994 1 0.605411 
0.982275 0.361946 18.6079 0.861524 0.594682 0.9 0.613592 
0.982241 0.369606 16.8753 0.867767 0.590243 0.925 0.613592 
0.982214 0.377705 15.1428 0.874372 0.585557 0.95 0.613592 
0.982194 0.386241 13.4102 0.88134 0.580626 0.975 0.613592 
0.982182 0.395215 11.6777 0.88867 0.575449 1 0.613592 
0.995304 0.361993 18.6527 0.873987 0.598176 0.9 0.621774 
0.995267 0.369642 16.9202 0.880183 0.593691 0.925 0.621774 
0.995237 0.377729 15.1876 0.88674 0.588956 0.95 0.621774 
0.995214 0.386253 13.4551 0.893655 0.583972 0.975 0.621774 
0.995198 0.395215 11.7225 0.90093 0.578739 1 0.621774 

ZONE I=5, J=5
0.995304 0.361993 18.69 0.873987 0.598176 0.9 0.621774 
0.995267 0.369642 16.9402 0.880183 0.593691 0.925 0.621774 
0.995237 0.377729 15.1904 0.88674 0.588956 0.95 0.621774 
0.995214 0.386253 13.4406 0.893655 0.583972 0.975 0.621774 
0.995198 0.395215 11.6908 0.90093 0.578739 1 0.621774 
1.00832 0.36204 18.7376 0.886556 0.601494 0.9 0.629955 
1.00828 0.369679 16.9878 0.892708 0.596966 0.925 0.629955 
1.00825 0.377754 15.238 0.899217 0.592186 0.95 0.629955 
1.00823 0.386267 13.4883 0.906084 0.587155 0.975 0.629955 
1.00822 0.395215 11.7385 0.913308 0.581874 1 0.629955 
1.02133 0.362087 18.7852 0.899236 0.604644 0.9 0.638136 
1.02129 0.369715 17.0355 0.905342 0.600072 0.925 0.638136 
1.02127 0.377779 15.2857 0.911803 0.595247 0.95 0.638136 
1.02125 0.386279 13.5359 0.918619 0.590168 0.975 0.638136 
1.02124 0.395215 11.7861 0.925789 0.584836 1 0.638136 
1.03434 0.362134 18.8329 0.912026 0.607626 0.9 0.646317 
1.0343 0.369751 17.0831 0.918085 0.60301 0.925 0.646317 
1.03428 0.377804 15.3333 0.924497 0.598138 0.95 0.646317 
1.03426 0.386292 13.5835 0.93126 0.59301 0.975 0.646317 
1.03424 0.395214 11.8338 0.938376 0.587626 1 0.646317 
1.04735 0.362183 18.8805 0.924927 0.610439 0.9 0.654498 
1.04732 0.369789 17.1307 0.930938 0.605778 0.925 0.654498 
1.04728 0.377829 15.381 0.937298 0.600859 0.95 0.654498 
1.04726 0.386305 13.6312 0.944008 0.595681 0.975 0.654498 
1.04724 0.395215 11.8814 0.951066 0.590243 1 0.654498 

ZONE I=5, J=5
1.04735 0.362183 18.9201 0.924927 0.610439 0.9 0.654498 
1.04732 0.369789 17.152 0.930938 0.605778 0.925 0.654498 
1.04728 0.377829 15.3839 0.937298 0.600859 0.95 0.654498 
1.04726 0.386305 13.6159 0.944008 0.595681 0.975 0.654498 
1.04724 0.395215 11.8478 0.951066 0.590243 1 0.654498 
1.06035 0.362232 18.9705 0.937928 0.61307 0.9 0.66268 
1.06032 0.369827 17.2025 0.943892 0.608368 0.925 0.66268 
1.06029 0.377856 15.4344 0.950204 0.603406 0.95 0.66268 
1.06027 0.386318 13.6663 0.956863 0.598183 0.975 0.66268 
1.06025 0.395215 11.8983 0.963869 0.592699 1 0.66268 
1.07335 0.362281 19.021 0.95103 0.615526 0.9 0.670861 
1.07331 0.369864 17.253 0.956948 0.610783 0.925 0.670861 
1.07329 0.377881 15.4849 0.96321 0.605777 0.95 0.670861 
1.07327 0.386331 13.7168 0.969816 0.600509 0.975 0.670861 
1.07326 0.395215 11.9488 0.976767 0.594977 1 0.670861 
1.08635 0.362331 19.0715 0.964235 0.617807 0.9 0.679042 
1.08631 0.369902 17.3034 0.970104 0.613023 0.925 0.679042 
1.08628 0.377907 15.5354 0.976314 0.607973 0.95 0.679042 
1.08626 0.386344 13.7673 0.982867 0.602657 0.975 0.679042 
1.08625 0.395214 11.9992 0.989761 0.597076 1 0.679042 
1.09935 0.362381 19.122 0.977542 0.619914 0.9 0.687223 
1.09931 0.369941 17.3539 0.983361 0.615087 0.925 0.687223 
1.09927 0.377934 15.5859 0.989518 0.609992 0.95 0.687223 
1.09925 0.386358 13.8178 0.996015 0.604628 0.975 0.687223 
1.09923 0.395215 12.0497 1.00285 0.598996 1 0.687223 

ZONE I=5, J=5
1.09935 0.362381 19.1639 0.977542 0.619914 0.9 0.687223 
1.09931 0.369941 17.3765 0.983361 0.615087 0.925 0.687223 
1.09927 0.377934 15.589 0.989518 0.609992 0.95 0.687223 
1.09925 0.386358 13.8016 0.996015 0.604628 0.975 0.687223 
1.09923 0.395215 12.0141 1.00285 0.598996 1 0.687223 
1.11233 0.362432 19.2173 0.990939 0.621832 0.9 0.695405 
1.11229 0.369981 17.4299 0.996711 0.616967 0.925 0.695405 
1.11226 0.377961 15.6424 1.00282 0.611831 0.95 0.695405 
1.11224 0.386372 13.855 1.00926 0.606425 0.975 0.695405 
1.11223 0.395215 12.0675 1.01604 0.600749 1 0.695405 
1.12531 0.362483 19.2707 1.00443 0.62357 0.9 0.703586 
1.12527 0.37002 17.4833 1.01015 0.618665 0.925 0.703586 
1.12524 0.377988 15.6958 1.01621 0.613488 0.95 0.703586 
1.12522 0.386386 13.9084 1.0226 0.608039 0.975 0.703586 
1.12521 0.395215 12.1209 1.02932 0.602318 1 0.703586 
1.13829 0.362534 19.3241 1.01802 0.625127 0.9 0.711767 
1.13825 0.370059 17.5367 1.02369 0.620183 0.925 0.711767 
1.13822 0.378014 15.7492 1.02969 0.614964 0.95 0.711767 
1.1382 0.386399 13.9618 1.03603 0.60947 0.975 0.711767 
1.13819 0.395214 12.1743 1.04269 0.603702 1 0.711767 
1.15127 0.362587 19.3775 1.03169 0.626504 0.9 0.719948 
1.15123 0.3701 17.5901 1.03732 0.621519 0.925 0.719948 
1.1512 0.378042 15.8026 1.04327 0.616257 0.95 0.719948 
1.15117 0.386414 14.0152 1.04954 0.610718 0.975 0.719948 
1.15115 0.395215 12.2277 1.05615 0.604901 1 0.719948 

ZONE I=5, J=5
1.15127 0.362587 19.4218 1.03169 0.626504 0.9 0.719948 
1.15123 0.3701 17.6139 1.03732 0.621519 0.925 0.719948 
1.1512 0.378042 15.8059 1.04327 0.616257 0.95 0.719948 
1.15117 0.386414 13.998 1.04954 0.610718 0.975 0.719948 
1.15115 0.395215 12.1901 1.05615 0.604901 1 0.719948 
1.16424 0.36264 19.4782 1.04545 0.627686 0.9 0.72813 
1.1642 0.370141 17.6703 1.05103 0.622665 0.925 0.72813 
1.16417 0.37807 15.8623 1.05693 0.617365 0.95 0.72813 
1.16415 0.386428 14.0544 1.06315 0.611786 0.975 0.72813 
1.16413 0.395215 12.2464 1.0697 0.605928 1 0.72813 
1.1772 0.362692 19.5346 1.0593 0.628682 0.9 0.736311 
1.17717 0.370181 17.7266 1.06482 0.623624 0.925 0.736311 
1.17714 0.378098 15.9187 1.07067 0.618285 0.95 0.736311 
1.17711 0.386442 14.1108 1.07684 0.612665 0.975 0.736311 
1.1771 0.395215 12.3028 1.08333 0.606764 1 0.736311 
1.19017 0.362745 19.591 1.07323 0.629492 0.9 0.744492 
1.19013 0.370222 17.783 1.0787 0.624396 0.925 0.744492 
1.1901 0.378125 15.9751 1.08449 0.619018 0.95 0.744492 
1.19007 0.386456 14.1671 1.0906 0.613356 0.975 0.744492 
1.19006 0.395214 12.3592 1.09704 0.607411 1 0.744492 
1.20313 0.3628 19.6473 1.08725 0.630116 0.9 0.752673 
1.20309 0.370264 17.8394 1.09266 0.624983 0.925 0.752673 
1.20305 0.378154 16.0315 1.0984 0.619563 0.95 0.752673 
1.20303 0.386471 14.2235 1.10445 0.613858 0.975 0.752673 
1.20301 0.395215 12.4156 1.11082 0.607867 1 0.752673 

ZONE I=5, J=5
1.20313 0.3628 19.6941 1.08725 0.630116 0.9 0.752673 
1.20309 0.370264 17.8646 1.09266 0.624983 0.925 0.752673 
1.20305 0.378154 16.035 1.0984 0.619563 0.95 0.752673 
1.20303 0.386471 14.2054 1.10445 0.613858 0.975 0.752673 
1.20301 0.395215 12.3758 1.11082 0.607867 1 0.752673 
1.21608 0.362854 19.7536 1.10133 0.63054 0.9 0.760855 
1.21604 0.370306 17.924 1.1067 0.625372 0.925 0.760855 
1.21601 0.378183 16.0944 1.11238 0.619917 0.95 0.760855 
1.21598 0.386486 14.2648 1.11838 0.614175 0.975 0.760855 
1.21597 0.395215 12.4353 1.12469 0.608145 1 0.760855 
1.22903 0.362909 19.813 1.1155 0.630773 0.9 0.769036 
1.22899 0.370348 17.9834 1.12081 0.62557 0.925 0.769036 
1.22895 0.378212 16.1539 1.12644 0.620079 0.95 0.769036 
1.22893 0.386501 14.3243 1.13238 0.614298 0.975 0.769036 
1.22892 0.395215 12.4947 1.13864 0.608229 1 0.769036 
1.24197 0.362964 19.8724 1.12974 0.630814 0.9 0.777217 
1.24193 0.37039 18.0429 1.135 0.625577 0.925 0.777217 
1.2419 0.37824 16.2133 1.14057 0.620048 0.95 0.777217 
1.24187 0.386515 14.3837 1.14646 0.614228 0.975 0.777217 
1.24186 0.395214 12.5541 1.15265 0.608117 1 0.777217 
1.25491 0.36302 19.9319 1.14405 0.630665 0.9 0.785398 
1.25487 0.370433 18.1023 1.14926 0.625392 0.925 0.785398 
1.25483 0.37827 16.2727 1.15478 0.619825 0.95 0.785398 
1.25481 0.38653 14.4431 1.1606 0.613964 0.975 0.785398 
1.25479 0.395215 12.6136 1.16673 0.607809 1 0.785398 

ZONE I=5, J=5
1.25491 0.36302 19.9812 1.14405 0.630665 0.9 0.785398 
1.25487 0.370433 18.1288 1.14926 0.625392 0.925 0.785398 
1.25483 0.37827 16.2764 1.15478 0.619825 0.95 0.785398 
1.25481 0.38653 14.4241 1.1606 0.613964 0.975 0.785398 
1.25479 0.395215 12.5717 1.16673 0.607809 1 0.785398 
1.26784 0.363076 20.0438 1.15843 0.63031 0.9 0.79358 
1.2678 0.370476 18.1914 1.16359 0.625005 0.925 0.79358 
1.26777 0.3783 16.339 1.16905 0.619405 0.95 0.79358 
1.26774 0.386546 14.4866 1.17482 0.61351 0.975 0.79358 
1.26773 0.395215 12.6342 1.18089 0.607319 1 0.79358 
1.28077 0.363132 20.1063 1.17287 0.62976 0.9 0.801761 
1.28073 0.37052 18.2539 1.17798 0.624423 0.925 0.801761 
1.28069 0.378329 16.4016 1.18339 0.618788 0.95 0.801761 
1.28067 0.386561 14.5492 1.1891 0.612857 0.975 0.801761 
1.28066 0.395215 12.6968 1.19511 0.606629 1 0.801761 
1.29369 0.363188 20.1689 1.18739 0.629014 0.9 0.809942 
1.29365 0.370563 18.3165 1.19244 0.623644 0.925 0.809942 
1.29361 0.378359 16.4641 1.19779 0.617974 0.95 0.809942 
1.29359 0.386576 14.6117 1.20344 0.612006 0.975 0.809942 
1.29357 0.395214 12.7593 1.20938 0.605739 1 0.809942 
1.30662 0.363246 20.2314 1.20196 0.628072 0.9 0.818123 
1.30657 0.370607 18.3791 1.20696 0.622668 0.925 0.818123 
1.30653 0.378389 16.5267 1.21226 0.616963 0.95 0.818123 
1.3065 0.386592 14.6743 1.21784 0.610957 0.975 0.818123 
1.30648 0.395215 12.8219 1.22372 0.604649 1 0.818123 

ZONE I=5, J=5
1.30662 0.363246 20.2834 1.20196 0.628072 0.9 0.818123 
1.30657 0.370607 18.407 1.20696 0.622668 0.925 0.818123 
1.30653 0.378389 16.5306 1.21226 0.616963 0.95 0.818123 
1.3065 0.386592 14.6542 1.21784 0.610957 0.975 0.818123 
1.30648 0.395215 12.7778 1.22372 0.604649 1 0.818123 
1.31952 0.363304 20.3491 1.21659 0.62692 0.9 0.826305 
1.31948 0.370652 18.4728 1.22154 0.621487 0.925 0.826305 
1.31944 0.37842 16.5964 1.22678 0.615751 0.95 0.826305 
1.31942 0.386608 14.72 1.23231 0.609713 0.975 0.826305 
1.3194 0.395215 12.8436 1.23813 0.603372 1 0.826305 
1.33242 0.363362 20.4149 1.23128 0.625568 0.9 0.834486 
1.33238 0.370696 18.5385 1.23617 0.620105 0.925 0.834486 
1.33235 0.37845 16.6621 1.24136 0.614337 0.95 0.834486 
1.33233 0.386623 14.7858 1.24683 0.608266 0.975 0.834486 
1.33231 0.395215 12.9094 1.25259 0.60189 1 0.834486 
1.34533 0.36342 20.4807 1.24603 0.624016 0.9 0.842667 
1.34528 0.370741 18.6043 1.25087 0.618522 0.925 0.842667 
1.34525 0.37848 16.7279 1.25599 0.612722 0.95 0.842667 
1.34522 0.386638 14.8515 1.2614 0.606616 0.975 0.842667 
1.34521 0.395214 12.9751 1.26709 0.600204 1 0.842667 
1.35823 0.363479 20.5465 1.26083 0.622264 0.9 0.850848 
1.35818 0.370786 18.6701 1.26561 0.616739 0.925 0.850848 
1.35814 0.378512 16.7937 1.27068 0.610906 0.95 0.850848 
1.35811 0.386654 14.9173 1.27602 0.604764 0.975 0.850848 
1.35809 0.395215 13.0409 1.28165 0.598314 1 0.850848 

ZONE I=5, J=5
1.35823 0.363479 20.601 1.26083 0.622264 0.9 0.850848 
1.35818 0.370786 18.6994 1.26561 0.616739 0.925 0.850848 
1.35814 0.378512 16.7978 1.27068 0.610906 0.95 0.850848 
1.35811 0.386654 14.8962 1.27602 0.604764 0.975 0.850848 
1.35809 0.395215 12.9946 1.28165 0.598314 1 0.850848 
1.37111 0.363538 20.6701 1.27567 0.620298 0.9 0.859029 
1.37107 0.370832 18.7685 1.2804 0.614746 0.925 0.859029 
1.37103 0.378543 16.8669 1.28541 0.608884 0.95 0.859029 
1.37101 0.386671 14.9653 1.2907 0.602713 0.975 0.859029 
1.37099 0.395215 13.0637 1.29627 0.596233 1 0.859029 
1.38399 0.363598 20.7391 1.29056 0.618128 0.9 0.86721 
1.38395 0.370878 18.8375 1.29524 0.612548 0.925 0.86721 
1.38391 0.378574 16.9359 1.30019 0.606658 0.95 0.86721 
1.38389 0.386687 15.0344 1.30542 0.600456 0.975 0.86721 
1.38387 0.395215 13.1328 1.31093 0.593943 1 0.86721 
1.39687 0.363657 20.8082 1.3055 0.615754 0.9 0.875391 
1.39682 0.370924 18.9066 1.31012 0.610146 0.925 0.875391 
1.39679 0.378605 17.005 1.31502 0.604225 0.95 0.875391 
1.39676 0.386702 15.1034 1.32018 0.597992 0.975 0.875391 
1.39674 0.395214 13.2018 1.32562 0.591446 1 0.875391 
1.40975 0.363718 20.8773 1.32049 0.613176 0.9 0.883573 
1.4097 0.37097 18.9757 1.32505 0.607539 0.925 0.883573 
1.40966 0.378637 17.0741 1.32989 0.601587 0.95 0.883573 
1.40963 0.386719 15.1725 1.33499 0.595321 0.975 0.883573 
1.40961 0.395215 13.2709 1.34036 0.58874 1 0.883573 

ZONE I=5, J=5
1.40975 0.363718 20.9345 1.32049 0.613176 0.9 0.883573 
1.4097 0.37097 19.0064 1.32505 0.607539 0.925 0.883573 
1.40966 0.378637 17.0784 1.32989 0.601587 0.95 0.883573 
1.40963 0.386719 15.1504 1.33499 0.595321 0.975 0.883573 
1.40961 0.395215 13.2224 1.34036 0.58874 1 0.883573 
1.4226 0.363779 21.0069 1.3355 0.61038 0.9 0.891754 
1.42256 0.371018 19.0789 1.34002 0.604719 0.925 0.891754 
1.42252 0.37867 17.1509 1.34479 0.598741 0.95 0.891754 
1.4225 0.386736 15.2229 1.34984 0.592448 0.975 0.891754 
1.42248 0.395215 13.2949 1.35515 0.585839 1 0.891754 
1.43546 0.363839 21.0794 1.35056 0.607377 0.9 0.899935 
1.43541 0.371064 19.1514 1.35501 0.60169 0.925 0.899935 
1.43538 0.378702 17.2233 1.35974 0.595686 0.95 0.899935 
1.43535 0.386752 15.2953 1.36472 0.589365 0.975 0.899935 
1.43534 0.395215 13.3673 1.36997 0.582727 1 0.899935 
1.44831 0.3639 21.1518 1.36565 0.604166 0.9 0.908116 
1.44826 0.371111 19.2238 1.37005 0.598454 0.925 0.908116 
1.44823 0.378733 17.2958 1.37471 0.592422 0.95 0.908116 
1.4482 0.386768 15.3678 1.37964 0.586072 0.975 0.908116 
1.44818 0.395214 13.4398 1.38482 0.579403 1 0.908116 
1.46116 0.363962 21.2243 1.38078 0.600748 0.9 0.916298 
1.46111 0.371159 19.2963 1.38513 0.595009 0.925 0.916298 
1.46107 0.378766 17.3683 1.38973 0.588949 0.95 0.916298 
1.46104 0.386785 15.4402 1.39458 0.582569 0.975 0.916298 
1.46102 0.395215 13.5122 1.3997 0.575867 1 0.916298 

ZONE I=5, J=5
1.46116 0.363962 21.2839 1.38078 0.600748 0.9 0.916298 
1.46111 0.371159 19.3283 1.38513 0.595009 0.925 0.916298 
1.46107 0.378766 17.3728 1.38973 0.588949 0.95 0.916298 
1.46104 0.386785 15.4172 1.39458 0.582569 0.975 0.916298 
1.46102 0.395215 13.4617 1.3997 0.575867 1 0.916298 
1.47399 0.364025 21.3598 1.39593 0.597109 0.9 0.924479 
1.47395 0.371207 19.4043 1.40022 0.591348 0.925 0.924479 
1.47391 0.378799 17.4487 1.40476 0.585265 0.95 0.924479 
1.47388 0.386802 15.4932 1.40956 0.57886 0.975 0.924479 
1.47387 0.395215 13.5376 1.41462 0.572134 1 0.924479 
1.48682 0.364087 21.4358 1.41111 0.59326 0.9 0.93266 
1.48677 0.371255 19.4802 1.41534 0.587476 0.925 0.93266 
1.48674 0.378832 17.5247 1.41983 0.581368 0.95 0.93266 
1.48671 0.386819 15.5691 1.42457 0.574938 0.975 0.93266 
1.4867 0.395215 13.6136 1.42956 0.568185 1 0.93266 
1.49964 0.364149 21.5117 1.42632 0.5892 0.9 0.940841 
1.4996 0.371302 19.5562 1.43049 0.583392 0.925 0.940841 
1.49956 0.378864 17.6006 1.43492 0.57726 0.95 0.940841 
1.49953 0.386835 15.6451 1.43959 0.570804 0.975 0.940841 
1.49952 0.395214 13.6895 1.44451 0.564023 1 0.940841 
1.51247 0.364212 21.5877 1.44155 0.58493 0.9 0.949023 
1.51242 0.371351 19.6321 1.44567 0.579098 0.925 0.949023 
1.51238 0.378898 17.6766 1.45003 0.57294 0.95 0.949023 
1.51235 0.386853 15.721 1.45464 0.566456 0.975 0.949023 
1.51232 0.395215 13.7655 1.45949 0.559646 1 0.949023 

ZONE I=5, J=5
1.51247 0.364212 21.6491 1.44155 0.58493 0.9 0.949023 
1.51242 0.371351 19.6652 1.44567 0.579098 0.925 0.949023 
1.51238 0.378898 17.6813 1.45003 0.57294 0.95 0.949023 
1.51235 0.386853 15.6974 1.45464 0.566456 0.975 0.949023 
1.51232 0.395215 13.7135 1.45949 0.559646 1 0.949023 
1.52527 0.364276 21.7286 1.45679 0.580436 0.9 0.957204 
1.52522 0.371401 19.7447 1.46085 0.574584 0.925 0.957204 
1.52519 0.378932 17.7608 1.46516 0.568406 0.95 0.957204 
1.52516 0.38687 15.7769 1.46971 0.5619 0.975 0.957204 
1.52514 0.395215 13.793 1.4745 0.555068 1 0.957204 
1.53807 0.36434 21.8082 1.47205 0.575729 0.9 0.965385 
1.53802 0.371449 19.8243 1.47606 0.569857 0.925 0.965385 
1.53799 0.378965 17.8404 1.48031 0.563657 0.95 0.965385 
1.53796 0.386887 15.8565 1.48479 0.557129 0.975 0.965385 
1.53795 0.395215 13.8726 1.48952 0.550273 1 0.965385 
1.55086 0.364403 21.8877 1.48732 0.570809 0.9 0.973566 
1.55081 0.371498 19.9038 1.49128 0.564916 0.925 0.973566 
1.55078 0.378999 17.9199 1.49546 0.558693 0.95 0.973566 
1.55075 0.386904 15.936 1.49989 0.552142 0.975 0.973566 
1.55074 0.395214 13.9521 1.50455 0.545261 1 0.973566 
1.56365 0.364468 21.9673 1.50262 0.565675 0.9 0.981748 
1.5636 0.371548 19.9834 1.50651 0.559761 0.925 0.981748 
1.56357 0.379033 17.9995 1.51064 0.553515 0.95 0.981748 
1.56354 0.386922 16.0156 1.51499 0.546939 0.975 0.981748 
1.56351 0.395215 14.0317 1.51958 0.540033 1 0.981748 

ZONE I=5, J=5
1.56365 0.364468 22.0283 1.50262 0.565675 0.9 0.981748 
1.5636 0.371548 20.0162 1.50651 0.559761 0.925 0.981748 
1.56357 0.379033 18.0042 1.51064 0.553515 0.95 0.981748 
1.56354 0.386922 15.9921 1.51499 0.546939 0.975 0.981748 
1.56351 0.395215 13.9801 1.51958 0.540033 1 0.981748 
1.57642 0.364533 22.1115 1.51791 0.560316 0.9 0.989929 
1.57638 0.371599 20.0995 1.52175 0.554384 0.925 0.989929 
1.57634 0.379068 18.0874 1.52582 0.548121 0.95 0.989929 
1.57632 0.38694 16.0754 1.53012 0.541526 0.975 0.989929 
1.5763 0.395215 14.0633 1.53464 0.5346 1 0.989929 
1.58919 0.364598 22.1948 1.5332 0.554742 0.9 0.99811 
1.58914 0.371649 20.1828 1.53699 0.548793 0.925 0.99811 
1.58911 0.379102 18.1707 1.541 0.54251 0.95 0.99811 
1.58909 0.386957 16.1587 1.54524 0.535896 0.975 0.99811 
1.58908 0.395215 14.1466 1.5497 0.52895 1 0.99811 
1.60195 0.364662 22.2781 1.5485 0.548953 0.9 1.00629 
1.6019 0.371699 20.266 1.55223 0.542985 0.925 1.00629 
1.60187 0.379137 18.254 1.55618 0.536684 0.95 1.00629 
1.60185 0.386975 16.2419 1.56036 0.530049 0.975 1.00629 
1.60184 0.395214 14.2299 1.56475 0.523082 1 1.00629 
1.6147 0.364728 22.3614 1.56381 0.542949 0.9 1.01447 
1.61466 0.37175 20.3493 1.56748 0.536962 0.925 1.01447 
1.61462 0.379173 18.3373 1.57137 0.530641 0.95 1.01447 
1.6146 0.386994 16.3252 1.57548 0.523986 0.975 1.01447 
1.61458 0.395215 14.3132 1.57981 0.516997 1 1.01447 

ZONE I=5, J=5
1.6147 0.364728 22.4155 1.56381 0.542949 0.9 1.01447 
1.61466 0.37175 20.3785 1.56748 0.536962 0.925 1.01447 
1.61462 0.379173 18.3415 1.57137 0.530641 0.95 1.01447 
1.6146 0.386994 16.3045 1.57548 0.523986 0.975 1.01447 
1.61458 0.395215 14.2675 1.57981 0.516997 1 1.01447 
1.62745 0.364796 22.5027 1.57911 0.536713 0.9 1.02266 
1.62741 0.371803 20.4657 1.58273 0.530711 0.925 1.02266 
1.62738 0.379208 18.4288 1.58656 0.524375 0.95 1.02266 
1.62736 0.387013 16.3918 1.59061 0.517704 0.975 1.02266 
1.62735 0.395216 14.3548 1.59488 0.510698 1 1.02266 
1.64018 0.364862 22.59 1.59441 0.530261 0.9 1.03084 
1.64014 0.371854 20.553 1.59797 0.524244 0.925 1.03084 
1.64012 0.379244 18.516 1.60175 0.517892 0.95 1.03084 
1.6401 0.387031 16.479 1.60574 0.511205 0.975 1.03084 
1.6401 0.395215 14.442 1.60994 0.504184 1 1.03084 
1.6529 0.364927 22.6772 1.60969 0.523593 0.9 1.03902 
1.65287 0.371906 20.6402 1.6132 0.51756 0.925 1.03902 
1.65284 0.37928 18.6032 1.61692 0.511193 0.95 1.03902 
1.65283 0.38705 16.5662 1.62085 0.50449 0.975 1.03902 
1.65283 0.395214 14.5293 1.62499 0.497453 1 1.03902 
1.66561 0.364993 22.7645 1.62496 0.516708 0.9 1.0472 
1.66558 0.37196 20.7275 1.62842 0.510659 0.925 1.0472 
1.66556 0.379319 18.6905 1.63208 0.504276 0.95 1.0472 
1.66555 0.38707 16.6535 1.63595 0.497559 0.975 1.0472 
1.66555 0.395215 14.6165 1.64002 0.490507 1 1.0472 

ZONE I=5, J=5
1.66561 0.364993 22.7924 1.62496 0.516708 0.9 1.0472 
1.66558 0.37196 20.7426 1.62842 0.510659 0.925 1.0472 
1.66556 0.379319 18.6928 1.63208 0.504276 0.95 1.0472 
1.66555 0.38707 16.643 1.63595 0.497559 0.975 1.0472 
1.66555 0.395215 14.5932 1.64002 0.490507 1 1.0472 
1.67831 0.365065 22.8839 1.64022 0.509596 0.9 1.05538 
1.67828 0.372014 20.8341 1.64362 0.503537 0.925 1.05538 
1.67827 0.379356 18.7843 1.64723 0.497142 0.95 1.05538 
1.67827 0.38709 16.7345 1.65104 0.490412 0.975 1.05538 
1.67828 0.395215 14.6847 1.65505 0.483347 1 1.05538 
1.69099 0.365133 22.9754 1.65545 0.502263 0.9 1.06356 
1.69097 0.372069 20.9256 1.6588 0.496192 0.925 1.06356 
1.69097 0.379394 18.8759 1.66236 0.489786 0.95 1.06356 
1.69098 0.38711 16.8261 1.66611 0.483046 0.975 1.06356 
1.691 0.395215 14.7763 1.67007 0.475972 1 1.06356 
1.70366 0.365199 23.067 1.67065 0.494707 0.9 1.07174 
1.70365 0.372124 21.0172 1.67396 0.488624 0.925 1.07174 
1.70366 0.379435 18.9674 1.67747 0.482209 0.95 1.07174 
1.70368 0.387132 16.9176 1.68117 0.475462 0.975 1.07174 
1.70372 0.395214 14.8678 1.68507 0.468382 1 1.07174 
1.71631 0.365264 23.1585 1.68583 0.48693 0.9 1.07992 
1.71632 0.372182 21.1087 1.6891 0.480834 0.925 1.07992 
1.71634 0.37948 19.0589 1.69256 0.474411 0.95 1.07992 
1.71638 0.387157 17.0091 1.69622 0.467658 0.975 1.07992 
1.71644 0.395215 14.9593 1.70006 0.460578 1 1.07992 

ZONE I=5, J=5
1.71631 0.365264 23.1044 1.68583 0.48693 0.9 1.07992 
1.71632 0.372182 21.0798 1.6891 0.480834 0.925 1.07992 
1.71634 0.37948 19.0552 1.69256 0.474411 0.95 1.07992 
1.71638 0.387157 17.0306 1.69622 0.467658 0.975 1.07992 
1.71644 0.395215 15.006 1.70006 0.460578 1 1.07992 
1.72896 0.365343 23.2012 1.701 0.478931 0.9 1.0881 
1.72898 0.372242 21.1766 1.70422 0.47283 0.925 1.0881 
1.72902 0.37952 19.152 1.70763 0.466399 0.95 1.0881 
1.72907 0.387178 17.1275 1.71123 0.45964 0.975 1.0881 
1.72913 0.395215 15.1029 1.71502 0.452551 1 1.0881 
1.74158 0.365414 23.298 1.71612 0.4707 0.9 1.09628 
1.74162 0.372302 21.2735 1.7193 0.464593 0.925 1.09628 
1.74168 0.379565 19.2489 1.72268 0.45816 0.95 1.09628 
1.74176 0.387203 17.2243 1.72623 0.451401 0.975 1.09628 
1.74185 0.395215 15.1997 1.72997 0.444315 1 1.09628 
1.75416 0.36548 23.3949 1.73118 0.462238 0.9 1.10446 
1.75424 0.372365 21.3703 1.73435 0.456125 0.925 1.10446 
1.75434 0.379615 19.3457 1.7377 0.449693 0.95 1.10446 
1.75446 0.387232 17.3211 1.74123 0.442943 0.975 1.10446 
1.75459 0.395215 15.2965 1.74494 0.435873 1 1.10446 
1.7667 0.365542 23.4917 1.74618 0.453544 0.9 1.11265 
1.76684 0.372431 21.4671 1.74935 0.447425 0.925 1.11265 
1.76699 0.379673 19.4425 1.75269 0.440998 0.95 1.11265 
1.76717 0.387267 17.4179 1.75621 0.434264 0.975 1.11265 
1.76736 0.395215 15.3933 1.7599 0.427223 1 1.11265 

ZONE I=5, J=5
1.7667 0.365542 23.2033 1.74618 0.453544 0.9 1.11265 
1.76684 0.372431 21.3127 1.74935 0.447425 0.925 1.11265 
1.76699 0.379673 19.4222 1.75269 0.440998 0.95 1.11265 
1.76717 0.387267 17.5316 1.75621 0.434264 0.975 1.11265 
1.76736 0.395215 15.6411 1.7599 0.427223 1 1.11265 
1.77929 0.365628 23.3068 1.76121 0.444642 0.9 1.12083 
1.77946 0.3725 21.4163 1.76435 0.438526 0.925 1.12083 
1.77964 0.379721 19.5257 1.76765 0.432103 0.95 1.12083 
1.77984 0.387293 17.6352 1.77112 0.425371 0.975 1.12083 
1.78005 0.395215 15.7446 1.77476 0.418332 1 1.12083 
1.79178 0.365695 23.4104 1.77611 0.4355 0.9 1.12901 
1.79202 0.372564 21.5198 1.77925 0.429391 0.925 1.12901 
1.79226 0.379774 19.6293 1.78256 0.42298 0.95 1.12901 
1.79253 0.387324 17.7387 1.78603 0.416267 0.975 1.12901 
1.79281 0.395215 15.8481 1.78965 0.409253 1 1.12901 
1.80418 0.365746 23.5139 1.79088 0.42612 0.9 1.13719 
1.80452 0.372626 21.6234 1.79408 0.420019 0.925 1.13719 
1.80487 0.379831 19.7328 1.79743 0.41363 0.95 1.13719 
1.80524 0.38736 17.8422 1.80093 0.406952 0.975 1.13719 
1.80563 0.395215 15.9517 1.80458 0.399987 1 1.13719 
1.81648 0.365784 23.6175 1.80553 0.4165 0.9 1.14537 
1.81696 0.372688 21.7269 1.80882 0.41041 0.925 1.14537 
1.81746 0.379894 19.8364 1.81224 0.404052 0.95 1.14537 
1.81798 0.387403 17.9458 1.81582 0.397427 0.975 1.14537 
1.81852 0.395215 16.0552 1.81953 0.390534 1 1.14537 

ZONE I=5, J=5
1.81648 0.365784 22.7824 1.80553 0.4165 0.9 1.14537 
1.81696 0.372688 21.2864 1.80882 0.41041 0.925 1.14537 
1.81746 0.379894 19.7904 1.81224 0.404052 0.95 1.14537 
1.81798 0.387403 18.2944 1.81582 0.397427 0.975 1.14537 
1.81852 0.395215 16.7984 1.81953 0.390534 1 1.14537 
1.82886 0.36584 22.877 1.82021 0.406685 0.9 1.15355 
1.82947 0.372756 21.381 1.82357 0.400609 0.925 1.15355 
1.83008 0.379958 19.885 1.82705 0.39427 0.95 1.15355 
1.83068 0.387444 18.389 1.83063 0.387671 0.975 1.15355 
1.83128 0.395215 16.8931 1.83433 0.380809 1 1.15355 
1.84109 0.365786 22.9717 1.83468 0.396692 0.9 1.16173 
1.84184 0.372717 21.4757 1.83813 0.390634 0.925 1.16173 
1.84259 0.379932 19.9797 1.84168 0.38431 0.95 1.16173 
1.84332 0.387431 18.4837 1.84534 0.377721 0.975 1.16173 
1.84404 0.395215 16.9877 1.84909 0.370866 1 1.16173 
1.85316 0.365628 23.0663 1.84891 0.38652 0.9 1.16991 
1.85408 0.372574 21.5703 1.85248 0.380486 0.925 1.16991 
1.855 0.37982 20.0744 1.85615 0.374172 0.95 1.16991 
1.85591 0.387367 18.5784 1.85993 0.367578 0.975 1.16991 
1.85681 0.395214 17.0824 1.86382 0.360704 1 1.16991 
1.86508 0.365371 23.161 1.86293 0.37617 0.9 1.1781 
1.86619 0.372331 21.665 1.86662 0.370165 0.925 1.1781 
1.86731 0.379626 20.169 1.87045 0.363855 0.95 1.1781 
1.86844 0.387253 18.673 1.87441 0.357241 0.975 1.1781 
1.86958 0.395215 17.177 1.87851 0.350323 1 1.1781 

ZONE I=5, J=5
1.86508 0.365371 21.9464 1.86293 0.37617 0.9 1.1781 
1.86619 0.372331 20.9963 1.86662 0.370165 0.925 1.1781 
1.86731 0.379626 20.0462 1.87045 0.363855 0.95 1.1781 
1.86844 0.387253 19.096 1.87441 0.357241 0.975 1.1781 
1.86958 0.395215 18.1459 1.87851 0.350323 1 1.1781 
1.87712 0.364804 22.0427 1.8769 0.365963 0.9 1.18628 
1.87826 0.371799 21.0926 1.88057 0.359904 0.925 1.18628 
1.87942 0.379115 20.1425 1.88439 0.353557 0.95 1.18628 
1.8806 0.386752 19.1924 1.88835 0.346922 0.975 1.18628 
1.88181 0.394709 18.2423 1.89246 0.339999 1 1.18628 
1.88898 0.363865 22.1391 1.89051 0.355829 0.9 1.19446 
1.89019 0.370867 21.1889 1.89421 0.349761 0.925 1.19446 
1.89144 0.378177 20.2388 1.89805 0.343422 0.95 1.19446 
1.89273 0.385795 19.2887 1.90205 0.33681 0.975 1.19446 
1.89405 0.393721 18.3386 1.9062 0.329927 1 1.19446 
1.90064 0.362558 22.2354 1.90376 0.345767 0.9 1.20264 
1.90197 0.369539 21.2853 1.90752 0.339735 0.925 1.20264 
1.90336 0.376814 20.3352 1.91144 0.333448 0.95 1.20264 
1.90481 0.384385 19.385 1.91551 0.326906 0.975 1.20264 
1.90631 0.39225 18.4349 1.91975 0.320108 1 1.20264 
1.91209 0.360891 22.3317 1.91666 0.335777 0.9 1.21082 
1.9136 0.367819 21.3816 1.92052 0.329827 0.925 1.21082 
1.91519 0.37503 20.4315 1.92454 0.323637 0.95 1.21082 
1.91685 0.382523 19.4814 1.92873 0.317209 0.975 1.21082 
1.91858 0.390298 18.5312 1.93309 0.310542 1 1.21082 

ZONE I=5, J=5
1.91209 0.360891 21.7539 1.91666 0.335777 0.9 1.21082 
1.9136 0.367819 21.0757 1.92052 0.329827 0.925 1.21082 
1.91519 0.37503 20.3976 1.92454 0.323637 0.95 1.21082 
1.91685 0.382523 19.7195 1.92873 0.317209 0.975 1.21082 
1.91858 0.390298 19.0413 1.93309 0.310542 1 1.21082 
1.92356 0.358733 21.8589 1.92937 0.326069 0.9 1.219 
1.92523 0.365642 21.1808 1.93331 0.320158 0.925 1.219 
1.92697 0.372807 20.5027 1.93741 0.314032 0.95 1.219 
1.92878 0.380228 19.8245 1.94168 0.307691 0.975 1.219 
1.93067 0.387906 19.1464 1.9461 0.301135 1 1.219 
1.93488 0.356189 21.964 1.94177 0.316484 0.9 1.22718 
1.93673 0.363054 21.2858 1.94582 0.310641 0.925 1.22718 
1.93865 0.370159 20.6077 1.95002 0.304599 0.95 1.22718 
1.94065 0.377502 19.9296 1.95438 0.298358 0.975 1.22718 
1.94272 0.385084 19.2515 1.95889 0.291919 1 1.22718 
1.94605 0.353263 22.069 1.95388 0.307022 0.9 1.23536 
1.94809 0.36006 21.3909 1.95805 0.301275 0.925 1.23536 
1.95022 0.367088 20.7128 1.96237 0.295339 0.95 1.23536 
1.95243 0.374346 20.0346 1.96684 0.289212 0.975 1.23536 
1.95472 0.381835 19.3565 1.97147 0.282896 1 1.23536 
1.95706 0.349959 22.1741 1.96569 0.297683 0.9 1.24355 
1.95932 0.356663 21.496 1.96999 0.292062 0.925 1.24355 
1.96167 0.363599 20.8178 1.97444 0.286251 0.95 1.24355 
1.96412 0.370764 20.1397 1.97906 0.280252 0.975 1.24355 
1.96665 0.37816 19.4616 1.98384 0.274064 1 1.24355 

ZONE I=5, J=5
1.95706 0.349959 22.006 1.96569 0.297683 0.9 1.24355 
1.95932 0.356663 21.4055 1.96999 0.292062 0.925 1.24355 
1.96167 0.363599 20.8049 1.97444 0.286251 0.95 1.24355 
1.96412 0.370764 20.2044 1.97906 0.280252 0.975 1.24355 
1.96665 0.37816 19.6038 1.98384 0.274064 1 1.24355 
1.96796 0.346239 22.1068 1.97725 0.288548 0.9 1.25173 
1.97043 0.35287 21.5062 1.98167 0.283024 0.925 1.25173 
1.97299 0.359718 20.9057 1.98624 0.277323 0.95 1.25173 
1.97564 0.366785 20.3051 1.99098 0.271445 0.975 1.25173 
1.97838 0.374069 19.7046 1.99587 0.26539 1 1.25173 
1.97871 0.342154 22.2075 1.98852 0.27954 0.9 1.25991 
1.98138 0.348697 21.607 1.99306 0.274126 0.925 1.25991 
1.98414 0.355449 21.0065 1.99776 0.268544 0.95 1.25991 
1.987 0.362409 20.4059 2.00261 0.262793 0.975 1.25991 
1.98997 0.369579 19.8054 2.00763 0.256873 1 1.25991 
1.98929 0.33771 22.3083 1.99951 0.27066 0.9 1.26809 
1.99216 0.34415 21.7078 2.00417 0.265369 0.925 1.26809 
1.99513 0.350794 21.1072 2.00899 0.259914 0.95 1.26809 
1.99821 0.357641 20.5067 2.01397 0.254296 0.975 1.26809 
2.00139 0.364692 19.9061 2.01911 0.248514 1 1.26809 
1.99969 0.332909 22.4091 2.01022 0.261908 0.9 1.27627 
2.00276 0.339232 21.8085 2.015 0.256751 0.925 1.27627 
2.00595 0.345757 21.208 2.01995 0.251433 0.95 1.27627 
2.00925 0.352484 20.6074 2.02505 0.245953 0.975 1.27627 
2.01266 0.359413 20.0069 2.03033 0.240312 1 1.27627 

ZONE I=5, J=5
1.99969 0.332909 22.3955 2.01022 0.261908 0.9 1.27627 
2.00276 0.339232 21.8012 2.015 0.256751 0.925 1.27627 
2.00595 0.345757 21.207 2.01995 0.251433 0.95 1.27627 
2.00925 0.352484 20.6127 2.02505 0.245953 0.975 1.27627 
2.01266 0.359413 20.0184 2.03033 0.240312 1 1.27627 
2.00992 0.327747 22.4907 2.02065 0.2533 0.9 1.28445 
2.01319 0.333956 21.8964 2.02555 0.24827 0.925 1.28445 
2.01659 0.34036 21.3021 2.03061 0.243085 0.95 1.28445 
2.0201 0.346959 20.7078 2.03584 0.237745 0.975 1.28445 
2.02372 0.353754 20.1135 2.04124 0.232251 1 1.28445 
2.01996 0.322246 22.5858 2.0308 0.244808 0.9 1.29263 
2.02343 0.328333 21.9915 2.03581 0.239908 0.925 1.29263 
2.02703 0.33461 21.3972 2.04099 0.234859 0.95 1.29263 
2.03074 0.341076 20.803 2.04634 0.229661 0.975 1.29263 
2.03457 0.347731 20.2087 2.05185 0.224315 1 1.29263 
2.02981 0.316411 22.6809 2.04067 0.23643 0.9 1.30081 
2.03347 0.322369 22.0866 2.04579 0.231665 0.925 1.30081 
2.03726 0.328511 21.4924 2.05108 0.226756 0.95 1.30081 
2.04117 0.334839 20.8981 2.05654 0.221702 0.975 1.30081 
2.04522 0.341351 20.3038 2.06217 0.216503 1 1.30081 
2.03946 0.310247 22.7761 2.05026 0.228168 0.9 1.309 
2.0433 0.316067 22.1818 2.05548 0.223542 0.925 1.309 
2.04728 0.322069 21.5875 2.06088 0.218774 0.95 1.309 
2.05139 0.328253 20.9932 2.06645 0.213866 0.975 1.309 
2.05564 0.334618 20.399 2.0722 0.208816 1 1.309 

ZONE I=5, J=5
2.03946 0.310247 22.8165 2.05026 0.228168 0.9 1.309 
2.0433 0.316067 22.2036 2.05548 0.223542 0.925 1.309 
2.04728 0.322069 21.5907 2.06088 0.218774 0.95 1.309 
2.05139 0.328253 20.9777 2.06645 0.213866 0.975 1.309 
2.05564 0.334618 20.3648 2.0722 0.208816 1 1.309 
2.04888 0.303773 22.9044 2.05955 0.22002 0.9 1.31718 
2.05291 0.309452 22.2915 2.06488 0.215534 0.925 1.31718 
2.05707 0.315307 21.6785 2.07038 0.210911 0.95 1.31718 
2.06138 0.321339 21.0656 2.07606 0.206153 0.975 1.31718 
2.06582 0.327547 20.4527 2.08192 0.201258 1 1.31718 
2.05807 0.296995 22.9923 2.06856 0.211975 0.9 1.32536 
2.06228 0.302529 22.3794 2.07398 0.207629 0.925 1.32536 
2.06663 0.308234 21.7664 2.07959 0.203152 0.95 1.32536 
2.07112 0.31411 21.1535 2.08537 0.198543 0.975 1.32536 
2.07575 0.320158 20.5406 2.09134 0.193802 1 1.32536 
2.06704 0.28992 23.0802 2.07728 0.204032 0.9 1.33354 
2.07142 0.295304 22.4672 2.0828 0.199827 0.925 1.33354 
2.07594 0.300855 21.8543 2.0885 0.195495 0.95 1.33354 
2.08061 0.306572 21.2414 2.09438 0.191035 0.975 1.33354 
2.08542 0.312456 20.6285 2.10044 0.186449 1 1.33354 
2.07578 0.282553 23.168 2.08572 0.196192 0.9 1.34172 
2.08032 0.287783 22.5551 2.09132 0.192129 0.925 1.34172 
2.085 0.293176 21.9422 2.09711 0.187941 0.95 1.34172 
2.08984 0.298731 21.3293 2.10308 0.183631 0.975 1.34172 
2.09484 0.304448 20.7163 2.10924 0.179197 1 1.34172 

ZONE I=5, J=5
2.07578 0.282553 23.2239 2.08572 0.196192 0.9 1.34172 
2.08032 0.287783 22.5852 2.09132 0.192129 0.925 1.34172 
2.085 0.293176 21.9465 2.09711 0.187941 0.95 1.34172 
2.08984 0.298731 21.3077 2.10308 0.183631 0.975 1.34172 
2.09484 0.304448 20.669 2.10924 0.179197 1 1.34172 
2.08426 0.274916 23.3031 2.09385 0.188437 0.9 1.3499 
2.08895 0.279986 22.6643 2.09954 0.184519 0.925 1.3499 
2.09381 0.285213 22.0256 2.10542 0.180482 0.95 1.3499 
2.09882 0.290598 21.3868 2.11149 0.176326 0.975 1.3499 
2.10398 0.296139 20.7481 2.11774 0.172051 1 1.3499 
2.09249 0.267011 23.3822 2.1017 0.180765 0.9 1.35808 
2.09734 0.271918 22.7434 2.10747 0.176992 0.925 1.35808 
2.10235 0.276977 22.1047 2.11344 0.173104 0.95 1.35808 
2.10752 0.282189 21.466 2.11959 0.169102 0.975 1.35808 
2.11285 0.287553 20.8272 2.12594 0.164985 1 1.35808 
2.10047 0.258842 23.4613 2.10926 0.173178 0.9 1.36626 
2.10546 0.263585 22.8226 2.11511 0.169548 0.925 1.36626 
2.11062 0.268474 22.1838 2.12115 0.165808 0.95 1.36626 
2.11594 0.273511 21.5451 2.12739 0.161958 0.975 1.36626 
2.12143 0.278695 20.9063 2.13382 0.157998 1 1.36626 
2.10819 0.250417 23.5404 2.11653 0.165675 0.9 1.37445 
2.11331 0.254992 22.9017 2.12246 0.162188 0.925 1.37445 
2.11861 0.25971 22.2629 2.12857 0.158595 0.95 1.37445 
2.12408 0.26457 21.6242 2.13489 0.154896 0.975 1.37445 
2.12973 0.269572 20.9855 2.1414 0.15109 1 1.37445 

ZONE I=5, J=5
2.10819 0.250417 23.5969 2.11653 0.165675 0.9 1.37445 
2.11331 0.254992 22.9321 2.12246 0.162188 0.925 1.37445 
2.11861 0.25971 22.2673 2.12857 0.158595 0.95 1.37445 
2.12408 0.26457 21.6025 2.13489 0.154896 0.975 1.37445 
2.12973 0.269572 20.9377 2.1414 0.15109 1 1.37445 
2.11562 0.241769 23.6659 2.1235 0.158242 0.9 1.38263 
2.12088 0.24617 23.0011 2.12949 0.154903 0.925 1.38263 
2.12632 0.250708 22.3364 2.13569 0.151462 0.95 1.38263 
2.13193 0.255384 21.6716 2.14207 0.147919 0.975 1.38263 
2.13772 0.260196 21.0068 2.14866 0.144275 1 1.38263 
2.12277 0.232893 23.735 2.13017 0.15088 0.9 1.39081 
2.12817 0.237119 23.0702 2.13624 0.147687 0.925 1.39081 
2.13374 0.241477 22.4054 2.1425 0.144397 0.95 1.39081 
2.13949 0.245967 21.7406 2.14896 0.141009 0.975 1.39081 
2.14542 0.250588 21.0758 2.15562 0.137524 1 1.39081 
2.12965 0.223797 23.804 2.13656 0.143588 0.9 1.39899 
2.13516 0.227847 23.1392 2.14268 0.14054 0.925 1.39899 
2.14086 0.232023 22.4744 2.149 0.137399 0.95 1.39899 
2.14673 0.236326 21.8096 2.15553 0.134165 0.975 1.39899 
2.1528 0.240754 21.1448 2.16226 0.130837 1 1.39899 
2.13624 0.214486 23.873 2.14265 0.136367 0.9 1.40717 
2.14187 0.218359 23.2082 2.14883 0.133462 0.925 1.40717 
2.14768 0.222352 22.5434 2.15521 0.130468 0.95 1.40717 
2.15368 0.226467 21.8786 2.1618 0.127386 0.975 1.40717 
2.15986 0.230702 21.2139 2.16859 0.124215 1 1.40717 

ZONE I=5, J=5
2.13624 0.214486 23.9238 2.14265 0.136367 0.9 1.40717 
2.14187 0.218359 23.2355 2.14883 0.133462 0.925 1.40717 
2.14768 0.222352 22.5473 2.15521 0.130468 0.95 1.40717 
2.15368 0.226467 21.8591 2.1618 0.127386 0.975 1.40717 
2.15986 0.230702 21.1709 2.16859 0.124215 1 1.40717 
2.14253 0.204987 23.9816 2.14844 0.129196 0.9 1.41535 
2.14827 0.208676 23.2934 2.15467 0.12644 0.925 1.41535 
2.15419 0.212481 22.6052 2.16112 0.123599 0.95 1.41535 
2.16031 0.2164 21.917 2.16777 0.120673 0.975 1.41535 
2.16662 0.220435 21.2288 2.17462 0.117663 1 1.41535 
2.14853 0.195298 24.0395 2.15393 0.12208 0.9 1.42353 
2.15437 0.198803 23.3513 2.16022 0.119469 0.925 1.42353 
2.1604 0.202417 22.6631 2.16672 0.116779 0.95 1.42353 
2.16663 0.206141 21.9748 2.17343 0.114009 0.975 1.42353 
2.17305 0.209975 21.2866 2.18034 0.111159 1 1.42353 
2.15423 0.185425 24.0974 2.15913 0.115016 0.9 1.43171 
2.16016 0.188745 23.4091 2.16547 0.112551 0.925 1.43171 
2.1663 0.192169 22.7209 2.17202 0.110011 0.95 1.43171 
2.17263 0.195697 22.0327 2.17878 0.107395 0.975 1.43171 
2.17916 0.199329 21.3445 2.18575 0.104703 1 1.43171 
2.15963 0.175374 24.1552 2.16404 0.108007 0.9 1.4399 
2.16565 0.178509 23.467 2.17043 0.105685 0.925 1.4399 
2.17188 0.181742 22.7788 2.17702 0.103293 0.95 1.4399 
2.17831 0.185073 22.0906 2.18383 0.100829 0.975 1.4399 
2.18493 0.188503 21.4024 2.19085 0.0982937 1 1.4399 

ZONE I=5, J=5
2.15963 0.175374 24.1976 2.16404 0.108007 0.9 1.4399 
2.16565 0.178509 23.4898 2.17043 0.105685 0.925 1.4399 
2.17188 0.181742 22.7821 2.17702 0.103293 0.95 1.4399 
2.17831 0.185073 22.0743 2.18383 0.100829 0.975 1.4399 
2.18493 0.188503 21.3666 2.19085 0.0982937 1 1.4399 
2.16471 0.165181 24.2434 2.16865 0.10104 0.9 1.44808 
2.17082 0.168125 23.5357 2.17507 0.0988661 0.925 1.44808 
2.17714 0.171162 22.8279 2.18171 0.0966255 0.95 1.44808 
2.18365 0.174291 22.1202 2.18857 0.0943182 0.975 1.44808 
2.19038 0.177512 21.4124 2.19563 0.091944 1 1.44808 
2.16947 0.15484 24.2893 2.17295 0.0941149 0.9 1.45626 
2.17567 0.157594 23.5815 2.17942 0.0920875 0.925 1.45626 
2.18207 0.160433 22.8738 2.1861 0.0899976 0.95 1.45626 
2.18867 0.16336 22.166 2.193 0.0878454 0.975 1.45626 
2.19548 0.166373 21.4583 2.20011 0.0856308 1 1.45626 
2.17393 0.144359 24.3351 2.17697 0.0872321 0.9 1.46444 
2.1802 0.146921 23.6274 2.18347 0.0853496 0.925 1.46444 
2.18667 0.149564 22.9196 2.19019 0.0834091 0.95 1.46444 
2.19336 0.152288 22.2119 2.19713 0.0814105 0.975 1.46444 
2.20025 0.155092 21.5041 2.20428 0.079354 1 1.46444 
2.17806 0.133744 24.381 2.18069 0.0803915 0.9 1.47262 
2.1844 0.136115 23.6732 2.18722 0.0786524 0.925 1.47262 
2.19095 0.138561 22.9655 2.19398 0.0768598 0.95 1.47262 
2.1977 0.141082 22.2577 2.20095 0.0750136 0.975 1.47262 
2.20467 0.143677 21.5499 2.20814 0.0731138 1 1.47262 

ZONE I=5, J=5
2.17806 0.133744 24.4135 2.18069 0.0803915 0.9 1.47262 
2.1844 0.136115 23.6907 2.18722 0.0786524 0.925 1.47262 
2.19095 0.138561 22.968 2.19398 0.0768598 0.95 1.47262 
2.1977 0.141082 22.2452 2.20095 0.0750136 0.975 1.47262 
2.20467 0.143677 21.5224 2.20814 0.0731138 1 1.47262 
2.18188 0.123018 24.4467 2.1841 0.0735782 0.9 1.4808 
2.18828 0.125195 23.7239 2.19067 0.0719859 0.925 1.4808 
2.19489 0.127439 23.0011 2.19746 0.0703446 0.95 1.4808 
2.20171 0.129752 22.2784 2.20446 0.0686541 0.975 1.4808 
2.20875 0.132134 21.5556 2.21169 0.0669144 1 1.4808 
2.18537 0.112182 24.4799 2.18722 0.0667923 0.9 1.48898 
2.19182 0.114163 23.7571 2.19382 0.0653458 0.925 1.48898 
2.1985 0.116206 23.0343 2.20064 0.0638546 0.95 1.48898 
2.20538 0.118312 22.3116 2.20767 0.0623187 0.975 1.48898 
2.21248 0.12048 21.5888 2.21493 0.0607382 1 1.48898 
2.18853 0.101242 24.5131 2.19005 0.0600337 0.9 1.49716 
2.19504 0.103028 23.7903 2.19667 0.0587319 0.925 1.49716 
2.20177 0.10487 23.0675 2.20352 0.0573899 0.95 1.49716 
2.20871 0.106768 22.3447 2.21058 0.0560077 0.975 1.49716 
2.21587 0.108722 21.622 2.21786 0.0545852 1 1.49716 
2.19137 0.0902057 24.5462 2.19258 0.0533023 0.9 1.50535 
2.19793 0.0917959 23.8235 2.19923 0.0521443 0.925 1.50535 
2.2047 0.0934361 23.1007 2.20609 0.0509505 0.95 1.50535 
2.21169 0.0951265 22.3779 2.21318 0.0497208 0.975 1.50535 
2.2189 0.0968671 21.6551 2.22048 0.0484554 1 1.50535 

ZONE I=5, J=5
2.19137 0.0902057 24.5683 2.19258 0.0533023 0.9 1.50535 
2.19793 0.0917959 23.8354 2.19923 0.0521443 0.925 1.50535 
2.2047 0.0934361 23.1024 2.20609 0.0509505 0.95 1.50535 
2.21169 0.0951265 22.3695 2.21318 0.0497208 0.975 1.50535 
2.2189 0.0968671 21.6365 2.22048 0.0484554 1 1.50535 
2.19388 0.0791033 24.5884 2.19481 0.0465931 0.9 1.51353 
2.20048 0.0804953 23.8554 2.20148 0.0455809 0.925 1.51353 
2.20729 0.0819312 23.1225 2.20836 0.0445374 0.95 1.51353 
2.21432 0.0834111 22.3896 2.21547 0.0434625 0.975 1.51353 
2.22158 0.0849349 21.6566 2.2228 0.0423564 1 1.51353 
2.19605 0.0679335 24.6085 2.19674 0.0399013 0.9 1.52171 
2.20269 0.0691274 23.8755 2.20342 0.0390342 0.925 1.52171 
2.20954 0.070359 23.1426 2.21033 0.0381403 0.95 1.52171 
2.21661 0.0716282 22.4097 2.21745 0.0372196 0.975 1.52171 
2.2239 0.0729352 21.6767 2.2248 0.036272 1 1.52171 
2.1979 0.0567036 24.6286 2.19838 0.0332267 0.9 1.52989 
2.20456 0.0576994 23.8956 2.20507 0.0325042 0.925 1.52989 
2.21144 0.0587266 23.1627 2.21199 0.0317592 0.95 1.52989 
2.21855 0.0597853 22.4297 2.21913 0.0309919 0.975 1.52989 
2.22587 0.0608755 21.6968 2.2265 0.0302023 1 1.52989 
2.19941 0.0454205 24.6486 2.19972 0.0265695 0.9 1.53807 
2.20609 0.0462184 23.9157 2.20643 0.0259908 0.925 1.53807 
2.213 0.0470415 23.1828 2.21336 0.0253942 0.95 1.53807 
2.22013 0.0478898 22.4498 2.22051 0.0247796 0.975 1.53807 
2.22748 0.0487632 21.7169 2.22789 0.0241472 1 1.53807 

ZONE I=5, J=5
2.19941 0.0454205 24.6598 2.19972 0.0265695 0.9 1.53807 
2.20609 0.0462184 23.9217 2.20643 0.0259908 0.925 1.53807 
2.213 0.0470415 23.1836 2.21336 0.0253942 0.95 1.53807 
2.22013 0.0478898 22.4456 2.22051 0.0247796 0.975 1.53807 
2.22748 0.0487632 21.7075 2.22789 0.0241472 1 1.53807 
2.20058 0.0341023 24.6665 2.20076 0.0199216 0.9 1.54625 
2.20729 0.0347008 23.9284 2.20747 0.0194878 0.925 1.54625 
2.21421 0.0353182 23.1904 2.21441 0.0190406 0.95 1.54625 
2.22137 0.0359545 22.4523 2.22158 0.01858 0.975 1.54625 
2.22874 0.0366097 21.7142 2.22897 0.0181059 1 1.54625 
2.20142 0.0227533 24.6732 2.2015 0.0132773 0.9 1.55443 
2.20814 0.0231523 23.9351 2.20822 0.0129883 0.925 1.55443 
2.21508 0.0235639 23.1971 2.21517 0.0126904 0.95 1.55443 
2.22225 0.0239881 22.459 2.22234 0.0123835 0.975 1.55443 
2.22964 0.0244249 21.7209 2.22974 0.0120677 1 1.55443 
2.20193 0.0113808 24.6799 2.20195 0.00663681 0.9 1.56261 
2.20865 0.0115803 23.9418 2.20867 0.00649241 0.925 1.56261 
2.2156 0.011786 23.2038 2.21563 0.00634353 0.95 1.56261 
2.22278 0.0119981 22.4657 2.2228 0.00619017 0.975 1.56261 
2.23017 0.0122164 21.7277 2.2302 0.00603234 1 1.56261 
2.2021 -8.08875e-06 24.6866 2.2021 0 0.9 1.5708 
2.20883 -8.11347e-06 23.9486 2.20883 0 0.925 1.5708 
2.21578 -8.13901e-06 23.2105 2.21578 0 0.95 1.5708 
2.22295 -8.16536e-06 22.4724 2.22295 0 0.975 1.5708 
2.23035 -8.19254e-06 21.7344 2.23035 0 1 1.5708 

