ZONE I=2, J=2
0 0.359747 16.8001 0.359747 0 0.9 0 
0 0.394648 10.4096 0.394648 0 1 0 
0.052651 0.359752 16.8056 0.361282 0.0408521 0.9 0.0327249 
0.0526452 0.394648 10.4151 0.39616 0.0397045 1 0.0327249 

ZONE I=2, J=2
0.052651 0.359752 16.8077 0.361282 0.0408521 0.9 0.0327249 
0.0526452 0.394648 10.4138 0.39616 0.0397045 1 0.0327249 
0.1053 0.359768 16.8208 0.365885 0.0815448 0.9 0.0654498 
0.105288 0.394648 10.4269 0.40069 0.0792518 1 0.0654498 

ZONE I=2, J=2
0.1053 0.359768 16.8248 0.365885 0.0815448 0.9 0.0654498 
0.105288 0.394648 10.4243 0.40069 0.0792518 1 0.0654498 
0.157945 0.359795 16.8473 0.373544 0.121919 0.9 0.0981748 
0.157928 0.394648 10.4467 0.408228 0.118485 1 0.0981748 

ZONE I=2, J=2
0.157945 0.359795 16.853 0.373544 0.121919 0.9 0.0981748 
0.157928 0.394648 10.4423 0.408228 0.118485 1 0.0981748 
0.210585 0.359832 16.8847 0.384241 0.161815 0.9 0.1309 
0.210561 0.394648 10.474 0.418756 0.157248 1 0.1309 

ZONE I=2, J=2
0.210585 0.359832 16.8922 0.384241 0.161815 0.9 0.1309 
0.210561 0.394648 10.468 0.418756 0.157248 1 0.1309 
0.263215 0.35988 16.9332 0.39795 0.201077 0.9 0.163625 
0.263186 0.394648 10.509 0.432249 0.195384 1 0.163625 

ZONE I=2, J=2
0.263215 0.35988 16.9425 0.39795 0.201077 0.9 0.163625 
0.263186 0.394648 10.5014 0.432249 0.195384 1 0.163625 
0.315835 0.359938 16.9927 0.414638 0.239546 0.9 0.19635 
0.3158 0.394648 10.5516 0.448675 0.23274 1 0.19635 

ZONE I=2, J=2
0.315835 0.359938 17.0038 0.414638 0.239546 0.9 0.19635 
0.3158 0.394648 10.5423 0.448675 0.23274 1 0.19635 
0.368441 0.360006 17.0634 0.434266 0.277067 0.9 0.229074 
0.3684 0.394648 10.6019 0.467994 0.269161 1 0.229074 

ZONE I=2, J=2
0.368441 0.360006 17.0763 0.434266 0.277067 0.9 0.229074 
0.3684 0.394648 10.5911 0.467994 0.269161 1 0.229074 
0.421033 0.360085 17.1453 0.456787 0.31349 0.9 0.261799 
0.420986 0.394648 10.66 0.49016 0.304499 1 0.261799 

ZONE I=2, J=2
0.421033 0.360085 17.1601 0.456787 0.31349 0.9 0.261799 
0.420986 0.394648 10.6475 0.49016 0.304499 1 0.261799 
0.473607 0.360174 17.2385 0.482146 0.348661 0.9 0.294524 
0.473555 0.394648 10.726 0.515121 0.338603 1 0.294524 

ZONE I=2, J=2
0.473607 0.360174 17.2553 0.482146 0.348661 0.9 0.294524 
0.473555 0.394648 10.7118 0.515121 0.338603 1 0.294524 
0.526161 0.360273 17.3433 0.510282 0.382432 0.9 0.327249 
0.526103 0.394648 10.7998 0.542815 0.371327 1 0.327249 

ZONE I=2, J=2
0.526161 0.360273 17.3619 0.510282 0.382432 0.9 0.327249 
0.526103 0.394648 10.7841 0.542815 0.371327 1 0.327249 
0.578692 0.360382 17.4596 0.541128 0.414657 0.9 0.359974 
0.578629 0.394648 10.8817 0.573176 0.402527 1 0.359974 

ZONE I=2, J=2
0.578692 0.360382 17.4802 0.541128 0.414657 0.9 0.359974 
0.578629 0.394648 10.8643 0.573176 0.402527 1 0.359974 
0.631197 0.3605 17.5876 0.574608 0.445193 0.9 0.392699 
0.631129 0.394648 10.9718 0.60613 0.432061 1 0.392699 

ZONE I=2, J=2
0.631197 0.3605 17.6102 0.574608 0.445193 0.9 0.392699 
0.631129 0.394648 10.9526 0.60613 0.432061 1 0.392699 
0.683674 0.360628 17.7276 0.61064 0.4739 0.9 0.425424 
0.6836 0.394648 11.07 0.641597 0.459792 1 0.425424 

ZONE I=2, J=2
0.683674 0.360628 17.7522 0.61064 0.4739 0.9 0.425424 
0.6836 0.394648 11.0491 0.641597 0.459792 1 0.425424 
0.736119 0.360766 17.8796 0.649138 0.500642 0.9 0.458149 
0.736039 0.394648 11.1766 0.679491 0.485585 1 0.458149 

ZONE I=2, J=2
0.736119 0.360766 17.9063 0.649138 0.500642 0.9 0.458149 
0.736039 0.394648 11.154 0.679491 0.485585 1 0.458149 
0.788528 0.360912 18.044 0.690006 0.525287 0.9 0.490874 
0.788443 0.394648 11.2916 0.719719 0.509309 1 0.490874 

ZONE I=2, J=2
0.788528 0.360912 18.0727 0.690006 0.525287 0.9 0.490874 
0.788443 0.394648 11.2672 0.719719 0.509309 1 0.490874 
0.840899 0.361068 18.2207 0.733143 0.547706 0.9 0.523599 
0.840809 0.394648 11.4153 0.76218 0.530837 1 0.523599 

ZONE I=2, J=2
0.840899 0.361068 18.2516 0.733143 0.547706 0.9 0.523599 
0.840809 0.394648 11.3891 0.76218 0.530837 1 0.523599 
0.893226 0.361232 18.4102 0.778443 0.567775 0.9 0.556324 
0.893132 0.394648 11.5477 0.806771 0.550048 1 0.556324 

ZONE I=2, J=2
0.893226 0.361232 18.4432 0.778443 0.567775 0.9 0.556324 
0.893132 0.394648 11.5197 0.806771 0.550048 1 0.556324 
0.945508 0.361405 18.6127 0.825793 0.585375 0.9 0.589049 
0.945408 0.394648 11.6891 0.853379 0.566823 1 0.589049 

ZONE I=2, J=2
0.945508 0.361405 18.6479 0.825793 0.585375 0.9 0.589049 
0.945408 0.394648 11.6591 0.853379 0.566823 1 0.589049 
0.997738 0.361585 18.8283 0.875074 0.600392 0.9 0.621774 
0.997633 0.394648 11.8395 0.901888 0.581049 1 0.621774 

ZONE I=2, J=2
0.997738 0.361585 18.8658 0.875074 0.600392 0.9 0.621774 
0.997633 0.394648 11.8077 0.901888 0.581049 1 0.621774 
1.04991 0.361774 19.0574 0.92616 0.612717 0.9 0.654498 
1.0498 0.394648 11.9993 0.952174 0.592617 1 0.654498 

ZONE I=2, J=2
1.04991 0.361774 19.0972 0.92616 0.612717 0.9 0.654498 
1.0498 0.394648 11.9654 0.952174 0.592617 1 0.654498 
1.10203 0.361971 19.3003 0.978925 0.622246 0.9 0.687223 
1.10191 0.394648 12.1685 1.00411 0.601427 1 0.687223 

ZONE I=2, J=2
1.10203 0.361971 19.3424 0.978925 0.622246 0.9 0.687223 
1.10191 0.394648 12.1326 1.00411 0.601427 1 0.687223 
1.15407 0.362175 19.5572 1.03323 0.628881 0.9 0.719948 
1.15396 0.394648 12.3474 1.05757 0.607381 1 0.719948 

ZONE I=2, J=2
1.15407 0.362175 19.6018 1.03323 0.628881 0.9 0.719948 
1.15396 0.394648 12.3095 1.05757 0.607381 1 0.719948 
1.20605 0.362386 19.8285 1.08894 0.63253 0.9 0.752673 
1.20593 0.394648 12.5362 1.1124 0.610387 1 0.752673 

ZONE I=2, J=2
1.20605 0.362386 19.8756 1.08894 0.63253 0.9 0.752673 
1.20593 0.394648 12.4962 1.1124 0.610387 1 0.752673 
1.25795 0.362605 20.1146 1.14591 0.633108 0.9 0.785398 
1.25783 0.394648 12.7352 1.16848 0.61036 1 0.785398 

ZONE I=2, J=2
1.25795 0.362605 20.1643 1.14591 0.633108 0.9 0.785398 
1.25783 0.394648 12.6931 1.16848 0.61036 1 0.785398 
1.30977 0.362829 20.4159 1.20398 0.630535 0.9 0.818123 
1.30964 0.394648 12.9446 1.22564 0.607222 1 0.818123 

ZONE I=2, J=2
1.30977 0.362829 20.4681 1.20398 0.630535 0.9 0.818123 
1.30964 0.394648 12.9003 1.22564 0.607222 1 0.818123 
1.3615 0.36306 20.7326 1.26302 0.624739 0.9 0.850848 
1.36137 0.394648 13.1648 1.28374 0.600901 1 0.850848 

ZONE I=2, J=2
1.3615 0.36306 20.7875 1.26302 0.624739 0.9 0.850848 
1.36137 0.394648 13.1182 1.28374 0.600901 1 0.850848 
1.41314 0.363297 21.0652 1.32284 0.615653 0.9 0.883573 
1.413 0.394648 13.3959 1.34263 0.59133 1 0.883573 

ZONE I=2, J=2
1.41314 0.363297 21.1227 1.32284 0.615653 0.9 0.883573 
1.413 0.394648 13.3471 1.34263 0.59133 1 0.883573 
1.46467 0.36354 21.4141 1.38331 0.603218 0.9 0.916298 
1.46453 0.394648 13.6384 1.40213 0.578452 1 0.916298 

ZONE I=2, J=2
1.46467 0.36354 21.4741 1.38331 0.603218 0.9 0.916298 
1.46453 0.394648 13.5876 1.40213 0.578452 1 0.916298 
1.51609 0.363788 21.7794 1.44425 0.587384 0.9 0.949023 
1.51595 0.394648 13.8929 1.46211 0.562216 1 0.949023 

ZONE I=2, J=2
1.51609 0.363788 21.8413 1.44425 0.587384 0.9 0.949023 
1.51595 0.394648 13.8406 1.46211 0.562216 1 0.949023 
1.56739 0.364042 22.1611 1.50549 0.568104 0.9 0.981748 
1.56725 0.394648 14.1604 1.52238 0.542578 1 0.981748 

ZONE I=2, J=2
1.56739 0.364042 22.2226 1.50549 0.568104 0.9 0.981748 
1.56725 0.394648 14.1083 1.52238 0.542578 1 0.981748 
1.61855 0.3643 22.5574 1.56685 0.545344 0.9 1.01447 
1.61843 0.394648 14.4431 1.58277 0.519508 1 1.01447 

ZONE I=2, J=2
1.61855 0.3643 22.6125 1.56685 0.545344 0.9 1.01447 
1.61843 0.394648 14.3967 1.58277 0.519508 1 1.01447 
1.66957 0.364563 22.9631 1.62817 0.519059 0.9 1.0472 
1.66951 0.394648 14.7474 1.64316 0.492975 1 1.0472 

ZONE I=2, J=2
1.66957 0.364563 22.993 1.62817 0.519059 0.9 1.0472 
1.66951 0.394648 14.7224 1.64316 0.492975 1 1.0472 
1.72037 0.364832 23.3609 1.68921 0.48923 0.9 1.07992 
1.72049 0.394648 15.0903 1.70338 0.462991 1 1.07992 

ZONE I=2, J=2
1.72037 0.364832 23.3116 1.68921 0.48923 0.9 1.07992 
1.72049 0.394648 15.1329 1.70338 0.462991 1 1.07992 
1.77089 0.365107 23.7005 1.74975 0.455785 0.9 1.11265 
1.77152 0.394648 15.5218 1.76338 0.429569 1 1.11265 

ZONE I=2, J=2
1.77089 0.365107 23.4242 1.74975 0.455785 0.9 1.11265 
1.77152 0.394648 15.7592 1.76338 0.429569 1 1.11265 
1.8208 0.365352 23.84 1.80928 0.418675 0.9 1.14537 
1.82276 0.394648 16.175 1.82316 0.3928 1 1.14537 

ZONE I=2, J=2
1.8208 0.365352 23.027 1.80928 0.418675 0.9 1.14537 
1.82276 0.394648 16.8977 1.82316 0.3928 1 1.14537 
1.86955 0.364998 23.4121 1.86692 0.378225 0.9 1.1781 
1.87397 0.394648 17.2828 1.88235 0.352523 1 1.1781 

ZONE I=2, J=2
1.86955 0.364998 22.1868 1.86692 0.378225 0.9 1.1781 
1.87397 0.394648 18.2652 1.88235 0.352523 1 1.1781 
1.91673 0.360726 22.5633 1.92094 0.337566 0.9 1.21082 
1.92311 0.390029 18.6416 1.93724 0.312388 1 1.21082 

ZONE I=2, J=2
1.91673 0.360726 21.9596 1.92094 0.337566 0.9 1.21082 
1.92311 0.390029 19.1789 1.93724 0.312388 1 1.21082 
1.96186 0.349981 22.3836 1.97025 0.299207 0.9 1.24355 
1.97131 0.378093 19.6029 1.98823 0.275625 1 1.24355 

ZONE I=2, J=2
1.96186 0.349981 22.2056 1.97025 0.299207 0.9 1.24355 
1.97131 0.378093 19.7531 1.98823 0.275625 1 1.24355 
2.00466 0.333071 22.6119 2.01503 0.263197 0.9 1.27627 
2.01748 0.359505 20.1594 2.03497 0.241624 1 1.27627 

ZONE I=2, J=2
2.00466 0.333071 22.5952 2.01503 0.263197 0.9 1.27627 
2.01748 0.359505 20.1735 2.03497 0.241624 1 1.27627 
2.0446 0.310506 22.9788 2.0553 0.229249 0.9 1.309 
2.06063 0.334822 20.5572 2.07707 0.20991 1 1.309 

ZONE I=2, J=2
2.0446 0.310506 23.0185 2.0553 0.229249 0.9 1.309 
2.06063 0.334822 20.5237 2.07707 0.20991 1 1.309 
2.08109 0.282869 23.373 2.09095 0.197089 0.9 1.34172 
2.09999 0.304722 20.8782 2.11433 0.1801 1 1.34172 

ZONE I=2, J=2
2.08109 0.282869 23.429 2.09095 0.197089 0.9 1.34172 
2.09999 0.304722 20.8308 2.11433 0.1801 1 1.34172 
2.11365 0.250755 23.7483 2.12195 0.166408 0.9 1.37445 
2.13504 0.269878 21.15 2.14667 0.151826 1 1.37445 

ZONE I=2, J=2
2.11365 0.250755 23.8051 2.12195 0.166408 0.9 1.37445 
2.13504 0.269878 21.102 2.14667 0.151826 1 1.37445 
2.14184 0.214816 24.0837 2.14822 0.136953 0.9 1.40717 
2.16532 0.231008 21.3806 2.17403 0.124802 1 1.40717 

ZONE I=2, J=2
2.14184 0.214816 24.1348 2.14822 0.136953 0.9 1.40717 
2.16532 0.231008 21.3373 2.17403 0.124802 1 1.40717 
2.16534 0.175669 24.3684 2.16974 0.10846 0.9 1.4399 
2.19051 0.18878 21.5708 2.19641 0.0987465 1 1.4399 

ZONE I=2, J=2
2.16534 0.175669 24.4111 2.16974 0.10846 0.9 1.4399 
2.19051 0.18878 21.5347 2.19641 0.0987465 1 1.4399 
2.18387 0.133983 24.5962 2.18649 0.0807222 0.9 1.47262 
2.21035 0.143904 21.7198 2.21381 0.0734439 1 1.47262 

ZONE I=2, J=2
2.18387 0.133983 24.6291 2.18649 0.0807222 0.9 1.47262 
2.21035 0.143904 21.692 2.21381 0.0734439 1 1.47262 
2.19725 0.0903742 24.763 2.19846 0.0535186 0.9 1.50535 
2.22465 0.0970279 21.826 2.22623 0.0486709 1 1.50535 

ZONE I=2, J=2
2.19725 0.0903742 24.7853 2.19846 0.0535186 0.9 1.50535 
2.22465 0.0970279 21.8072 2.22623 0.0486709 1 1.50535 
2.20533 0.0455074 24.8664 2.20564 0.0266764 0.9 1.53807 
2.23328 0.0488464 21.8883 2.23368 0.0242536 1 1.53807 

ZONE I=2, J=2
2.20533 0.0455074 24.8776 2.20564 0.0266764 0.9 1.53807 
2.23328 0.0488464 21.8789 2.23368 0.0242536 1 1.53807 
2.20803 -8.11055e-06 24.9047 2.20803 0 0.9 1.5708 
2.23616 -8.21388e-06 21.906 2.23616 0 1 1.5708 

