ZONE I=5, J=5
0 0.357805 17.6379 0.357805 0 0.9 0 
0 0.365645 15.9705 0.365645 0 0.925 0 
0 0.373934 14.3032 0.373934 0 0.95 0 
0 0.382671 12.6359 0.382671 0 0.975 0 
0 0.391855 10.9685 0.391855 0 1 0 
0.0133278 0.357805 17.6393 0.357902 0.0104001 0.9 0.00818126 
0.0133274 0.365645 15.9719 0.365742 0.0103356 0.925 0.00818126 
0.0133271 0.373934 14.3046 0.374031 0.0102674 0.95 0.00818126 
0.0133269 0.382671 12.6373 0.382767 0.0101957 0.975 0.00818126 
0.0133268 0.391855 10.97 0.391951 0.0101205 1 0.00818126 
0.0266529 0.357806 17.6407 0.358194 0.020795 0.9 0.0163625 
0.026652 0.365646 15.9734 0.366033 0.0206658 0.925 0.0163625 
0.0266513 0.373935 14.306 0.374321 0.0205295 0.95 0.0163625 
0.0266508 0.382671 12.6387 0.383056 0.020386 0.975 0.0163625 
0.0266505 0.391855 10.9714 0.392239 0.0202355 1 0.0163625 
0.0399776 0.357808 17.6421 0.358681 0.0311845 0.9 0.0245437 
0.0399762 0.365648 15.9748 0.366518 0.0309907 0.925 0.0245437 
0.039975 0.373936 14.3074 0.374804 0.0307862 0.95 0.0245437 
0.0399742 0.382671 12.6401 0.383537 0.030571 0.975 0.0245437 
0.0399737 0.391855 10.9728 0.392718 0.0303451 1 0.0245437 
0.0533045 0.35781 17.6435 0.359362 0.0415687 0.9 0.0327249 
0.0533025 0.365649 15.9762 0.367198 0.0413103 0.925 0.0327249 
0.0533009 0.373937 14.3088 0.37548 0.0410375 0.95 0.0327249 
0.0532997 0.382672 12.6415 0.384211 0.0407505 0.975 0.0327249 
0.0532989 0.391855 10.9742 0.39339 0.0404492 1 0.0327249 

ZONE I=5, J=5
0.0533045 0.35781 17.6457 0.359362 0.0415687 0.9 0.0327249 
0.0533025 0.365649 15.9775 0.367198 0.0413103 0.925 0.0327249 
0.0533009 0.373937 14.3093 0.37548 0.0410375 0.95 0.0327249 
0.0532997 0.382672 12.6411 0.384211 0.0407505 0.975 0.0327249 
0.0532989 0.391855 10.9728 0.39339 0.0404492 1 0.0327249 
0.0666315 0.357813 17.6491 0.360239 0.0519431 0.9 0.0409062 
0.0666292 0.365652 15.9809 0.368071 0.0516202 0.925 0.0409062 
0.0666274 0.373938 14.3126 0.37635 0.0512795 0.95 0.0409062 
0.0666261 0.382673 12.6444 0.385077 0.050921 0.975 0.0409062 
0.0666253 0.391856 10.9762 0.394252 0.0505447 1 0.0409062 
0.079956 0.357816 17.6524 0.361309 0.0623024 0.9 0.0490874 
0.0799532 0.365654 15.9842 0.369137 0.0619151 0.925 0.0490874 
0.079951 0.37394 14.316 0.377413 0.0615063 0.95 0.0490874 
0.0799495 0.382674 12.6478 0.386136 0.0610763 0.975 0.0490874 
0.0799486 0.391855 10.9796 0.395306 0.0606249 1 0.0490874 
0.0932803 0.357821 17.6558 0.362573 0.0726467 0.9 0.0572686 
0.093277 0.365658 15.9876 0.370397 0.0721948 0.925 0.0572686 
0.0932743 0.373942 14.3194 0.378668 0.071718 0.95 0.0572686 
0.0932724 0.382675 12.6512 0.387386 0.0712162 0.975 0.0572686 
0.0932712 0.391855 10.983 0.396552 0.0706896 1 0.0572686 
0.106607 0.357825 17.6592 0.364032 0.0829759 0.9 0.0654498 
0.106603 0.365661 15.991 0.37185 0.0824594 0.925 0.0654498 
0.1066 0.373945 14.3228 0.380116 0.0819144 0.95 0.0654498 
0.106597 0.382676 12.6546 0.388829 0.0813409 0.975 0.0654498 
0.106596 0.391855 10.9863 0.397988 0.0807389 1 0.0654498 

ZONE I=5, J=5
0.106607 0.357825 17.6634 0.364032 0.0829759 0.9 0.0654498 
0.106603 0.365661 15.9934 0.37185 0.0824594 0.925 0.0654498 
0.1066 0.373945 14.3235 0.380116 0.0819144 0.95 0.0654498 
0.106597 0.382676 12.6535 0.388829 0.0813409 0.975 0.0654498 
0.106596 0.391855 10.9836 0.397988 0.0807389 1 0.0654498 
0.119933 0.357831 17.6692 0.365684 0.0932841 0.9 0.0736311 
0.119928 0.365665 15.9992 0.373497 0.0927035 0.925 0.073631 
0.119925 0.373948 14.3293 0.381757 0.092091 0.95 0.0736311 
0.119923 0.382678 12.6593 0.390463 0.0914464 0.975 0.0736311 
0.119921 0.391856 10.9893 0.399616 0.0907698 1 0.0736311 
0.133256 0.357837 17.6749 0.36753 0.103567 0.9 0.0818123 
0.133251 0.36567 16.005 0.375336 0.102923 0.925 0.0818123 
0.133248 0.373951 14.335 0.383589 0.102242 0.95 0.0818123 
0.133245 0.382679 12.6651 0.392288 0.101527 0.975 0.0818123 
0.133244 0.391855 10.9951 0.401434 0.100775 1 0.0818123 
0.146579 0.357844 17.6807 0.369569 0.113826 0.9 0.0899936 
0.146574 0.365675 16.0108 0.377368 0.113117 0.925 0.0899936 
0.14657 0.373954 14.3408 0.385614 0.112369 0.95 0.0899936 
0.146567 0.382681 12.6708 0.394305 0.111582 0.975 0.0899935 
0.146565 0.391855 11.0009 0.403442 0.110755 1 0.0899936 
0.159905 0.357851 17.6865 0.371801 0.12406 0.9 0.0981748 
0.159899 0.365681 16.0165 0.379593 0.123286 0.925 0.0981748 
0.159894 0.373958 14.3466 0.38783 0.12247 0.95 0.0981748 
0.159891 0.382683 12.6766 0.396512 0.121611 0.975 0.0981748 
0.159888 0.391855 11.0067 0.40564 0.12071 1 0.0981748 

ZONE I=5, J=5
0.159905 0.357851 17.6925 0.371801 0.12406 0.9 0.0981748 
0.159899 0.365681 16.0199 0.379593 0.123286 0.925 0.0981748 
0.159894 0.373958 14.3473 0.38783 0.12247 0.95 0.0981748 
0.159891 0.382683 12.6747 0.396512 0.121611 0.975 0.0981748 
0.159888 0.391855 11.0021 0.40564 0.12071 1 0.0981748 
0.173229 0.357859 17.7006 0.374226 0.134261 0.9 0.106356 
0.173222 0.365687 16.028 0.382009 0.133424 0.925 0.106356 
0.173218 0.373963 14.3555 0.390237 0.132541 0.95 0.106356 
0.173214 0.382685 12.6829 0.398911 0.131611 0.975 0.106356 
0.173212 0.391856 11.0103 0.408029 0.130636 1 0.106356 
0.18655 0.357868 17.7088 0.376843 0.144428 0.9 0.114537 
0.186544 0.365694 16.0362 0.384617 0.143527 0.925 0.114537 
0.186539 0.373967 14.3636 0.392836 0.142577 0.95 0.114537 
0.186535 0.382688 12.691 0.401499 0.141577 0.975 0.114537 
0.186533 0.391855 11.0185 0.410606 0.140527 1 0.114537 
0.199872 0.357877 17.7169 0.379652 0.154561 0.9 0.122718 
0.199865 0.365701 16.0443 0.387416 0.153596 0.925 0.122718 
0.199859 0.373972 14.3718 0.395624 0.152578 0.95 0.122718 
0.199855 0.38269 12.6992 0.404276 0.151507 0.975 0.122718 
0.199853 0.391855 11.0266 0.413373 0.150382 1 0.122718 
0.213197 0.357887 17.7251 0.382653 0.164659 0.9 0.1309 
0.213189 0.365708 16.0525 0.390406 0.16363 0.925 0.1309 
0.213182 0.373977 14.3799 0.398604 0.162545 0.95 0.1309 
0.213177 0.382693 12.7073 0.407244 0.161402 0.975 0.1309 
0.213174 0.391855 11.0348 0.416328 0.160203 1 0.1309 

ZONE I=5, J=5
0.213197 0.357887 17.7328 0.382653 0.164659 0.9 0.1309 
0.213189 0.365708 16.0568 0.390406 0.16363 0.925 0.1309 
0.213182 0.373977 14.3807 0.398604 0.162545 0.95 0.1309 
0.213177 0.382693 12.7046 0.407244 0.161402 0.975 0.1309 
0.213174 0.391855 11.0285 0.416328 0.160203 1 0.1309 
0.226518 0.357897 17.7434 0.385844 0.174714 0.9 0.139081 
0.22651 0.365717 16.0673 0.393587 0.173622 0.925 0.139081 
0.226503 0.373983 14.3912 0.401772 0.17247 0.95 0.139081 
0.226499 0.382696 12.7152 0.410401 0.171258 0.975 0.139081 
0.226496 0.391856 11.0391 0.419472 0.169985 1 0.139081 
0.239837 0.357908 17.7539 0.389226 0.184725 0.9 0.147262 
0.239828 0.365725 16.0778 0.396957 0.18357 0.925 0.147262 
0.239822 0.373989 14.4018 0.40513 0.182351 0.95 0.147262 
0.239817 0.382699 12.7257 0.413745 0.181068 0.975 0.147262 
0.239815 0.391855 11.0496 0.422802 0.179722 1 0.147262 
0.253156 0.35792 17.7644 0.392798 0.194691 0.9 0.155443 
0.253147 0.365734 16.0884 0.400516 0.193473 0.925 0.155443 
0.25314 0.373995 14.4123 0.408676 0.192187 0.95 0.155443 
0.253135 0.382702 12.7362 0.417277 0.190834 0.975 0.155443 
0.253132 0.391855 11.0601 0.42632 0.189414 1 0.155443 
0.266479 0.357933 17.775 0.39656 0.204614 0.9 0.163625 
0.266469 0.365744 16.0989 0.404265 0.203332 0.925 0.163625 
0.266461 0.374001 14.4228 0.412411 0.201978 0.95 0.163625 
0.266455 0.382705 12.7467 0.420998 0.200555 0.975 0.163625 
0.26645 0.391855 11.0707 0.430025 0.19906 1 0.163625 

ZONE I=5, J=5
0.266479 0.357933 17.7846 0.39656 0.204614 0.9 0.163625 
0.266469 0.365744 16.1041 0.404265 0.203332 0.925 0.163625 
0.266461 0.374001 14.4237 0.412411 0.201978 0.95 0.163625 
0.266455 0.382705 12.7432 0.420998 0.200555 0.975 0.163625 
0.26645 0.391855 11.0628 0.430025 0.19906 1 0.163625 
0.279797 0.357946 17.7975 0.40051 0.214482 0.9 0.171806 
0.279787 0.365754 16.1171 0.408202 0.213138 0.925 0.171806 
0.279779 0.374008 14.4366 0.416334 0.211719 0.95 0.171806 
0.279774 0.382709 12.7562 0.424905 0.210226 0.975 0.171806 
0.27977 0.391856 11.0757 0.433917 0.208659 1 0.171806 
0.293113 0.357959 17.8104 0.404649 0.224297 0.9 0.179987 
0.293103 0.365764 16.13 0.412326 0.22289 0.925 0.179987 
0.293095 0.374015 14.4495 0.420442 0.221405 0.95 0.179987 
0.293089 0.382712 12.7691 0.428998 0.219843 0.975 0.179987 
0.293086 0.391855 11.0886 0.437993 0.218203 1 0.179987 
0.30643 0.357974 17.8234 0.408975 0.234058 0.9 0.188168 
0.306419 0.365775 16.1429 0.416637 0.232588 0.925 0.188168 
0.30641 0.374023 14.4624 0.424738 0.231037 0.95 0.188168 
0.306404 0.382716 12.782 0.433277 0.229405 0.975 0.188168 
0.3064 0.391855 11.1015 0.442254 0.227691 1 0.188168 
0.319749 0.357988 17.8363 0.41349 0.243765 0.9 0.19635 
0.319737 0.365787 16.1558 0.421136 0.242232 0.925 0.19635 
0.319728 0.374031 14.4754 0.42922 0.240614 0.95 0.19635 
0.31972 0.38272 12.7949 0.437741 0.238912 0.975 0.19635 
0.319715 0.391855 11.1145 0.4467 0.237125 1 0.19635 

ZONE I=5, J=5
0.319749 0.357988 17.8478 0.41349 0.243765 0.9 0.19635 
0.319737 0.365787 16.1621 0.421136 0.242232 0.925 0.19635 
0.319728 0.374031 14.4764 0.42922 0.240614 0.95 0.19635 
0.31972 0.38272 12.7906 0.437741 0.238912 0.975 0.19635 
0.319715 0.391855 11.1049 0.4467 0.237125 1 0.19635 
0.333064 0.358004 17.8631 0.41819 0.253408 0.9 0.204531 
0.333052 0.365799 16.1774 0.42582 0.251814 0.925 0.204531 
0.333043 0.374039 14.4917 0.433886 0.250131 0.95 0.204531 
0.333037 0.382725 12.806 0.44239 0.24836 0.975 0.204531 
0.333033 0.391856 11.1202 0.451329 0.246502 1 0.204531 
0.346376 0.35802 17.8784 0.423075 0.262987 0.9 0.212712 
0.346364 0.365811 16.1927 0.430688 0.261331 0.925 0.212712 
0.346355 0.374047 14.507 0.438737 0.259583 0.95 0.212712 
0.346349 0.382729 12.8213 0.447221 0.257744 0.975 0.212712 
0.346345 0.391855 11.1355 0.456141 0.255814 1 0.212712 
0.359689 0.358037 17.8937 0.428146 0.272503 0.9 0.220893 
0.359676 0.365824 16.208 0.435741 0.270784 0.925 0.220893 
0.359666 0.374056 14.5223 0.443771 0.268971 0.95 0.220893 
0.359659 0.382733 12.8366 0.452235 0.267063 0.975 0.220893 
0.359655 0.391855 11.1509 0.461135 0.26506 1 0.220893 
0.373004 0.358054 17.9091 0.433401 0.281955 0.9 0.229074 
0.37299 0.365837 16.2233 0.440978 0.280174 0.925 0.229074 
0.372979 0.374065 14.5376 0.448988 0.278295 0.95 0.229074 
0.372971 0.382738 12.8519 0.457432 0.276317 0.975 0.229074 
0.372965 0.391855 11.1662 0.46631 0.274241 1 0.229074 

ZONE I=5, J=5
0.373004 0.358054 17.9225 0.433401 0.281955 0.9 0.229074 
0.37299 0.365837 16.2306 0.440978 0.280174 0.925 0.229074 
0.372979 0.374065 14.5387 0.448988 0.278295 0.95 0.229074 
0.372971 0.382738 12.8468 0.457432 0.276317 0.975 0.229074 
0.372965 0.391855 11.155 0.46631 0.274241 1 0.229074 
0.386316 0.358073 17.9402 0.43884 0.291334 0.9 0.237256 
0.386302 0.365851 16.2483 0.446398 0.289492 0.925 0.237256 
0.386292 0.374075 14.5565 0.454388 0.287549 0.95 0.237256 
0.386284 0.382743 12.8646 0.462812 0.285504 0.975 0.237256 
0.386279 0.391856 11.1727 0.471668 0.283358 1 0.237256 
0.399624 0.358091 17.958 0.44446 0.300639 0.9 0.245437 
0.399611 0.365866 16.2661 0.451999 0.298737 0.925 0.245437 
0.3996 0.374085 14.5742 0.459969 0.296729 0.95 0.245437 
0.399593 0.382748 12.8823 0.468371 0.294617 0.975 0.245437 
0.399588 0.391855 11.1904 0.477204 0.2924 1 0.245437 
0.412933 0.35811 17.9757 0.450263 0.309871 0.9 0.253618 
0.412919 0.36588 16.2838 0.457781 0.307907 0.925 0.253618 
0.412907 0.374095 14.5919 0.465729 0.305835 0.95 0.253618 
0.412899 0.382753 12.9 0.474109 0.303655 0.975 0.253618 
0.412894 0.391855 11.2082 0.482919 0.301366 1 0.253618 
0.426244 0.35813 17.9934 0.456247 0.31903 0.9 0.261799 
0.426228 0.365896 16.3015 0.463744 0.317004 0.925 0.261799 
0.426216 0.374105 14.6097 0.47167 0.314867 0.95 0.261799 
0.426206 0.382758 12.9178 0.480026 0.312618 0.975 0.261799 
0.426199 0.391855 11.2259 0.488812 0.310257 1 0.261799 

ZONE I=5, J=5
0.426244 0.35813 18.0088 0.456247 0.31903 0.9 0.261799 
0.426228 0.365896 16.3099 0.463744 0.317004 0.925 0.261799 
0.426216 0.374105 14.6109 0.47167 0.314867 0.95 0.261799 
0.426206 0.382758 12.9119 0.480026 0.312618 0.975 0.261799 
0.426199 0.391855 11.213 0.488812 0.310257 1 0.261799 
0.439551 0.358151 18.029 0.462411 0.328105 0.9 0.269981 
0.439535 0.365912 16.33 0.469887 0.32602 0.925 0.269981 
0.439523 0.374116 14.6311 0.477791 0.323821 0.95 0.269981 
0.439515 0.382764 12.9321 0.486123 0.321506 0.975 0.269981 
0.43951 0.391856 11.2332 0.494884 0.319076 1 0.269981 
0.452855 0.358172 18.0491 0.468753 0.337098 0.9 0.278162 
0.452839 0.365928 16.3502 0.476207 0.334953 0.925 0.278162 
0.452827 0.374127 14.6512 0.484088 0.33269 0.95 0.278162 
0.452819 0.38277 12.9523 0.492396 0.330309 0.975 0.278162 
0.452814 0.391855 11.2533 0.501131 0.327809 1 0.278162 
0.466159 0.358193 18.0693 0.475273 0.346008 0.9 0.286343 
0.466142 0.365944 16.3704 0.482704 0.343803 0.925 0.286343 
0.46613 0.374138 14.6714 0.490561 0.341476 0.95 0.286343 
0.46612 0.382775 12.9725 0.498844 0.339028 0.975 0.286343 
0.466115 0.391855 11.2735 0.507553 0.336458 1 0.286343 
0.479465 0.358216 18.0895 0.481972 0.354835 0.9 0.294524 
0.479447 0.365962 16.3905 0.489379 0.352569 0.925 0.294524 
0.479433 0.37415 14.6916 0.497211 0.350179 0.95 0.294524 
0.479422 0.382781 12.9926 0.505468 0.347663 0.975 0.294524 
0.479414 0.391855 11.2937 0.514149 0.345022 1 0.294524 

ZONE I=5, J=5
0.479465 0.358216 18.1068 0.481972 0.354835 0.9 0.294524 
0.479447 0.365962 16.3999 0.489379 0.352569 0.925 0.294524 
0.479433 0.37415 14.6929 0.497211 0.350179 0.95 0.294524 
0.479422 0.382781 12.986 0.505468 0.347663 0.975 0.294524 
0.479414 0.391855 11.2791 0.514149 0.345022 1 0.294524 
0.492766 0.358239 18.1294 0.488846 0.363569 0.9 0.302706 
0.492749 0.365979 16.4225 0.49623 0.361245 0.925 0.302706 
0.492736 0.374162 14.7156 0.504037 0.358793 0.95 0.302706 
0.492726 0.382788 13.0086 0.512267 0.356213 0.975 0.302706 
0.49272 0.391856 11.3017 0.520921 0.353504 1 0.302706 
0.506064 0.358262 18.1521 0.495895 0.372212 0.9 0.310887 
0.506047 0.365997 16.4451 0.503254 0.369829 0.925 0.310887 
0.506034 0.374175 14.7382 0.511035 0.367315 0.95 0.310887 
0.506025 0.382794 13.0313 0.519238 0.364669 0.975 0.310887 
0.506019 0.391855 11.3243 0.527864 0.361892 1 0.310887 
0.519363 0.358286 18.1747 0.503117 0.380762 0.9 0.319068 
0.519345 0.366016 16.4678 0.510451 0.37832 0.925 0.319068 
0.519331 0.374187 14.7608 0.518206 0.375743 0.95 0.319068 
0.51932 0.3828 13.0539 0.526381 0.373032 0.975 0.319068 
0.519314 0.391855 11.347 0.534977 0.370186 1 0.319068 
0.532664 0.358311 18.1973 0.510514 0.38922 0.9 0.327249 
0.532644 0.366035 16.4904 0.517822 0.386719 0.925 0.327249 
0.532628 0.3742 14.7835 0.525549 0.384079 0.95 0.327249 
0.532616 0.382807 13.0765 0.533695 0.381301 0.975 0.327249 
0.532608 0.391855 11.3696 0.542261 0.378385 1 0.327249 

ZONE I=5, J=5
0.532664 0.358311 18.2167 0.510514 0.38922 0.9 0.327249 
0.532644 0.366035 16.5008 0.517822 0.386719 0.925 0.327249 
0.532628 0.3742 14.785 0.525549 0.384079 0.95 0.327249 
0.532616 0.382807 13.0691 0.533695 0.381301 0.975 0.327249 
0.532608 0.391855 11.3533 0.542261 0.378385 1 0.327249 
0.545958 0.358336 18.2418 0.518082 0.397576 0.9 0.335431 
0.54594 0.366055 16.5259 0.525364 0.395017 0.925 0.335431 
0.545925 0.374214 14.8101 0.533064 0.392318 0.95 0.335431 
0.545914 0.382814 13.0942 0.541181 0.389476 0.975 0.335431 
0.545908 0.391856 11.3784 0.549717 0.386494 1 0.335431 
0.559251 0.358362 18.2669 0.52582 0.405831 0.9 0.343612 
0.559232 0.366074 16.551 0.533075 0.403215 0.925 0.343612 
0.559217 0.374227 14.8352 0.540746 0.400454 0.95 0.343612 
0.559207 0.382821 13.1193 0.548834 0.397549 0.975 0.343612 
0.559201 0.391855 11.4035 0.557338 0.3945 1 0.343612 
0.572543 0.358388 18.292 0.533727 0.413984 0.9 0.351793 
0.572523 0.366094 16.5762 0.540955 0.41131 0.925 0.351793 
0.572508 0.374241 14.8603 0.548597 0.408489 0.95 0.351793 
0.572496 0.382828 13.1445 0.556654 0.405519 0.975 0.351793 
0.572489 0.391855 11.4286 0.565126 0.402402 1 0.351793 
0.585837 0.358415 18.3171 0.541804 0.422037 0.9 0.359974 
0.585816 0.366115 16.6013 0.549003 0.419305 0.925 0.359974 
0.585799 0.374255 14.8854 0.556615 0.416421 0.95 0.359974 
0.585785 0.382835 13.1696 0.564641 0.413386 0.975 0.359974 
0.585776 0.391855 11.4537 0.57308 0.4102 1 0.359974 

ZONE I=5, J=5
0.585837 0.358415 18.3384 0.541804 0.422037 0.9 0.359974 
0.585816 0.366115 16.6128 0.549003 0.419305 0.925 0.359974 
0.585799 0.374255 14.8871 0.556615 0.416421 0.95 0.359974 
0.585785 0.382835 13.1614 0.564641 0.413386 0.975 0.359974 
0.585776 0.391855 11.4357 0.57308 0.4102 1 0.359974 
0.599125 0.358443 18.3661 0.550047 0.429978 0.9 0.368156 
0.599105 0.366137 16.6404 0.557218 0.427189 0.925 0.368156 
0.599089 0.37427 14.9147 0.564801 0.424247 0.95 0.368156 
0.599077 0.382843 13.189 0.572795 0.421151 0.975 0.368156 
0.59907 0.391856 11.4633 0.581201 0.417901 1 0.368156 
0.612411 0.358471 18.3937 0.558455 0.437808 0.9 0.376337 
0.61239 0.366158 16.668 0.565597 0.434964 0.925 0.376337 
0.612374 0.374285 14.9423 0.573149 0.431963 0.95 0.376337 
0.612363 0.382851 13.2166 0.581111 0.428804 0.975 0.376337 
0.612356 0.391855 11.491 0.589483 0.425488 1 0.376337 
0.625696 0.3585 18.4213 0.567028 0.445529 0.9 0.384518 
0.625674 0.36618 16.6956 0.57414 0.442628 0.925 0.384518 
0.625657 0.3743 14.97 0.58166 0.439567 0.95 0.384518 
0.625645 0.382858 13.2443 0.589589 0.436345 0.975 0.384518 
0.625638 0.391855 11.5186 0.597926 0.432963 1 0.384518 
0.638983 0.358529 18.449 0.575766 0.45314 0.9 0.392699 
0.63896 0.366203 16.7233 0.582847 0.450182 0.925 0.392699 
0.638941 0.374315 14.9976 0.590334 0.447061 0.95 0.392699 
0.638927 0.382866 13.2719 0.598229 0.443775 0.975 0.392699 
0.638917 0.391855 11.5462 0.60653 0.440326 1 0.392699 

ZONE I=5, J=5
0.638983 0.358529 18.4723 0.575766 0.45314 0.9 0.392699 
0.63896 0.366203 16.7359 0.582847 0.450182 0.925 0.392699 
0.638941 0.374315 14.9994 0.590334 0.447061 0.95 0.392699 
0.638927 0.382866 13.2629 0.598229 0.443775 0.975 0.392699 
0.638917 0.391855 11.5264 0.60653 0.440326 1 0.392699 
0.652263 0.35856 18.5025 0.584665 0.46063 0.9 0.400881 
0.652241 0.366226 16.766 0.591715 0.457618 0.925 0.400881 
0.652224 0.374331 15.0296 0.59917 0.454439 0.95 0.400881 
0.652211 0.382875 13.2931 0.607031 0.451093 0.975 0.400881 
0.652203 0.391856 11.5566 0.615297 0.447582 1 0.400881 
0.665541 0.35859 18.5327 0.593722 0.468001 0.9 0.409062 
0.665519 0.36625 16.7962 0.600741 0.464934 0.925 0.409062 
0.665501 0.374347 15.0597 0.608164 0.461698 0.95 0.409062 
0.665489 0.382883 13.3233 0.61599 0.458291 0.975 0.409062 
0.665482 0.391855 11.5868 0.62422 0.454716 1 0.409062 
0.678818 0.358621 18.5629 0.60294 0.475254 0.9 0.417243 
0.678795 0.366273 16.8264 0.609927 0.472132 0.925 0.417243 
0.678777 0.374363 15.0899 0.617315 0.468837 0.95 0.417243 
0.678764 0.382891 13.3534 0.625106 0.465369 0.975 0.417243 
0.678756 0.391855 11.617 0.633298 0.461729 1 0.417243 
0.692098 0.358653 18.5931 0.612317 0.482389 0.9 0.425424 
0.692073 0.366298 16.8566 0.619271 0.479211 0.925 0.425424 
0.692053 0.37438 15.1201 0.626624 0.475857 0.95 0.425424 
0.692037 0.382899 13.3836 0.634378 0.472326 0.975 0.425424 
0.692026 0.391855 11.6471 0.642531 0.46862 1 0.425424 

ZONE I=5, J=5
0.692098 0.358653 18.6185 0.612317 0.482389 0.9 0.425424 
0.692073 0.366298 16.8703 0.619271 0.479211 0.925 0.425424 
0.692053 0.37438 15.122 0.626624 0.475857 0.95 0.425424 
0.692037 0.382899 13.3738 0.634378 0.472326 0.975 0.425424 
0.692026 0.391855 11.6256 0.642531 0.46862 1 0.425424 
0.705368 0.358685 18.6513 0.621848 0.489392 0.9 0.433605 
0.705344 0.366323 16.903 0.628769 0.486161 0.925 0.433605 
0.705326 0.374397 15.1548 0.636089 0.482752 0.95 0.433605 
0.705312 0.382908 13.4066 0.643806 0.479163 0.975 0.433605 
0.705304 0.391856 11.6583 0.651922 0.475397 1 0.433605 
0.718637 0.358718 18.684 0.631534 0.496269 0.9 0.441786 
0.718613 0.366348 16.9358 0.638421 0.492985 0.925 0.441786 
0.718594 0.374415 15.1876 0.645705 0.489519 0.95 0.441786 
0.718581 0.382917 13.4393 0.653386 0.485872 0.975 0.441786 
0.718574 0.391855 11.6911 0.661463 0.482043 1 0.441786 
0.731906 0.358751 18.7168 0.641374 0.503019 0.9 0.449967 
0.731881 0.366374 16.9686 0.648227 0.499682 0.925 0.449967 
0.731862 0.374432 15.2203 0.655474 0.496159 0.95 0.449967 
0.731848 0.382926 13.4721 0.663117 0.492452 0.975 0.449967 
0.731839 0.391855 11.7238 0.671154 0.48856 1 0.449967 
0.745178 0.358785 18.7496 0.651368 0.509644 0.9 0.458149 
0.745151 0.3664 17.0013 0.658186 0.506252 0.925 0.458149 
0.74513 0.37445 15.2531 0.665396 0.502672 0.95 0.458149 
0.745113 0.382935 13.5048 0.672999 0.498904 0.975 0.458149 
0.745102 0.391855 11.7566 0.680994 0.494948 1 0.458149 

ZONE I=5, J=5
0.745178 0.358785 18.7771 0.651368 0.509644 0.9 0.458149 
0.745151 0.3664 17.0162 0.658186 0.506252 0.925 0.458149 
0.74513 0.37445 15.2552 0.665396 0.502672 0.95 0.458149 
0.745113 0.382935 13.4942 0.672999 0.498904 0.975 0.458149 
0.745102 0.391855 11.7332 0.680994 0.494948 1 0.458149 
0.758439 0.35882 18.8125 0.661509 0.516127 0.9 0.46633 
0.758414 0.366427 17.0516 0.668292 0.512684 0.925 0.46633 
0.758393 0.374468 15.2906 0.675466 0.509051 0.95 0.46633 
0.758379 0.382945 13.5296 0.683031 0.505226 0.975 0.46633 
0.75837 0.391856 11.7686 0.690987 0.501212 1 0.46633 
0.771698 0.358854 18.8479 0.671798 0.522476 0.9 0.474511 
0.771673 0.366453 17.0869 0.678546 0.518982 0.925 0.474511 
0.771653 0.374486 15.326 0.685683 0.515294 0.95 0.474511 
0.771639 0.382954 13.565 0.693208 0.511412 0.975 0.474511 
0.77163 0.391855 11.804 0.701123 0.507338 1 0.474511 
0.784958 0.35889 18.8833 0.682236 0.528691 0.9 0.482692 
0.784931 0.36648 17.1223 0.688947 0.525144 0.925 0.482692 
0.78491 0.374505 15.3613 0.696046 0.521401 0.95 0.482692 
0.784895 0.382963 13.6004 0.70353 0.517461 0.975 0.482692 
0.784886 0.391855 11.8394 0.711402 0.513326 1 0.482692 
0.79822 0.358926 18.9187 0.692823 0.534771 0.9 0.490874 
0.798192 0.366508 17.1577 0.699496 0.531171 0.925 0.490874 
0.798169 0.374524 15.3967 0.706555 0.527372 0.95 0.490874 
0.798151 0.382973 13.6358 0.713998 0.523374 0.975 0.490874 
0.798139 0.391855 11.8748 0.721826 0.519176 1 0.490874 

ZONE I=5, J=5
0.79822 0.358926 18.9484 0.692823 0.534771 0.9 0.490874 
0.798192 0.366508 17.1737 0.699496 0.531171 0.925 0.490874 
0.798169 0.374524 15.399 0.706555 0.527372 0.95 0.490874 
0.798151 0.382973 13.6243 0.713998 0.523374 0.975 0.490874 
0.798139 0.391855 11.8496 0.721826 0.519176 1 0.490874 
0.811471 0.358963 18.9865 0.703548 0.540702 0.9 0.499055 
0.811444 0.366537 17.2118 0.710186 0.537053 0.925 0.499055 
0.811422 0.374544 15.437 0.717206 0.533202 0.95 0.499055 
0.811407 0.382983 13.6623 0.724609 0.52915 0.975 0.499055 
0.811397 0.391856 11.8876 0.732395 0.524895 1 0.499055 
0.824719 0.359 19.0245 0.714416 0.546491 0.9 0.507236 
0.824692 0.366565 17.2498 0.721016 0.542792 0.925 0.507236 
0.824671 0.374563 15.4751 0.727997 0.538889 0.95 0.507236 
0.824656 0.382993 13.7004 0.735358 0.53478 0.975 0.507236 
0.824648 0.391855 11.9257 0.7431 0.530468 1 0.507236 
0.837968 0.359037 19.0626 0.725426 0.552137 0.9 0.515417 
0.83794 0.366594 17.2879 0.731988 0.548388 0.925 0.515417 
0.837918 0.374582 15.5132 0.738928 0.544431 0.95 0.515417 
0.837902 0.383003 13.7384 0.746246 0.540267 0.975 0.515417 
0.837892 0.391855 11.9637 0.753944 0.535895 1 0.515417 
0.851221 0.359075 19.1006 0.736579 0.557641 0.9 0.523599 
0.85119 0.366623 17.3259 0.7431 0.553841 0.925 0.523599 
0.851166 0.374603 15.5512 0.749998 0.54983 0.95 0.523599 
0.851147 0.383013 13.7765 0.757273 0.545608 0.975 0.523599 
0.851134 0.391855 12.0018 0.764924 0.541176 1 0.523599 

ZONE I=5, J=5
0.851221 0.359075 19.1326 0.736579 0.557641 0.9 0.523599 
0.85119 0.366623 17.3431 0.7431 0.553841 0.925 0.523599 
0.851166 0.374603 15.5536 0.749998 0.54983 0.95 0.523599 
0.851147 0.383013 13.7642 0.757273 0.545608 0.975 0.523599 
0.851134 0.391855 11.9747 0.764924 0.541176 1 0.523599 
0.86446 0.359114 19.1733 0.747863 0.562987 0.9 0.53178 
0.864431 0.366653 17.3839 0.754346 0.55914 0.925 0.53178 
0.864408 0.374623 15.5944 0.761204 0.555079 0.95 0.53178 
0.864392 0.383024 13.8049 0.768436 0.550805 0.975 0.53178 
0.864382 0.391856 12.0155 0.776043 0.546318 1 0.53178 
0.877697 0.359153 19.2141 0.759282 0.568184 0.9 0.539961 
0.877668 0.366683 17.4246 0.765726 0.564288 0.925 0.539961 
0.877646 0.374644 15.6352 0.772543 0.560177 0.95 0.539961 
0.87763 0.383035 13.8457 0.779732 0.55585 0.975 0.539961 
0.877621 0.391855 12.0562 0.787293 0.551307 1 0.539961 
0.890934 0.359193 19.2549 0.770837 0.573231 0.9 0.548142 
0.890905 0.366714 17.4654 0.777241 0.569286 0.925 0.548142 
0.890881 0.374664 15.6759 0.784015 0.565123 0.95 0.548142 
0.890864 0.383045 13.8865 0.791158 0.560742 0.975 0.548142 
0.890854 0.391855 12.097 0.798672 0.556142 1 0.548142 
0.904175 0.359233 19.2956 0.782528 0.578127 0.9 0.556324 
0.904143 0.366745 17.5062 0.78889 0.574134 0.925 0.556324 
0.904117 0.374686 15.7167 0.795619 0.569918 0.95 0.556324 
0.904097 0.383056 13.9272 0.802717 0.565481 0.975 0.556324 
0.904083 0.391855 12.1378 0.810182 0.560823 1 0.556324 

ZONE I=5, J=5
0.904175 0.359233 19.3298 0.782528 0.578127 0.9 0.556324 
0.904143 0.366745 17.5245 0.78889 0.574134 0.925 0.556324 
0.904117 0.374686 15.7193 0.795619 0.569918 0.95 0.556324 
0.904097 0.383056 13.914 0.802717 0.565481 0.975 0.556324 
0.904083 0.391855 12.1088 0.810182 0.560823 1 0.556324 
0.917401 0.359274 19.3733 0.794342 0.582859 0.9 0.564505 
0.917371 0.366777 17.5681 0.800664 0.57882 0.925 0.564505 
0.917347 0.374708 15.7628 0.807352 0.574557 0.95 0.564505 
0.91733 0.383067 13.9576 0.814405 0.570069 0.975 0.564505 
0.917319 0.391856 12.1523 0.821824 0.565359 1 0.564505 
0.930626 0.359315 19.4168 0.806284 0.587433 0.9 0.572686 
0.930596 0.366808 17.6116 0.812565 0.583348 0.925 0.572686 
0.930573 0.374729 15.8063 0.81921 0.579036 0.95 0.572686 
0.930556 0.383078 14.0011 0.826218 0.574498 0.975 0.572686 
0.930546 0.391855 12.1958 0.833589 0.569733 1 0.572686 
0.943851 0.359357 19.4604 0.818355 0.59185 0.9 0.580867 
0.94382 0.36684 17.6551 0.824594 0.587718 0.925 0.580867 
0.943796 0.374751 15.8499 0.831194 0.583357 0.95 0.580867 
0.943778 0.383089 14.0446 0.838155 0.578766 0.975 0.580867 
0.943766 0.391855 12.2394 0.845477 0.573946 1 0.580867 
0.957079 0.359399 19.5039 0.830555 0.59611 0.9 0.589049 
0.957046 0.366873 17.6986 0.83675 0.59193 0.925 0.589049 
0.957018 0.374773 15.8934 0.843304 0.587518 0.95 0.589049 
0.956997 0.383101 14.0881 0.850216 0.582874 0.975 0.589049 
0.956982 0.391855 12.2829 0.857487 0.577998 1 0.589049 

ZONE I=5, J=5
0.957079 0.359399 19.5403 0.830555 0.59611 0.9 0.589049 
0.957046 0.366873 17.7182 0.83675 0.59193 0.925 0.589049 
0.957018 0.374773 15.8961 0.843304 0.587518 0.95 0.589049 
0.956997 0.383101 14.0741 0.850216 0.582874 0.975 0.589049 
0.956982 0.391855 12.252 0.857487 0.577998 1 0.589049 
0.970292 0.359443 19.5867 0.84287 0.600197 0.9 0.59723 
0.97026 0.366906 17.7646 0.849023 0.595974 0.925 0.59723 
0.970235 0.374796 15.9425 0.855533 0.591516 0.95 0.59723 
0.970217 0.383113 14.1204 0.8624 0.586824 0.975 0.59723 
0.970206 0.391856 12.2983 0.869623 0.581898 1 0.59723 
0.983503 0.359486 19.633 0.855305 0.60412 0.9 0.605411 
0.983472 0.366939 17.8109 0.861416 0.599852 0.925 0.605411 
0.983447 0.374819 15.9888 0.867881 0.595348 0.95 0.605411 
0.98343 0.383124 14.1667 0.874701 0.590607 0.975 0.605411 
0.983419 0.391855 12.3446 0.881874 0.585629 1 0.605411 
0.996714 0.359529 19.6794 0.867862 0.607879 0.9 0.613592 
0.996682 0.366973 17.8573 0.873929 0.603566 0.925 0.613592 
0.996656 0.374841 16.0352 0.880348 0.599014 0.95 0.613592 
0.996638 0.383136 14.2131 0.887118 0.594223 0.975 0.613592 
0.996626 0.391855 12.391 0.89424 0.589193 1 0.613592 
1.00993 0.359574 19.7257 0.880539 0.611473 0.9 0.621774 
1.00989 0.367007 17.9036 0.886561 0.607115 0.925 0.621774 
1.00986 0.374865 16.0815 0.892932 0.602515 0.95 0.621774 
1.00984 0.383148 14.2594 0.899652 0.597672 0.975 0.621774 
1.00983 0.391855 12.4373 0.906721 0.592587 1 0.621774 

ZONE I=5, J=5
1.00993 0.359574 19.7645 0.880539 0.611473 0.9 0.621774 
1.00989 0.367007 17.9245 0.886561 0.607115 0.925 0.621774 
1.00986 0.374865 16.0845 0.892932 0.602515 0.95 0.621774 
1.00984 0.383148 14.2444 0.899652 0.597672 0.975 0.621774 
1.00983 0.391855 12.4044 0.906721 0.592587 1 0.621774 
1.02313 0.359619 19.8137 0.893324 0.614888 0.9 0.629955 
1.02309 0.367042 17.9737 0.899303 0.610488 0.925 0.629955 
1.02307 0.374889 16.1337 0.905628 0.605844 0.95 0.629955 
1.02305 0.38316 14.2937 0.912301 0.600956 0.975 0.629955 
1.02304 0.391856 12.4537 0.91932 0.595823 1 0.629955 
1.03632 0.359664 19.8629 0.906221 0.618131 0.9 0.638136 
1.03629 0.367076 18.0229 0.912156 0.613689 0.925 0.638136 
1.03626 0.374912 16.1829 0.918435 0.609001 0.95 0.638136 
1.03625 0.383172 14.3429 0.925058 0.604066 0.975 0.638136 
1.03624 0.391855 12.5029 0.932026 0.598884 1 0.638136 
1.04952 0.359709 19.9121 0.919231 0.621204 0.9 0.646317 
1.04949 0.367111 18.0721 0.92512 0.616719 0.925 0.646317 
1.04946 0.374936 16.2321 0.931351 0.611985 0.95 0.646317 
1.04944 0.383184 14.3921 0.937923 0.607002 0.975 0.646317 
1.04943 0.391855 12.5521 0.944838 0.60177 1 0.646317 
1.06272 0.359755 19.9613 0.932354 0.624105 0.9 0.654498 
1.06268 0.367147 18.1213 0.938196 0.619577 0.925 0.654498 
1.06265 0.374961 16.2813 0.944377 0.614796 0.95 0.654498 
1.06263 0.383197 14.4413 0.950897 0.609764 0.975 0.654498 
1.06261 0.391855 12.6013 0.957756 0.60448 1 0.654498 

ZONE I=5, J=5
1.06272 0.359755 20.0025 0.932354 0.624105 0.9 0.654498 
1.06268 0.367147 18.1435 0.938196 0.619577 0.925 0.654498 
1.06265 0.374961 16.2844 0.944377 0.614796 0.95 0.654498 
1.06263 0.383197 14.4254 0.950897 0.609764 0.975 0.654498 
1.06261 0.391855 12.5664 0.957756 0.60448 1 0.654498 
1.0759 0.359802 20.0546 0.945577 0.626821 0.9 0.66268 
1.07587 0.367183 18.1956 0.951374 0.622253 0.925 0.66268 
1.07584 0.374986 16.3366 0.957509 0.617431 0.95 0.66268 
1.07582 0.38321 14.4775 0.96398 0.612355 0.975 0.66268 
1.07581 0.391856 12.6185 0.970788 0.607026 1 0.66268 
1.08908 0.359849 20.1068 0.958904 0.629359 0.9 0.670861 
1.08905 0.367219 18.2478 0.964656 0.624751 0.925 0.670861 
1.08902 0.37501 16.3887 0.970742 0.619886 0.95 0.670861 
1.089 0.383222 14.5297 0.977162 0.614766 0.975 0.670861 
1.08899 0.391855 12.6707 0.983917 0.60939 1 0.670861 
1.10226 0.359896 20.1589 0.972335 0.63172 0.9 0.679042 
1.10223 0.367255 18.2999 0.978039 0.62707 0.925 0.679042 
1.1022 0.375035 16.4409 0.984076 0.622163 0.95 0.679042 
1.10218 0.383235 14.5818 0.990444 0.616997 0.975 0.679042 
1.10216 0.391855 12.7228 0.997144 0.611573 1 0.679042 
1.11544 0.359944 20.2111 0.98587 0.633903 0.9 0.687223 
1.1154 0.367292 18.352 0.991526 0.629212 0.925 0.687223 
1.11537 0.37506 16.493 0.997511 0.62426 0.95 0.687223 
1.11535 0.383248 14.634 1.00382 0.619048 0.975 0.687223 
1.11533 0.391855 12.775 1.01047 0.613574 1 0.687223 

ZONE I=5, J=5
1.11544 0.359944 20.2547 0.98587 0.633903 0.9 0.687223 
1.1154 0.367292 18.3755 0.991526 0.629212 0.925 0.687223 
1.11537 0.37506 16.4963 0.997511 0.62426 0.95 0.687223 
1.11535 0.383248 14.6172 1.00382 0.619048 0.975 0.687223 
1.11533 0.391855 12.738 1.01047 0.613574 1 0.687223 
1.12861 0.359993 20.3098 0.999497 0.635894 0.9 0.695405 
1.12857 0.36733 18.4306 1.00511 0.631166 0.925 0.695405 
1.12855 0.375086 16.5515 1.01104 0.626175 0.95 0.695405 
1.12852 0.383261 14.6723 1.01731 0.620921 0.975 0.695405 
1.12851 0.391856 12.7931 1.0239 0.615404 1 0.695405 
1.14177 0.360042 20.365 1.01322 0.637701 0.9 0.703586 
1.14174 0.367367 18.4858 1.01878 0.632935 0.925 0.703586 
1.14171 0.375111 16.6066 1.02467 0.627904 0.95 0.703586 
1.14169 0.383274 14.7274 1.03088 0.622608 0.975 0.703586 
1.14168 0.391855 12.8483 1.03742 0.617047 1 0.703586 
1.15493 0.360091 20.4201 1.02704 0.639325 0.9 0.711767 
1.1549 0.367405 18.5409 1.03255 0.63452 0.925 0.711767 
1.15487 0.375137 16.6618 1.03839 0.629448 0.95 0.711767 
1.15485 0.383287 14.7826 1.04454 0.624108 0.975 0.711767 
1.15483 0.391855 12.9034 1.05102 0.618502 1 0.711767 
1.1681 0.360141 20.4752 1.04095 0.640766 0.9 0.719948 
1.16806 0.367443 18.5961 1.04641 0.635922 0.925 0.719948 
1.16803 0.375163 16.7169 1.0522 0.630807 0.95 0.719948 
1.168 0.383301 14.8377 1.0583 0.625423 0.975 0.719948 
1.16798 0.391855 12.9586 1.06472 0.619769 1 0.719948 

ZONE I=5, J=5
1.1681 0.360141 20.5213 1.04095 0.640766 0.9 0.719948 
1.16806 0.367443 18.6209 1.04641 0.635922 0.925 0.719948 
1.16803 0.375163 16.7204 1.0522 0.630807 0.95 0.719948 
1.168 0.383301 14.8199 1.0583 0.625423 0.975 0.719948 
1.16798 0.391855 12.9195 1.06472 0.619769 1 0.719948 
1.18125 0.360191 20.5795 1.05494 0.642008 0.9 0.72813 
1.18121 0.367483 18.6791 1.06036 0.637129 0.925 0.72813 
1.18118 0.37519 16.7786 1.0661 0.631977 0.95 0.72813 
1.18116 0.383315 14.8781 1.07215 0.626554 0.975 0.72813 
1.18114 0.391856 12.9777 1.07851 0.62086 1 0.72813 
1.19439 0.360242 20.6377 1.06903 0.643062 0.9 0.736311 
1.19435 0.367521 18.7373 1.07439 0.638146 0.925 0.736311 
1.19433 0.375217 16.8368 1.08008 0.632957 0.95 0.736311 
1.19431 0.383328 14.9363 1.08607 0.627494 0.975 0.736311 
1.19429 0.391855 13.0359 1.09238 0.621758 1 0.736311 
1.20753 0.360292 20.696 1.08319 0.643926 0.9 0.744492 
1.2075 0.36756 18.7955 1.08851 0.638974 0.925 0.744492 
1.20747 0.375243 16.895 1.09414 0.633746 0.95 0.744492 
1.20744 0.383341 14.9946 1.10008 0.628242 0.975 0.744492 
1.20743 0.391855 13.0941 1.10634 0.622463 1 0.744492 
1.22068 0.360344 20.7542 1.09745 0.644602 0.9 0.752673 
1.22064 0.3676 18.8537 1.10272 0.639612 0.925 0.752673 
1.22061 0.37527 16.9532 1.10829 0.634344 0.95 0.752673 
1.22058 0.383356 15.0528 1.11418 0.628798 0.975 0.752673 
1.22056 0.391855 13.1523 1.12037 0.622974 1 0.752673 

ZONE I=5, J=5
1.22068 0.360344 20.8028 1.09745 0.644602 0.9 0.752673 
1.22064 0.3676 18.8799 1.10272 0.639612 0.925 0.752673 
1.22061 0.37527 16.9569 1.10829 0.634344 0.95 0.752673 
1.22058 0.383356 15.034 1.11418 0.628798 0.975 0.752673 
1.22056 0.391855 13.1111 1.12037 0.622974 1 0.752673 
1.23381 0.360396 20.8642 1.11178 0.645073 0.9 0.760855 
1.23377 0.36764 18.9412 1.117 0.64005 0.925 0.760855 
1.23374 0.375298 17.0183 1.12252 0.634748 0.95 0.760855 
1.23372 0.38337 15.0953 1.12835 0.629166 0.975 0.760855 
1.2337 0.391856 13.1724 1.13449 0.623304 1 0.760855 
1.24693 0.360448 20.9255 1.12618 0.645351 0.9 0.769036 
1.24689 0.36768 19.0026 1.13135 0.640294 0.925 0.769036 
1.24686 0.375325 17.0796 1.13682 0.634956 0.95 0.769036 
1.24684 0.383384 15.1567 1.1426 0.629336 0.975 0.769036 
1.24683 0.391855 13.2337 1.14868 0.623435 1 0.769036 
1.26005 0.360501 20.9868 1.14066 0.645434 0.9 0.777217 
1.26002 0.36772 19.0639 1.14578 0.640343 0.925 0.777217 
1.25998 0.375353 17.141 1.1512 0.634968 0.95 0.777217 
1.25996 0.383398 15.218 1.15692 0.62931 0.975 0.777217 
1.25995 0.391855 13.2951 1.16294 0.623368 1 0.777217 
1.27318 0.360554 21.0482 1.15522 0.645323 0.9 0.785398 
1.27314 0.367761 19.1253 1.16029 0.640197 0.925 0.785398 
1.2731 0.375381 17.2023 1.16565 0.634785 0.95 0.785398 
1.27307 0.383412 15.2794 1.17131 0.629087 0.975 0.785398 
1.27306 0.391855 13.3564 1.17727 0.623103 1 0.785398 

ZONE I=5, J=5
1.27318 0.360554 21.0995 1.15522 0.645323 0.9 0.785398 
1.27314 0.367761 19.1528 1.16029 0.640197 0.925 0.785398 
1.2731 0.375381 17.2062 1.16565 0.634785 0.95 0.785398 
1.27307 0.383412 15.2596 1.17131 0.629087 0.975 0.785398 
1.27306 0.391855 13.313 1.17727 0.623103 1 0.785398 
1.28628 0.360608 21.164 1.16985 0.645003 0.9 0.79358 
1.28625 0.367803 19.2174 1.17486 0.639846 0.925 0.79358 
1.28621 0.37541 17.2708 1.18017 0.634402 0.95 0.79358 
1.28619 0.383427 15.3242 1.18578 0.62867 0.975 0.79358 
1.28618 0.391856 13.3776 1.19168 0.622651 1 0.79358 
1.29939 0.360661 21.2286 1.18454 0.644484 0.9 0.801761 
1.29935 0.367844 19.282 1.1895 0.639296 0.925 0.801761 
1.29932 0.375438 17.3353 1.19476 0.633818 0.95 0.801761 
1.2993 0.383441 15.3887 1.20031 0.628051 0.975 0.801761 
1.29928 0.391855 13.4421 1.20615 0.621996 1 0.801761 
1.31249 0.360715 21.2931 1.19929 0.643767 0.9 0.809942 
1.31245 0.367886 19.3465 1.20421 0.638546 0.925 0.809942 
1.31242 0.375466 17.3999 1.20941 0.633034 0.95 0.809942 
1.31239 0.383455 15.4533 1.2149 0.627231 0.975 0.809942 
1.31238 0.391855 13.5067 1.22069 0.621137 1 0.809942 
1.32559 0.36077 21.3577 1.21412 0.64285 0.9 0.818123 
1.32555 0.367928 19.4111 1.21898 0.637596 0.925 0.818123 
1.32551 0.375495 17.4645 1.22413 0.632049 0.95 0.818123 
1.32548 0.383471 15.5179 1.22956 0.626209 0.975 0.818123 
1.32546 0.391855 13.5712 1.23528 0.620075 1 0.818123 

ZONE I=5, J=5
1.32559 0.36077 21.4116 1.21412 0.64285 0.9 0.818123 
1.32555 0.367928 19.4401 1.21898 0.637596 0.925 0.818123 
1.32551 0.375495 17.4686 1.22413 0.632049 0.95 0.818123 
1.32548 0.383471 15.4971 1.22956 0.626209 0.975 0.818123 
1.32546 0.391855 13.5255 1.23528 0.620075 1 0.818123 
1.33867 0.360826 21.4795 1.229 0.64172 0.9 0.826305 
1.33863 0.367971 19.508 1.23381 0.636437 0.925 0.826305 
1.3386 0.375524 17.5364 1.2389 0.63086 0.95 0.826305 
1.33858 0.383486 15.5649 1.24428 0.624989 0.975 0.826305 
1.33856 0.391856 13.5934 1.24994 0.618823 1 0.826305 
1.35175 0.360881 21.5474 1.24394 0.640386 0.9 0.834486 
1.35171 0.368013 19.5758 1.2487 0.635074 0.925 0.834486 
1.35168 0.375553 17.6043 1.25374 0.629466 0.95 0.834486 
1.35166 0.3835 15.6328 1.25906 0.623562 0.975 0.834486 
1.35164 0.391855 13.6613 1.26466 0.617362 1 0.834486 
1.36483 0.360936 21.6152 1.25893 0.638849 0.9 0.842667 
1.36479 0.368056 19.6437 1.26364 0.633507 0.925 0.842667 
1.36476 0.375582 17.6722 1.26862 0.627868 0.95 0.842667 
1.36473 0.383515 15.7006 1.27388 0.62193 0.975 0.842667 
1.36471 0.391855 13.7291 1.27942 0.615694 1 0.842667 
1.37791 0.360992 21.6831 1.27398 0.637109 0.9 0.850848 
1.37786 0.368099 19.7115 1.27864 0.631736 0.925 0.850848 
1.37783 0.375612 17.74 1.28356 0.626064 0.95 0.850848 
1.3778 0.383531 15.7685 1.28876 0.620091 0.975 0.850848 
1.37778 0.391855 13.797 1.29424 0.613819 1 0.850848 

ZONE I=5, J=5
1.37791 0.360992 21.7397 1.27398 0.637109 0.9 0.850848 
1.37786 0.368099 19.742 1.27864 0.631736 0.925 0.850848 
1.37783 0.375612 17.7444 1.28356 0.626064 0.95 0.850848 
1.3778 0.383531 15.7467 1.28876 0.620091 0.975 0.850848 
1.37778 0.391855 13.749 1.29424 0.613819 1 0.850848 
1.39096 0.361049 21.811 1.28908 0.635151 0.9 0.859029 
1.39092 0.368143 19.8133 1.29368 0.629752 0.925 0.859029 
1.39089 0.375642 17.8156 1.29855 0.624052 0.95 0.859029 
1.39086 0.383546 15.8179 1.3037 0.618051 0.975 0.859029 
1.39085 0.391856 13.8202 1.30911 0.611748 1 0.859029 
1.40402 0.361106 21.8822 1.30422 0.632985 0.9 0.86721 
1.40398 0.368186 19.8845 1.30877 0.62756 0.925 0.86721 
1.40394 0.375672 17.8868 1.31359 0.621831 0.95 0.86721 
1.40392 0.383561 15.8891 1.31867 0.6158 0.975 0.86721 
1.40391 0.391855 13.8915 1.32403 0.609466 1 0.86721 
1.41707 0.361163 21.9535 1.31941 0.630613 0.9 0.875391 
1.41703 0.36823 19.9558 1.32391 0.625159 0.925 0.875391 
1.41699 0.375701 17.9581 1.32867 0.619401 0.95 0.875391 
1.41697 0.383576 15.9604 1.3337 0.613339 0.975 0.875391 
1.41695 0.391855 13.9627 1.33899 0.606972 1 0.875391 
1.43012 0.36122 22.0247 1.33466 0.628033 0.9 0.883573 
1.43008 0.368275 20.027 1.3391 0.622551 0.925 0.883573 
1.43004 0.375732 18.0293 1.3438 0.616763 0.95 0.883573 
1.43001 0.383592 16.0316 1.34876 0.610668 0.975 0.883573 
1.42999 0.391855 14.0339 1.35399 0.604267 1 0.883573 

ZONE I=5, J=5
1.43012 0.36122 22.0841 1.33466 0.628033 0.9 0.883573 
1.43008 0.368275 20.059 1.3391 0.622551 0.925 0.883573 
1.43004 0.375732 18.0339 1.3438 0.616763 0.95 0.883573 
1.43001 0.383592 16.0088 1.34876 0.610668 0.975 0.883573 
1.42999 0.391855 13.9837 1.35399 0.604267 1 0.883573 
1.44315 0.361279 22.1588 1.34993 0.625232 0.9 0.891754 
1.44311 0.36832 20.1337 1.35431 0.619726 0.925 0.891754 
1.44308 0.375763 18.1086 1.35896 0.613912 0.95 0.891754 
1.44305 0.383608 16.0835 1.36387 0.607791 0.975 0.891754 
1.44303 0.391856 14.0584 1.36904 0.601363 1 0.891754 
1.45618 0.361337 22.2335 1.36523 0.62222 0.9 0.899935 
1.45614 0.368364 20.2084 1.36957 0.616689 0.925 0.899935 
1.4561 0.375793 18.1833 1.37416 0.610849 0.95 0.899935 
1.45608 0.383624 16.1582 1.37901 0.604701 0.975 0.899935 
1.45607 0.391855 14.1331 1.38412 0.598244 1 0.899935 
1.4692 0.361395 22.3082 1.38058 0.618997 0.9 0.908116 
1.46916 0.368409 20.2831 1.38486 0.613441 0.925 0.908116 
1.46913 0.375823 18.258 1.3894 0.607574 0.95 0.908116 
1.4691 0.383639 16.2329 1.39419 0.601397 0.975 0.908116 
1.46908 0.391855 14.2078 1.39923 0.59491 1 0.908116 
1.48223 0.361454 22.383 1.39597 0.615563 0.9 0.916298 
1.48218 0.368454 20.3579 1.4002 0.609981 0.925 0.916298 
1.48214 0.375855 18.3328 1.40467 0.604087 0.95 0.916298 
1.48211 0.383655 16.3077 1.40939 0.59788 0.975 0.916298 
1.48209 0.391855 14.2825 1.41437 0.591361 1 0.916298 

ZONE I=5, J=5
1.48223 0.361454 22.4449 1.39597 0.615563 0.9 0.916298 
1.48218 0.368454 20.3912 1.4002 0.609981 0.925 0.916298 
1.48214 0.375855 18.3375 1.40467 0.604087 0.95 0.916298 
1.48211 0.383655 16.2838 1.40939 0.59788 0.975 0.916298 
1.48209 0.391855 14.2301 1.41437 0.591361 1 0.916298 
1.49523 0.361514 22.5232 1.41138 0.611905 0.9 0.924479 
1.49519 0.368501 20.4695 1.41555 0.606301 0.925 0.924479 
1.49515 0.375887 18.4158 1.41997 0.600384 0.95 0.924479 
1.49513 0.383672 16.3621 1.42464 0.594153 0.975 0.924479 
1.49511 0.391856 14.3084 1.42955 0.58761 1 0.924479 
1.50823 0.361573 22.6015 1.42681 0.608033 0.9 0.93266 
1.50819 0.368546 20.5478 1.43093 0.602407 0.925 0.93266 
1.50815 0.375917 18.4941 1.43529 0.596466 0.95 0.93266 
1.50813 0.383687 16.4404 1.4399 0.590211 0.975 0.93266 
1.50811 0.391855 14.3867 1.44476 0.583641 1 0.93266 
1.52122 0.361632 22.6798 1.44227 0.603947 0.9 0.940841 
1.52118 0.368592 20.6261 1.44634 0.598298 0.925 0.940841 
1.52114 0.375948 18.5724 1.45064 0.592332 0.95 0.940841 
1.52112 0.383703 16.5187 1.45519 0.586051 0.975 0.940841 
1.5211 0.391855 14.465 1.45998 0.579454 1 0.940841 
1.53422 0.361693 22.7581 1.45776 0.599647 0.9 0.949023 
1.53417 0.368638 20.7044 1.46177 0.593974 0.925 0.949023 
1.53413 0.375981 18.6507 1.46602 0.587983 0.95 0.949023 
1.5341 0.38372 16.597 1.4705 0.581675 0.975 0.949023 
1.53408 0.391855 14.5433 1.47522 0.575049 1 0.949023 

ZONE I=5, J=5
1.53422 0.361693 22.8222 1.45776 0.599647 0.9 0.949023 
1.53417 0.368638 20.7389 1.46177 0.593974 0.925 0.949023 
1.53413 0.375981 18.6556 1.46602 0.587983 0.95 0.949023 
1.5341 0.38372 16.5724 1.4705 0.581675 0.975 0.949023 
1.53408 0.391855 14.4891 1.47522 0.575049 1 0.949023 
1.54719 0.361754 22.9042 1.47326 0.59512 0.9 0.957204 
1.54715 0.368686 20.8209 1.47722 0.589428 0.925 0.957204 
1.54711 0.376013 18.7376 1.48141 0.583417 0.95 0.957204 
1.54708 0.383737 16.6544 1.48583 0.577087 0.975 0.957204 
1.54707 0.391856 14.5711 1.49049 0.570439 1 0.957204 
1.56016 0.361814 22.9861 1.48878 0.590377 0.9 0.965385 
1.56011 0.368732 20.9029 1.49268 0.584664 0.925 0.965385 
1.56008 0.376045 18.8196 1.49681 0.578632 0.95 0.965385 
1.56005 0.383753 16.7364 1.50118 0.57228 0.975 0.965385 
1.56004 0.391855 14.6531 1.50578 0.565609 1 0.965385 
1.57312 0.361875 23.0681 1.50431 0.585417 0.9 0.973566 
1.57308 0.368779 20.9849 1.50815 0.579683 0.925 0.973566 
1.57304 0.376077 18.9016 1.51223 0.573629 0.95 0.973566 
1.57301 0.383769 16.8183 1.51653 0.567254 0.975 0.973566 
1.573 0.391855 14.7351 1.52107 0.560559 1 0.973566 
1.58608 0.361936 23.1501 1.51986 0.58024 0.9 0.981748 
1.58604 0.368826 21.0668 1.52365 0.574486 0.925 0.981748 
1.586 0.376109 18.9836 1.52766 0.568409 0.95 0.981748 
1.58597 0.383786 16.9003 1.5319 0.562009 0.975 0.981748 
1.58595 0.391855 14.8171 1.53637 0.555288 1 0.981748 

ZONE I=5, J=5
1.58608 0.361936 23.2145 1.51986 0.58024 0.9 0.981748 
1.58604 0.368826 21.1015 1.52365 0.574486 0.925 0.981748 
1.586 0.376109 18.9886 1.52766 0.568409 0.95 0.981748 
1.58597 0.383786 16.8756 1.5319 0.562009 0.975 0.981748 
1.58595 0.391855 14.7627 1.53637 0.555288 1 0.981748 
1.59902 0.361999 23.3003 1.53541 0.574834 0.9 0.989929 
1.59898 0.368875 21.1873 1.53914 0.569063 0.925 0.989929 
1.59894 0.376143 19.0744 1.5431 0.562968 0.95 0.989929 
1.59892 0.383803 16.9614 1.54729 0.55655 0.975 0.989929 
1.5989 0.391856 14.8485 1.55169 0.54981 1 0.989929 
1.61195 0.362061 23.3861 1.55096 0.56921 0.9 0.99811 
1.61191 0.368922 21.2731 1.55464 0.563421 0.925 0.99811 
1.61188 0.376175 19.1602 1.55855 0.557307 0.95 0.99811 
1.61185 0.38382 17.0472 1.56267 0.55087 0.975 0.99811 
1.61184 0.391855 14.9343 1.56701 0.54411 1 0.99811 
1.62488 0.362122 23.4719 1.56652 0.563368 0.9 1.00629 
1.62484 0.36897 21.3589 1.57015 0.55756 0.925 1.00629 
1.6248 0.376208 19.246 1.57399 0.551427 0.95 1.00629 
1.62478 0.383836 17.133 1.57805 0.54497 0.975 1.00629 
1.62477 0.391855 15.0201 1.58233 0.538188 1 1.00629 
1.6378 0.362185 23.5577 1.58208 0.557306 0.9 1.01447 
1.63776 0.369019 21.4447 1.58565 0.55148 0.925 1.01447 
1.63772 0.376242 19.3318 1.58944 0.545327 0.95 1.01447 
1.6377 0.383854 17.2188 1.59344 0.538849 0.975 1.01447 
1.63768 0.391855 15.1059 1.59765 0.532046 1 1.01447 

ZONE I=5, J=5
1.6378 0.362185 23.6173 1.58208 0.557306 0.9 1.01447 
1.63776 0.369019 21.4769 1.58565 0.55148 0.925 1.01447 
1.63772 0.376242 19.3365 1.58944 0.545327 0.95 1.01447 
1.6377 0.383854 17.1961 1.59344 0.538849 0.975 1.01447 
1.63768 0.391855 15.0557 1.59765 0.532046 1 1.01447 
1.65071 0.362249 23.7071 1.59764 0.55101 0.9 1.02266 
1.65067 0.369069 21.5667 1.60116 0.545168 0.925 1.02266 
1.65064 0.376276 19.4263 1.60489 0.539001 0.95 1.02266 
1.65062 0.383872 17.2859 1.60883 0.532507 0.975 1.02266 
1.65061 0.391856 15.1455 1.61298 0.525687 1 1.02266 
1.66361 0.362312 23.7969 1.6132 0.544494 0.9 1.03084 
1.66357 0.369117 21.6565 1.61666 0.538637 0.925 1.03084 
1.66355 0.37631 19.5161 1.62034 0.532454 0.95 1.03084 
1.66353 0.383889 17.3757 1.62422 0.525945 0.975 1.03084 
1.66352 0.391855 15.2353 1.62831 0.519108 1 1.03084 
1.6765 0.362375 23.8868 1.62873 0.537758 0.9 1.03902 
1.67646 0.369166 21.7464 1.63215 0.531886 0.925 1.03902 
1.67644 0.376344 19.606 1.63577 0.525688 0.95 1.03902 
1.67642 0.383907 17.4656 1.63959 0.519162 0.975 1.03902 
1.67642 0.391855 15.3252 1.64362 0.512309 1 1.03902 
1.68938 0.362438 23.9766 1.64426 0.530804 0.9 1.0472 
1.68934 0.369217 21.8362 1.64762 0.524916 0.925 1.0472 
1.68932 0.37638 19.6958 1.65118 0.518701 0.95 1.0472 
1.68931 0.383926 17.5554 1.65495 0.512159 0.975 1.0472 
1.6893 0.391855 15.415 1.65891 0.505291 1 1.0472 

ZONE I=5, J=5
1.68938 0.362438 24.0158 1.64426 0.530804 0.9 1.0472 
1.68934 0.369217 21.8574 1.64762 0.524916 0.925 1.0472 
1.68932 0.37638 19.699 1.65118 0.518701 0.95 1.0472 
1.68931 0.383926 17.5406 1.65495 0.512159 0.975 1.0472 
1.6893 0.391855 15.3821 1.65891 0.505291 1 1.0472 
1.70224 0.362505 24.1099 1.65978 0.523618 0.9 1.05538 
1.70221 0.369269 21.9515 1.66308 0.517719 0.925 1.05538 
1.70219 0.376415 19.7931 1.66659 0.511492 0.95 1.05538 
1.70219 0.383944 17.6347 1.6703 0.504937 0.975 1.05538 
1.70219 0.391856 15.4763 1.6742 0.498055 1 1.05538 
1.71509 0.36257 24.2041 1.67526 0.516208 0.9 1.06356 
1.71507 0.36932 22.0457 1.67852 0.510297 0.925 1.06356 
1.71505 0.376451 19.8873 1.68198 0.504058 0.95 1.06356 
1.71506 0.383963 17.7288 1.68563 0.497493 0.975 1.06356 
1.71507 0.391855 15.5704 1.68947 0.4906 1 1.06356 
1.72792 0.362633 24.2982 1.69073 0.508573 0.9 1.07174 
1.72791 0.369372 22.1398 1.69394 0.50265 0.925 1.07174 
1.72791 0.376489 19.9814 1.69735 0.496401 0.95 1.07174 
1.72792 0.383983 17.823 1.70094 0.489826 0.975 1.07174 
1.72794 0.391855 15.6646 1.70473 0.482926 1 1.07174 
1.74074 0.362696 24.3924 1.70617 0.500715 0.9 1.07992 
1.74074 0.369426 22.2339 1.70934 0.494778 0.925 1.07992 
1.74075 0.37653 20.0755 1.7127 0.488519 0.95 1.07992 
1.74077 0.384006 17.9171 1.71624 0.481937 0.975 1.07992 
1.74081 0.391855 15.7587 1.71998 0.475032 1 1.07992 

ZONE I=5, J=5
1.74074 0.362696 24.3663 1.70617 0.500715 0.9 1.07992 
1.74074 0.369426 22.2201 1.70934 0.494778 0.925 1.07992 
1.74075 0.37653 20.0739 1.7127 0.488519 0.95 1.07992 
1.74077 0.384006 17.9278 1.71624 0.481937 0.975 1.07992 
1.74081 0.391855 15.7816 1.71998 0.475032 1 1.07992 
1.75356 0.362769 24.4656 1.7216 0.492629 0.9 1.0881 
1.75357 0.369482 22.3194 1.72472 0.486686 0.925 1.0881 
1.75359 0.376567 20.1732 1.72802 0.480419 0.95 1.0881 
1.75362 0.384025 18.0271 1.73151 0.473829 0.975 1.0881 
1.75366 0.391856 15.8809 1.73519 0.466914 1 1.0881 
1.76635 0.362837 24.5649 1.73697 0.48431 0.9 1.09628 
1.76637 0.369538 22.4187 1.74006 0.478361 0.925 1.09628 
1.76641 0.376608 20.2725 1.74332 0.47209 0.95 1.09628 
1.76646 0.384047 18.1264 1.74677 0.465497 0.975 1.09628 
1.76653 0.391855 15.9802 1.7504 0.458582 1 1.09628 
1.77911 0.3629 24.6642 1.7523 0.475759 0.9 1.10446 
1.77916 0.369596 22.518 1.75536 0.469802 0.925 1.10446 
1.77923 0.376654 20.3718 1.7586 0.463529 0.95 1.10446 
1.77931 0.384074 18.2257 1.76201 0.45694 0.975 1.10446 
1.77942 0.391855 16.0795 1.7656 0.450035 1 1.10446 
1.79184 0.362961 24.7635 1.76758 0.466975 0.9 1.11265 
1.79193 0.369657 22.6173 1.77063 0.46101 0.925 1.11265 
1.79204 0.376706 20.4711 1.77385 0.454738 0.95 1.11265 
1.79217 0.384105 18.325 1.77724 0.44816 0.975 1.11265 
1.79232 0.391855 16.1788 1.7808 0.441274 1 1.11265 

ZONE I=5, J=5
1.79184 0.362961 24.5458 1.76758 0.466975 0.9 1.11265 
1.79193 0.369657 22.5008 1.77063 0.46101 0.925 1.11265 
1.79204 0.376706 20.4558 1.77385 0.454738 0.95 1.11265 
1.79217 0.384105 18.4107 1.77724 0.44816 0.975 1.11265 
1.79232 0.391855 16.3657 1.7808 0.441274 1 1.11265 
1.8046 0.363043 24.6518 1.78287 0.457976 0.9 1.12083 
1.80471 0.369721 22.6068 1.78588 0.452013 0.925 1.12083 
1.80484 0.376749 20.5618 1.78906 0.445742 0.95 1.12083 
1.80499 0.384127 18.5168 1.7924 0.439163 0.975 1.12083 
1.80516 0.391855 16.4718 1.7959 0.432275 1 1.12083 
1.81728 0.363111 24.7579 1.79805 0.448737 0.9 1.12901 
1.81745 0.369784 22.7129 1.80105 0.442777 0.925 1.12901 
1.81763 0.376799 20.6679 1.80422 0.436514 0.95 1.12901 
1.81783 0.384156 18.6229 1.80755 0.429949 0.975 1.12901 
1.81804 0.391855 16.5778 1.81103 0.423081 1 1.12901 
1.82988 0.363168 24.8639 1.81312 0.439256 0.9 1.13719 
1.83013 0.369848 22.8189 1.81615 0.4333 0.925 1.13719 
1.8304 0.376856 20.7739 1.81934 0.427054 0.95 1.13719 
1.83069 0.384192 18.7289 1.82268 0.420518 0.975 1.13719 
1.83099 0.391856 16.6839 1.82618 0.413692 1 1.13719 
1.8424 0.363216 24.97 1.82808 0.429535 0.9 1.14537 
1.84277 0.369915 22.925 1.83117 0.423584 0.925 1.14537 
1.84315 0.376922 20.88 1.83442 0.417362 0.95 1.14537 
1.84356 0.384235 18.835 1.83781 0.41087 0.975 1.14537 
1.844 0.391855 16.7899 1.84135 0.404108 1 1.14537 

ZONE I=5, J=5
1.8424 0.363216 24.2647 1.82808 0.429535 0.9 1.14537 
1.84277 0.369915 22.5513 1.83117 0.423584 0.925 1.14537 
1.84315 0.376922 20.8379 1.83442 0.417362 0.95 1.14537 
1.84356 0.384235 19.1246 1.83781 0.41087 0.975 1.14537 
1.844 0.391855 17.4112 1.84135 0.404108 1 1.14537 
1.85501 0.363292 24.3703 1.84309 0.41961 0.9 1.15355 
1.85546 0.369989 22.6569 1.84622 0.413672 0.925 1.15355 
1.85593 0.376982 20.9435 1.84947 0.407466 0.95 1.15355 
1.85639 0.38427 19.2301 1.85285 0.400993 0.975 1.15355 
1.85687 0.391855 17.5168 1.85636 0.394252 1 1.15355 
1.86746 0.363301 24.4758 1.85789 0.409462 0.9 1.16173 
1.86805 0.370008 22.7625 1.86109 0.403543 0.925 1.16173 
1.86864 0.377003 21.0491 1.86442 0.397359 0.95 1.16173 
1.86923 0.384285 19.3357 1.86785 0.390911 0.975 1.16173 
1.86981 0.391855 17.6223 1.8714 0.384198 1 1.16173 
1.87976 0.36325 24.5814 1.87248 0.39909 0.9 1.16991 
1.88053 0.369978 22.868 1.87581 0.393195 0.925 1.16991 
1.8813 0.376989 21.1547 1.87925 0.38704 0.95 1.16991 
1.88206 0.384281 19.4413 1.8828 0.380624 0.975 1.16991 
1.88282 0.391856 17.7279 1.88646 0.373947 1 1.16991 
1.8919 0.363142 24.687 1.88686 0.388494 0.9 1.1781 
1.8929 0.369902 22.9736 1.89037 0.382631 0.925 1.1781 
1.8939 0.376941 21.2602 1.89398 0.37651 0.95 1.1781 
1.8949 0.384259 19.5469 1.89771 0.370132 0.975 1.1781 
1.8959 0.391855 17.8335 1.90154 0.363497 1 1.1781 

ZONE I=5, J=5
1.8919 0.363142 23.4123 1.88686 0.388494 0.9 1.1781 
1.8929 0.369902 22.2801 1.89037 0.382631 0.925 1.1781 
1.8939 0.376941 21.1479 1.89398 0.37651 0.95 1.1781 
1.8949 0.384259 20.0157 1.89771 0.370132 0.975 1.1781 
1.8959 0.391855 18.8835 1.90154 0.363497 1 1.1781 
1.90419 0.362864 23.493 1.90126 0.377913 0.9 1.18628 
1.90524 0.369648 22.3608 1.90477 0.372018 0.925 1.18628 
1.90629 0.376742 21.2286 1.90842 0.365839 0.95 1.18628 
1.90736 0.384146 20.0964 1.91219 0.359377 0.975 1.18628 
1.90844 0.391858 18.9643 1.91608 0.352633 1 1.18628 
1.91629 0.362229 23.5737 1.91531 0.367386 0.9 1.19446 
1.91741 0.369022 22.4415 1.91885 0.361483 0.925 1.19446 
1.91856 0.376137 21.3093 1.92253 0.355289 0.95 1.19446 
1.91974 0.383573 20.1771 1.92636 0.348805 0.975 1.19446 
1.92094 0.391332 19.045 1.93033 0.34203 1 1.19446 
1.9282 0.361244 23.6544 1.92901 0.356913 0.9 1.20264 
1.92943 0.368027 22.5222 1.93259 0.351027 0.925 1.20264 
1.9307 0.375128 21.39 1.93634 0.34486 0.95 1.20264 
1.93202 0.382545 20.2578 1.94023 0.338414 0.975 1.20264 
1.93338 0.390279 19.1257 1.94429 0.331687 1 1.20264 
1.93991 0.359914 23.7351 1.94236 0.346494 0.9 1.21082 
1.94127 0.36667 22.6029 1.94601 0.340649 0.925 1.21082 
1.9427 0.37372 21.4707 1.94982 0.334552 0.95 1.21082 
1.94419 0.381064 20.3385 1.95381 0.328205 0.975 1.21082 
1.94575 0.388701 19.2064 1.95795 0.321606 1 1.21082 

ZONE I=5, J=5
1.93991 0.359914 23.0069 1.94236 0.346494 0.9 1.21082 
1.94127 0.36667 22.2251 1.94601 0.340649 0.925 1.21082 
1.9427 0.37372 21.4433 1.94982 0.334552 0.95 1.21082 
1.94419 0.381064 20.6615 1.95381 0.328205 0.975 1.21082 
1.94575 0.388701 19.8797 1.95795 0.321606 1 1.21082 
1.95164 0.358064 23.1177 1.95549 0.336372 0.9 1.219 
1.95312 0.36481 22.3359 1.95921 0.330551 0.925 1.219 
1.95468 0.371819 21.5541 1.96308 0.324507 0.95 1.219 
1.9563 0.379091 20.7723 1.96712 0.31824 0.975 1.219 
1.95799 0.386626 19.9905 1.9713 0.31175 1 1.219 
1.9632 0.355809 23.2285 1.96831 0.326382 0.9 1.22718 
1.96485 0.36252 22.4468 1.97212 0.320618 0.925 1.22718 
1.96657 0.369474 21.665 1.97608 0.314649 0.95 1.22718 
1.96836 0.376671 20.8832 1.98019 0.308476 0.975 1.22718 
1.97022 0.384112 20.1014 1.98445 0.302099 1 1.22718 
1.97461 0.353154 23.3394 1.98081 0.316526 0.9 1.23536 
1.97645 0.359804 22.5576 1.98473 0.31085 0.925 1.23536 
1.97836 0.366688 21.7758 1.98881 0.30498 0.95 1.23536 
1.98035 0.373806 20.994 1.99303 0.298915 0.975 1.23536 
1.98243 0.381158 20.2122 1.99741 0.292655 1 1.23536 
1.98585 0.350102 23.4502 1.993 0.306802 0.9 1.24355 
1.98791 0.356666 22.6684 1.99706 0.301248 0.925 1.24355 
1.99005 0.363465 21.8866 2.00127 0.295499 0.95 1.24355 
1.99228 0.370498 21.1048 2.00564 0.289555 0.975 1.24355 
1.99459 0.377766 20.323 2.01017 0.283416 1 1.24355 

ZONE I=5, J=5
1.98585 0.350102 23.2231 1.993 0.306802 0.9 1.24355 
1.98791 0.356666 22.5454 1.99706 0.301248 0.925 1.24355 
1.99005 0.363465 21.8678 2.00127 0.295499 0.95 1.24355 
1.99228 0.370498 21.1901 2.00564 0.289555 0.975 1.24355 
1.99459 0.377766 20.5124 2.01017 0.283416 1 1.24355 
1.99701 0.346614 23.3287 2.00494 0.297302 0.9 1.25173 
1.99926 0.353114 22.651 2.00912 0.291835 0.925 1.25173 
2.0016 0.359835 21.9733 2.01345 0.286187 0.95 1.25173 
2.00403 0.366777 21.2956 2.01793 0.280358 0.975 1.25173 
2.00654 0.373939 20.618 2.02257 0.274347 1 1.25173 
2.008 0.342746 23.4343 2.01659 0.287937 0.9 1.25991 
2.01045 0.349167 22.7566 2.02089 0.282573 0.925 1.25991 
2.01299 0.355798 22.0789 2.02534 0.277037 0.95 1.25991 
2.01563 0.362641 21.4012 2.02994 0.271329 0.975 1.25991 
2.01836 0.369694 20.7235 2.03469 0.265449 1 1.25991 
2.01883 0.338503 23.5398 2.02795 0.278709 0.9 1.26809 
2.02148 0.344828 22.8622 2.03236 0.273462 0.925 1.26809 
2.02423 0.351359 22.1845 2.03694 0.268049 0.95 1.26809 
2.02708 0.358094 21.5068 2.04166 0.262469 0.975 1.26809 
2.03003 0.365035 20.8291 2.04655 0.256722 1 1.26809 
2.02947 0.333889 23.6454 2.03901 0.269617 0.9 1.27627 
2.03233 0.340103 22.9677 2.04355 0.264502 0.925 1.27627 
2.0353 0.34652 22.29 2.04825 0.259221 0.95 1.27627 
2.03837 0.353142 21.6124 2.05311 0.253776 0.975 1.27627 
2.04155 0.359967 20.9347 2.05813 0.248167 1 1.27627 

ZONE I=5, J=5
2.02947 0.333889 23.6132 2.03901 0.269617 0.9 1.27627 
2.03233 0.340103 22.9503 2.04355 0.264502 0.925 1.27627 
2.0353 0.34652 22.2874 2.04825 0.259221 0.95 1.27627 
2.03837 0.353142 21.6246 2.05311 0.253776 0.975 1.27627 
2.04155 0.359967 20.9617 2.05813 0.248167 1 1.27627 
2.03996 0.328894 23.713 2.04979 0.260684 0.9 1.28445 
2.04301 0.335001 23.0501 2.05445 0.25569 0.925 1.28445 
2.04618 0.341305 22.3872 2.05927 0.250538 0.95 1.28445 
2.04946 0.347805 21.7243 2.06425 0.245229 0.975 1.28445 
2.05285 0.354502 21.0615 2.06939 0.239762 1 1.28445 
2.05025 0.323545 23.8127 2.06028 0.251875 0.9 1.29263 
2.0535 0.329538 23.1499 2.06506 0.247007 0.925 1.29263 
2.05687 0.33572 22.487 2.06999 0.241987 0.95 1.29263 
2.06036 0.342093 21.8241 2.0751 0.236816 0.975 1.29263 
2.06396 0.348657 21.1613 2.08036 0.231493 1 1.29263 
2.06035 0.317848 23.9125 2.07049 0.24319 0.9 1.30081 
2.06379 0.323717 23.2497 2.07537 0.238453 0.925 1.30081 
2.06736 0.329771 22.5868 2.08042 0.23357 0.95 1.30081 
2.07105 0.336011 21.9239 2.08564 0.228539 0.975 1.30081 
2.07485 0.342437 21.261 2.09103 0.223361 1 1.30081 
2.07024 0.311808 24.0123 2.0804 0.234629 0.9 1.309 
2.07388 0.317543 23.3494 2.0854 0.230029 0.925 1.309 
2.07763 0.323462 22.6866 2.09056 0.225285 0.95 1.309 
2.08152 0.329563 22.0237 2.09589 0.220397 0.975 1.309 
2.08553 0.335848 21.3608 2.10139 0.215365 1 1.309 

ZONE I=5, J=5
2.07024 0.311808 24.0484 2.0804 0.234629 0.9 1.309 
2.07388 0.317543 23.3689 2.0854 0.230029 0.925 1.309 
2.07763 0.323462 22.6894 2.09056 0.225285 0.95 1.309 
2.08152 0.329563 22.0099 2.09589 0.220397 0.975 1.309 
2.08553 0.335848 21.3304 2.10139 0.215365 1 1.309 
2.07991 0.30544 24.1407 2.09001 0.226193 0.9 1.31718 
2.08373 0.31104 23.4612 2.09511 0.221729 0.925 1.31718 
2.08767 0.316818 22.7817 2.10038 0.217127 0.95 1.31718 
2.09175 0.322773 22.1022 2.10583 0.212387 0.975 1.31718 
2.09597 0.328905 21.4228 2.11144 0.207507 1 1.31718 
2.08935 0.298756 24.233 2.09933 0.217868 0.9 1.32536 
2.09335 0.304216 23.5535 2.10453 0.213542 0.925 1.32536 
2.09748 0.309847 22.874 2.1099 0.209082 0.95 1.32536 
2.10174 0.315652 22.1946 2.11545 0.204489 0.975 1.32536 
2.10615 0.321628 21.5151 2.12118 0.199761 1 1.32536 
2.09857 0.29176 24.3253 2.10835 0.209653 0.9 1.33354 
2.10273 0.297075 23.6459 2.11365 0.205466 0.925 1.33354 
2.10703 0.302557 22.9664 2.11912 0.201149 0.95 1.33354 
2.11148 0.308206 22.2869 2.12477 0.196703 0.975 1.33354 
2.11607 0.314024 21.6074 2.1306 0.192127 1 1.33354 
2.10754 0.284458 24.4177 2.11708 0.201549 0.9 1.34172 
2.11187 0.289623 23.7382 2.12246 0.197501 0.925 1.34172 
2.11634 0.294951 23.0587 2.12803 0.193328 0.95 1.34172 
2.12096 0.300443 22.3792 2.13378 0.189029 0.975 1.34172 
2.12573 0.306098 21.6997 2.1397 0.184605 1 1.34172 

ZONE I=5, J=5
2.10754 0.284458 24.4742 2.11708 0.201549 0.9 1.34172 
2.11187 0.289623 23.7686 2.12246 0.197501 0.925 1.34172 
2.11634 0.294951 23.0631 2.12803 0.193328 0.95 1.34172 
2.12096 0.300443 22.3575 2.13378 0.189029 0.975 1.34172 
2.12573 0.306098 21.6519 2.1397 0.184605 1 1.34172 
2.11626 0.276873 24.5575 2.1255 0.193538 0.9 1.3499 
2.12074 0.281882 23.8519 2.13097 0.189634 0.925 1.3499 
2.12538 0.287049 23.1463 2.13663 0.185609 0.95 1.3499 
2.13017 0.292374 22.4408 2.14247 0.181463 0.975 1.3499 
2.13512 0.297857 21.7352 2.1485 0.177196 1 1.3499 
2.12472 0.269007 24.6407 2.13362 0.185618 0.9 1.35808 
2.12936 0.273856 23.9352 2.13918 0.181857 0.925 1.35808 
2.13416 0.27886 23.2296 2.14493 0.177979 0.95 1.35808 
2.13911 0.284016 22.524 2.15086 0.173985 0.975 1.35808 
2.14422 0.289326 21.8185 2.15698 0.169875 1 1.35808 
2.13292 0.260865 24.724 2.14145 0.177789 0.9 1.36626 
2.13771 0.265554 24.0184 2.14709 0.17417 0.925 1.36626 
2.14266 0.270391 23.3128 2.15291 0.170439 0.95 1.36626 
2.14777 0.275376 22.6073 2.15893 0.166596 0.975 1.36626 
2.15304 0.280509 21.9017 2.16513 0.162641 1 1.36626 
2.14086 0.252454 24.8072 2.14898 0.170051 0.9 1.37445 
2.14578 0.256979 24.1017 2.15469 0.166574 0.925 1.37445 
2.15088 0.261647 23.3961 2.16059 0.162988 0.95 1.37445 
2.15613 0.266459 22.6905 2.16669 0.159295 0.975 1.37445 
2.16156 0.271414 21.985 2.17298 0.155494 1 1.37445 

ZONE I=5, J=5
2.14086 0.252454 24.8659 2.14898 0.170051 0.9 1.37445 
2.14578 0.256979 24.1333 2.15469 0.166574 0.925 1.37445 
2.15088 0.261647 23.4007 2.16059 0.162988 0.95 1.37445 
2.15613 0.266459 22.6681 2.16669 0.159295 0.975 1.37445 
2.16156 0.271414 21.9355 2.17298 0.155494 1 1.37445 
2.14851 0.243809 24.9386 2.15619 0.16239 0.9 1.38263 
2.15357 0.248163 24.206 2.16198 0.159059 0.925 1.38263 
2.1588 0.252655 23.4734 2.16796 0.155625 0.95 1.38263 
2.1642 0.257286 22.7408 2.17413 0.152087 0.975 1.38263 
2.16978 0.262054 22.0082 2.1805 0.148446 1 1.38263 
2.15587 0.234925 25.0114 2.1631 0.154805 0.9 1.39081 
2.16106 0.239108 24.2788 2.16896 0.15162 0.925 1.39081 
2.16643 0.243422 23.5462 2.17501 0.148335 0.95 1.39081 
2.17197 0.24787 22.8136 2.18126 0.144952 0.975 1.39081 
2.17769 0.25245 22.081 2.1877 0.141469 1 1.39081 
2.16295 0.22581 25.0841 2.16971 0.147297 0.9 1.39899 
2.16826 0.229819 24.3515 2.17563 0.144255 0.925 1.39899 
2.17375 0.233955 23.6189 2.18175 0.141119 0.95 1.39899 
2.17942 0.238219 22.8863 2.18806 0.137888 0.975 1.39899 
2.18528 0.24261 22.1537 2.19458 0.134562 1 1.39899 
2.16973 0.21647 25.1569 2.17602 0.139865 0.9 1.40717 
2.17516 0.220304 24.4243 2.182 0.136966 0.925 1.40717 
2.18077 0.224261 23.6916 2.18818 0.133976 0.95 1.40717 
2.18657 0.228339 22.959 2.19456 0.130896 0.975 1.40717 
2.19254 0.232539 22.2264 2.20114 0.127726 1 1.40717 

ZONE I=5, J=5
2.16973 0.21647 25.2101 2.17602 0.139865 0.9 1.40717 
2.17516 0.220304 24.4529 2.182 0.136966 0.925 1.40717 
2.18077 0.224261 23.6958 2.18818 0.133976 0.95 1.40717 
2.18657 0.228339 22.9386 2.19456 0.130896 0.975 1.40717 
2.19254 0.232539 22.1815 2.20114 0.127726 1 1.40717 
2.17621 0.206932 25.2711 2.18201 0.132489 0.9 1.41535 
2.18175 0.210586 24.514 2.18805 0.129737 0.925 1.41535 
2.18748 0.214356 23.7568 2.19429 0.126899 0.95 1.41535 
2.19339 0.218242 22.9997 2.20073 0.123976 0.975 1.41535 
2.19949 0.222244 22.2425 2.20738 0.120966 1 1.41535 
2.18239 0.197195 25.3322 2.1877 0.125171 0.9 1.42353 
2.18803 0.200667 24.575 2.19379 0.122565 0.925 1.42353 
2.19387 0.204249 23.8179 2.20009 0.119878 0.95 1.42353 
2.19989 0.207942 23.0607 2.2066 0.117109 0.975 1.42353 
2.20611 0.211746 22.3035 2.2133 0.114259 1 1.42353 
2.18826 0.187265 25.3932 2.19309 0.117911 0.9 1.43171 
2.194 0.190555 24.6361 2.19923 0.11545 0.925 1.43171 
2.19994 0.193949 23.8789 2.20558 0.112912 0.95 1.43171 
2.20607 0.197448 23.1217 2.21214 0.110296 0.975 1.43171 
2.2124 0.201052 22.3646 2.2189 0.107604 1 1.43171 
2.19382 0.177149 25.4542 2.19817 0.11071 0.9 1.4399 
2.19966 0.180256 24.6971 2.20437 0.108392 0.925 1.4399 
2.20569 0.183461 23.9399 2.21076 0.106001 0.95 1.4399 
2.21192 0.186766 23.1828 2.21737 0.103537 0.975 1.4399 
2.21834 0.19017 22.4256 2.22418 0.101001 1 1.4399 

ZONE I=5, J=5
2.19382 0.177149 25.4989 2.19817 0.11071 0.9 1.4399 
2.19966 0.180256 24.7212 2.20437 0.108392 0.925 1.4399 
2.20569 0.183461 23.9434 2.21076 0.106001 0.95 1.4399 
2.21192 0.186766 23.1657 2.21737 0.103537 0.975 1.4399 
2.21834 0.19017 22.388 2.22418 0.101001 1 1.4399 
2.19905 0.166883 25.5473 2.20295 0.103555 0.9 1.44808 
2.20498 0.169801 24.7696 2.20918 0.101384 0.925 1.44808 
2.2111 0.172812 23.9918 2.21563 0.0991449 0.95 1.44808 
2.21742 0.175917 23.2141 2.22228 0.0968377 0.975 1.44808 
2.22395 0.179115 22.4364 2.22915 0.0944623 1 1.44808 
2.20397 0.156462 25.5957 2.20741 0.096446 0.9 1.45626 
2.20997 0.159191 24.8179 2.21369 0.0944208 0.925 1.45626 
2.21618 0.162008 24.0402 2.22017 0.092332 0.95 1.45626 
2.22259 0.164912 23.2625 2.22687 0.0901796 0.975 1.45626 
2.2292 0.167903 22.4848 2.23379 0.0879636 1 1.45626 
2.20856 0.145894 25.6441 2.21157 0.0893824 0.9 1.46444 
2.21464 0.148434 24.8663 2.21788 0.0875017 0.925 1.46444 
2.22092 0.151056 24.0886 2.22441 0.0855619 0.95 1.46444 
2.22741 0.153759 23.3109 2.23115 0.0835631 0.975 1.46444 
2.23411 0.156543 22.5332 2.2381 0.0815051 1 1.46444 
2.21282 0.135185 25.6925 2.21542 0.0823644 0.9 1.47262 
2.21897 0.137536 24.9147 2.22177 0.0806269 0.925 1.47262 
2.22533 0.139963 24.137 2.22833 0.0788348 0.95 1.47262 
2.23189 0.142465 23.3593 2.23511 0.0769881 0.975 1.47262 
2.23866 0.145042 22.5816 2.2421 0.0750868 1 1.47262 

ZONE I=5, J=5
2.21282 0.135185 25.7268 2.21542 0.0823644 0.9 1.47262 
2.21897 0.137536 24.9333 2.22177 0.0806269 0.925 1.47262 
2.22533 0.139963 24.1397 2.22833 0.0788348 0.95 1.47262 
2.23189 0.142465 23.3462 2.23511 0.0769881 0.975 1.47262 
2.23866 0.145042 22.5526 2.2421 0.0750868 1 1.47262 
2.21675 0.12436 25.7619 2.21896 0.0753767 0.9 1.4808 
2.22297 0.126518 24.9683 2.22534 0.0737857 0.925 1.4808 
2.22939 0.128745 24.1748 2.23194 0.0721447 0.95 1.4808 
2.23602 0.131042 23.3812 2.23875 0.0704536 0.975 1.4808 
2.24286 0.133407 22.5877 2.24578 0.0687124 1 1.4808 
2.22035 0.113419 25.7969 2.22219 0.0684188 0.9 1.48898 
2.22662 0.115384 25.0034 2.22861 0.0669733 0.925 1.48898 
2.23311 0.117411 24.2098 2.23523 0.0654823 0.95 1.48898 
2.2398 0.119502 23.4163 2.24208 0.0639458 0.975 1.48898 
2.24671 0.121656 22.6227 2.24914 0.0623638 1 1.48898 
2.22362 0.10237 25.832 2.22512 0.0614905 0.9 1.49716 
2.22994 0.104141 25.0384 2.23156 0.0601896 0.925 1.49716 
2.23648 0.105968 24.2449 2.23821 0.0588476 0.95 1.49716 
2.24323 0.107853 23.4513 2.24509 0.0574647 0.975 1.49716 
2.25019 0.109795 22.6577 2.25217 0.0560408 1 1.49716 
2.22655 0.0912185 25.867 2.22774 0.054592 0.9 1.50535 
2.23292 0.0927959 25.0735 2.2342 0.0534346 0.925 1.50535 
2.2395 0.094424 24.2799 2.24088 0.0522407 0.95 1.50535 
2.2463 0.0961027 23.4864 2.24778 0.0510103 0.975 1.50535 
2.25332 0.097832 22.6928 2.25489 0.0497435 1 1.50535 

ZONE I=5, J=5
2.22655 0.0912185 25.8903 2.22774 0.054592 0.9 1.50535 
2.23292 0.0927959 25.086 2.2342 0.0534346 0.925 1.50535 
2.2395 0.094424 24.2817 2.24088 0.0522407 0.95 1.50535 
2.2463 0.0961027 23.4775 2.24778 0.0510103 0.975 1.50535 
2.25332 0.097832 22.6732 2.25489 0.0497435 1 1.50535 
2.22913 0.0799979 25.9115 2.23005 0.0477175 0.9 1.51353 
2.23554 0.0813789 25.1073 2.23654 0.0467058 0.925 1.51353 
2.24217 0.0828043 24.303 2.24323 0.0456622 0.95 1.51353 
2.24902 0.084274 23.4987 2.25015 0.0445867 0.975 1.51353 
2.25608 0.0857881 22.6944 2.25729 0.0434793 1 1.51353 
2.23137 0.0687069 25.9328 2.23206 0.0408618 0.9 1.52171 
2.23782 0.0698913 25.1285 2.23856 0.0399952 0.925 1.52171 
2.24449 0.0711139 24.3242 2.24527 0.0391012 0.95 1.52171 
2.25137 0.0723745 23.5199 2.25221 0.0381798 0.975 1.52171 
2.25847 0.0736732 22.7156 2.25937 0.0372311 1 1.52171 
2.23327 0.0573526 25.954 2.23375 0.0340249 0.9 1.52989 
2.23975 0.0583407 25.1497 2.24027 0.0333027 0.925 1.52989 
2.24645 0.0593604 24.3454 2.247 0.0325576 0.95 1.52989 
2.25337 0.060412 23.5411 2.25395 0.0317898 0.975 1.52989 
2.2605 0.0614953 22.7369 2.26113 0.0309992 1 1.52989 
2.23483 0.0459426 25.9752 2.23514 0.0272068 0.9 1.53807 
2.24134 0.0467343 25.1709 2.24167 0.0266283 0.925 1.53807 
2.24806 0.0475514 24.3666 2.24841 0.0260316 0.95 1.53807 
2.255 0.048394 23.5624 2.25538 0.0254166 0.975 1.53807 
2.26216 0.0492621 22.7581 2.26256 0.0247833 1 1.53807 

ZONE I=5, J=5
2.23483 0.0459426 25.987 2.23514 0.0272068 0.9 1.53807 
2.24134 0.0467343 25.1773 2.24167 0.0266283 0.925 1.53807 
2.24806 0.0475514 24.3676 2.24841 0.0260316 0.95 1.53807 
2.255 0.048394 23.5579 2.25538 0.0254166 0.975 1.53807 
2.26216 0.0492621 22.7482 2.26256 0.0247833 1 1.53807 
2.23604 0.0344955 25.9941 2.23622 0.0203989 0.9 1.54625 
2.24257 0.0350893 25.1844 2.24275 0.0199653 0.925 1.54625 
2.24931 0.0357023 24.3747 2.24951 0.019518 0.95 1.54625 
2.25627 0.0363344 23.565 2.25648 0.019057 0.975 1.54625 
2.26346 0.0369856 22.7553 2.26368 0.0185824 1 1.54625 
2.23691 0.0230163 26.0012 2.23699 0.0135951 0.9 1.55443 
2.24345 0.0234123 25.1915 2.24353 0.0133062 0.925 1.55443 
2.2502 0.0238209 24.3818 2.25029 0.0130082 0.95 1.55443 
2.25718 0.0242423 23.5721 2.25728 0.0127011 0.975 1.55443 
2.26438 0.0246764 22.7624 2.26448 0.0123848 1 1.55443 
2.23743 0.0115126 26.0083 2.23745 0.00679549 0.9 1.56261 
2.24398 0.0117106 25.1986 2.244 0.00665114 0.925 1.56261 
2.25074 0.0119148 24.3889 2.25076 0.00650222 0.95 1.56261 
2.25773 0.0121255 23.5792 2.25775 0.00634875 0.975 1.56261 
2.26494 0.0123425 22.7695 2.26496 0.00619071 1 1.56261 
2.23761 -8.21918e-06 26.0153 2.23761 0 0.9 1.5708 
2.24415 -8.24323e-06 25.2057 2.24415 0 0.925 1.5708 
2.25092 -8.26809e-06 24.396 2.25092 0 0.95 1.5708 
2.25791 -8.29377e-06 23.5863 2.25791 0 0.975 1.5708 
2.26512 -8.32025e-06 22.7766 2.26512 0 1 1.5708 

