ZONE I=5, J=5
0 0.359286 16.9946 0.359286 0 0.9 0 
0 0.367275 15.3809 0.367275 0 0.925 0 
0 0.375722 13.7671 0.375722 0 0.95 0 
0 0.384625 12.1533 0.384625 0 0.975 0 
0 0.393984 10.5395 0.393984 0 1 0 
0.0132029 0.359286 16.996 0.359382 0.0102631 0.9 0.00818126 
0.0132024 0.367276 15.3822 0.367372 0.0101973 0.925 0.00818126 
0.0132021 0.375722 13.7684 0.375818 0.0101278 0.95 0.00818126 
0.0132019 0.384625 12.1547 0.38472 0.0100548 0.975 0.00818126 
0.0132018 0.393984 10.5409 0.394079 0.00997808 1 0.00818126 
0.026403 0.359287 16.9974 0.359671 0.0205209 0.9 0.0163625 
0.0264021 0.367277 15.3836 0.367659 0.0203893 0.925 0.0163625 
0.0264014 0.375723 13.7698 0.376104 0.0202503 0.95 0.0163625 
0.0264009 0.384625 12.156 0.385006 0.0201042 0.975 0.0163625 
0.0264006 0.393984 10.5422 0.394364 0.0199508 1 0.0163625 
0.0396028 0.359289 16.9988 0.360153 0.0307735 0.9 0.0245437 
0.0396014 0.367278 15.385 0.368139 0.030576 0.925 0.0245437 
0.0396002 0.375724 13.7712 0.376582 0.0303676 0.95 0.0245437 
0.0395994 0.384626 12.1574 0.385482 0.0301483 0.975 0.0245437 
0.0395989 0.393984 10.5436 0.394838 0.0299181 1 0.0245437 
0.0528048 0.359291 17.0002 0.360827 0.0410209 0.9 0.0327249 
0.0528028 0.36728 15.3864 0.368811 0.0407574 0.925 0.0327249 
0.0528011 0.375725 13.7726 0.377251 0.0404795 0.95 0.0327249 
0.0527999 0.384626 12.1588 0.386148 0.040187 0.975 0.0327249 
0.0527991 0.393984 10.545 0.395501 0.03988 1 0.0327249 

ZONE I=5, J=5
0.0528048 0.359291 17.0023 0.360827 0.0410209 0.9 0.0327249 
0.0528028 0.36728 15.3876 0.368811 0.0407574 0.925 0.0327249 
0.0528011 0.375725 13.773 0.377251 0.0404795 0.95 0.0327249 
0.0527999 0.384626 12.1583 0.386148 0.040187 0.975 0.0327249 
0.0527991 0.393984 10.5437 0.395501 0.03988 1 0.0327249 
0.066007 0.359294 17.0056 0.361693 0.0512585 0.9 0.0409062 
0.0660045 0.367282 15.3909 0.369674 0.0509294 0.925 0.0409062 
0.0660026 0.375726 13.7763 0.378111 0.0505822 0.95 0.0409062 
0.0660013 0.384627 12.1616 0.387005 0.0502169 0.975 0.0409062 
0.0660005 0.393984 10.547 0.396354 0.0498334 1 0.0409062 
0.0792065 0.359298 17.0089 0.362752 0.0614812 0.9 0.0490874 
0.0792036 0.367285 15.3942 0.370729 0.0610864 0.925 0.0490874 
0.0792014 0.375728 13.7796 0.379162 0.0606699 0.95 0.0490874 
0.0791998 0.384628 12.1649 0.388051 0.0602316 0.975 0.0490874 
0.0791989 0.393984 10.5503 0.397396 0.0597716 1 0.0490874 
0.092406 0.359302 17.0122 0.364002 0.071689 0.9 0.0572686 
0.0924025 0.367288 15.3975 0.371975 0.0712284 0.925 0.0572686 
0.0923998 0.375731 13.7829 0.380403 0.0707425 0.95 0.0572686 
0.0923978 0.384629 12.1682 0.389287 0.0702312 0.975 0.0572686 
0.0923966 0.393984 10.5536 0.398627 0.0696946 1 0.0572686 
0.105608 0.359307 17.0155 0.365445 0.0818819 0.9 0.0654498 
0.105604 0.367292 15.4008 0.373412 0.0813555 0.925 0.0654498 
0.1056 0.375733 13.7862 0.381835 0.0808001 0.95 0.0654498 
0.105598 0.384631 12.1716 0.390713 0.0802157 0.975 0.0654498 
0.105596 0.393984 10.5569 0.400047 0.0796023 1 0.0654498 

ZONE I=5, J=5
0.105608 0.359307 17.0196 0.365445 0.0818819 0.9 0.0654498 
0.105604 0.367292 15.4032 0.373412 0.0813555 0.925 0.0654498 
0.1056 0.375733 13.7869 0.381835 0.0808001 0.95 0.0654498 
0.105598 0.384631 12.1706 0.390713 0.0802157 0.975 0.0654498 
0.105596 0.393984 10.5542 0.400047 0.0796023 1 0.0654498 
0.118809 0.359313 17.0252 0.367079 0.0920541 0.9 0.0736311 
0.118804 0.367296 15.4089 0.375041 0.0914624 0.925 0.073631 
0.118801 0.375736 13.7925 0.383458 0.0908381 0.95 0.0736311 
0.118798 0.384632 12.1762 0.392329 0.0901813 0.975 0.0736311 
0.118797 0.393984 10.5599 0.401656 0.0894918 1 0.0736311 
0.132007 0.359319 17.0309 0.368905 0.102202 0.9 0.0818123 
0.132002 0.367301 15.4145 0.37686 0.101545 0.925 0.0818123 
0.131999 0.375739 13.7982 0.38527 0.100851 0.95 0.0818123 
0.131996 0.384634 12.1819 0.394134 0.100122 0.975 0.0818123 
0.131995 0.393984 10.5655 0.403453 0.0993562 1 0.0818123 
0.145206 0.359326 17.0365 0.370922 0.112325 0.9 0.0899936 
0.1452 0.367306 15.4202 0.37887 0.111602 0.925 0.0899936 
0.145196 0.375743 13.8038 0.387272 0.11084 0.95 0.0899936 
0.145193 0.384636 12.1875 0.396128 0.110037 0.975 0.0899935 
0.145191 0.393984 10.5712 0.405439 0.109195 1 0.0899936 
0.158407 0.359334 17.0422 0.37313 0.122423 0.9 0.0981748 
0.1584 0.367312 15.4258 0.381069 0.121635 0.925 0.0981748 
0.158395 0.375747 13.8095 0.389463 0.120803 0.95 0.0981748 
0.158392 0.384638 12.1931 0.398311 0.119928 0.975 0.0981748 
0.158389 0.393984 10.5768 0.407612 0.119009 1 0.0981748 

ZONE I=5, J=5
0.158407 0.359334 17.048 0.37313 0.122423 0.9 0.0981748 
0.1584 0.367312 15.4291 0.381069 0.121635 0.925 0.0981748 
0.158395 0.375747 13.8102 0.389463 0.120803 0.95 0.0981748 
0.158392 0.384638 12.1913 0.398311 0.119928 0.975 0.0981748 
0.158389 0.393984 10.5724 0.407612 0.119009 1 0.0981748 
0.171605 0.359342 17.056 0.375528 0.13249 0.9 0.106356 
0.171599 0.367319 15.4371 0.383459 0.131637 0.925 0.106356 
0.171594 0.375751 13.8182 0.391844 0.130737 0.95 0.106356 
0.171591 0.38464 12.1993 0.400682 0.129789 0.975 0.106356 
0.171589 0.393984 10.5804 0.409973 0.128795 1 0.106356 
0.184802 0.359351 17.0639 0.378117 0.142522 0.9 0.114537 
0.184795 0.367326 15.445 0.386038 0.141604 0.925 0.114537 
0.18479 0.375756 13.8261 0.394413 0.140636 0.95 0.114537 
0.184787 0.384642 12.2073 0.403241 0.139616 0.975 0.114537 
0.184785 0.393984 10.5884 0.412521 0.138547 1 0.114537 
0.197999 0.35936 17.0719 0.380895 0.152521 0.9 0.122718 
0.197992 0.367333 15.453 0.388807 0.151538 0.925 0.122718 
0.197986 0.375761 13.8341 0.397171 0.1505 0.95 0.122718 
0.197982 0.384645 12.2152 0.405987 0.149409 0.975 0.122718 
0.19798 0.393984 10.5963 0.415256 0.148263 1 0.122718 
0.211199 0.35937 17.0799 0.383863 0.162485 0.9 0.1309 
0.211191 0.367341 15.461 0.391764 0.161437 0.925 0.1309 
0.211185 0.375766 13.8421 0.400117 0.16033 0.95 0.1309 
0.21118 0.384648 12.2232 0.408921 0.159166 0.975 0.1309 
0.211176 0.393984 10.6043 0.418178 0.157944 1 0.1309 

ZONE I=5, J=5
0.211199 0.35937 17.0875 0.383863 0.162485 0.9 0.1309 
0.211191 0.367341 15.4652 0.391764 0.161437 0.925 0.1309 
0.211185 0.375766 13.8429 0.400117 0.16033 0.95 0.1309 
0.21118 0.384648 12.2206 0.408921 0.159166 0.975 0.1309 
0.211176 0.393984 10.5983 0.418178 0.157944 1 0.1309 
0.224396 0.359381 17.0978 0.38702 0.172407 0.9 0.139081 
0.224388 0.367349 15.4755 0.394909 0.171294 0.925 0.139081 
0.224381 0.375772 13.8532 0.40325 0.17012 0.95 0.139081 
0.224376 0.384651 12.2309 0.412042 0.168885 0.975 0.139081 
0.224374 0.393984 10.6086 0.421286 0.167588 1 0.139081 
0.23759 0.359393 17.1081 0.390365 0.182285 0.9 0.147262 
0.237582 0.367358 15.4858 0.398242 0.181108 0.925 0.147262 
0.237575 0.375778 13.8635 0.40657 0.179866 0.95 0.147262 
0.23757 0.384654 12.2412 0.415349 0.178559 0.975 0.147262 
0.237568 0.393984 10.6189 0.424578 0.177187 1 0.147262 
0.250785 0.359405 17.1184 0.393898 0.192119 0.9 0.155443 
0.250776 0.367367 15.4961 0.401762 0.190877 0.925 0.155443 
0.250769 0.375784 13.8738 0.410077 0.189567 0.95 0.155443 
0.250764 0.384657 12.2515 0.418842 0.188188 0.975 0.155443 
0.25076 0.393984 10.6292 0.428056 0.186741 1 0.155443 
0.263983 0.359418 17.1287 0.397619 0.20191 0.9 0.163625 
0.263973 0.367377 15.5064 0.40547 0.200603 0.925 0.163625 
0.263965 0.375791 13.8841 0.413771 0.199224 0.95 0.163625 
0.263959 0.38466 12.2618 0.42252 0.197773 0.975 0.163625 
0.263954 0.393984 10.6395 0.431719 0.19625 1 0.163625 

ZONE I=5, J=5
0.263983 0.359418 17.1381 0.397619 0.20191 0.9 0.163625 
0.263973 0.367377 15.5115 0.40547 0.200603 0.925 0.163625 
0.263965 0.375791 13.8849 0.413771 0.199224 0.95 0.163625 
0.263959 0.38466 12.2584 0.42252 0.197773 0.975 0.163625 
0.263954 0.393984 10.6318 0.431719 0.19625 1 0.163625 
0.277177 0.359431 17.1507 0.401526 0.211647 0.9 0.171806 
0.277167 0.367387 15.5241 0.409364 0.210277 0.925 0.171806 
0.277159 0.375798 13.8976 0.417649 0.208831 0.95 0.171806 
0.277153 0.384664 12.271 0.426384 0.20731 0.975 0.171806 
0.27715 0.393984 10.6444 0.435566 0.205713 1 0.171806 
0.290369 0.359445 17.1633 0.40562 0.221331 0.9 0.179987 
0.290358 0.367398 15.5368 0.413442 0.219897 0.925 0.179987 
0.29035 0.375806 13.9102 0.421713 0.218384 0.95 0.179987 
0.290344 0.384668 12.2836 0.43043 0.216792 0.975 0.179987 
0.290341 0.393984 10.6571 0.439596 0.215121 1 0.179987 
0.303561 0.35946 17.176 0.409899 0.230962 0.9 0.188168 
0.30355 0.367409 15.5494 0.417706 0.229464 0.925 0.188168 
0.303541 0.375813 13.9229 0.42596 0.227883 0.95 0.188168 
0.303535 0.384672 12.2963 0.434661 0.22622 0.975 0.188168 
0.303531 0.393984 10.6697 0.443808 0.224475 1 0.188168 
0.316757 0.359475 17.1886 0.414364 0.24054 0.9 0.19635 
0.316744 0.367421 15.5621 0.422155 0.238977 0.925 0.19635 
0.316734 0.375821 13.9355 0.430392 0.237329 0.95 0.19635 
0.316727 0.384676 12.3089 0.439075 0.235594 0.975 0.19635 
0.316722 0.393984 10.6824 0.448204 0.233773 1 0.19635 

ZONE I=5, J=5
0.316757 0.359475 17.1998 0.414364 0.24054 0.9 0.19635 
0.316744 0.367421 15.5681 0.422155 0.238977 0.925 0.19635 
0.316734 0.375821 13.9364 0.430392 0.237329 0.95 0.19635 
0.316727 0.384676 12.3048 0.439075 0.235594 0.975 0.19635 
0.316722 0.393984 10.6731 0.448204 0.233773 1 0.19635 
0.329947 0.359491 17.2148 0.419013 0.250054 0.9 0.204531 
0.329935 0.367434 15.5831 0.426787 0.248429 0.925 0.204531 
0.329925 0.37583 13.9514 0.435007 0.246714 0.95 0.204531 
0.329919 0.38468 12.3197 0.443671 0.24491 0.975 0.204531 
0.329915 0.393985 10.688 0.452781 0.243017 1 0.204531 
0.343135 0.359508 17.2298 0.423845 0.259505 0.9 0.212712 
0.343123 0.367447 15.5981 0.431602 0.257817 0.925 0.212712 
0.343113 0.375839 13.9664 0.439803 0.256036 0.95 0.212712 
0.343107 0.384685 12.3347 0.448448 0.254162 0.975 0.212712 
0.343103 0.393984 10.703 0.457538 0.252195 1 0.212712 
0.356324 0.359525 17.2448 0.42886 0.268893 0.9 0.220893 
0.356311 0.36746 15.6131 0.436599 0.267142 0.925 0.220893 
0.3563 0.375848 13.9814 0.444781 0.265294 0.95 0.220893 
0.356293 0.384689 12.3497 0.453406 0.26335 0.975 0.220893 
0.356288 0.393984 10.718 0.462474 0.261309 1 0.220893 
0.369515 0.359543 17.2598 0.434059 0.278219 0.9 0.229074 
0.369501 0.367473 15.6281 0.441779 0.276404 0.925 0.229074 
0.369489 0.375857 13.9964 0.449941 0.274489 0.95 0.229074 
0.36948 0.384694 12.3647 0.458545 0.272474 0.975 0.229074 
0.369474 0.393984 10.733 0.467591 0.270358 1 0.229074 

ZONE I=5, J=5
0.369515 0.359543 17.2729 0.434059 0.278219 0.9 0.229074 
0.369501 0.367473 15.6352 0.441779 0.276404 0.925 0.229074 
0.369489 0.375857 13.9975 0.449941 0.274489 0.95 0.229074 
0.36948 0.384694 12.3598 0.458545 0.272474 0.975 0.229074 
0.369474 0.393984 10.7221 0.467591 0.270358 1 0.229074 
0.382702 0.359562 17.2902 0.439438 0.287472 0.9 0.237256 
0.382688 0.367488 15.6525 0.447139 0.285595 0.925 0.237256 
0.382677 0.375867 14.0148 0.455281 0.283615 0.95 0.237256 
0.38267 0.384699 12.3771 0.463864 0.281532 0.975 0.237256 
0.382665 0.393985 10.7394 0.472888 0.279345 1 0.237256 
0.395887 0.359581 17.3076 0.444997 0.296652 0.9 0.245437 
0.395873 0.367503 15.6699 0.452678 0.294713 0.925 0.245437 
0.395862 0.375877 14.0322 0.460799 0.292668 0.95 0.245437 
0.395854 0.384704 12.3945 0.46936 0.290516 0.975 0.245437 
0.39585 0.393984 10.7568 0.478361 0.288256 1 0.245437 
0.409072 0.359601 17.3249 0.450737 0.30576 0.9 0.253618 
0.409057 0.367518 15.6872 0.458397 0.303759 0.925 0.253618 
0.409045 0.375887 14.0495 0.466496 0.301647 0.95 0.253618 
0.409037 0.38471 12.4118 0.475034 0.299426 0.975 0.253618 
0.409032 0.393984 10.7741 0.48401 0.297094 1 0.253618 
0.422259 0.359621 17.3423 0.456656 0.314795 0.9 0.261799 
0.422243 0.367534 15.7046 0.464295 0.312731 0.925 0.261799 
0.42223 0.375898 14.0669 0.472371 0.310553 0.95 0.261799 
0.42222 0.384715 12.4292 0.480885 0.308262 0.975 0.261799 
0.422213 0.393984 10.7915 0.489836 0.305856 1 0.261799 

ZONE I=5, J=5
0.422259 0.359621 17.3572 0.456656 0.314795 0.9 0.261799 
0.422243 0.367534 15.7127 0.464295 0.312731 0.925 0.261799 
0.42223 0.375898 14.0681 0.472371 0.310553 0.95 0.261799 
0.42222 0.384715 12.4235 0.480885 0.308262 0.975 0.261799 
0.422213 0.393984 10.7789 0.489836 0.305856 1 0.261799 
0.435442 0.359642 17.377 0.462753 0.323748 0.9 0.269981 
0.435426 0.36755 15.7324 0.47037 0.321623 0.925 0.269981 
0.435414 0.37591 14.0878 0.478423 0.319382 0.95 0.269981 
0.435405 0.384721 12.4432 0.486913 0.317023 0.975 0.269981 
0.4354 0.393985 10.7987 0.49584 0.314547 1 0.269981 
0.448623 0.359664 17.3967 0.469026 0.332619 0.9 0.278162 
0.448607 0.367567 15.7521 0.47662 0.330433 0.925 0.278162 
0.448594 0.375921 14.1076 0.48465 0.328127 0.95 0.278162 
0.448586 0.384727 12.463 0.493115 0.325701 0.975 0.278162 
0.448581 0.393984 10.8184 0.502015 0.323154 1 0.278162 
0.461803 0.359686 17.4165 0.475475 0.341408 0.9 0.286343 
0.461786 0.367584 15.7719 0.483047 0.339161 0.925 0.286343 
0.461773 0.375933 14.1273 0.491052 0.33679 0.95 0.286343 
0.461764 0.384733 12.4827 0.499491 0.334296 0.975 0.286343 
0.461758 0.393984 10.8381 0.508364 0.331677 1 0.286343 
0.474986 0.359709 17.4362 0.482101 0.350115 0.9 0.294524 
0.474968 0.367601 15.7916 0.489648 0.347807 0.925 0.294524 
0.474953 0.375945 14.147 0.497628 0.345371 0.95 0.294524 
0.474942 0.384739 12.5025 0.50604 0.342807 0.975 0.294524 
0.474934 0.393984 10.8579 0.514886 0.340116 1 0.294524 

ZONE I=5, J=5
0.474986 0.359709 17.4531 0.482101 0.350115 0.9 0.294524 
0.474968 0.367601 15.8007 0.489648 0.347807 0.925 0.294524 
0.474953 0.375945 14.1484 0.497628 0.345371 0.95 0.294524 
0.474942 0.384739 12.496 0.50604 0.342807 0.975 0.294524 
0.474934 0.393984 10.8436 0.514886 0.340116 1 0.294524 
0.488164 0.359733 17.4752 0.488901 0.358731 0.9 0.302706 
0.488146 0.36762 15.8229 0.496424 0.356363 0.925 0.302706 
0.488132 0.375957 14.1705 0.504378 0.353864 0.95 0.302706 
0.488122 0.384746 12.5181 0.512764 0.351235 0.975 0.302706 
0.488116 0.393985 10.8658 0.521581 0.348475 1 0.302706 
0.501339 0.359757 17.4974 0.495872 0.367255 0.9 0.310887 
0.501321 0.367638 15.845 0.50337 0.364827 0.925 0.310887 
0.501307 0.37597 14.1926 0.511298 0.362265 0.95 0.310887 
0.501297 0.384752 12.5403 0.519656 0.35957 0.975 0.310887 
0.501292 0.393984 10.8879 0.528445 0.35674 1 0.310887 
0.514514 0.359782 17.5195 0.503017 0.375689 0.9 0.319068 
0.514495 0.367657 15.8671 0.510489 0.3732 0.925 0.319068 
0.514481 0.375983 14.2148 0.51839 0.370575 0.95 0.319068 
0.51447 0.384758 12.5624 0.526719 0.367812 0.975 0.319068 
0.514464 0.393984 10.9101 0.535477 0.364912 1 0.319068 
0.527692 0.359807 17.5416 0.510333 0.384031 0.9 0.327249 
0.527671 0.367677 15.8893 0.517779 0.381482 0.925 0.327249 
0.527655 0.375996 14.2369 0.525651 0.378793 0.95 0.327249 
0.527643 0.384765 12.5846 0.533951 0.375962 0.975 0.327249 
0.527634 0.393984 10.9322 0.542678 0.372991 1 0.327249 

ZONE I=5, J=5
0.527692 0.359807 17.5605 0.510333 0.384031 0.9 0.327249 
0.527671 0.367677 15.8994 0.517779 0.381482 0.925 0.327249 
0.527655 0.375996 14.2384 0.525651 0.378793 0.95 0.327249 
0.527643 0.384765 12.5774 0.533951 0.375962 0.975 0.327249 
0.527634 0.393984 10.9163 0.542678 0.372991 1 0.327249 
0.540864 0.359833 17.585 0.517819 0.392272 0.9 0.335431 
0.540844 0.367697 15.924 0.525238 0.389665 0.925 0.335431 
0.540829 0.37601 14.263 0.533082 0.386914 0.95 0.335431 
0.540818 0.384773 12.6019 0.541353 0.384019 0.975 0.335431 
0.540811 0.393985 10.9409 0.550049 0.380981 1 0.335431 
0.554033 0.35986 17.6096 0.525472 0.400413 0.9 0.343612 
0.554013 0.367718 15.9486 0.532864 0.397747 0.925 0.343612 
0.553998 0.376024 14.2876 0.54068 0.394935 0.95 0.343612 
0.553987 0.38478 12.6265 0.54892 0.391975 0.975 0.343612 
0.553981 0.393984 10.9655 0.557584 0.388868 1 0.343612 
0.567202 0.359887 17.6342 0.533294 0.408454 0.9 0.351793 
0.567182 0.367738 15.9732 0.540657 0.40573 0.925 0.351793 
0.567166 0.376038 14.3121 0.548443 0.402855 0.95 0.351793 
0.567154 0.384787 12.6511 0.556652 0.399829 0.975 0.351793 
0.567147 0.393984 10.9901 0.565284 0.396653 1 0.351793 
0.580374 0.359915 17.6588 0.541283 0.416396 0.9 0.359974 
0.580352 0.36776 15.9977 0.548618 0.413611 0.925 0.359974 
0.580334 0.376053 14.3367 0.556373 0.410674 0.95 0.359974 
0.580321 0.384794 12.6757 0.564549 0.407582 0.975 0.359974 
0.580311 0.393984 11.0147 0.573147 0.404336 1 0.359974 

ZONE I=5, J=5
0.580374 0.359915 17.6795 0.541283 0.416396 0.9 0.359974 
0.580352 0.36776 16.0089 0.548618 0.413611 0.925 0.359974 
0.580334 0.376053 14.3383 0.556373 0.410674 0.95 0.359974 
0.580321 0.384794 12.6677 0.564549 0.407582 0.975 0.359974 
0.580311 0.393984 10.9971 0.573147 0.404336 1 0.359974 
0.593539 0.359944 17.7066 0.549437 0.424226 0.9 0.368156 
0.593518 0.367782 16.036 0.556742 0.421385 0.925 0.368156 
0.593501 0.376068 14.3654 0.564467 0.418387 0.95 0.368156 
0.593489 0.384802 12.6947 0.572612 0.415233 0.975 0.368156 
0.593482 0.393985 11.0241 0.581176 0.411921 1 0.368156 
0.606702 0.359973 17.7336 0.557754 0.431948 0.9 0.376337 
0.606681 0.367804 16.063 0.565029 0.429049 0.925 0.376337 
0.606664 0.376083 14.3924 0.572723 0.425991 0.95 0.376337 
0.606653 0.38481 12.7218 0.580835 0.422773 0.975 0.376337 
0.606646 0.393984 11.0512 0.589364 0.419395 1 0.376337 
0.619865 0.360002 17.7607 0.566234 0.439561 0.9 0.384518 
0.619843 0.367827 16.0901 0.573479 0.436605 0.925 0.384518 
0.619825 0.376099 14.4194 0.58114 0.433486 0.95 0.384518 
0.619813 0.384818 12.7488 0.589218 0.430204 0.975 0.384518 
0.619805 0.393984 11.0782 0.597712 0.426758 1 0.384518 
0.63303 0.360032 17.7877 0.574877 0.447065 0.9 0.392699 
0.633006 0.36785 16.1171 0.58209 0.444051 0.925 0.392699 
0.632987 0.376115 14.4465 0.589718 0.440871 0.95 0.392699 
0.632972 0.384826 12.7759 0.597761 0.437523 0.975 0.392699 
0.632962 0.393984 11.1053 0.606218 0.434009 1 0.392699 

ZONE I=5, J=5
0.63303 0.360032 17.8105 0.574877 0.447065 0.9 0.392699 
0.633006 0.36785 16.1294 0.58209 0.444051 0.925 0.392699 
0.632987 0.376115 14.4482 0.589718 0.440871 0.95 0.392699 
0.632972 0.384826 12.7671 0.597761 0.437523 0.975 0.392699 
0.632962 0.393984 11.086 0.606218 0.434009 1 0.392699 
0.646188 0.360064 17.84 0.583678 0.45445 0.9 0.400881 
0.646165 0.367874 16.1589 0.590861 0.45138 0.925 0.400881 
0.646147 0.376131 14.4778 0.598456 0.448142 0.95 0.400881 
0.646134 0.384835 12.7966 0.606465 0.444733 0.975 0.400881 
0.646126 0.393985 11.1155 0.614886 0.441155 1 0.400881 
0.659344 0.360095 17.8696 0.592638 0.461717 0.9 0.409062 
0.659321 0.367898 16.1884 0.599789 0.458592 0.925 0.409062 
0.659303 0.376148 14.5073 0.60735 0.455294 0.95 0.409062 
0.65929 0.384843 12.8262 0.615323 0.451824 0.975 0.409062 
0.659283 0.393984 11.145 0.623707 0.448181 1 0.409062 
0.672499 0.360127 17.8991 0.601756 0.468867 0.9 0.417243 
0.672475 0.367923 16.218 0.608873 0.465686 0.925 0.417243 
0.672456 0.376164 14.5369 0.6164 0.462329 0.95 0.417243 
0.672443 0.384851 12.8557 0.624337 0.458796 0.975 0.417243 
0.672434 0.393984 11.1746 0.632683 0.455087 1 0.417243 
0.685657 0.360159 17.9287 0.611032 0.4759 0.9 0.425424 
0.685631 0.367948 16.2475 0.618115 0.472662 0.925 0.425424 
0.68561 0.376182 14.5664 0.625606 0.469245 0.95 0.425424 
0.685594 0.38486 12.8853 0.633505 0.465649 0.975 0.425424 
0.685584 0.393984 11.2041 0.641811 0.461873 1 0.425424 

ZONE I=5, J=5
0.685657 0.360159 17.9535 0.611032 0.4759 0.9 0.425424 
0.685631 0.367948 16.2609 0.618115 0.472662 0.925 0.425424 
0.68561 0.376182 14.5683 0.625606 0.469245 0.95 0.425424 
0.685594 0.38486 12.8757 0.633505 0.465649 0.975 0.425424 
0.685584 0.393984 11.1831 0.641811 0.461873 1 0.425424 
0.698806 0.360193 17.9855 0.620459 0.482803 0.9 0.433605 
0.698781 0.367974 16.2929 0.62751 0.479511 0.925 0.433605 
0.698762 0.376199 14.6003 0.634966 0.476038 0.95 0.433605 
0.698748 0.38487 12.9078 0.642828 0.472382 0.975 0.433605 
0.698739 0.393985 11.2152 0.651096 0.468545 1 0.433605 
0.711953 0.360226 18.0176 0.63004 0.489581 0.9 0.441786 
0.711928 0.368 16.325 0.637056 0.486235 0.925 0.441786 
0.711909 0.376217 14.6324 0.644476 0.482705 0.95 0.441786 
0.711895 0.384879 12.9398 0.6523 0.478989 0.975 0.441786 
0.711887 0.393984 11.2472 0.660528 0.475089 1 0.441786 
0.7251 0.36026 18.0497 0.639773 0.496235 0.9 0.449967 
0.725075 0.368026 16.3571 0.646754 0.492834 0.925 0.449967 
0.725055 0.376235 14.6645 0.654137 0.489245 0.95 0.449967 
0.72504 0.384888 12.9719 0.661922 0.485469 0.975 0.449967 
0.725031 0.393984 11.2793 0.67011 0.481504 1 0.449967 
0.738251 0.360295 18.0818 0.649659 0.502763 0.9 0.458149 
0.738224 0.368053 16.3892 0.656604 0.499307 0.925 0.458149 
0.738201 0.376253 14.6966 0.663949 0.49566 0.95 0.458149 
0.738184 0.384897 13.004 0.671694 0.491822 0.975 0.458149 
0.738173 0.393984 11.3114 0.679839 0.487792 1 0.458149 

ZONE I=5, J=5
0.738251 0.360295 18.1086 0.649659 0.502763 0.9 0.458149 
0.738224 0.368053 16.4036 0.656604 0.499307 0.925 0.458149 
0.738201 0.376253 14.6986 0.663949 0.49566 0.95 0.458149 
0.738184 0.384897 12.9936 0.671694 0.491822 0.975 0.458149 
0.738173 0.393984 11.2886 0.679839 0.487792 1 0.458149 
0.751391 0.360331 18.1433 0.65969 0.509152 0.9 0.46633 
0.751365 0.36808 16.4382 0.6666 0.505644 0.925 0.46633 
0.751344 0.376272 14.7332 0.673908 0.501943 0.95 0.46633 
0.751329 0.384907 13.0282 0.681614 0.498047 0.975 0.46633 
0.75132 0.393985 11.3232 0.689718 0.493957 1 0.46633 
0.764529 0.360367 18.1779 0.669868 0.515408 0.9 0.474511 
0.764503 0.368108 16.4729 0.676742 0.511848 0.925 0.474511 
0.764482 0.376291 14.7679 0.684012 0.508091 0.95 0.474511 
0.764468 0.384917 13.0629 0.691678 0.504137 0.975 0.474511 
0.764459 0.393984 11.3579 0.69974 0.499986 1 0.474511 
0.777668 0.360403 18.2125 0.680193 0.521531 0.9 0.482692 
0.77764 0.368136 16.5075 0.68703 0.517918 0.925 0.482692 
0.777619 0.37631 14.8025 0.69426 0.514105 0.95 0.482692 
0.777603 0.384926 13.0975 0.701884 0.510092 0.975 0.482692 
0.777594 0.393984 11.3925 0.709903 0.505879 1 0.482692 
0.79081 0.360441 18.2472 0.690665 0.527521 0.9 0.490874 
0.79078 0.368164 16.5422 0.697463 0.523854 0.925 0.490874 
0.790756 0.37633 14.8372 0.704653 0.519984 0.95 0.490874 
0.790738 0.384936 13.1322 0.712235 0.515911 0.975 0.490874 
0.790726 0.393984 11.4272 0.720209 0.511635 1 0.490874 

ZONE I=5, J=5
0.79081 0.360441 18.2762 0.690665 0.527521 0.9 0.490874 
0.79078 0.368164 16.5578 0.697463 0.523854 0.925 0.490874 
0.790756 0.37633 14.8394 0.704653 0.519984 0.95 0.490874 
0.790738 0.384936 13.121 0.712235 0.515911 0.975 0.490874 
0.790726 0.393984 11.4026 0.720209 0.511635 1 0.490874 
0.80394 0.360479 18.3134 0.701275 0.533364 0.9 0.499055 
0.803911 0.368194 16.595 0.708036 0.529647 0.925 0.499055 
0.803889 0.37635 14.8766 0.715187 0.525724 0.95 0.499055 
0.803873 0.384947 13.1582 0.722727 0.521595 0.975 0.499055 
0.803864 0.393985 11.4398 0.730658 0.517261 1 0.499055 
0.817068 0.360517 18.3507 0.712026 0.539066 0.9 0.507236 
0.81704 0.368223 16.6323 0.718748 0.535298 0.925 0.507236 
0.817018 0.37637 14.9139 0.725858 0.531321 0.95 0.507236 
0.817003 0.384957 13.1955 0.733357 0.527136 0.975 0.507236 
0.816994 0.393984 11.4771 0.741243 0.522743 1 0.507236 
0.830197 0.360555 18.3879 0.722917 0.544626 0.9 0.515417 
0.830168 0.368253 16.6695 0.7296 0.540807 0.925 0.515417 
0.830145 0.37639 14.9511 0.736669 0.536776 0.95 0.515417 
0.830128 0.384967 13.2327 0.744123 0.532534 0.975 0.515417 
0.830118 0.393984 11.5144 0.751964 0.528081 1 0.515417 
0.843329 0.360595 18.4252 0.733949 0.550046 0.9 0.523599 
0.843297 0.368283 16.7068 0.740591 0.546175 0.925 0.523599 
0.843272 0.376411 14.9884 0.747617 0.542089 0.95 0.523599 
0.843253 0.384978 13.27 0.755027 0.537789 0.975 0.523599 
0.843239 0.393984 11.5516 0.76282 0.533274 1 0.523599 

ZONE I=5, J=5
0.843329 0.360595 18.4563 0.733949 0.550046 0.9 0.523599 
0.843297 0.368283 16.7235 0.740591 0.546175 0.925 0.523599 
0.843272 0.376411 14.9907 0.747617 0.542089 0.95 0.523599 
0.843253 0.384978 13.258 0.755027 0.537789 0.975 0.523599 
0.843239 0.393984 11.5252 0.76282 0.533274 1 0.523599 
0.856448 0.360635 18.4962 0.745111 0.555311 0.9 0.53178 
0.856418 0.368314 16.7634 0.751714 0.551391 0.925 0.53178 
0.856394 0.376432 15.0307 0.758699 0.547255 0.95 0.53178 
0.856378 0.384989 13.2979 0.766066 0.542901 0.975 0.53178 
0.856367 0.393985 11.5651 0.773814 0.538331 1 0.53178 
0.869565 0.360675 18.5361 0.756407 0.560427 0.9 0.539961 
0.869535 0.368345 16.8034 0.76297 0.556458 0.925 0.539961 
0.869512 0.376453 15.0706 0.769913 0.55227 0.95 0.539961 
0.869496 0.385 13.3378 0.777235 0.547863 0.975 0.539961 
0.869487 0.393984 11.605 0.784937 0.543235 1 0.539961 
0.882683 0.360716 18.5761 0.767837 0.565395 0.9 0.548142 
0.882652 0.368376 16.8433 0.774359 0.561377 0.925 0.548142 
0.882628 0.376474 15.1105 0.781259 0.557136 0.95 0.548142 
0.882611 0.38501 13.3777 0.788535 0.552673 0.975 0.548142 
0.8826 0.393984 11.645 0.796188 0.547988 1 0.548142 
0.895804 0.360757 18.616 0.779401 0.570214 0.9 0.556324 
0.895771 0.368408 16.8832 0.785881 0.566146 0.925 0.556324 
0.895744 0.376496 15.1504 0.792735 0.561852 0.95 0.556324 
0.895724 0.385022 13.4176 0.799964 0.557333 0.975 0.556324 
0.89571 0.393984 11.6849 0.807568 0.552588 1 0.556324 

ZONE I=5, J=5
0.895804 0.360757 18.6493 0.779401 0.570214 0.9 0.556324 
0.895771 0.368408 16.9011 0.785881 0.566146 0.925 0.556324 
0.895744 0.376496 15.1529 0.792735 0.561852 0.95 0.556324 
0.895724 0.385022 13.4048 0.799964 0.557333 0.975 0.556324 
0.89571 0.393984 11.6566 0.807568 0.552588 1 0.556324 
0.908911 0.3608 18.6919 0.791088 0.57487 0.9 0.564505 
0.90888 0.368441 16.9437 0.797527 0.570755 0.925 0.564505 
0.908855 0.376519 15.1956 0.804339 0.566413 0.95 0.564505 
0.908837 0.385033 13.4474 0.811523 0.561843 0.975 0.564505 
0.908826 0.393985 11.6992 0.819079 0.557044 1 0.564505 
0.922017 0.360842 18.7345 0.802902 0.57937 0.9 0.572686 
0.921986 0.368473 16.9863 0.809299 0.575209 0.925 0.572686 
0.921961 0.376541 15.2382 0.816066 0.570817 0.95 0.572686 
0.921944 0.385045 13.49 0.823204 0.566194 0.975 0.572686 
0.921934 0.393984 11.7419 0.830712 0.561341 1 0.572686 
0.935123 0.360885 18.7771 0.814843 0.583715 0.9 0.580867 
0.935091 0.368506 17.029 0.821197 0.579506 0.925 0.580867 
0.935065 0.376563 15.2808 0.827918 0.575064 0.95 0.580867 
0.935047 0.385056 13.5326 0.835008 0.570388 0.975 0.580867 
0.935036 0.393984 11.7845 0.842466 0.565479 1 0.580867 
0.948232 0.360929 18.8198 0.826911 0.587904 0.9 0.589049 
0.948197 0.36854 17.0716 0.83322 0.583647 0.925 0.589049 
0.948169 0.376586 15.3234 0.839895 0.579153 0.95 0.589049 
0.948148 0.385068 13.5753 0.846935 0.574423 0.975 0.589049 
0.948133 0.393984 11.8271 0.854341 0.569457 1 0.589049 

ZONE I=5, J=5
0.948232 0.360929 18.8553 0.826911 0.587904 0.9 0.589049 
0.948197 0.36854 17.0907 0.83322 0.583647 0.925 0.589049 
0.948169 0.376586 15.3261 0.839895 0.579153 0.95 0.589049 
0.948148 0.385068 13.5615 0.846935 0.574423 0.975 0.589049 
0.948133 0.393984 11.7969 0.854341 0.569457 1 0.589049 
0.961326 0.360973 18.9007 0.839093 0.591923 0.9 0.59723 
0.961293 0.368574 17.1361 0.84536 0.587621 0.925 0.59723 
0.961268 0.37661 15.3715 0.85199 0.583081 0.95 0.59723 
0.961249 0.38508 13.6069 0.858984 0.578302 0.975 0.59723 
0.961237 0.393985 11.8423 0.86634 0.573285 1 0.59723 
0.974419 0.361017 18.9461 0.851395 0.595779 0.9 0.605411 
0.974386 0.368608 17.1815 0.857618 0.591432 0.925 0.605411 
0.974361 0.376633 15.4169 0.864202 0.586844 0.95 0.605411 
0.974343 0.385092 13.6523 0.871148 0.582015 0.975 0.605411 
0.974332 0.393984 11.8877 0.878453 0.576946 1 0.605411 
0.987512 0.361062 18.9915 0.863816 0.599472 0.9 0.613592 
0.987478 0.368643 17.2269 0.869995 0.59508 0.925 0.613592 
0.987452 0.376657 15.4623 0.876532 0.590444 0.95 0.613592 
0.987432 0.385104 13.6977 0.883427 0.585564 0.975 0.613592 
0.98742 0.393984 11.9331 0.89068 0.580441 1 0.613592 
1.00061 0.361108 19.0369 0.876357 0.603003 0.9 0.621774 
1.00057 0.368678 17.2723 0.88249 0.598564 0.925 0.621774 
1.00054 0.376681 15.5077 0.888978 0.593879 0.95 0.621774 
1.00052 0.385116 13.7431 0.895821 0.588947 0.975 0.621774 
1.0005 0.393984 11.9785 0.90302 0.583769 1 0.621774 

ZONE I=5, J=5
1.00061 0.361108 19.0747 0.876357 0.603003 0.9 0.621774 
1.00057 0.368678 17.2926 0.88249 0.598564 0.925 0.621774 
1.00054 0.376681 15.5105 0.888978 0.593879 0.95 0.621774 
1.00052 0.385116 13.7285 0.895821 0.588947 0.975 0.621774 
1.0005 0.393984 11.9464 0.90302 0.583769 1 0.621774 
1.01369 0.361154 19.1229 0.889005 0.606356 0.9 0.629955 
1.01365 0.368714 17.3408 0.895093 0.601875 0.925 0.629955 
1.01363 0.376706 15.5587 0.901535 0.597145 0.95 0.629955 
1.01361 0.385129 13.7767 0.90833 0.592167 0.975 0.629955 
1.0136 0.393985 11.9946 0.915479 0.58694 1 0.629955 
1.02677 0.361201 19.1711 0.901763 0.60954 0.9 0.638136 
1.02673 0.368749 17.389 0.907806 0.605016 0.925 0.638136 
1.02671 0.37673 15.6069 0.914201 0.600241 0.95 0.638136 
1.02669 0.385141 13.8249 0.920946 0.595215 0.975 0.638136 
1.02668 0.393984 12.0428 0.928042 0.589938 1 0.638136 
1.03985 0.361247 19.2193 0.914634 0.612555 0.9 0.646317 
1.03981 0.368785 17.4372 0.92063 0.607987 0.925 0.646317 
1.03978 0.376754 15.6551 0.926975 0.603166 0.95 0.646317 
1.03976 0.385154 13.8731 0.933668 0.598091 0.975 0.646317 
1.03975 0.393984 12.091 0.94071 0.592763 1 0.646317 
1.05293 0.361295 19.2675 0.927615 0.6154 0.9 0.654498 
1.05289 0.368822 17.4854 0.933564 0.610788 0.925 0.654498 
1.05286 0.376779 15.7033 0.939858 0.60592 0.95 0.654498 
1.05283 0.385167 13.9213 0.946498 0.600795 0.975 0.654498 
1.05282 0.393984 12.1392 0.953483 0.595414 1 0.654498 

ZONE I=5, J=5
1.05293 0.361295 19.3076 0.927615 0.6154 0.9 0.654498 
1.05289 0.368822 17.507 0.933564 0.610788 0.925 0.654498 
1.05286 0.376779 15.7064 0.939858 0.60592 0.95 0.654498 
1.05283 0.385167 13.9058 0.946498 0.600795 0.975 0.654498 
1.05282 0.393984 12.1051 0.953483 0.595414 1 0.654498 
1.06599 0.361343 19.3587 0.940696 0.618062 0.9 0.66268 
1.06596 0.36886 17.5581 0.946599 0.613409 0.925 0.66268 
1.06593 0.376805 15.7575 0.952846 0.608499 0.95 0.66268 
1.06591 0.38518 13.9568 0.959436 0.60333 0.975 0.66268 
1.0659 0.393985 12.1562 0.966369 0.597903 1 0.66268 
1.07906 0.361392 19.4098 0.95388 0.620548 0.9 0.670861 
1.07902 0.368897 17.6092 0.959737 0.615854 0.925 0.670861 
1.07899 0.37683 15.8085 0.965934 0.610901 0.95 0.670861 
1.07897 0.385193 14.0079 0.972472 0.605687 0.975 0.670861 
1.07896 0.393984 12.2073 0.979351 0.600212 1 0.670861 
1.09212 0.36144 19.4609 0.967167 0.622858 0.9 0.679042 
1.09208 0.368934 17.6603 0.972975 0.618123 0.925 0.679042 
1.09205 0.376856 15.8596 0.979122 0.613125 0.95 0.679042 
1.09203 0.385206 14.059 0.985606 0.607865 0.975 0.679042 
1.09202 0.393984 12.2584 0.992429 0.602341 1 0.679042 
1.10518 0.36149 19.512 0.980557 0.624993 0.9 0.687223 
1.10515 0.368972 17.7113 0.986316 0.620216 0.925 0.687223 
1.10511 0.376882 15.9107 0.99241 0.615173 0.95 0.687223 
1.10509 0.385219 14.1101 0.998839 0.609865 0.975 0.687223 
1.10507 0.393984 12.3095 1.0056 0.604291 1 0.687223 

ZONE I=5, J=5
1.10518 0.36149 19.5545 0.980557 0.624993 0.9 0.687223 
1.10515 0.368972 17.7342 0.986316 0.620216 0.925 0.687223 
1.10511 0.376882 15.9139 0.99241 0.615173 0.95 0.687223 
1.10509 0.385219 14.0937 0.998839 0.609865 0.975 0.687223 
1.10507 0.393984 12.2734 1.0056 0.604291 1 0.687223 
1.11823 0.36154 19.6085 0.994037 0.626937 0.9 0.695405 
1.1182 0.369011 17.7882 0.999749 0.622122 0.925 0.695405 
1.11817 0.376909 15.968 1.00579 0.61704 0.95 0.695405 
1.11815 0.385233 14.1477 1.01217 0.61169 0.975 0.695405 
1.11813 0.393985 12.3274 1.01888 0.606072 1 0.695405 
1.13128 0.36159 19.6625 1.00761 0.6287 0.9 0.703586 
1.13125 0.369049 17.8423 1.01328 0.623846 0.925 0.703586 
1.13122 0.376935 16.022 1.01927 0.618723 0.95 0.703586 
1.1312 0.385246 14.2017 1.0256 0.61333 0.975 0.703586 
1.13118 0.393984 12.3814 1.03225 0.607668 1 0.703586 
1.14433 0.361641 19.7166 1.02128 0.630282 0.9 0.711767 
1.14429 0.369088 17.8963 1.0269 0.625388 0.925 0.711767 
1.14426 0.376961 16.076 1.03284 0.620223 0.95 0.711767 
1.14424 0.38526 14.2557 1.03911 0.614786 0.975 0.711767 
1.14422 0.393984 12.4355 1.0457 0.609078 1 0.711767 
1.15738 0.361692 19.7706 1.03505 0.631682 0.9 0.719948 
1.15734 0.369128 17.9503 1.04061 0.626749 0.925 0.719948 
1.1573 0.376988 16.13 1.0465 0.621541 0.95 0.719948 
1.15728 0.385274 14.3098 1.05271 0.616059 0.975 0.719948 
1.15726 0.393984 12.4895 1.05925 0.610302 1 0.719948 

ZONE I=5, J=5
1.15738 0.361692 19.8156 1.03505 0.631682 0.9 0.719948 
1.15734 0.369128 17.9745 1.04061 0.626749 0.925 0.719948 
1.1573 0.376988 16.1334 1.0465 0.621541 0.95 0.719948 
1.15728 0.385274 14.2924 1.05271 0.616059 0.975 0.719948 
1.15726 0.393984 12.4513 1.05925 0.610302 1 0.719948 
1.17041 0.361744 19.8726 1.04889 0.632886 0.9 0.72813 
1.17037 0.369168 18.0315 1.05441 0.627916 0.925 0.72813 
1.17034 0.377016 16.1905 1.06024 0.622671 0.95 0.72813 
1.17032 0.385288 14.3494 1.0664 0.61715 0.975 0.72813 
1.1703 0.393985 12.5084 1.07289 0.611352 1 0.72813 
1.18344 0.361796 19.9296 1.06282 0.633902 0.9 0.736311 
1.1834 0.369208 18.0886 1.06829 0.628897 0.925 0.736311 
1.18337 0.377043 16.2475 1.07407 0.623613 0.95 0.736311 
1.18335 0.385302 14.4065 1.08018 0.618051 0.975 0.736311 
1.18334 0.393984 12.5654 1.0866 0.612211 1 0.736311 
1.19647 0.361848 19.9867 1.07684 0.634732 0.9 0.744492 
1.19643 0.369248 18.1456 1.08225 0.629689 0.925 0.744492 
1.1964 0.37707 16.3046 1.08799 0.624366 0.95 0.744492 
1.19637 0.385316 14.4635 1.09403 0.618762 0.975 0.744492 
1.19636 0.393984 12.6224 1.1004 0.612878 1 0.744492 
1.2095 0.361902 20.0437 1.09094 0.635375 0.9 0.752673 
1.20945 0.369289 18.2027 1.0963 0.630295 0.925 0.752673 
1.20942 0.377099 16.3616 1.10198 0.624931 0.95 0.752673 
1.20939 0.38533 14.5205 1.10797 0.619284 0.975 0.752673 
1.20937 0.393984 12.6795 1.11427 0.613355 1 0.752673 

ZONE I=5, J=5
1.2095 0.361902 20.0912 1.09094 0.635375 0.9 0.752673 
1.20945 0.369289 18.2282 1.0963 0.630295 0.925 0.752673 
1.20942 0.377099 16.3652 1.10198 0.624931 0.95 0.752673 
1.20939 0.38533 14.5022 1.10797 0.619284 0.975 0.752673 
1.20937 0.393984 12.6392 1.11427 0.613355 1 0.752673 
1.22251 0.361955 20.1513 1.10512 0.635816 0.9 0.760855 
1.22247 0.369331 18.2883 1.11043 0.630702 0.925 0.760855 
1.22244 0.377127 16.4253 1.11605 0.625303 0.95 0.760855 
1.22242 0.385345 14.5623 1.12199 0.61962 0.975 0.760855 
1.2224 0.393985 12.6993 1.12824 0.613652 1 0.760855 
1.23552 0.362009 20.2114 1.11937 0.636065 0.9 0.769036 
1.23548 0.369372 18.3484 1.12463 0.630917 0.925 0.769036 
1.23545 0.377155 16.4854 1.1302 0.625482 0.95 0.769036 
1.23543 0.385359 14.6224 1.13608 0.61976 0.975 0.769036 
1.23542 0.393984 12.7594 1.14227 0.613753 1 0.769036 
1.24853 0.362063 20.2716 1.13369 0.636122 0.9 0.777217 
1.24849 0.369413 18.4086 1.13891 0.630939 0.925 0.777217 
1.24846 0.377183 16.5456 1.14442 0.625467 0.95 0.777217 
1.24843 0.385374 14.6826 1.15024 0.619706 0.975 0.777217 
1.24842 0.393984 12.8196 1.15637 0.613657 1 0.777217 
1.26154 0.362118 20.3317 1.1481 0.635987 0.9 0.785398 
1.2615 0.369455 18.4687 1.15326 0.630768 0.925 0.785398 
1.26146 0.377212 16.6057 1.15872 0.625258 0.95 0.785398 
1.26143 0.385389 14.7427 1.16448 0.619457 0.975 0.785398 
1.26141 0.393984 12.8797 1.17054 0.613365 1 0.785398 

ZONE I=5, J=5
1.26154 0.362118 20.3817 1.1481 0.635987 0.9 0.785398 
1.2615 0.369455 18.4956 1.15326 0.630768 0.925 0.785398 
1.26146 0.377212 16.6095 1.15872 0.625258 0.95 0.785398 
1.26143 0.385389 14.7234 1.16448 0.619457 0.975 0.785398 
1.26141 0.393984 12.8372 1.17054 0.613365 1 0.785398 
1.27453 0.362173 20.445 1.16256 0.635645 0.9 0.79358 
1.27449 0.369498 18.5589 1.16767 0.630394 0.925 0.79358 
1.27446 0.377242 16.6728 1.17308 0.624852 0.95 0.79358 
1.27443 0.385404 14.7866 1.17879 0.619016 0.975 0.79358 
1.27442 0.393985 12.9005 1.18479 0.612889 1 0.79358 
1.28752 0.362228 20.5083 1.1771 0.635106 0.9 0.801761 
1.28748 0.369541 18.6222 1.18215 0.629823 0.925 0.801761 
1.28745 0.377271 16.736 1.18751 0.624247 0.95 0.801761 
1.28743 0.385419 14.8499 1.19316 0.618376 0.975 0.801761 
1.28741 0.393984 12.9638 1.1991 0.612211 1 0.801761 
1.30051 0.362284 20.5716 1.1917 0.63437 0.9 0.809942 
1.30047 0.369583 18.6854 1.1967 0.629055 0.925 0.809942 
1.30043 0.3773 16.7993 1.202 0.623444 0.95 0.809942 
1.30041 0.385433 14.9132 1.20759 0.617536 0.975 0.809942 
1.30039 0.393984 13.0271 1.21348 0.611333 1 0.809942 
1.3135 0.36234 20.6348 1.20637 0.633438 0.9 0.818123 
1.31345 0.369627 18.7487 1.21132 0.628089 0.925 0.818123 
1.31342 0.37733 16.8626 1.21656 0.622442 0.95 0.818123 
1.31339 0.385449 14.9765 1.22208 0.616497 0.975 0.818123 
1.31337 0.393984 13.0904 1.2279 0.610253 1 0.818123 

ZONE I=5, J=5
1.3135 0.36234 20.6875 1.20637 0.633438 0.9 0.818123 
1.31345 0.369627 18.7771 1.21132 0.628089 0.925 0.818123 
1.31342 0.37733 16.8666 1.21656 0.622442 0.95 0.818123 
1.31339 0.385449 14.9562 1.22208 0.616497 0.975 0.818123 
1.31337 0.393984 13.0457 1.2279 0.610253 1 0.818123 
1.32647 0.362398 20.754 1.22109 0.632294 0.9 0.826305 
1.32643 0.369671 18.8436 1.22599 0.626916 0.925 0.826305 
1.32639 0.37736 16.9331 1.23117 0.621239 0.95 0.826305 
1.32637 0.385465 15.0227 1.23664 0.615262 0.975 0.826305 
1.32635 0.393985 13.1122 1.24241 0.608985 1 0.826305 
1.33944 0.362454 20.8206 1.23587 0.630948 0.9 0.834486 
1.33939 0.369714 18.9101 1.24071 0.625541 0.925 0.834486 
1.33936 0.37739 16.9997 1.24584 0.619832 0.95 0.834486 
1.33934 0.38548 15.0892 1.25126 0.613822 0.975 0.834486 
1.33932 0.393984 13.1788 1.25696 0.607511 1 0.834486 
1.3524 0.362511 20.8871 1.2507 0.629402 0.9 0.842667 
1.35236 0.369758 18.9766 1.25549 0.623964 0.925 0.842667 
1.35232 0.377419 17.0662 1.26057 0.618223 0.95 0.842667 
1.3523 0.385495 15.1557 1.26592 0.612179 0.975 0.842667 
1.35228 0.393984 13.2453 1.27156 0.605832 1 0.842667 
1.36537 0.362569 20.9536 1.2656 0.627655 0.9 0.850848 
1.36532 0.369803 19.0432 1.27033 0.622186 0.925 0.850848 
1.36528 0.37745 17.1327 1.27534 0.616411 0.95 0.850848 
1.36525 0.385511 15.2223 1.28064 0.610332 0.975 0.850848 
1.36523 0.393984 13.3118 1.28621 0.603947 1 0.850848 

ZONE I=5, J=5
1.36537 0.362569 21.0089 1.2656 0.627655 0.9 0.850848 
1.36532 0.369803 19.0729 1.27033 0.622186 0.925 0.850848 
1.36528 0.37745 17.1369 1.27534 0.616411 0.95 0.850848 
1.36525 0.385511 15.2009 1.28064 0.610332 0.975 0.850848 
1.36523 0.393984 13.2649 1.28621 0.603947 1 0.850848 
1.37831 0.362628 21.0788 1.28053 0.625691 0.9 0.859029 
1.37827 0.369848 19.1428 1.28521 0.620196 0.925 0.859029 
1.37823 0.377481 17.2068 1.29017 0.614394 0.95 0.859029 
1.37821 0.385527 15.2708 1.29541 0.608285 0.975 0.859029 
1.37819 0.393985 13.3348 1.30092 0.60187 1 0.859029 
1.39125 0.362686 21.1486 1.29551 0.623523 0.9 0.86721 
1.39121 0.369893 19.2126 1.30014 0.618 0.925 0.86721 
1.39118 0.377512 17.2766 1.30504 0.612169 0.95 0.86721 
1.39115 0.385542 15.3406 1.31022 0.60603 0.975 0.86721 
1.39114 0.393984 13.4046 1.31567 0.599583 1 0.86721 
1.4042 0.362745 21.2185 1.31054 0.62115 0.9 0.875391 
1.40415 0.369938 19.2825 1.31512 0.615598 0.925 0.875391 
1.40412 0.377542 17.3465 1.31996 0.609738 0.95 0.875391 
1.40409 0.385558 15.4105 1.32508 0.603567 0.975 0.875391 
1.40407 0.393984 13.4745 1.33046 0.597087 1 0.875391 
1.41714 0.362804 21.2883 1.32562 0.618571 0.9 0.883573 
1.41709 0.369984 19.3523 1.33014 0.612991 0.925 0.883573 
1.41705 0.377574 17.4163 1.33493 0.6071 0.95 0.883573 
1.41702 0.385574 15.4803 1.33998 0.600896 0.975 0.883573 
1.417 0.393984 13.5443 1.3453 0.594381 1 0.883573 

ZONE I=5, J=5
1.41714 0.362804 21.3463 1.32562 0.618571 0.9 0.883573 
1.41709 0.369984 19.3835 1.33014 0.612991 0.925 0.883573 
1.41705 0.377574 17.4207 1.33493 0.6071 0.95 0.883573 
1.41702 0.385574 15.458 1.33998 0.600896 0.975 0.883573 
1.417 0.393984 13.4952 1.3453 0.594381 1 0.883573 
1.43006 0.362864 21.4196 1.34073 0.615773 0.9 0.891754 
1.43001 0.37003 19.4568 1.3452 0.610169 0.925 0.891754 
1.42998 0.377606 17.494 1.34993 0.604252 0.95 0.891754 
1.42995 0.385591 15.5312 1.35492 0.598022 0.975 0.891754 
1.42994 0.393985 13.5684 1.36018 0.591479 1 0.891754 
1.44297 0.362924 21.4929 1.35588 0.612767 0.9 0.899935 
1.44293 0.370076 19.5301 1.36029 0.607138 0.925 0.899935 
1.4429 0.377637 17.5673 1.36496 0.601194 0.95 0.899935 
1.44287 0.385606 15.6045 1.3699 0.594936 0.975 0.899935 
1.44286 0.393984 13.6417 1.37509 0.588365 1 0.899935 
1.45589 0.362984 21.5661 1.37106 0.609552 0.9 0.908116 
1.45584 0.370122 19.6034 1.37542 0.603897 0.925 0.908116 
1.45581 0.377668 17.6406 1.38003 0.597926 0.95 0.908116 
1.45578 0.385622 15.6778 1.38491 0.59164 0.975 0.908116 
1.45576 0.393984 13.715 1.39004 0.585037 1 0.908116 
1.4688 0.363045 21.6394 1.38629 0.606128 0.9 0.916298 
1.46876 0.370169 19.6766 1.39059 0.600447 0.925 0.916298 
1.46872 0.3777 17.7138 1.39514 0.594448 0.95 0.916298 
1.46869 0.385639 15.7511 1.39995 0.588131 0.975 0.916298 
1.46866 0.393984 13.7883 1.40501 0.581497 1 0.916298 

ZONE I=5, J=5
1.4688 0.363045 21.6999 1.38629 0.606128 0.9 0.916298 
1.46876 0.370169 19.7092 1.39059 0.600447 0.925 0.916298 
1.46872 0.3777 17.7185 1.39514 0.594448 0.95 0.916298 
1.46869 0.385639 15.7278 1.39995 0.588131 0.975 0.916298 
1.46866 0.393984 13.737 1.40501 0.581497 1 0.916298 
1.4817 0.363106 21.7767 1.40153 0.602483 0.9 0.924479 
1.48165 0.370217 19.786 1.40578 0.596779 0.925 0.924479 
1.48162 0.377733 17.7953 1.41027 0.590757 0.95 0.924479 
1.48159 0.385656 15.8046 1.41502 0.584416 0.975 0.924479 
1.48157 0.393985 13.8138 1.42003 0.577757 1 0.924479 
1.49458 0.363167 21.8535 1.4168 0.598625 0.9 0.93266 
1.49454 0.370263 19.8628 1.42099 0.592899 0.925 0.93266 
1.49451 0.377765 17.8721 1.42543 0.586853 0.95 0.93266 
1.49448 0.385672 15.8813 1.43012 0.580487 0.975 0.93266 
1.49447 0.393984 13.8906 1.43506 0.573801 1 0.93266 
1.50747 0.363228 21.9303 1.4321 0.594556 0.9 0.940841 
1.50743 0.37031 19.9396 1.43623 0.588806 0.925 0.940841 
1.50739 0.377797 17.9489 1.44062 0.582735 0.95 0.940841 
1.50736 0.385688 15.9581 1.44524 0.576343 0.975 0.940841 
1.50735 0.393984 13.9674 1.45012 0.56963 1 0.940841 
1.52036 0.363291 22.0071 1.44743 0.590275 0.9 0.949023 
1.52031 0.370359 20.0164 1.4515 0.584501 0.925 0.949023 
1.52027 0.37783 18.0257 1.45582 0.578405 0.95 0.949023 
1.52024 0.385705 16.0349 1.46039 0.571985 0.975 0.949023 
1.52022 0.393984 14.0442 1.46519 0.565243 1 0.949023 

ZONE I=5, J=5
1.52036 0.363291 22.0694 1.44743 0.590275 0.9 0.949023 
1.52031 0.370359 20.0499 1.4515 0.584501 0.925 0.949023 
1.52027 0.37783 18.0304 1.45582 0.578405 0.95 0.949023 
1.52024 0.385705 16.0109 1.46039 0.571985 0.975 0.949023 
1.52022 0.393984 13.9914 1.46519 0.565243 1 0.949023 
1.53322 0.363354 22.1498 1.46276 0.585769 0.9 0.957204 
1.53318 0.370407 20.1304 1.46678 0.579976 0.925 0.957204 
1.53314 0.377864 18.1109 1.47105 0.573859 0.95 0.957204 
1.53311 0.385723 16.0914 1.47555 0.567418 0.975 0.957204 
1.5331 0.393985 14.0719 1.4803 0.560653 1 0.957204 
1.54608 0.363416 22.2303 1.47811 0.581049 0.9 0.965385 
1.54603 0.370455 20.2108 1.48208 0.575235 0.925 0.965385 
1.546 0.377896 18.1913 1.48629 0.569097 0.95 0.965385 
1.54598 0.385739 16.1718 1.49073 0.562634 0.975 0.965385 
1.54596 0.393984 14.1523 1.49541 0.555846 1 0.965385 
1.55893 0.363478 22.3107 1.49348 0.576114 0.9 0.973566 
1.55889 0.370503 20.2912 1.49739 0.57028 0.925 0.973566 
1.55885 0.377929 18.2717 1.50154 0.56412 0.95 0.973566 
1.55883 0.385756 16.2522 1.50592 0.557633 0.975 0.973566 
1.55881 0.393984 14.2327 1.51053 0.55082 1 0.973566 
1.57179 0.363542 22.3911 1.50887 0.570965 0.9 0.981748 
1.57174 0.370552 20.3716 1.51272 0.56511 0.925 0.981748 
1.5717 0.377963 18.3521 1.51681 0.558926 0.95 0.981748 
1.57167 0.385774 16.3327 1.52112 0.552415 0.975 0.981748 
1.57165 0.393984 14.3132 1.52567 0.545577 1 0.981748 

ZONE I=5, J=5
1.57179 0.363542 22.4534 1.50887 0.570965 0.9 0.981748 
1.57174 0.370552 20.4052 1.51272 0.56511 0.925 0.981748 
1.5717 0.377963 18.357 1.51681 0.558926 0.95 0.981748 
1.57167 0.385774 16.3087 1.52112 0.552415 0.975 0.981748 
1.57165 0.393984 14.2605 1.52567 0.545577 1 0.981748 
1.58462 0.363606 22.5376 1.52425 0.56559 0.9 0.989929 
1.58458 0.370602 20.4894 1.52805 0.559716 0.925 0.989929 
1.58454 0.377997 18.4411 1.53208 0.553515 0.95 0.989929 
1.58452 0.385791 16.3929 1.53634 0.546985 0.975 0.989929 
1.5845 0.393985 14.3447 1.54082 0.540127 1 0.989929 
1.59745 0.36367 22.6218 1.53964 0.559997 0.9 0.99811 
1.5974 0.370651 20.5735 1.54339 0.554106 0.925 0.99811 
1.59737 0.378031 18.5253 1.54736 0.547886 0.95 0.99811 
1.59735 0.385808 16.4771 1.55155 0.541337 0.975 0.99811 
1.59734 0.393984 14.4289 1.55597 0.534459 1 0.99811 
1.61027 0.363733 22.7059 1.55503 0.554189 0.9 1.00629 
1.61022 0.3707 20.6577 1.55873 0.54828 0.925 1.00629 
1.61019 0.378064 18.6095 1.56264 0.54204 0.95 1.00629 
1.61017 0.385826 16.5613 1.56677 0.535471 0.975 1.00629 
1.61015 0.393984 14.5131 1.57112 0.528572 1 1.00629 
1.62308 0.363797 22.7901 1.57043 0.548164 0.9 1.01447 
1.62304 0.370751 20.7419 1.57407 0.542236 0.925 1.01447 
1.623 0.3781 18.6937 1.57792 0.535977 0.95 1.01447 
1.62298 0.385844 16.6455 1.58199 0.529387 0.975 1.01447 
1.62296 0.393984 14.5973 1.58627 0.522466 1 1.01447 

ZONE I=5, J=5
1.62308 0.363797 22.8463 1.57043 0.548164 0.9 1.01447 
1.62304 0.370751 20.7722 1.57407 0.542236 0.925 1.01447 
1.623 0.3781 18.6981 1.57792 0.535977 0.95 1.01447 
1.62298 0.385844 16.6241 1.58199 0.529387 0.975 1.01447 
1.62296 0.393984 14.55 1.58627 0.522466 1 1.01447 
1.63589 0.363864 22.9344 1.58583 0.541906 0.9 1.02266 
1.63585 0.370802 20.8604 1.58941 0.535963 0.925 1.02266 
1.63582 0.378135 18.7863 1.59321 0.529689 0.95 1.02266 
1.6358 0.385863 16.7122 1.59722 0.523083 0.975 1.02266 
1.63579 0.393985 14.6382 1.60144 0.516146 1 1.02266 
1.64868 0.363929 23.0226 1.60122 0.535431 0.9 1.03084 
1.64864 0.370852 20.9485 1.60475 0.529473 0.925 1.03084 
1.64862 0.37817 18.8745 1.60849 0.523183 0.95 1.03084 
1.6486 0.38588 16.8004 1.61244 0.516562 0.975 1.03084 
1.6486 0.393984 14.7263 1.6166 0.509608 1 1.03084 
1.66146 0.363993 23.1108 1.61659 0.528738 0.9 1.03902 
1.66143 0.370903 21.0367 1.62007 0.522765 0.925 1.03902 
1.6614 0.378205 18.9626 1.62375 0.516459 0.95 1.03902 
1.66139 0.385899 16.8886 1.62764 0.509822 0.975 1.03902 
1.66139 0.393984 14.8145 1.63174 0.502853 1 1.03902 
1.67423 0.364058 23.199 1.63196 0.521829 0.9 1.0472 
1.6742 0.370956 21.1249 1.63538 0.515839 0.925 1.0472 
1.67418 0.378243 19.0508 1.639 0.509518 0.95 1.0472 
1.67417 0.385919 16.9768 1.64283 0.502865 0.975 1.0472 
1.67417 0.393984 14.9027 1.64687 0.49588 1 1.0472 

ZONE I=5, J=5
1.67423 0.364058 23.2311 1.63196 0.521829 0.9 1.0472 
1.6742 0.370956 21.1423 1.63538 0.515839 0.925 1.0472 
1.67418 0.378243 19.0535 1.639 0.509518 0.95 1.0472 
1.67417 0.385919 16.9647 1.64283 0.502865 0.975 1.0472 
1.67417 0.393984 14.8759 1.64687 0.49588 1 1.0472 
1.68699 0.364128 23.3235 1.64731 0.51469 0.9 1.05538 
1.68696 0.371009 21.2347 1.65068 0.508689 0.925 1.05538 
1.68695 0.378279 19.1459 1.65425 0.502356 0.95 1.05538 
1.68695 0.385938 17.0571 1.65802 0.495691 0.975 1.05538 
1.68695 0.393985 14.9683 1.66199 0.488693 1 1.05538 
1.69973 0.364195 23.416 1.66263 0.507329 0.9 1.06356 
1.69971 0.371063 21.3272 1.66595 0.501316 0.925 1.06356 
1.69971 0.378317 19.2384 1.66947 0.494972 0.95 1.06356 
1.69971 0.385957 17.1496 1.67319 0.488296 0.975 1.06356 
1.69973 0.393984 15.0608 1.6771 0.481289 1 1.06356 
1.71246 0.36426 23.5085 1.67793 0.499745 0.9 1.07174 
1.71245 0.371117 21.4197 1.68121 0.49372 0.925 1.07174 
1.71246 0.378357 19.3309 1.68468 0.487366 0.95 1.07174 
1.71247 0.385979 17.2421 1.68834 0.480682 0.975 1.07174 
1.7125 0.393984 15.1533 1.6922 0.473668 1 1.07174 
1.72517 0.364325 23.601 1.6932 0.491938 0.9 1.07992 
1.72518 0.371173 21.5122 1.69644 0.485901 0.925 1.07992 
1.7252 0.3784 19.4234 1.69986 0.479537 0.95 1.07992 
1.72523 0.386003 17.3346 1.70348 0.472848 0.975 1.07992 
1.72528 0.393984 15.2458 1.70728 0.465832 1 1.07992 

ZONE I=5, J=5
1.72517 0.364325 23.5573 1.6932 0.491938 0.9 1.07992 
1.72518 0.371173 21.4889 1.69644 0.485901 0.925 1.07992 
1.7252 0.3784 19.4204 1.69986 0.479537 0.95 1.07992 
1.72523 0.386003 17.352 1.70348 0.472848 0.975 1.07992 
1.72528 0.393984 15.2836 1.70728 0.465832 1 1.07992 
1.73789 0.364401 23.655 1.70847 0.483908 0.9 1.0881 
1.7379 0.371232 21.5866 1.71165 0.477865 0.925 1.0881 
1.73793 0.378439 19.5182 1.71502 0.471494 0.95 1.0881 
1.73797 0.386023 17.4498 1.71858 0.464797 0.975 1.0881 
1.73803 0.393985 15.3814 1.72233 0.457771 1 1.0881 
1.75056 0.364471 23.7527 1.72368 0.475645 0.9 1.09628 
1.7506 0.37129 21.6843 1.72683 0.469596 0.925 1.09628 
1.75065 0.378482 19.6159 1.73016 0.463223 0.95 1.09628 
1.75072 0.386047 17.5475 1.73368 0.456524 0.975 1.09628 
1.7508 0.393984 15.4791 1.73738 0.449501 1 1.09628 
1.76321 0.364536 23.8504 1.73884 0.467151 0.9 1.10446 
1.76328 0.371351 21.782 1.74197 0.461095 0.925 1.10446 
1.76337 0.378531 19.7136 1.74527 0.454722 0.95 1.10446 
1.76347 0.386075 17.6452 1.74876 0.44803 0.975 1.10446 
1.7636 0.393984 15.5768 1.75243 0.441021 1 1.10446 
1.77582 0.364597 23.9481 1.75395 0.458424 0.9 1.11265 
1.77594 0.371415 21.8797 1.75707 0.452362 0.925 1.11265 
1.77608 0.378586 19.8113 1.76036 0.445992 0.95 1.11265 
1.77624 0.386109 17.7429 1.76383 0.439315 0.975 1.11265 
1.77642 0.393984 15.6745 1.76748 0.432331 1 1.11265 

ZONE I=5, J=5
1.77582 0.364597 23.6859 1.75395 0.458424 0.9 1.11265 
1.77594 0.371415 21.7393 1.75707 0.452362 0.925 1.11265 
1.77608 0.378586 19.7928 1.76036 0.445992 0.95 1.11265 
1.77624 0.386109 17.8462 1.76383 0.439315 0.975 1.11265 
1.77642 0.393984 15.8997 1.76748 0.432331 1 1.11265 
1.78847 0.364683 23.7903 1.76907 0.449487 0.9 1.12083 
1.78862 0.371483 21.8438 1.77215 0.443428 0.925 1.12083 
1.78878 0.378633 19.8972 1.77541 0.43706 0.95 1.12083 
1.78896 0.386133 17.9507 1.77883 0.430384 0.975 1.12083 
1.78916 0.393984 16.0041 1.78243 0.4234 1 1.12083 
1.80103 0.36475 23.8948 1.78407 0.44031 0.9 1.12901 
1.80124 0.371547 21.9482 1.78716 0.434256 0.925 1.12901 
1.80147 0.378684 20.0017 1.79041 0.427899 0.95 1.12901 
1.80171 0.386164 18.0551 1.79383 0.42124 0.975 1.12901 
1.80196 0.393984 16.1086 1.7974 0.414279 1 1.12901 
1.8135 0.364803 23.9992 1.79895 0.430894 0.9 1.13719 
1.81381 0.371609 22.0527 1.80208 0.424846 0.925 1.13719 
1.81413 0.378742 20.1061 1.80537 0.418509 0.95 1.13719 
1.81447 0.3862 18.1596 1.80881 0.411883 0.975 1.13719 
1.81483 0.393985 16.213 1.81241 0.404969 1 1.13719 
1.82589 0.364845 24.1037 1.81371 0.421237 0.9 1.14537 
1.82633 0.371673 22.1571 1.81693 0.415198 0.925 1.14537 
1.82678 0.378806 20.2106 1.82029 0.40889 0.95 1.14537 
1.82726 0.386243 18.264 1.82379 0.402313 0.975 1.14537 
1.82776 0.393984 16.3175 1.82744 0.395468 1 1.14537 

ZONE I=5, J=5
1.82589 0.364845 23.3166 1.81371 0.421237 0.9 1.14537 
1.82633 0.371673 21.7415 1.81693 0.415198 0.925 1.14537 
1.82678 0.378806 20.1663 1.82029 0.40889 0.95 1.14537 
1.82726 0.386243 18.5912 1.82379 0.402313 0.975 1.14537 
1.82776 0.393984 17.0161 1.82744 0.395468 1 1.14537 
1.83835 0.364909 23.4148 1.82851 0.411382 0.9 1.15355 
1.8389 0.371744 21.8397 1.83179 0.405356 0.925 1.15355 
1.83946 0.378869 20.2646 1.83518 0.399067 0.95 1.15355 
1.84001 0.386282 18.6895 1.83869 0.392513 0.975 1.15355 
1.84056 0.393985 17.1144 1.84232 0.385696 1 1.15355 
1.85066 0.364879 23.5131 1.8431 0.401332 0.9 1.16173 
1.85136 0.371727 21.938 1.84646 0.395325 0.925 1.16173 
1.85204 0.378861 20.3629 1.84993 0.389053 0.95 1.16173 
1.85272 0.38628 18.7878 1.8535 0.382516 0.975 1.16173 
1.85339 0.393984 17.2127 1.85718 0.375713 1 1.16173 
1.86281 0.364761 23.6114 1.85747 0.391086 0.9 1.16991 
1.86368 0.371627 22.0363 1.86094 0.385104 0.925 1.16991 
1.86454 0.378786 20.4612 1.86453 0.378848 0.95 1.16991 
1.8654 0.386238 18.8861 1.86823 0.37232 0.975 1.16991 
1.86625 0.393984 17.311 1.87203 0.365519 1 1.16991 
1.87481 0.364559 23.7097 1.87161 0.380647 0.9 1.1781 
1.87588 0.371446 22.1346 1.87524 0.374693 0.925 1.1781 
1.87696 0.378646 20.5595 1.87899 0.368453 0.95 1.1781 
1.87804 0.386159 18.9844 1.88286 0.361927 0.975 1.1781 
1.87913 0.393984 17.4093 1.88686 0.355114 1 1.1781 

ZONE I=5, J=5
1.87481 0.364559 22.4721 1.87161 0.380647 0.9 1.1781 
1.87588 0.371446 21.456 1.87524 0.374693 0.925 1.1781 
1.87696 0.378646 20.4398 1.87899 0.368453 0.95 1.1781 
1.87804 0.386159 19.4237 1.88286 0.361927 0.975 1.1781 
1.87913 0.393984 18.4076 1.88686 0.355114 1 1.1781 
1.88695 0.364098 22.5634 1.88574 0.370304 0.9 1.18628 
1.88805 0.371015 21.5473 1.88936 0.364305 0.925 1.18628 
1.88917 0.378249 20.5311 1.89311 0.358021 0.95 1.18628 
1.89031 0.385799 19.515 1.897 0.351449 0.975 1.18628 
1.89147 0.393666 18.4989 1.90103 0.344592 1 1.18628 
1.8989 0.363269 22.6547 1.89951 0.360028 0.9 1.19446 
1.90007 0.370193 21.6386 1.90315 0.354021 0.925 1.19446 
1.90129 0.377431 20.6224 1.90694 0.347735 0.95 1.19446 
1.90253 0.384982 19.6063 1.91088 0.34117 0.975 1.19446 
1.90381 0.392847 18.5902 1.91496 0.334327 1 1.19446 
1.91065 0.362079 22.746 1.91293 0.349817 0.9 1.20264 
1.91194 0.368986 21.7299 1.91663 0.343839 0.925 1.20264 
1.91329 0.376197 20.7138 1.92048 0.337597 0.95 1.20264 
1.91469 0.383711 19.6976 1.92449 0.331089 0.975 1.20264 
1.91614 0.391529 18.6815 1.92865 0.324317 1 1.20264 
1.9222 0.360533 22.8373 1.92599 0.339673 0.9 1.21082 
1.92365 0.367399 21.8212 1.92977 0.333761 0.925 1.21082 
1.92518 0.37455 20.8051 1.93372 0.327605 0.95 1.21082 
1.92678 0.381989 19.7889 1.93784 0.321206 0.975 1.21082 
1.92844 0.389714 18.7728 1.94212 0.314563 1 1.21082 

ZONE I=5, J=5
1.9222 0.360533 22.2035 1.92599 0.339673 0.9 1.21082 
1.92365 0.367399 21.4882 1.92977 0.333761 0.925 1.21082 
1.92518 0.37455 20.7728 1.93372 0.327605 0.95 1.21082 
1.92678 0.381989 20.0575 1.93784 0.321206 0.975 1.21082 
1.92844 0.389714 19.3421 1.94212 0.314563 1 1.21082 
1.93376 0.358487 22.3107 1.93886 0.329815 0.9 1.219 
1.93536 0.365336 21.5953 1.94272 0.323937 0.925 1.219 
1.93703 0.372444 20.88 1.94674 0.31784 0.95 1.219 
1.93878 0.379811 20.1646 1.95091 0.311525 0.975 1.219 
1.94059 0.387437 19.4493 1.95525 0.304993 1 1.219 
1.94518 0.356048 22.4178 1.95142 0.320084 0.9 1.22718 
1.94694 0.362857 21.7024 1.95538 0.314269 0.925 1.22718 
1.94879 0.369907 20.9871 1.95949 0.308253 0.95 1.22718 
1.95071 0.377197 20.2717 1.96375 0.302036 0.975 1.22718 
1.95271 0.384728 19.5564 1.96817 0.295619 1 1.22718 
1.95643 0.35322 22.5249 1.96367 0.310479 0.9 1.23536 
1.9584 0.359964 21.8096 1.96774 0.304758 0.925 1.23536 
1.96044 0.36694 21.0942 1.97197 0.298844 0.95 1.23536 
1.96257 0.374147 20.3789 1.97635 0.292739 0.975 1.23536 
1.96478 0.381586 19.6635 1.98089 0.286443 1 1.23536 
1.96752 0.350008 22.6321 1.97561 0.301 0.9 1.24355 
1.96971 0.356662 21.9167 1.97982 0.295403 0.925 1.24355 
1.97198 0.363547 21.2014 1.98419 0.289614 0.95 1.24355 
1.97435 0.370665 20.486 1.98872 0.283634 0.975 1.24355 
1.9768 0.378014 19.7707 1.9934 0.277463 1 1.24355 

ZONE I=5, J=5
1.96752 0.350008 22.4425 1.97561 0.301 0.9 1.24355 
1.96971 0.356662 21.8144 1.97982 0.295403 0.925 1.24355 
1.97198 0.363547 21.1863 1.98419 0.289614 0.95 1.24355 
1.97435 0.370665 20.5583 1.98872 0.283634 0.975 1.24355 
1.9768 0.378014 19.9302 1.9934 0.277463 1 1.24355 
1.97852 0.346372 22.545 1.98731 0.291733 0.9 1.25173 
1.98091 0.352956 21.9169 1.99164 0.286229 0.925 1.25173 
1.98338 0.359758 21.2888 1.99613 0.280547 0.95 1.25173 
1.98595 0.366779 20.6608 2.00077 0.274686 0.975 1.25173 
1.98861 0.37402 20.0327 2.00557 0.268646 1 1.25173 
1.98936 0.342366 22.6475 1.99872 0.282596 0.9 1.25991 
1.99194 0.348865 22.0194 2.00317 0.277199 0.925 1.25991 
1.99463 0.355573 21.3914 2.00778 0.271633 0.95 1.25991 
1.9974 0.362491 20.7633 2.01254 0.265897 0.975 1.25991 
2.00028 0.369619 20.1352 2.01746 0.259991 1 1.25991 
2.00003 0.337995 22.75 2.00985 0.273589 0.9 1.26809 
2.00282 0.344394 22.122 2.01442 0.268313 0.925 1.26809 
2.00571 0.350996 21.4939 2.01915 0.262873 0.95 1.26809 
2.0087 0.357804 20.8658 2.02403 0.257268 0.975 1.26809 
2.0118 0.364815 20.2377 2.02908 0.251498 1 1.26809 
2.01052 0.333263 22.8526 2.02069 0.264714 0.9 1.27627 
2.01351 0.339546 22.2245 2.02538 0.259571 0.925 1.27627 
2.01662 0.346032 21.5964 2.03023 0.254266 0.95 1.27627 
2.01983 0.352721 20.9683 2.03525 0.248798 0.975 1.27627 
2.02316 0.359613 20.3402 2.04043 0.243168 1 1.27627 

ZONE I=5, J=5
2.01052 0.333263 22.8322 2.02069 0.264714 0.9 1.27627 
2.01351 0.339546 22.2135 2.02538 0.259571 0.925 1.27627 
2.01662 0.346032 21.5948 2.03023 0.254266 0.95 1.27627 
2.01983 0.352721 20.9761 2.03525 0.248798 0.975 1.27627 
2.02316 0.359613 20.3574 2.04043 0.243168 1 1.27627 
2.02084 0.328161 22.929 2.03124 0.255988 0.9 1.28445 
2.02404 0.334333 22.3103 2.03605 0.25097 0.925 1.28445 
2.02735 0.340701 21.6916 2.04103 0.245796 0.95 1.28445 
2.03077 0.347265 21.0729 2.04617 0.240467 0.975 1.28445 
2.03431 0.354024 20.4542 2.05147 0.234982 1 1.28445 
2.03097 0.322715 23.0258 2.04152 0.24738 0.9 1.29263 
2.03436 0.328768 22.4071 2.04644 0.242491 0.925 1.29263 
2.03787 0.335011 21.7884 2.05153 0.237452 0.95 1.29263 
2.0415 0.341444 21.1697 2.05679 0.232264 0.975 1.29263 
2.04525 0.348066 20.5511 2.06221 0.226925 1 1.29263 
2.04091 0.31693 23.1226 2.05151 0.238891 0.9 1.30081 
2.04449 0.322856 22.5039 2.05654 0.234136 0.925 1.30081 
2.0482 0.328967 21.8853 2.06175 0.229235 0.95 1.30081 
2.05203 0.335263 21.2666 2.06712 0.224189 0.975 1.30081 
2.05599 0.341744 20.6479 2.07266 0.218997 1 1.30081 
2.05065 0.310811 23.2195 2.06122 0.230521 0.9 1.309 
2.05442 0.316601 22.6008 2.06636 0.225903 0.925 1.309 
2.05832 0.322573 21.9821 2.07167 0.221143 0.95 1.309 
2.06234 0.328727 21.3634 2.07715 0.216241 0.975 1.309 
2.0665 0.335063 20.7447 2.08281 0.211198 1 1.309 

ZONE I=5, J=5
2.05065 0.310811 23.2583 2.06122 0.230521 0.9 1.309 
2.05442 0.316601 22.6217 2.06636 0.225903 0.925 1.309 
2.05832 0.322573 21.9851 2.07167 0.221143 0.95 1.309 
2.06234 0.328727 21.3485 2.07715 0.216241 0.975 1.309 
2.0665 0.335063 20.712 2.08281 0.211198 1 1.309 
2.06016 0.304376 23.3478 2.07063 0.222268 0.9 1.31718 
2.06411 0.310027 22.7112 2.07587 0.217789 0.925 1.31718 
2.0682 0.315854 22.0746 2.08129 0.213173 0.95 1.31718 
2.07242 0.321858 21.438 2.08688 0.208421 0.975 1.31718 
2.07678 0.328039 20.8015 2.09265 0.203531 1 1.31718 
2.06945 0.297633 23.4373 2.07975 0.214121 0.9 1.32536 
2.07358 0.30314 22.8007 2.08509 0.209782 0.925 1.32536 
2.07784 0.308819 22.1641 2.09061 0.20531 0.95 1.32536 
2.08225 0.314669 21.5275 2.09631 0.200706 0.975 1.32536 
2.0868 0.320691 20.8909 2.10218 0.19597 1 1.32536 
2.07851 0.290586 23.5268 2.08858 0.206079 0.9 1.33354 
2.0828 0.295946 22.8902 2.09401 0.20188 0.925 1.33354 
2.08724 0.301472 22.2536 2.09963 0.197553 0.95 1.33354 
2.09183 0.307165 21.617 2.10543 0.193097 0.975 1.33354 
2.09656 0.313025 20.9804 2.1114 0.188514 1 1.33354 
2.08733 0.283243 23.6163 2.09712 0.198144 0.9 1.34172 
2.09179 0.28845 22.9797 2.10264 0.194085 0.925 1.34172 
2.0964 0.293819 22.3431 2.10835 0.189902 0.95 1.34172 
2.10116 0.299351 21.7065 2.11424 0.185595 0.975 1.34172 
2.10607 0.305046 21.0699 2.12032 0.181164 1 1.34172 

ZONE I=5, J=5
2.08733 0.283243 23.6724 2.09712 0.198144 0.9 1.34172 
2.09179 0.28845 23.0099 2.10264 0.194085 0.925 1.34172 
2.0964 0.293819 22.3474 2.10835 0.189902 0.95 1.34172 
2.10116 0.299351 21.6849 2.11424 0.185595 0.975 1.34172 
2.10607 0.305046 21.0224 2.12032 0.181164 1 1.34172 
2.0959 0.275625 23.753 2.10536 0.190295 0.9 1.3499 
2.10051 0.280673 23.0905 2.11097 0.186381 0.925 1.3499 
2.10529 0.285878 22.428 2.11677 0.182348 0.95 1.3499 
2.11022 0.291242 21.7655 2.12275 0.178195 0.975 1.3499 
2.1153 0.296763 21.103 2.12892 0.173923 1 1.3499 
2.10421 0.267734 23.8336 2.11331 0.182533 0.9 1.35808 
2.10898 0.27262 23.1711 2.119 0.178764 0.925 1.35808 
2.11391 0.27766 22.5086 2.12489 0.174879 0.95 1.35808 
2.119 0.282852 21.8462 2.13096 0.170879 0.975 1.35808 
2.12426 0.288196 21.1837 2.13722 0.166764 1 1.35808 
2.11227 0.259575 23.9142 2.12097 0.174858 0.9 1.36626 
2.11719 0.264298 23.2518 2.12674 0.171232 0.925 1.36626 
2.12227 0.269169 22.5893 2.1327 0.167494 0.95 1.36626 
2.12751 0.274187 21.9268 2.13886 0.163646 0.975 1.36626 
2.13292 0.279353 21.2643 2.1452 0.159687 1 1.36626 
2.12007 0.251155 23.9949 2.12833 0.167269 0.9 1.37445 
2.12512 0.255712 23.3324 2.13418 0.163785 0.925 1.37445 
2.13035 0.260412 22.6699 2.14022 0.160194 0.95 1.37445 
2.13574 0.265255 22.0074 2.14645 0.156497 0.975 1.37445 
2.1413 0.27024 21.3449 2.15288 0.152692 1 1.37445 

ZONE I=5, J=5
2.12007 0.251155 24.0521 2.12833 0.167269 0.9 1.37445 
2.12512 0.255712 23.3632 2.13418 0.163785 0.925 1.37445 
2.13035 0.260412 22.6743 2.14022 0.160194 0.95 1.37445 
2.13574 0.265255 21.9855 2.14645 0.156497 0.975 1.37445 
2.1413 0.27024 21.2966 2.15288 0.152692 1 1.37445 
2.12758 0.242508 24.1225 2.13539 0.159753 0.9 1.38263 
2.13277 0.246892 23.4336 2.14131 0.156417 0.925 1.38263 
2.13813 0.251414 22.7447 2.14742 0.152978 0.95 1.38263 
2.14367 0.256074 22.0558 2.15373 0.149436 0.975 1.38263 
2.14938 0.26087 21.3669 2.16024 0.145793 1 1.38263 
2.13481 0.23363 24.1929 2.14215 0.15231 0.9 1.39081 
2.14013 0.23784 23.504 2.14814 0.14912 0.925 1.39081 
2.14562 0.242183 22.8151 2.15432 0.145831 0.95 1.39081 
2.1513 0.246657 22.1262 2.1607 0.142444 0.975 1.39081 
2.15715 0.251264 21.4373 2.16728 0.138959 1 1.39081 
2.14176 0.224526 24.2632 2.14862 0.14494 0.9 1.39899 
2.1472 0.228562 23.5743 2.15466 0.141894 0.925 1.39899 
2.15282 0.232724 22.8855 2.16091 0.138754 0.95 1.39899 
2.15862 0.237013 22.1966 2.16736 0.13552 0.975 1.39899 
2.16461 0.241428 21.5077 2.17401 0.132193 1 1.39899 
2.14842 0.215205 24.3336 2.15478 0.137642 0.9 1.40717 
2.15398 0.219064 23.6447 2.16089 0.134739 0.925 1.40717 
2.15971 0.223044 22.9558 2.1672 0.131746 0.95 1.40717 
2.16564 0.227146 22.2669 2.17371 0.128664 0.975 1.40717 
2.17175 0.231369 21.578 2.18043 0.125493 1 1.40717 

ZONE I=5, J=5
2.14842 0.215205 24.3853 2.15478 0.137642 0.9 1.40717 
2.15398 0.219064 23.6725 2.16089 0.134739 0.925 1.40717 
2.15971 0.223044 22.9598 2.1672 0.131746 0.95 1.40717 
2.16564 0.227146 22.2471 2.17371 0.128664 0.975 1.40717 
2.17175 0.231369 21.5344 2.18043 0.125493 1 1.40717 
2.15478 0.205692 24.4443 2.16065 0.130397 0.9 1.41535 
2.16045 0.209369 23.7315 2.16681 0.127641 0.925 1.41535 
2.1663 0.213161 23.0188 2.17318 0.124801 0.95 1.41535 
2.17234 0.217069 22.3061 2.17975 0.121876 0.975 1.41535 
2.17857 0.221092 21.5934 2.18653 0.118865 1 1.41535 
2.16085 0.195986 24.5033 2.16621 0.123207 0.9 1.42353 
2.16661 0.199479 23.7906 2.17243 0.120598 0.925 1.42353 
2.17257 0.203082 23.0778 2.17886 0.117908 0.95 1.42353 
2.17873 0.206795 22.3651 2.18549 0.115138 0.975 1.42353 
2.18507 0.210618 21.6524 2.19233 0.112288 1 1.42353 
2.16661 0.186092 24.5623 2.17148 0.116072 0.9 1.43171 
2.17247 0.189401 23.8496 2.17775 0.113608 0.925 1.43171 
2.17853 0.192814 23.1368 2.18423 0.111068 0.95 1.43171 
2.18479 0.196332 22.4241 2.19091 0.108451 0.975 1.43171 
2.19124 0.199954 21.7114 2.1978 0.105759 1 1.43171 
2.17206 0.176017 24.6213 2.17646 0.108992 0.9 1.4399 
2.17802 0.179142 23.9086 2.18277 0.106672 0.925 1.4399 
2.18418 0.182366 23.1959 2.18929 0.104279 0.95 1.4399 
2.19053 0.185687 22.4831 2.19603 0.101815 0.975 1.4399 
2.19708 0.189108 21.7704 2.20297 0.0992792 1 1.4399 

ZONE I=5, J=5
2.17206 0.176017 24.6645 2.17646 0.108992 0.9 1.4399 
2.17802 0.179142 23.9319 2.18277 0.106672 0.925 1.4399 
2.18418 0.182366 23.1992 2.18929 0.104279 0.95 1.4399 
2.19053 0.185687 22.4666 2.19603 0.101815 0.975 1.4399 
2.19708 0.189108 21.734 2.20297 0.0992792 1 1.4399 
2.1772 0.165798 24.7113 2.18112 0.101957 0.9 1.44808 
2.18324 0.168733 23.9786 2.18748 0.0997839 0.925 1.44808 
2.18949 0.17176 23.246 2.19405 0.0975434 0.95 1.44808 
2.19594 0.174881 22.5134 2.20083 0.0952357 0.975 1.44808 
2.20258 0.178094 21.7807 2.20782 0.0928607 1 1.44808 
2.18202 0.155428 24.758 2.18549 0.094965 0.9 1.45626 
2.18815 0.158173 24.0254 2.19189 0.092938 0.925 1.45626 
2.19447 0.161005 23.2928 2.1985 0.0908482 0.95 1.45626 
2.20101 0.163923 22.5601 2.20532 0.0886955 0.975 1.45626 
2.20775 0.166928 21.8275 2.21236 0.08648 1 1.45626 
2.18653 0.144915 24.8048 2.18955 0.0880163 0.9 1.46444 
2.19272 0.14747 24.0722 2.19599 0.0861341 0.925 1.46444 
2.19913 0.150105 23.3395 2.20264 0.0841935 0.95 1.46444 
2.20574 0.152822 22.6069 2.2095 0.0821945 0.975 1.46444 
2.21256 0.155619 21.8743 2.21658 0.0801372 1 1.46444 
2.19071 0.134266 24.8516 2.19332 0.081111 0.9 1.47262 
2.19698 0.13663 24.1189 2.19979 0.0793722 0.925 1.47262 
2.20345 0.13907 23.3863 2.20647 0.0775795 0.95 1.47262 
2.21014 0.141584 22.6537 2.21337 0.0757328 0.975 1.47262 
2.21703 0.144173 21.921 2.22049 0.0738321 1 1.47262 

ZONE I=5, J=5
2.19071 0.134266 24.8848 2.19332 0.081111 0.9 1.47262 
2.19698 0.13663 24.1368 2.19979 0.0793722 0.925 1.47262 
2.20345 0.13907 23.3889 2.20647 0.0775795 0.95 1.47262 
2.21014 0.141584 22.6409 2.21337 0.0757328 0.975 1.47262 
2.21703 0.144173 21.893 2.22049 0.0738321 1 1.47262 
2.19456 0.123505 24.9186 2.19678 0.0742341 0.9 1.4808 
2.20089 0.125674 24.1707 2.20328 0.0726421 0.925 1.4808 
2.20744 0.127913 23.4227 2.21 0.0710005 0.95 1.4808 
2.21419 0.13022 22.6748 2.21693 0.0693095 0.975 1.4808 
2.22116 0.132596 21.9268 2.22408 0.0675691 1 1.4808 
2.19809 0.112631 24.9525 2.19995 0.0673855 0.9 1.48898 
2.20448 0.114606 24.2045 2.20647 0.0659391 0.925 1.48898 
2.21108 0.116643 23.4566 2.21322 0.0644478 0.95 1.48898 
2.2179 0.118744 22.7086 2.22019 0.0629114 0.975 1.48898 
2.22493 0.120907 21.9607 2.22737 0.0613301 1 1.48898 
2.2013 0.101651 24.9863 2.20281 0.060565 0.9 1.49716 
2.20774 0.103431 24.2384 2.20936 0.0592633 0.925 1.49716 
2.21439 0.105268 23.4904 2.21614 0.0579211 0.95 1.49716 
2.22126 0.107162 22.7425 2.22313 0.0565384 0.975 1.49716 
2.22835 0.109111 21.9946 2.23034 0.0551152 1 1.49716 
2.20417 0.0905729 25.0202 2.20537 0.0537727 0.9 1.50535 
2.21065 0.0921585 24.2723 2.21195 0.0526147 0.925 1.50535 
2.21736 0.0937945 23.5243 2.21875 0.0514207 0.95 1.50535 
2.22428 0.0954808 22.7764 2.22576 0.0501906 0.975 1.50535 
2.23142 0.0972174 22.0284 2.233 0.0489244 1 1.50535 

ZONE I=5, J=5
2.20417 0.0905729 25.0427 2.20537 0.0537727 0.9 1.50535 
2.21065 0.0921585 24.2844 2.21195 0.0526147 0.925 1.50535 
2.21736 0.0937945 23.5261 2.21875 0.0514207 0.95 1.50535 
2.22428 0.0954808 22.7678 2.22576 0.0501906 0.975 1.50535 
2.23142 0.0972174 22.0095 2.233 0.0489244 1 1.50535 
2.2067 0.0794276 25.0632 2.20763 0.0470033 0.9 1.51353 
2.21323 0.0808157 24.3049 2.21423 0.0459911 0.925 1.51353 
2.21998 0.082248 23.5466 2.22105 0.0449473 0.95 1.51353 
2.22694 0.0837243 22.7883 2.22808 0.0438721 0.975 1.51353 
2.23413 0.0852447 22.0299 2.23534 0.0427653 1 1.51353 
2.2089 0.0682139 25.0837 2.20959 0.0402516 0.9 1.52171 
2.21547 0.0694045 24.3254 2.2162 0.0393846 0.925 1.52171 
2.22225 0.0706328 23.5671 2.22304 0.0384905 0.95 1.52171 
2.22925 0.0718991 22.8088 2.2301 0.0375694 0.975 1.52171 
2.23648 0.0732032 22.0504 2.23737 0.0366213 1 1.52171 
2.21077 0.0569389 25.1042 2.21125 0.0335179 0.9 1.52989 
2.21736 0.0579319 24.3459 2.21788 0.0327953 0.925 1.52989 
2.22418 0.0589566 23.5876 2.22473 0.0320502 0.95 1.52989 
2.23121 0.0600127 22.8293 2.2318 0.0312826 0.975 1.52989 
2.23847 0.0611005 22.0709 2.23909 0.0304925 1 1.52989 
2.2123 0.0456098 25.1247 2.2126 0.026802 0.9 1.53807 
2.21891 0.0464055 24.3664 2.21924 0.0262233 0.925 1.53807 
2.22575 0.0472265 23.6081 2.22611 0.0256265 0.95 1.53807 
2.23281 0.0480728 22.8498 2.23319 0.0250117 0.975 1.53807 
2.24009 0.0489443 22.0914 2.2405 0.0243788 1 1.53807 

ZONE I=5, J=5
2.2123 0.0456098 25.136 2.2126 0.026802 0.9 1.53807 
2.21891 0.0464055 24.3725 2.21924 0.0262233 0.925 1.53807 
2.22575 0.0472265 23.609 2.22611 0.0256265 0.95 1.53807 
2.23281 0.0480728 22.8454 2.23319 0.0250117 0.975 1.53807 
2.24009 0.0489443 22.0819 2.2405 0.0243788 1 1.53807 
2.21348 0.0342448 25.1429 2.21366 0.0200957 0.9 1.54625 
2.22012 0.0348417 24.3794 2.22031 0.0196619 0.925 1.54625 
2.22698 0.0354575 23.6158 2.22718 0.0192146 0.95 1.54625 
2.23406 0.0360924 22.8523 2.23427 0.0187538 0.975 1.54625 
2.24136 0.0367462 22.0887 2.24159 0.0182794 1 1.54625 
2.21433 0.0228487 25.1497 2.21441 0.0133933 0.9 1.55443 
2.22098 0.0232466 24.3862 2.22107 0.0131043 0.925 1.55443 
2.22786 0.0236571 23.6227 2.22795 0.0128062 0.95 1.55443 
2.23495 0.0240804 22.8591 2.23505 0.0124992 0.975 1.55443 
2.24227 0.0245162 22.0956 2.24237 0.0121832 1 1.55443 
2.21484 0.0114286 25.1566 2.21486 0.00669469 0.9 1.56261 
2.2215 0.0116275 24.3931 2.22152 0.00655029 0.925 1.56261 
2.22838 0.0118327 23.6295 2.22841 0.00640137 0.95 1.56261 
2.23549 0.0120443 22.866 2.23551 0.00624795 0.975 1.56261 
2.24282 0.0122622 22.1024 2.24284 0.00609001 1 1.56261 
2.21501 -8.1362e-06 25.1635 2.21501 0 0.9 1.5708 
2.22168 -8.16067e-06 24.3999 2.22168 0 0.925 1.5708 
2.22856 -8.18596e-06 23.6364 2.22856 0 0.95 1.5708 
2.23567 -8.21207e-06 22.8728 2.23567 0 0.975 1.5708 
2.243 -8.23899e-06 22.1093 2.243 0 1 1.5708 

