ZONE I=5, J=5
0 0.360829 16.3532 0.360829 0 0.9 0 
0 0.368976 14.7927 0.368976 0 0.925 0 
0 0.377589 13.2323 0.377589 0 0.95 0 
0 0.386667 11.6718 0.386667 0 0.975 0 
0 0.396211 10.1113 0.396211 0 1 0 
0.0130749 0.36083 16.3546 0.360925 0.0101224 0.9 0.00818126 
0.0130744 0.368977 14.7941 0.369071 0.0100553 0.925 0.00818126 
0.013074 0.377589 13.2336 0.377683 0.00998449 0.95 0.00818126 
0.0130738 0.386667 11.6731 0.386761 0.00990999 0.975 0.00818126 
0.0130737 0.396211 10.1126 0.396305 0.0098318 1 0.00818126 
0.026147 0.360831 16.3559 0.36121 0.0202397 0.9 0.0163625 
0.026146 0.368977 14.7954 0.369356 0.0201054 0.925 0.0163625 
0.0261453 0.37759 13.2349 0.377967 0.0199637 0.95 0.0163625 
0.0261448 0.386668 11.6745 0.387044 0.0198147 0.975 0.0163625 
0.0261445 0.396211 10.114 0.396586 0.0196583 1 0.0163625 
0.0392189 0.360833 16.3573 0.361686 0.0303518 0.9 0.0245437 
0.0392173 0.368979 14.7968 0.36983 0.0301503 0.925 0.0245437 
0.0392161 0.377591 13.2363 0.378439 0.0299378 0.95 0.0245437 
0.0392153 0.386668 11.6758 0.387514 0.0297141 0.975 0.0245437 
0.0392147 0.396211 10.1153 0.397054 0.0294794 1 0.0245437 
0.0522928 0.360835 16.3586 0.362353 0.0404586 0.9 0.0327249 
0.0522907 0.368981 14.7981 0.370494 0.04019 0.925 0.0327249 
0.052289 0.377592 13.2376 0.379101 0.0399065 0.95 0.0327249 
0.0522877 0.386669 11.6772 0.388172 0.0396083 0.975 0.0327249 
0.0522869 0.396211 10.1167 0.39771 0.0392952 1 0.0327249 

ZONE I=5, J=5
0.0522928 0.360835 16.3607 0.362353 0.0404586 0.9 0.0327249 
0.0522907 0.368981 14.7994 0.370494 0.04019 0.925 0.0327249 
0.052289 0.377592 13.238 0.379101 0.0399065 0.95 0.0327249 
0.0522877 0.386669 11.6767 0.388172 0.0396083 0.975 0.0327249 
0.0522869 0.396211 10.1154 0.39771 0.0392952 1 0.0327249 
0.065367 0.360838 16.3639 0.36321 0.0505559 0.9 0.0409062 
0.0653644 0.368983 14.8026 0.371348 0.0502203 0.925 0.0409062 
0.0653625 0.377594 13.2413 0.379951 0.0498662 0.95 0.0409062 
0.0653611 0.38667 11.6799 0.389019 0.0494937 0.975 0.0409062 
0.0653603 0.396211 10.1186 0.398552 0.0491027 1 0.0409062 
0.0784386 0.360842 16.3671 0.364256 0.0606384 0.9 0.0490874 
0.0784356 0.368986 14.8058 0.37239 0.0602358 0.925 0.0490874 
0.0784332 0.377596 13.2445 0.380989 0.059811 0.95 0.0490874 
0.0784316 0.386671 11.6832 0.390053 0.0593641 0.975 0.0490874 
0.0784307 0.396211 10.1219 0.399582 0.0588951 1 0.0490874 
0.0915101 0.360846 16.3704 0.365493 0.0707062 0.9 0.0572686 
0.0915065 0.368989 14.809 0.373622 0.0702365 0.925 0.0572686 
0.0915037 0.377598 13.2477 0.382216 0.069741 0.95 0.0572686 
0.0915017 0.386672 11.6864 0.391275 0.0692196 0.975 0.0572686 
0.0915004 0.396211 10.1251 0.400799 0.0686724 1 0.0572686 
0.104584 0.360851 16.3736 0.366919 0.0807592 0.9 0.0654498 
0.10458 0.368993 14.8123 0.375043 0.0802225 0.925 0.0654498 
0.104576 0.3776 13.251 0.383632 0.0796561 0.95 0.0654498 
0.104574 0.386673 11.6896 0.392685 0.0790602 0.975 0.0654498 
0.104572 0.396211 10.1283 0.402202 0.0784346 1 0.0654498 

ZONE I=5, J=5
0.104584 0.360851 16.3776 0.366919 0.0807592 0.9 0.0654498 
0.10458 0.368993 14.8146 0.375043 0.0802225 0.925 0.0654498 
0.104576 0.3776 13.2516 0.383632 0.0796561 0.95 0.0654498 
0.104574 0.386673 11.6887 0.392685 0.0790602 0.975 0.0654498 
0.104572 0.396211 10.1257 0.402202 0.0784346 1 0.0654498 
0.117657 0.360857 16.3831 0.368535 0.0907918 0.9 0.0736311 
0.117652 0.368998 14.8201 0.376653 0.0901884 0.925 0.073631 
0.117649 0.377604 13.2572 0.385235 0.0895518 0.95 0.0736311 
0.117646 0.386675 11.6942 0.394282 0.088882 0.975 0.0736311 
0.117645 0.396211 10.1312 0.403792 0.088179 1 0.0736311 
0.130727 0.360864 16.3886 0.37034 0.1008 0.9 0.0818123 
0.130722 0.369003 14.8256 0.378451 0.10013 0.925 0.0818123 
0.130719 0.377607 13.2627 0.387026 0.0994229 0.95 0.0818123 
0.130716 0.386676 11.6997 0.396065 0.0986791 0.975 0.0818123 
0.130714 0.396211 10.1367 0.405568 0.0978984 1 0.0818123 
0.143798 0.360871 16.3941 0.372334 0.110784 0.9 0.0899936 
0.143792 0.369008 14.8312 0.380438 0.110047 0.925 0.0899936 
0.143788 0.377611 13.2682 0.389005 0.10927 0.95 0.0899936 
0.143785 0.386678 11.7052 0.398036 0.108452 0.975 0.0899935 
0.143783 0.396211 10.1423 0.40753 0.107593 1 0.0899936 
0.156871 0.360879 16.3997 0.374517 0.120744 0.9 0.0981748 
0.156865 0.369014 14.8367 0.382613 0.11994 0.925 0.0981748 
0.15686 0.377615 13.2737 0.391171 0.119092 0.95 0.0981748 
0.156856 0.38668 11.7108 0.400193 0.118199 0.975 0.0981748 
0.156853 0.396211 10.1478 0.409677 0.117263 1 0.0981748 

ZONE I=5, J=5
0.156871 0.360879 16.4053 0.374517 0.120744 0.9 0.0981748 
0.156865 0.369014 14.8398 0.382613 0.11994 0.925 0.0981748 
0.15686 0.377615 13.2744 0.391171 0.119092 0.95 0.0981748 
0.156856 0.38668 11.7089 0.400193 0.118199 0.975 0.0981748 
0.156853 0.396211 10.1435 0.409677 0.117263 1 0.0981748 
0.169942 0.360887 16.4131 0.376888 0.130672 0.9 0.106356 
0.169936 0.369021 14.8476 0.384975 0.129802 0.925 0.106356 
0.16993 0.377619 13.2822 0.393525 0.128884 0.95 0.106356 
0.169927 0.386683 11.7167 0.402536 0.127918 0.975 0.106356 
0.169925 0.396211 10.1513 0.412011 0.126905 1 0.106356 
0.183011 0.360896 16.4209 0.379447 0.140566 0.9 0.114537 
0.183004 0.369028 14.8554 0.387525 0.13963 0.925 0.114537 
0.182999 0.377624 13.29 0.396064 0.138642 0.95 0.114537 
0.182995 0.386685 11.7245 0.405065 0.137603 0.975 0.114537 
0.182993 0.396211 10.1591 0.414529 0.136512 1 0.114537 
0.196081 0.360906 16.4287 0.382194 0.150427 0.9 0.122718 
0.196073 0.369035 14.8632 0.390261 0.149425 0.925 0.122718 
0.196067 0.377629 13.2978 0.39879 0.148367 0.95 0.122718 
0.196063 0.386688 11.7323 0.40778 0.147254 0.975 0.122718 
0.19606 0.396211 10.1669 0.417231 0.146085 1 0.122718 
0.209153 0.360916 16.4365 0.385129 0.160254 0.9 0.1309 
0.209144 0.369043 14.871 0.393185 0.159185 0.925 0.1309 
0.209138 0.377635 13.3056 0.401702 0.158057 0.95 0.1309 
0.209132 0.386691 11.7401 0.41068 0.15687 0.975 0.1309 
0.209129 0.396211 10.1747 0.420118 0.155624 1 0.1309 

ZONE I=5, J=5
0.209153 0.360916 16.4438 0.385129 0.160254 0.9 0.1309 
0.209144 0.369043 14.8751 0.393185 0.159185 0.925 0.1309 
0.209138 0.377635 13.3063 0.401702 0.158057 0.95 0.1309 
0.209132 0.386691 11.7376 0.41068 0.15687 0.975 0.1309 
0.209129 0.396211 10.1688 0.420118 0.155624 1 0.1309 
0.222222 0.360928 16.4539 0.38825 0.170039 0.9 0.139081 
0.222213 0.369052 14.8852 0.396294 0.168904 0.925 0.139081 
0.222206 0.377641 13.3164 0.404799 0.167707 0.95 0.139081 
0.222202 0.386694 11.7476 0.413764 0.166447 0.975 0.139081 
0.222199 0.396211 10.1789 0.423189 0.165125 1 0.139081 
0.235288 0.36094 16.464 0.391557 0.179781 0.9 0.147262 
0.235279 0.369061 14.8952 0.399589 0.17858 0.925 0.147262 
0.235273 0.377647 13.3265 0.408081 0.177314 0.95 0.147262 
0.235268 0.386697 11.7577 0.417032 0.175981 0.975 0.147262 
0.235265 0.396211 10.189 0.426443 0.174582 1 0.147262 
0.248356 0.360952 16.4741 0.39505 0.18948 0.9 0.155443 
0.248346 0.369071 14.9053 0.403069 0.188213 0.925 0.155443 
0.248339 0.377653 13.3366 0.411547 0.186877 0.95 0.155443 
0.248333 0.3867 11.7678 0.420484 0.185471 0.975 0.155443 
0.24833 0.396211 10.199 0.42988 0.183995 1 0.155443 
0.261426 0.360965 16.4841 0.398729 0.199135 0.9 0.163625 
0.261416 0.369081 14.9154 0.406735 0.197802 0.925 0.163625 
0.261407 0.37766 13.3466 0.415198 0.196396 0.95 0.163625 
0.261401 0.386704 11.7779 0.42412 0.194917 0.975 0.163625 
0.261396 0.396211 10.2091 0.433499 0.193364 1 0.163625 

ZONE I=5, J=5
0.261426 0.360965 16.4932 0.398729 0.199135 0.9 0.163625 
0.261416 0.369081 14.9203 0.406735 0.197802 0.925 0.163625 
0.261407 0.37766 13.3474 0.415198 0.196396 0.95 0.163625 
0.261401 0.386704 11.7745 0.42412 0.194917 0.975 0.163625 
0.261396 0.396211 10.2016 0.433499 0.193364 1 0.163625 
0.274492 0.360979 16.5056 0.402592 0.208738 0.9 0.171806 
0.274482 0.369092 14.9327 0.410584 0.20734 0.925 0.171806 
0.274474 0.377668 13.3598 0.419032 0.205866 0.95 0.171806 
0.274468 0.386708 11.7869 0.427938 0.204315 0.975 0.171806 
0.274464 0.396211 10.214 0.437301 0.202686 1 0.171806 
0.287557 0.360994 16.518 0.40664 0.218288 0.9 0.179987 
0.287546 0.369103 14.9451 0.414616 0.216825 0.925 0.179987 
0.287537 0.377675 13.3722 0.423048 0.215282 0.95 0.179987 
0.287531 0.386711 11.7993 0.431937 0.213659 0.975 0.179987 
0.287528 0.396211 10.2264 0.441283 0.211955 1 0.179987 
0.300622 0.361009 16.5303 0.410871 0.227785 0.9 0.188168 
0.30061 0.369114 14.9574 0.418831 0.226257 0.925 0.188168 
0.300601 0.377683 13.3845 0.427247 0.224645 0.95 0.188168 
0.300594 0.386715 11.8116 0.436118 0.22295 0.975 0.188168 
0.300591 0.396211 10.2387 0.445446 0.22117 1 0.188168 
0.31369 0.361025 16.5427 0.415285 0.23723 0.9 0.19635 
0.313677 0.369127 14.9698 0.423229 0.235636 0.925 0.19635 
0.313667 0.377692 13.3969 0.431628 0.233955 0.95 0.19635 
0.313659 0.38672 11.824 0.440481 0.232187 0.975 0.19635 
0.313654 0.396211 10.2511 0.449789 0.23033 1 0.19635 

ZONE I=5, J=5
0.31369 0.361025 16.5536 0.415285 0.23723 0.9 0.19635 
0.313677 0.369127 14.9757 0.423229 0.235636 0.925 0.19635 
0.313667 0.377692 13.3978 0.431628 0.233955 0.95 0.19635 
0.313659 0.38672 11.8199 0.440481 0.232187 0.975 0.19635 
0.313654 0.396211 10.242 0.449789 0.23033 1 0.19635 
0.326753 0.361041 16.5682 0.419882 0.246612 0.9 0.204531 
0.32674 0.369139 14.9903 0.427809 0.244955 0.925 0.204531 
0.32673 0.3777 13.4125 0.436189 0.243206 0.95 0.204531 
0.326723 0.386724 11.8346 0.445024 0.241367 0.975 0.204531 
0.326719 0.396211 10.2567 0.454312 0.239436 1 0.204531 
0.339814 0.361058 16.5829 0.424659 0.255932 0.9 0.212712 
0.339801 0.369153 15.005 0.432568 0.25421 0.925 0.212712 
0.339791 0.377709 13.4271 0.44093 0.252394 0.95 0.212712 
0.339784 0.386729 11.8492 0.449745 0.250483 0.975 0.212712 
0.33978 0.396211 10.2713 0.459013 0.248478 1 0.212712 
0.352875 0.361076 16.5975 0.429618 0.265189 0.9 0.220893 
0.352862 0.369166 15.0197 0.437509 0.263403 0.925 0.220893 
0.352851 0.377719 13.4418 0.445851 0.261519 0.95 0.220893 
0.352843 0.386734 11.8639 0.454645 0.259536 0.975 0.220893 
0.352839 0.396211 10.286 0.463891 0.257455 1 0.220893 
0.365939 0.361094 16.6122 0.434758 0.274384 0.9 0.229074 
0.365924 0.36918 15.0343 0.442629 0.272533 0.925 0.229074 
0.365912 0.377728 13.4564 0.450951 0.270581 0.95 0.229074 
0.365904 0.386739 11.8785 0.459724 0.268526 0.975 0.229074 
0.365898 0.396211 10.3006 0.468947 0.266369 1 0.229074 

ZONE I=5, J=5
0.365939 0.361094 16.6249 0.434758 0.274384 0.9 0.229074 
0.365924 0.36918 15.0412 0.442629 0.272533 0.925 0.229074 
0.365912 0.377728 13.4575 0.450951 0.270581 0.95 0.229074 
0.365904 0.386739 11.8737 0.459724 0.268526 0.975 0.229074 
0.365898 0.396211 10.29 0.468947 0.266369 1 0.229074 
0.379 0.361114 16.6419 0.440076 0.283508 0.9 0.237256 
0.378985 0.369195 15.0581 0.447928 0.281594 0.925 0.237256 
0.378974 0.377739 13.4744 0.456229 0.279575 0.95 0.237256 
0.378966 0.386744 11.8907 0.464981 0.277451 0.975 0.237256 
0.378961 0.396211 10.307 0.474181 0.275221 1 0.237256 
0.392058 0.361133 16.6588 0.445573 0.29256 0.9 0.245437 
0.392043 0.36921 15.0751 0.453404 0.290583 0.925 0.245437 
0.392031 0.377749 13.4914 0.461684 0.288497 0.95 0.245437 
0.392023 0.386749 11.9077 0.470413 0.286303 0.975 0.245437 
0.392019 0.396211 10.3239 0.47959 0.283999 1 0.245437 
0.405116 0.361154 16.6758 0.451248 0.30154 0.9 0.253618 
0.4051 0.369226 15.0921 0.459058 0.299499 0.925 0.253618 
0.405088 0.37776 13.5084 0.467315 0.297347 0.95 0.253618 
0.405079 0.386755 11.9246 0.47602 0.295081 0.975 0.253618 
0.405074 0.396211 10.3409 0.485173 0.292704 1 0.253618 
0.418176 0.361175 16.6928 0.4571 0.310448 0.9 0.261799 
0.418159 0.369242 15.1091 0.464888 0.308344 0.925 0.261799 
0.418145 0.377771 13.5253 0.473122 0.306123 0.95 0.261799 
0.418135 0.38676 11.9416 0.481803 0.303787 0.975 0.261799 
0.418128 0.396211 10.3579 0.49093 0.301334 1 0.261799 

ZONE I=5, J=5
0.418176 0.361175 16.7073 0.4571 0.310448 0.9 0.261799 
0.418159 0.369242 15.1169 0.464888 0.308344 0.925 0.261799 
0.418145 0.377771 13.5265 0.473122 0.306123 0.95 0.261799 
0.418135 0.38676 11.9361 0.481803 0.303787 0.975 0.261799 
0.418128 0.396211 10.3456 0.49093 0.301334 1 0.261799 
0.431232 0.361197 16.7266 0.463128 0.319275 0.9 0.269981 
0.431216 0.369259 15.1362 0.470894 0.317109 0.925 0.269981 
0.431203 0.377782 13.5458 0.479105 0.314823 0.95 0.269981 
0.431194 0.386766 11.9554 0.487761 0.312419 0.975 0.269981 
0.431188 0.396211 10.3649 0.496862 0.309894 1 0.269981 
0.444286 0.361219 16.7459 0.46933 0.328022 0.9 0.278162 
0.444269 0.369276 15.1555 0.477073 0.325793 0.925 0.278162 
0.444256 0.377794 13.5651 0.48526 0.323442 0.95 0.278162 
0.444247 0.386772 11.9747 0.493891 0.320968 0.975 0.278162 
0.444242 0.396211 10.3842 0.502965 0.318371 1 0.278162 
0.45734 0.361242 16.7652 0.475707 0.336687 0.9 0.286343 
0.457322 0.369294 15.1748 0.483426 0.334396 0.925 0.286343 
0.457308 0.377806 13.5844 0.491588 0.331978 0.95 0.286343 
0.457299 0.386778 11.994 0.500192 0.329435 0.975 0.286343 
0.457293 0.396211 10.4035 0.509239 0.326765 1 0.286343 
0.470396 0.361266 16.7845 0.482258 0.345271 0.9 0.294524 
0.470377 0.369312 15.1941 0.489953 0.342917 0.925 0.294524 
0.470362 0.377819 13.6037 0.498088 0.340433 0.95 0.294524 
0.47035 0.386785 12.0133 0.506665 0.33782 0.975 0.294524 
0.470343 0.396211 10.4228 0.515683 0.335076 1 0.294524 

ZONE I=5, J=5
0.470396 0.361266 16.8009 0.482258 0.345271 0.9 0.294524 
0.470377 0.369312 15.2029 0.489953 0.342917 0.925 0.294524 
0.470362 0.377819 13.6049 0.498088 0.340433 0.95 0.294524 
0.47035 0.386785 12.007 0.506665 0.33782 0.975 0.294524 
0.470343 0.396211 10.409 0.515683 0.335076 1 0.294524 
0.483447 0.36129 16.8226 0.488981 0.353764 0.9 0.302706 
0.483429 0.369331 15.2246 0.496651 0.35135 0.925 0.302706 
0.483414 0.377832 13.6266 0.504761 0.348802 0.95 0.302706 
0.483404 0.386792 12.0286 0.51331 0.346121 0.975 0.302706 
0.483398 0.396211 10.4306 0.5223 0.343307 1 0.302706 
0.496496 0.361315 16.8442 0.495874 0.362168 0.9 0.310887 
0.496477 0.36935 15.2462 0.503519 0.359692 0.925 0.310887 
0.496463 0.377845 13.6483 0.511601 0.35708 0.95 0.310887 
0.496453 0.386798 12.0503 0.520123 0.354332 0.975 0.310887 
0.496447 0.396211 10.4523 0.529082 0.351447 1 0.310887 
0.509545 0.36134 16.8659 0.502938 0.370481 0.9 0.319068 
0.509526 0.36937 15.2679 0.510556 0.367944 0.925 0.319068 
0.50951 0.377858 13.6699 0.518611 0.365267 0.95 0.319068 
0.5095 0.386805 12.0719 0.527103 0.36245 0.975 0.319068 
0.509493 0.396211 10.474 0.536032 0.359494 1 0.319068 
0.522596 0.361367 16.8875 0.510172 0.378705 0.9 0.327249 
0.522575 0.36939 15.2896 0.517763 0.376106 0.925 0.327249 
0.522559 0.377872 13.6916 0.525789 0.373364 0.95 0.327249 
0.522546 0.386812 12.0936 0.534251 0.370478 0.975 0.327249 
0.522537 0.396211 10.4956 0.543148 0.367449 1 0.327249 

ZONE I=5, J=5
0.522596 0.361367 16.9058 0.510172 0.378705 0.9 0.327249 
0.522575 0.36939 15.2994 0.517763 0.376106 0.925 0.327249 
0.522559 0.377872 13.693 0.525789 0.373364 0.95 0.327249 
0.522546 0.386812 12.0866 0.534251 0.370478 0.975 0.327249 
0.522537 0.396211 10.4801 0.543148 0.367449 1 0.327249 
0.535642 0.361394 16.9299 0.517573 0.386828 0.9 0.335431 
0.535622 0.369411 15.3234 0.525137 0.38417 0.925 0.335431 
0.535606 0.377886 13.717 0.533135 0.381365 0.95 0.335431 
0.535595 0.38682 12.1106 0.541566 0.378414 0.975 0.335431 
0.535588 0.396211 10.5042 0.550432 0.375316 1 0.335431 
0.548686 0.361421 16.9539 0.525141 0.394852 0.9 0.343612 
0.548665 0.369432 15.3475 0.532676 0.392134 0.925 0.343612 
0.548649 0.3779 13.7411 0.540644 0.389267 0.95 0.343612 
0.548638 0.386827 12.1346 0.549045 0.386249 0.975 0.343612 
0.548632 0.396211 10.5282 0.557879 0.383082 1 0.343612 
0.561729 0.361449 16.9779 0.532874 0.402778 0.9 0.351793 
0.561708 0.369453 15.3715 0.540381 0.4 0.925 0.351793 
0.561691 0.377915 13.7651 0.548319 0.397069 0.95 0.351793 
0.561679 0.386834 12.1587 0.556687 0.393984 0.975 0.351793 
0.561672 0.396211 10.5523 0.565487 0.390746 1 0.351793 
0.574775 0.361478 17.002 0.540774 0.410605 0.9 0.359974 
0.574752 0.369475 15.3956 0.548251 0.407766 0.925 0.359974 
0.574734 0.37793 13.7891 0.556157 0.404771 0.95 0.359974 
0.57472 0.386842 12.1827 0.564493 0.401619 0.975 0.359974 
0.574711 0.396211 10.5763 0.573258 0.39831 1 0.359974 

ZONE I=5, J=5
0.574775 0.361478 17.0222 0.540774 0.410605 0.9 0.359974 
0.574752 0.369475 15.4064 0.548251 0.407766 0.925 0.359974 
0.574734 0.37793 13.7907 0.556157 0.404771 0.95 0.359974 
0.57472 0.386842 12.1749 0.564493 0.401619 0.975 0.359974 
0.574711 0.396211 10.5592 0.573258 0.39831 1 0.359974 
0.587815 0.361507 17.0486 0.548836 0.418322 0.9 0.368156 
0.587793 0.369498 15.4329 0.556283 0.415425 0.925 0.368156 
0.587775 0.377946 13.8171 0.564158 0.412369 0.95 0.368156 
0.587763 0.38685 12.2014 0.572462 0.409153 0.975 0.368156 
0.587756 0.396211 10.5856 0.581193 0.405777 1 0.368156 
0.600852 0.361537 17.0751 0.557059 0.425932 0.9 0.376337 
0.60083 0.369521 15.4593 0.564476 0.422977 0.925 0.376337 
0.600813 0.377962 13.8436 0.572319 0.419859 0.95 0.376337 
0.600801 0.386858 12.2278 0.580589 0.416578 0.975 0.376337 
0.600794 0.396211 10.6121 0.589284 0.413134 1 0.376337 
0.613889 0.361568 17.1015 0.565443 0.433434 0.9 0.384518 
0.613866 0.369545 15.4858 0.572829 0.430421 0.925 0.384518 
0.613848 0.377977 13.87 0.580639 0.427241 0.95 0.384518 
0.613835 0.386866 12.2543 0.588874 0.423894 0.975 0.384518 
0.613827 0.396211 10.6385 0.597533 0.420382 1 0.384518 
0.626929 0.361599 17.128 0.573989 0.440829 0.9 0.392699 
0.626904 0.369569 15.5122 0.581343 0.437756 0.925 0.392699 
0.626884 0.377994 13.8965 0.589119 0.434514 0.95 0.392699 
0.626869 0.386875 12.2807 0.597318 0.431101 0.975 0.392699 
0.626859 0.396211 10.665 0.60594 0.427519 1 0.392699 

ZONE I=5, J=5
0.626929 0.361599 17.1501 0.573989 0.440829 0.9 0.392699 
0.626904 0.369569 15.5241 0.581343 0.437756 0.925 0.392699 
0.626884 0.377994 13.8981 0.589119 0.434514 0.95 0.392699 
0.626869 0.386875 12.2722 0.597318 0.431101 0.975 0.392699 
0.626859 0.396211 10.6462 0.60594 0.427519 1 0.392699 
0.639962 0.361631 17.179 0.582692 0.448105 0.9 0.400881 
0.639938 0.369593 15.553 0.590014 0.444976 0.925 0.400881 
0.639919 0.378011 13.927 0.597757 0.441674 0.95 0.400881 
0.639906 0.386884 12.3011 0.605921 0.438199 0.975 0.400881 
0.639898 0.396211 10.6751 0.614506 0.434552 1 0.400881 
0.652992 0.361663 17.2079 0.591551 0.455266 0.9 0.409062 
0.652968 0.369618 15.5819 0.59884 0.45208 0.925 0.409062 
0.65295 0.378028 13.9559 0.606548 0.448718 0.95 0.409062 
0.652937 0.386892 12.3299 0.614676 0.44518 0.975 0.409062 
0.652929 0.396211 10.704 0.623223 0.441467 1 0.409062 
0.666023 0.361696 17.2368 0.600566 0.46231 0.9 0.417243 
0.665998 0.369643 15.6108 0.607822 0.459067 0.925 0.417243 
0.665978 0.378045 13.9848 0.615495 0.455644 0.95 0.417243 
0.665965 0.386901 12.3588 0.623585 0.452043 0.975 0.417243 
0.665956 0.396211 10.7329 0.632093 0.448262 1 0.417243 
0.679056 0.36173 17.2657 0.609738 0.469239 0.9 0.425424 
0.679029 0.369669 15.6397 0.616958 0.465938 0.925 0.425424 
0.679008 0.378063 14.0137 0.624595 0.462454 0.95 0.425424 
0.678991 0.38691 12.3877 0.632647 0.458788 0.975 0.425424 
0.67898 0.396211 10.7618 0.641114 0.45494 1 0.425424 

ZONE I=5, J=5
0.679056 0.36173 17.2898 0.609738 0.469239 0.9 0.425424 
0.679029 0.369669 15.6527 0.616958 0.465938 0.925 0.425424 
0.679008 0.378063 14.0155 0.624595 0.462454 0.95 0.425424 
0.678991 0.38691 12.3784 0.632647 0.458788 0.975 0.425424 
0.67898 0.396211 10.7413 0.641114 0.45494 1 0.425424 
0.69208 0.361764 17.3212 0.619059 0.47604 0.9 0.433605 
0.692054 0.369696 15.684 0.626246 0.472684 0.925 0.433605 
0.692034 0.378081 14.0469 0.633847 0.469142 0.95 0.433605 
0.69202 0.386919 12.4098 0.641861 0.465416 0.975 0.433605 
0.692011 0.396211 10.7726 0.650289 0.461504 1 0.433605 
0.705102 0.361799 17.3525 0.628532 0.482716 0.9 0.441786 
0.705076 0.369723 15.7154 0.635684 0.479305 0.925 0.441786 
0.705057 0.378099 14.0783 0.643248 0.475706 0.95 0.441786 
0.705043 0.386929 12.4411 0.651224 0.471918 0.975 0.441786 
0.705035 0.396211 10.804 0.659611 0.467942 1 0.441786 
0.718126 0.361834 17.3839 0.638156 0.48927 0.9 0.449967 
0.718099 0.36975 15.7468 0.645272 0.485803 0.925 0.449967 
0.718078 0.378118 14.1096 0.652798 0.482144 0.95 0.449967 
0.718063 0.386938 12.4725 0.660734 0.478295 0.975 0.449967 
0.718054 0.396211 10.8354 0.66908 0.474253 1 0.449967 
0.731152 0.36187 17.4153 0.647932 0.495699 0.9 0.458149 
0.731123 0.369777 15.7782 0.655011 0.492176 0.925 0.458149 
0.7311 0.378137 14.141 0.662498 0.488458 0.95 0.458149 
0.731083 0.386948 12.5039 0.670393 0.484546 0.975 0.458149 
0.731071 0.396211 10.8668 0.678695 0.480438 1 0.458149 

ZONE I=5, J=5
0.731152 0.36187 17.4414 0.647932 0.495699 0.9 0.458149 
0.731123 0.369777 15.7922 0.655011 0.492176 0.925 0.458149 
0.7311 0.378137 14.143 0.662498 0.488458 0.95 0.458149 
0.731083 0.386948 12.4938 0.670393 0.484546 0.975 0.458149 
0.731071 0.396211 10.8446 0.678695 0.480438 1 0.458149 
0.744168 0.361907 17.4753 0.65785 0.501991 0.9 0.46633 
0.74414 0.369806 15.8261 0.664893 0.498415 0.925 0.46633 
0.744119 0.378156 14.1769 0.672342 0.494642 0.95 0.46633 
0.744103 0.386958 12.5277 0.680197 0.49067 0.975 0.46633 
0.744094 0.396211 10.8784 0.688458 0.486502 1 0.46633 
0.757182 0.361944 17.5092 0.667914 0.508152 0.9 0.474511 
0.757154 0.369834 15.86 0.67492 0.504522 0.925 0.474511 
0.757133 0.378176 14.2108 0.68233 0.500692 0.95 0.474511 
0.757118 0.386968 12.5615 0.690144 0.496662 0.975 0.474511 
0.757109 0.396211 10.9123 0.698362 0.492431 1 0.474511 
0.770196 0.361981 17.5431 0.678123 0.514181 0.9 0.482692 
0.770168 0.369863 15.8939 0.685091 0.510497 0.925 0.482692 
0.770146 0.378195 14.2447 0.692461 0.50661 0.95 0.482692 
0.77013 0.386978 12.5954 0.700233 0.502519 0.975 0.482692 
0.77012 0.396211 10.9462 0.708406 0.498225 1 0.482692 
0.783214 0.36202 17.577 0.688478 0.520078 0.9 0.490874 
0.783184 0.369893 15.9278 0.695407 0.51634 0.925 0.490874 
0.783159 0.378215 14.2785 0.702735 0.512395 0.95 0.490874 
0.783141 0.386988 12.6293 0.710463 0.508243 0.975 0.490874 
0.783128 0.396211 10.9801 0.718591 0.503885 1 0.490874 

ZONE I=5, J=5
0.783214 0.36202 17.6052 0.688478 0.520078 0.9 0.490874 
0.783184 0.369893 15.9429 0.695407 0.51634 0.925 0.490874 
0.783159 0.378215 14.2807 0.702735 0.512395 0.95 0.490874 
0.783141 0.386988 12.6184 0.710463 0.508243 0.975 0.490874 
0.783128 0.396211 10.9562 0.718591 0.503885 1 0.490874 
0.796221 0.362059 17.6416 0.698968 0.52583 0.9 0.499055 
0.796191 0.369923 15.9794 0.705859 0.522041 0.925 0.499055 
0.796169 0.378236 14.3171 0.713148 0.518042 0.95 0.499055 
0.796152 0.386999 12.6549 0.720834 0.513834 0.975 0.499055 
0.796142 0.396211 10.9926 0.728918 0.509416 1 0.499055 
0.809225 0.362098 17.6781 0.709598 0.531442 0.9 0.507236 
0.809196 0.369953 16.0158 0.71645 0.527601 0.925 0.507236 
0.809174 0.378257 14.3536 0.723697 0.523548 0.95 0.507236 
0.809158 0.387009 12.6913 0.73134 0.519282 0.975 0.507236 
0.809149 0.396211 11.0291 0.739379 0.514804 1 0.507236 
0.822231 0.362138 17.7145 0.720367 0.536915 0.9 0.515417 
0.822201 0.369983 16.0523 0.727179 0.533022 0.925 0.515417 
0.822177 0.378278 14.39 0.734384 0.528913 0.95 0.515417 
0.82216 0.38702 12.7278 0.741982 0.52459 0.975 0.515417 
0.82215 0.396211 11.0655 0.749974 0.52005 1 0.515417 
0.83524 0.362179 17.751 0.731276 0.542249 0.9 0.523599 
0.835207 0.370015 16.0887 0.738046 0.538303 0.925 0.523599 
0.835181 0.378299 14.4265 0.745207 0.534138 0.95 0.523599 
0.835161 0.387031 12.7642 0.752759 0.529755 0.975 0.523599 
0.835148 0.396211 11.102 0.760703 0.525154 1 0.523599 

ZONE I=5, J=5
0.83524 0.362179 17.7812 0.731276 0.542249 0.9 0.523599 
0.835207 0.370015 16.105 0.738046 0.538303 0.925 0.523599 
0.835181 0.378299 14.4287 0.745207 0.534138 0.95 0.523599 
0.835161 0.387031 12.7525 0.752759 0.529755 0.975 0.523599 
0.835148 0.396211 11.0762 0.760703 0.525154 1 0.523599 
0.848236 0.36222 17.8203 0.742313 0.547429 0.9 0.53178 
0.848205 0.370047 16.144 0.749043 0.543434 0.925 0.53178 
0.848181 0.378321 14.4678 0.756162 0.539217 0.95 0.53178 
0.848163 0.387042 12.7915 0.763671 0.53478 0.975 0.53178 
0.848153 0.396211 11.1153 0.771568 0.530122 1 0.53178 
0.86123 0.362261 17.8593 0.753483 0.552462 0.9 0.539961 
0.861199 0.370079 16.1831 0.760172 0.548417 0.925 0.539961 
0.861176 0.378343 14.5068 0.767248 0.544148 0.95 0.539961 
0.861159 0.387053 12.8306 0.774711 0.539655 0.975 0.539961 
0.861149 0.396211 11.1543 0.78256 0.534939 1 0.539961 
0.874225 0.362303 17.8984 0.764785 0.557349 0.9 0.548142 
0.874194 0.370111 16.2222 0.771432 0.553253 0.925 0.548142 
0.874169 0.378365 14.5459 0.778464 0.548931 0.95 0.548142 
0.874151 0.387065 12.8697 0.78588 0.544382 0.975 0.548142 
0.87414 0.396211 11.1934 0.79368 0.539607 1 0.548142 
0.887224 0.362346 17.9375 0.77622 0.562089 0.9 0.556324 
0.88719 0.370144 16.2612 0.782824 0.557942 0.925 0.556324 
0.887162 0.378387 14.585 0.789809 0.553566 0.95 0.556324 
0.887141 0.387076 12.9087 0.797177 0.54896 0.975 0.556324 
0.887127 0.396211 11.2325 0.804927 0.544124 1 0.556324 

ZONE I=5, J=5
0.887224 0.362346 17.9699 0.77622 0.562089 0.9 0.556324 
0.88719 0.370144 16.2786 0.782824 0.557942 0.925 0.556324 
0.887162 0.378387 14.5874 0.789809 0.553566 0.95 0.556324 
0.887141 0.387076 12.8961 0.797177 0.54896 0.975 0.556324 
0.887127 0.396211 11.2049 0.804927 0.544124 1 0.556324 
0.900209 0.36239 18.0116 0.787776 0.566667 0.9 0.564505 
0.900176 0.370178 16.3203 0.794338 0.562473 0.925 0.564505 
0.900151 0.37841 14.6291 0.80128 0.558047 0.95 0.564505 
0.900132 0.387088 12.9379 0.808602 0.553389 0.975 0.564505 
0.900121 0.396211 11.2466 0.816303 0.548499 1 0.564505 
0.913192 0.362433 18.0533 0.799458 0.571091 0.9 0.572686 
0.91316 0.370211 16.362 0.805977 0.566849 0.925 0.572686 
0.913135 0.378433 14.6708 0.812874 0.562373 0.95 0.572686 
0.913117 0.3871 12.9796 0.820148 0.557662 0.975 0.572686 
0.913107 0.396211 11.2883 0.8278 0.552716 1 0.572686 
0.926176 0.362478 18.095 0.811265 0.575362 0.9 0.580867 
0.926143 0.370245 16.4038 0.81774 0.571072 0.925 0.580867 
0.926116 0.378456 14.7125 0.82459 0.566544 0.95 0.580867 
0.926098 0.387112 13.0213 0.831816 0.561778 0.975 0.580867 
0.926086 0.396211 11.33 0.839416 0.556776 1 0.580867 
0.939163 0.362523 18.1367 0.823198 0.579479 0.9 0.589049 
0.939127 0.37028 16.4455 0.829628 0.575139 0.925 0.589049 
0.939098 0.37848 14.7542 0.83643 0.570559 0.95 0.589049 
0.939076 0.387124 13.063 0.843605 0.565739 0.975 0.589049 
0.939061 0.396211 11.3718 0.851152 0.560678 1 0.589049 

ZONE I=5, J=5
0.939163 0.362523 18.1713 0.823198 0.579479 0.9 0.589049 
0.939127 0.37028 16.4641 0.829628 0.575139 0.925 0.589049 
0.939098 0.37848 14.7568 0.83643 0.570559 0.95 0.589049 
0.939076 0.387124 13.0496 0.843605 0.565739 0.975 0.589049 
0.939061 0.396211 11.3424 0.851152 0.560678 1 0.589049 
0.952136 0.362568 18.2157 0.835244 0.583426 0.9 0.59723 
0.952102 0.370315 16.5085 0.841631 0.579042 0.925 0.59723 
0.952075 0.378504 14.8012 0.848387 0.574414 0.95 0.59723 
0.952056 0.387137 13.094 0.855514 0.569544 0.975 0.59723 
0.952044 0.396211 11.3868 0.863012 0.564431 1 0.59723 
0.965107 0.362614 18.2601 0.847409 0.587213 0.9 0.605411 
0.965073 0.37035 16.5529 0.85375 0.582783 0.925 0.605411 
0.965047 0.378528 14.8457 0.86046 0.578107 0.95 0.605411 
0.965029 0.387149 13.1384 0.867538 0.573186 0.975 0.605411 
0.965018 0.396211 11.4312 0.874983 0.56802 1 0.605411 
0.978079 0.36266 18.3046 0.859691 0.59084 0.9 0.613592 
0.978044 0.370386 16.5973 0.865987 0.586363 0.925 0.613592 
0.978016 0.378552 14.8901 0.872649 0.581638 0.95 0.613592 
0.977997 0.387161 13.1828 0.879675 0.576665 0.975 0.613592 
0.977985 0.396211 11.4756 0.887067 0.571444 1 0.613592 
0.991054 0.362708 18.349 0.872093 0.594305 0.9 0.621774 
0.991016 0.370422 16.6417 0.878341 0.589781 0.925 0.621774 
0.990986 0.378577 14.9345 0.884953 0.585006 0.95 0.621774 
0.990963 0.387174 13.2273 0.891927 0.57998 0.975 0.621774 
0.990947 0.396211 11.52 0.899264 0.574704 1 0.621774 

ZONE I=5, J=5
0.991054 0.362708 18.3858 0.872093 0.594305 0.9 0.621774 
0.991016 0.370422 16.6615 0.878341 0.589781 0.925 0.621774 
0.990986 0.378577 14.9373 0.884953 0.585006 0.95 0.621774 
0.990963 0.387174 13.213 0.891927 0.57998 0.975 0.621774 
0.990947 0.396211 11.4887 0.899264 0.574704 1 0.621774 
1.00401 0.362755 18.433 0.884599 0.597595 0.9 0.629955 
1.00398 0.370459 16.7087 0.890803 0.593028 0.925 0.629955 
1.00395 0.378603 14.9844 0.897367 0.588208 0.95 0.629955 
1.00393 0.387187 13.2602 0.904291 0.583134 0.975 0.629955 
1.00392 0.396211 11.5359 0.911576 0.577808 1 0.629955 
1.01697 0.362803 18.4801 0.897215 0.600717 0.9 0.638136 
1.01694 0.370496 16.7559 0.903373 0.596107 0.925 0.638136 
1.01691 0.378628 15.0316 0.909888 0.59124 0.95 0.638136 
1.01689 0.3872 13.3074 0.916762 0.586118 0.975 0.638136 
1.01688 0.396211 11.5831 0.923993 0.580741 1 0.638136 
1.02993 0.362851 18.5273 0.909942 0.603673 0.9 0.646317 
1.02989 0.370533 16.8031 0.916052 0.599017 0.925 0.646317 
1.02986 0.378653 15.0788 0.922517 0.594104 0.95 0.646317 
1.02984 0.387212 13.3545 0.929338 0.588933 0.975 0.646317 
1.02983 0.396211 11.6303 0.936513 0.583503 1 0.646317 
1.04289 0.3629 18.5745 0.922779 0.60646 0.9 0.654498 
1.04285 0.370571 16.8503 0.92884 0.60176 0.925 0.654498 
1.04282 0.378679 15.126 0.935254 0.596799 0.95 0.654498 
1.04279 0.387226 13.4017 0.94202 0.591577 0.975 0.654498 
1.04278 0.396211 11.6775 0.949138 0.586094 1 0.654498 

ZONE I=5, J=5
1.04289 0.3629 18.6136 0.922779 0.60646 0.9 0.654498 
1.04285 0.370571 16.8713 0.92884 0.60176 0.925 0.654498 
1.04282 0.378679 15.1289 0.935254 0.596799 0.95 0.654498 
1.04279 0.387226 13.3866 0.94202 0.591577 0.975 0.654498 
1.04278 0.396211 11.6442 0.949138 0.586094 1 0.654498 
1.05584 0.36295 18.6636 0.935714 0.609066 0.9 0.66268 
1.0558 0.370609 16.9213 0.941729 0.604325 0.925 0.66268 
1.05577 0.378705 15.1789 0.948094 0.599321 0.95 0.66268 
1.05575 0.38724 13.4366 0.954809 0.594054 0.975 0.66268 
1.05574 0.396211 11.6942 0.961874 0.588524 1 0.66268 
1.06878 0.363 18.7136 0.948751 0.611498 0.9 0.670861 
1.06874 0.370647 16.9713 0.954718 0.606715 0.925 0.670861 
1.06871 0.378731 15.2289 0.961033 0.601667 0.95 0.670861 
1.06869 0.387253 13.4866 0.967695 0.596354 0.975 0.670861 
1.06868 0.396211 11.7442 0.974704 0.590776 1 0.670861 
1.08172 0.36305 18.7636 0.96189 0.613757 0.9 0.679042 
1.08168 0.370686 17.0213 0.967808 0.608931 0.925 0.679042 
1.08166 0.378758 15.2789 0.974071 0.603839 0.95 0.679042 
1.08163 0.387266 13.5366 0.980678 0.598478 0.975 0.679042 
1.08162 0.396211 11.7943 0.98763 0.59285 1 0.679042 
1.09467 0.363101 18.8136 0.975131 0.615841 0.9 0.687223 
1.09463 0.370725 17.0713 0.980999 0.610973 0.925 0.687223 
1.09459 0.378785 15.3289 0.987208 0.605835 0.95 0.687223 
1.09457 0.38728 13.5866 0.993759 0.600426 0.975 0.687223 
1.09455 0.396211 11.8443 1.00065 0.594747 1 0.687223 

ZONE I=5, J=5
1.09467 0.363101 18.855 0.975131 0.615841 0.9 0.687223 
1.09463 0.370725 17.0935 0.980999 0.610973 0.925 0.687223 
1.09459 0.378785 15.332 0.987208 0.605835 0.95 0.687223 
1.09457 0.38728 13.5705 0.993759 0.600426 0.975 0.687223 
1.09455 0.396211 11.809 1.00065 0.594747 1 0.687223 
1.1076 0.363153 18.9079 0.988462 0.617738 0.9 0.695405 
1.10756 0.370765 17.1464 0.994281 0.612831 0.925 0.695405 
1.10753 0.378812 15.3849 1.00044 0.607652 0.95 0.695405 
1.10751 0.387294 13.6234 1.00694 0.602201 0.975 0.695405 
1.10749 0.396211 11.8619 1.01378 0.596477 1 0.695405 
1.12053 0.363205 18.9608 1.00189 0.619455 0.9 0.703586 
1.12049 0.370805 17.1993 1.00766 0.614509 0.925 0.703586 
1.12046 0.378839 15.4378 1.01376 0.609288 0.95 0.703586 
1.12044 0.387308 13.6763 1.02021 0.603793 0.975 0.703586 
1.12043 0.396211 11.9148 1.02699 0.598024 1 0.703586 
1.13346 0.363257 19.0137 1.0154 0.620993 0.9 0.711767 
1.13342 0.370845 17.2522 1.02112 0.616007 0.925 0.711767 
1.13338 0.378866 15.4907 1.02718 0.610744 0.95 0.711767 
1.13336 0.387322 13.7292 1.03356 0.605204 0.975 0.711767 
1.13335 0.396211 11.9677 1.04029 0.599387 1 0.711767 
1.14638 0.36331 19.0666 1.02901 0.622351 0.9 0.719948 
1.14634 0.370886 17.3051 1.03468 0.617324 0.925 0.719948 
1.14631 0.378894 15.5436 1.04068 0.612018 0.95 0.719948 
1.14628 0.387336 13.7821 1.04701 0.606432 0.975 0.719948 
1.14626 0.396211 12.0206 1.05367 0.600567 1 0.719948 

ZONE I=5, J=5
1.14638 0.36331 19.1104 1.02901 0.622351 0.9 0.719948 
1.14634 0.370886 17.3287 1.03468 0.617324 0.925 0.719948 
1.14631 0.378894 15.5469 1.04068 0.612018 0.95 0.719948 
1.14628 0.387336 13.7652 1.04701 0.606432 0.975 0.719948 
1.14626 0.396211 11.9834 1.05367 0.600567 1 0.719948 
1.1593 0.363364 19.1663 1.04271 0.623515 0.9 0.72813 
1.15926 0.370927 17.3845 1.04832 0.618452 0.925 0.72813 
1.15923 0.378923 15.6028 1.05427 0.613107 0.95 0.72813 
1.1592 0.387351 13.821 1.06055 0.607481 0.975 0.72813 
1.15919 0.396211 12.0392 1.06715 0.601575 1 0.72813 
1.17221 0.363417 19.2221 1.05648 0.624494 0.9 0.736311 
1.17217 0.370968 17.4404 1.06205 0.619394 0.925 0.736311 
1.17214 0.378951 15.6586 1.06794 0.61401 0.95 0.736311 
1.17212 0.387365 13.8769 1.07416 0.608343 0.975 0.736311 
1.1721 0.396211 12.0951 1.08071 0.602393 1 0.736311 
1.18512 0.363471 19.278 1.07034 0.625288 0.9 0.744492 
1.18508 0.371009 17.4962 1.07586 0.62015 0.925 0.744492 
1.18505 0.378979 15.7145 1.0817 0.614726 0.95 0.744492 
1.18502 0.387379 13.9327 1.08786 0.609017 0.975 0.744492 
1.18501 0.396211 12.1509 1.09435 0.603022 1 0.744492 
1.19803 0.363526 19.3338 1.08429 0.625898 0.9 0.752673 
1.19799 0.371052 17.5521 1.08975 0.620721 0.925 0.752673 
1.19795 0.379008 15.7703 1.09554 0.615256 0.95 0.752673 
1.19793 0.387394 13.9886 1.10164 0.609504 0.975 0.752673 
1.19791 0.396211 12.2068 1.10806 0.603463 1 0.752673 

ZONE I=5, J=5
1.19803 0.363526 19.3801 1.08429 0.625898 0.9 0.752673 
1.19799 0.371052 17.577 1.08975 0.620721 0.925 0.752673 
1.19795 0.379008 15.7738 1.09554 0.615256 0.95 0.752673 
1.19793 0.387394 13.9706 1.10164 0.609504 0.975 0.752673 
1.19791 0.396211 12.1675 1.10806 0.603463 1 0.752673 
1.21093 0.363581 19.439 1.09831 0.626307 0.9 0.760855 
1.21089 0.371095 17.6358 1.10372 0.621096 0.925 0.760855 
1.21085 0.379038 15.8327 1.10945 0.615596 0.95 0.760855 
1.21083 0.38741 14.0295 1.1155 0.609806 0.975 0.760855 
1.21082 0.396211 12.2264 1.12186 0.603726 1 0.760855 
1.22382 0.363636 19.4979 1.1124 0.626527 0.9 0.769036 
1.22378 0.371137 17.6947 1.11776 0.621281 0.925 0.769036 
1.22375 0.379066 15.8916 1.12344 0.615744 0.95 0.769036 
1.22373 0.387424 14.0884 1.12943 0.609915 0.975 0.769036 
1.22371 0.396211 12.2852 1.13573 0.603795 1 0.769036 
1.23671 0.363692 19.5567 1.12657 0.626556 0.9 0.777217 
1.23667 0.37118 17.7536 1.13188 0.621275 0.925 0.777217 
1.23664 0.379095 15.9504 1.1375 0.6157 0.95 0.777217 
1.23661 0.387439 14.1473 1.14343 0.609832 0.975 0.777217 
1.2366 0.39621 12.3441 1.14967 0.60367 1 0.777217 
1.24961 0.363748 19.6156 1.14081 0.626396 0.9 0.785398 
1.24956 0.371223 17.8125 1.14607 0.621079 0.925 0.785398 
1.24952 0.379125 16.0093 1.15163 0.615465 0.95 0.785398 
1.2495 0.387455 14.2062 1.1575 0.609556 0.975 0.785398 
1.24948 0.396211 12.403 1.16368 0.60335 1 0.785398 

ZONE I=5, J=5
1.24961 0.363748 19.6644 1.14081 0.626396 0.9 0.785398 
1.24956 0.371223 17.8387 1.14607 0.621079 0.925 0.785398 
1.24952 0.379125 16.013 1.15163 0.615465 0.95 0.785398 
1.2495 0.387455 14.1873 1.1575 0.609556 0.975 0.785398 
1.24948 0.396211 12.3616 1.16368 0.60335 1 0.785398 
1.26248 0.363806 19.7264 1.15512 0.626031 0.9 0.79358 
1.26244 0.371267 17.9007 1.16032 0.620682 0.925 0.79358 
1.26241 0.379156 16.075 1.16583 0.615035 0.95 0.79358 
1.26238 0.38747 14.2492 1.17164 0.609091 0.975 0.79358 
1.26237 0.396211 12.4235 1.17776 0.602849 1 0.79358 
1.27536 0.363863 19.7884 1.16949 0.625471 0.9 0.801761 
1.27531 0.371311 17.9627 1.17464 0.620089 0.925 0.801761 
1.27528 0.379185 16.1369 1.1801 0.614408 0.95 0.801761 
1.27526 0.387485 14.3112 1.18585 0.608428 0.975 0.801761 
1.27524 0.396211 12.4855 1.19191 0.602148 1 0.801761 
1.28823 0.36392 19.8503 1.18393 0.624717 0.9 0.809942 
1.28818 0.371355 18.0246 1.18903 0.619302 0.925 0.809942 
1.28815 0.379215 16.1989 1.19442 0.613586 0.95 0.809942 
1.28812 0.3875 14.3732 1.20012 0.607568 0.975 0.809942 
1.28811 0.39621 12.5475 1.20611 0.601249 1 0.809942 
1.3011 0.363978 19.9123 1.19844 0.623768 0.9 0.818123 
1.30105 0.3714 18.0866 1.20348 0.618319 0.925 0.818123 
1.30102 0.379246 16.2609 1.20881 0.612567 0.95 0.818123 
1.30099 0.387516 14.4352 1.21445 0.60651 0.975 0.818123 
1.30097 0.396211 12.6095 1.22038 0.600151 1 0.818123 

ZONE I=5, J=5
1.3011 0.363978 19.9637 1.19844 0.623768 0.9 0.818123 
1.30105 0.3714 18.1142 1.20348 0.618319 0.925 0.818123 
1.30102 0.379246 16.2648 1.20881 0.612567 0.95 0.818123 
1.30099 0.387516 14.4153 1.21445 0.60651 0.975 0.818123 
1.30097 0.396211 12.5659 1.22038 0.600151 1 0.818123 
1.31396 0.364037 20.0288 1.213 0.622609 0.9 0.826305 
1.31391 0.371445 18.1794 1.21798 0.617131 0.925 0.826305 
1.31388 0.379277 16.3299 1.22327 0.611347 0.95 0.826305 
1.31385 0.387533 14.4805 1.22884 0.605259 0.975 0.826305 
1.31384 0.396211 12.6311 1.23471 0.598866 1 0.826305 
1.32681 0.364095 20.094 1.22761 0.621252 0.9 0.834486 
1.32676 0.37149 18.2446 1.23254 0.615743 0.925 0.834486 
1.32673 0.379308 16.3951 1.23777 0.609928 0.95 0.834486 
1.32671 0.387548 14.5457 1.24329 0.603806 0.975 0.834486 
1.32669 0.396211 12.6962 1.24909 0.597378 1 0.834486 
1.33966 0.364154 20.1592 1.24228 0.619695 0.9 0.842667 
1.33961 0.371536 18.3097 1.24716 0.614156 0.925 0.842667 
1.33958 0.379339 16.4603 1.25233 0.608308 0.95 0.842667 
1.33955 0.387564 14.6108 1.25778 0.602152 0.975 0.842667 
1.33954 0.39621 12.7614 1.26352 0.595687 1 0.842667 
1.35251 0.364214 20.2243 1.25701 0.61794 0.9 0.850848 
1.35246 0.371582 18.3749 1.26183 0.612369 0.925 0.850848 
1.35242 0.37937 16.5254 1.26694 0.606488 0.95 0.850848 
1.35239 0.38758 14.676 1.27233 0.600296 0.975 0.850848 
1.35237 0.396211 12.8266 1.27801 0.593793 1 0.850848 

ZONE I=5, J=5
1.35251 0.364214 20.2783 1.25701 0.61794 0.9 0.850848 
1.35246 0.371582 18.4039 1.26183 0.612369 0.925 0.850848 
1.35242 0.37937 16.5295 1.26694 0.606488 0.95 0.850848 
1.35239 0.38758 14.6551 1.27233 0.600296 0.975 0.850848 
1.35237 0.396211 12.7808 1.27801 0.593793 1 0.850848 
1.36534 0.364274 20.3467 1.27178 0.615971 0.9 0.859029 
1.36529 0.371628 18.4723 1.27655 0.610373 0.925 0.859029 
1.36526 0.379402 16.598 1.2816 0.604463 0.95 0.859029 
1.36523 0.387597 14.7236 1.28693 0.598242 0.975 0.859029 
1.36522 0.396211 12.8492 1.29255 0.591708 1 0.859029 
1.37817 0.364334 20.4152 1.2866 0.613799 0.9 0.86721 
1.37812 0.371674 18.5408 1.29131 0.608174 0.925 0.86721 
1.37809 0.379434 16.6664 1.29631 0.602235 0.95 0.86721 
1.37806 0.387613 14.792 1.30158 0.595982 0.975 0.86721 
1.37805 0.396211 12.9176 1.30713 0.589416 1 0.86721 
1.39099 0.364395 20.4836 1.30146 0.611425 0.9 0.875391 
1.39095 0.371721 18.6092 1.30612 0.605771 0.925 0.875391 
1.39091 0.379465 16.7348 1.31106 0.599801 0.95 0.875391 
1.39089 0.387629 14.8605 1.31627 0.593517 0.975 0.875391 
1.39087 0.39621 12.9861 1.32175 0.586917 1 0.875391 
1.40382 0.364456 20.552 1.31638 0.608847 0.9 0.883573 
1.40377 0.371768 18.6777 1.32098 0.603164 0.925 0.883573 
1.40373 0.379498 16.8033 1.32585 0.597164 0.95 0.883573 
1.4037 0.387645 14.9289 1.331 0.590846 0.975 0.883573 
1.40368 0.396211 13.0545 1.33641 0.584211 1 0.883573 

ZONE I=5, J=5
1.40382 0.364456 20.6086 1.31638 0.608847 0.9 0.883573 
1.40377 0.371768 18.7081 1.32098 0.603164 0.925 0.883573 
1.40373 0.379498 16.8076 1.32585 0.597164 0.95 0.883573 
1.4037 0.387645 14.907 1.331 0.590846 0.975 0.883573 
1.40368 0.396211 13.0065 1.33641 0.584211 1 0.883573 
1.41663 0.364518 20.6804 1.33132 0.606053 0.9 0.891754 
1.41658 0.371816 18.7799 1.33587 0.600345 0.925 0.891754 
1.41655 0.379531 16.8794 1.34068 0.594319 0.95 0.891754 
1.41652 0.387663 14.9788 1.34577 0.587974 0.975 0.891754 
1.4165 0.396211 13.0783 1.35113 0.581311 1 0.891754 
1.42943 0.36458 20.7522 1.3463 0.603052 0.9 0.899935 
1.42939 0.371863 18.8517 1.35079 0.597319 0.925 0.899935 
1.42935 0.379563 16.9512 1.35555 0.591266 0.95 0.899935 
1.42933 0.387679 15.0507 1.36058 0.584893 0.975 0.899935 
1.42931 0.396211 13.1501 1.36587 0.5782 1 0.899935 
1.44223 0.364641 20.824 1.36132 0.599845 0.9 0.908116 
1.44219 0.371911 18.9235 1.36575 0.594086 0.925 0.908116 
1.44215 0.379595 17.023 1.37045 0.588005 0.95 0.908116 
1.44212 0.387695 15.1225 1.37542 0.581603 0.975 0.908116 
1.44211 0.39621 13.2219 1.38064 0.574879 1 0.908116 
1.45504 0.364704 20.8958 1.37638 0.596431 0.9 0.916298 
1.45499 0.371959 18.9953 1.38075 0.590645 0.925 0.916298 
1.45495 0.379628 17.0948 1.38539 0.584536 0.95 0.916298 
1.45492 0.387712 15.1943 1.39029 0.578104 0.975 0.916298 
1.45489 0.396211 13.2937 1.39544 0.571348 1 0.916298 

ZONE I=5, J=5
1.45504 0.364704 20.9547 1.37638 0.596431 0.9 0.916298 
1.45499 0.371959 19.027 1.38075 0.590645 0.925 0.916298 
1.45495 0.379628 17.0992 1.38539 0.584536 0.95 0.916298 
1.45492 0.387712 15.1715 1.39029 0.578104 0.975 0.916298 
1.45489 0.396211 13.2438 1.39544 0.571348 1 0.916298 
1.46782 0.364768 21.03 1.39145 0.592798 0.9 0.924479 
1.46777 0.372008 19.1023 1.39577 0.586989 0.925 0.924479 
1.46773 0.379662 17.1745 1.40035 0.580857 0.95 0.924479 
1.46771 0.38773 15.2468 1.40519 0.5744 0.975 0.924479 
1.46769 0.396212 13.319 1.41029 0.567619 1 0.924479 
1.48059 0.36483 21.1053 1.40655 0.588955 0.9 0.93266 
1.48055 0.372056 19.1775 1.41082 0.583123 0.925 0.93266 
1.48051 0.379695 17.2498 1.41534 0.576967 0.95 0.93266 
1.48049 0.387747 15.322 1.42012 0.570484 0.975 0.93266 
1.48047 0.396211 13.3943 1.42515 0.563677 1 0.93266 
1.49337 0.364893 21.1805 1.42168 0.584902 0.9 0.940841 
1.49332 0.372105 19.2528 1.42589 0.579047 0.925 0.940841 
1.49328 0.379728 17.325 1.43036 0.572866 0.95 0.940841 
1.49326 0.387763 15.3973 1.43507 0.566357 0.975 0.940841 
1.49324 0.39621 13.4696 1.44003 0.559521 1 0.940841 
1.50614 0.364958 21.2558 1.43684 0.580641 0.9 0.949023 
1.50609 0.372154 19.3281 1.441 0.574761 0.925 0.949023 
1.50605 0.379762 17.4003 1.44539 0.568554 0.95 0.949023 
1.50602 0.387781 15.4726 1.45004 0.562017 0.975 0.949023 
1.506 0.396211 13.5448 1.45493 0.555152 1 0.949023 

ZONE I=5, J=5
1.50614 0.364958 21.3164 1.43684 0.580641 0.9 0.949023 
1.50609 0.372154 19.3607 1.441 0.574761 0.925 0.949023 
1.50605 0.379762 17.4049 1.44539 0.568554 0.95 0.949023 
1.50602 0.387781 15.4492 1.45004 0.562017 0.975 0.949023 
1.506 0.396211 13.4935 1.45493 0.555152 1 0.949023 
1.5189 0.365022 21.3952 1.45201 0.576156 0.9 0.957204 
1.51885 0.372204 19.4395 1.45611 0.570257 0.925 0.957204 
1.51881 0.379797 17.4838 1.46045 0.564029 0.95 0.957204 
1.51878 0.387799 15.528 1.46503 0.55747 0.975 0.957204 
1.51877 0.396212 13.5723 1.46986 0.550583 1 0.957204 
1.53164 0.365087 21.4741 1.46719 0.57146 0.9 0.965385 
1.5316 0.372254 19.5184 1.47123 0.56554 0.925 0.965385 
1.53156 0.37983 17.5626 1.47552 0.55929 0.95 0.965385 
1.53154 0.387816 15.6069 1.48004 0.552709 0.975 0.965385 
1.53152 0.396211 13.6511 1.48481 0.545798 1 0.965385 
1.54439 0.365151 21.5529 1.48239 0.566551 0.9 0.973566 
1.54434 0.372303 19.5972 1.48638 0.56061 0.925 0.973566 
1.5443 0.379864 17.6415 1.4906 0.554338 0.95 0.973566 
1.54428 0.387833 15.6857 1.49506 0.547734 0.975 0.973566 
1.54426 0.39621 13.73 1.49976 0.540798 1 0.973566 
1.55713 0.365216 21.6318 1.49761 0.56143 0.9 0.981748 
1.55708 0.372354 19.676 1.50154 0.555468 0.925 0.981748 
1.55704 0.379899 17.7203 1.5057 0.549172 0.95 0.981748 
1.55701 0.387851 15.7646 1.51009 0.542543 0.975 0.981748 
1.55699 0.396211 13.8088 1.51472 0.535581 1 0.981748 

ZONE I=5, J=5
1.55713 0.365216 21.6918 1.49761 0.56143 0.9 0.981748 
1.55708 0.372354 19.7083 1.50154 0.555468 0.925 0.981748 
1.55704 0.379899 17.7249 1.5057 0.549172 0.95 0.981748 
1.55701 0.387851 15.7415 1.51009 0.542543 0.975 0.981748 
1.55699 0.396211 13.7581 1.51472 0.535581 1 0.981748 
1.56986 0.365283 21.7743 1.51283 0.556085 0.9 0.989929 
1.56981 0.372405 19.7909 1.5167 0.550105 0.925 0.989929 
1.56977 0.379934 17.8075 1.5208 0.543791 0.95 0.989929 
1.56975 0.38787 15.824 1.52513 0.537144 0.975 0.989929 
1.56973 0.396212 13.8406 1.5297 0.530162 1 0.989929 
1.58257 0.365348 21.8569 1.52805 0.550525 0.9 0.99811 
1.58253 0.372456 19.8734 1.53186 0.544527 0.925 0.99811 
1.58249 0.379969 17.89 1.5359 0.538195 0.95 0.99811 
1.58247 0.387887 15.9066 1.54018 0.531528 0.975 0.99811 
1.58246 0.396211 13.9232 1.54468 0.524526 1 0.99811 
1.59528 0.365414 21.9394 1.54327 0.544752 0.9 1.00629 
1.59524 0.372507 19.956 1.54703 0.538735 0.925 1.00629 
1.5952 0.380004 17.9726 1.55101 0.532384 0.95 1.00629 
1.59518 0.387905 15.9891 1.55522 0.525696 0.975 1.00629 
1.59517 0.39621 14.0057 1.55965 0.518673 1 1.00629 
1.60799 0.36548 22.022 1.5585 0.538764 0.9 1.01447 
1.60794 0.372559 20.0385 1.5622 0.532729 0.925 1.01447 
1.60791 0.380041 18.0551 1.56612 0.526357 0.95 1.01447 
1.60788 0.387925 16.0717 1.57027 0.519649 0.975 1.01447 
1.60787 0.396211 14.0882 1.57463 0.512605 1 1.01447 

ZONE I=5, J=5
1.60799 0.36548 22.0745 1.5585 0.538764 0.9 1.01447 
1.60794 0.372559 20.0668 1.5622 0.532729 0.925 1.01447 
1.60791 0.380041 18.0592 1.56612 0.526357 0.95 1.01447 
1.60788 0.387925 16.0516 1.57027 0.519649 0.975 1.01447 
1.60787 0.396211 14.044 1.57463 0.512605 1 1.01447 
1.62068 0.365549 22.161 1.57373 0.532545 0.9 1.02266 
1.62064 0.372612 20.1533 1.57738 0.526495 0.925 1.02266 
1.62061 0.380077 18.1457 1.58124 0.520109 0.95 1.02266 
1.62059 0.387943 16.1381 1.58533 0.513385 0.975 1.02266 
1.62059 0.396212 14.1305 1.58963 0.506323 1 1.02266 
1.63337 0.365616 22.2475 1.58895 0.526112 0.9 1.03084 
1.63333 0.372664 20.2398 1.59254 0.520047 0.925 1.03084 
1.6333 0.380113 18.2322 1.59635 0.513644 0.95 1.03084 
1.63329 0.387962 16.2246 1.60037 0.506905 0.975 1.03084 
1.63329 0.396211 14.217 1.60461 0.499828 1 1.03084 
1.64604 0.365682 22.3339 1.60416 0.519463 0.9 1.03902 
1.646 0.372717 20.3263 1.6077 0.513382 0.925 1.03902 
1.64598 0.38015 18.3187 1.61145 0.506964 0.95 1.03902 
1.64597 0.387981 16.3111 1.61541 0.500209 0.975 1.03902 
1.64597 0.39621 14.3034 1.61958 0.493117 1 1.03902 
1.6587 0.365749 22.4204 1.61935 0.512598 0.9 1.0472 
1.65867 0.372772 20.4128 1.62284 0.506502 0.925 1.0472 
1.65865 0.380189 18.4052 1.62653 0.500068 0.95 1.0472 
1.65865 0.388002 16.3976 1.63043 0.493299 0.975 1.0472 
1.65865 0.396211 14.3899 1.63454 0.486192 1 1.0472 

ZONE I=5, J=5
1.6587 0.365749 22.4449 1.61935 0.512598 0.9 1.0472 
1.65867 0.372772 20.4261 1.62284 0.506502 0.925 1.0472 
1.65865 0.380189 18.4072 1.62653 0.500068 0.95 1.0472 
1.65865 0.388002 16.3884 1.63043 0.493299 0.975 1.0472 
1.65865 0.396211 14.3695 1.63454 0.486192 1 1.0472 
1.67135 0.365822 22.5357 1.63454 0.505508 0.9 1.05538 
1.67133 0.372827 20.5169 1.63797 0.4994 0.925 1.05538 
1.67131 0.380227 18.498 1.6416 0.492955 0.95 1.05538 
1.67131 0.388022 16.4792 1.64544 0.486173 0.975 1.05538 
1.67133 0.396211 14.4603 1.64949 0.479053 1 1.05538 
1.68398 0.365891 22.6265 1.64969 0.498196 0.9 1.06356 
1.68397 0.372883 20.6076 1.65307 0.492077 0.925 1.06356 
1.68397 0.380266 18.5888 1.65666 0.485622 0.95 1.06356 
1.68398 0.388043 16.57 1.66044 0.47883 0.975 1.06356 
1.684 0.396211 14.5511 1.66443 0.471702 1 1.06356 
1.6966 0.365958 22.7173 1.66482 0.490664 0.9 1.07174 
1.6966 0.372939 20.6984 1.66816 0.484533 0.925 1.07174 
1.69661 0.380308 18.6796 1.6717 0.478068 0.95 1.07174 
1.69663 0.388065 16.6607 1.67543 0.471269 0.975 1.07174 
1.69667 0.39621 14.6419 1.67936 0.464137 1 1.07174 
1.7092 0.366024 22.8081 1.67992 0.48291 0.9 1.07992 
1.70921 0.372998 20.7892 1.68322 0.476767 0.925 1.07992 
1.70924 0.380354 18.7704 1.68671 0.470294 0.95 1.07992 
1.70929 0.388091 16.7515 1.6904 0.463491 0.975 1.07992 
1.70935 0.396211 14.7327 1.69428 0.456359 1 1.07992 

ZONE I=5, J=5
1.7092 0.366024 22.7454 1.67992 0.48291 0.9 1.07992 
1.70921 0.372998 20.7557 1.68322 0.476767 0.925 1.07992 
1.70924 0.380354 18.766 1.68671 0.470294 0.95 1.07992 
1.70929 0.388091 16.7763 1.6904 0.463491 0.975 1.07992 
1.70935 0.396211 14.7866 1.69428 0.456359 1 1.07992 
1.72181 0.366104 22.8415 1.69502 0.474936 0.9 1.0881 
1.72183 0.373059 20.8518 1.69827 0.468787 0.925 1.0881 
1.72187 0.380395 18.8621 1.70171 0.462308 0.95 1.0881 
1.72193 0.388112 16.8724 1.70534 0.455498 0.975 1.0881 
1.722 0.396211 14.8827 1.70916 0.448357 1 1.0881 
1.73437 0.366177 22.9376 1.71006 0.46673 0.9 1.09628 
1.73442 0.373121 20.9479 1.71328 0.460577 0.925 1.09628 
1.73449 0.380441 18.9582 1.71668 0.454096 0.95 1.09628 
1.73457 0.388138 16.9685 1.72027 0.447287 0.975 1.09628 
1.73467 0.396211 14.9788 1.72405 0.440151 1 1.09628 
1.7469 0.366243 23.0337 1.72504 0.458293 0.9 1.10446 
1.74699 0.373185 21.044 1.72824 0.452134 0.925 1.10446 
1.7471 0.380493 19.0543 1.73163 0.445655 0.95 1.10446 
1.74723 0.388168 17.0646 1.73519 0.438857 0.975 1.10446 
1.74737 0.396211 15.0749 1.73894 0.431739 1 1.10446 
1.75939 0.366305 23.1299 1.73997 0.449626 0.9 1.11265 
1.75954 0.373252 21.1402 1.74317 0.443461 0.925 1.11265 
1.75971 0.380552 19.1504 1.74655 0.436988 0.95 1.11265 
1.7599 0.388205 17.1607 1.7501 0.430208 0.975 1.11265 
1.76011 0.396211 15.171 1.75383 0.423121 1 1.11265 

ZONE I=5, J=5
1.75939 0.366305 22.8201 1.73997 0.449626 0.9 1.11265 
1.75954 0.373252 20.9744 1.74317 0.443461 0.925 1.11265 
1.75971 0.380552 19.1287 1.74655 0.436988 0.95 1.11265 
1.7599 0.388205 17.283 1.7501 0.430208 0.975 1.11265 
1.76011 0.396211 15.4373 1.75383 0.423121 1 1.11265 
1.77193 0.366393 22.9229 1.75491 0.440751 0.9 1.12083 
1.77211 0.373323 21.0772 1.75809 0.43459 0.925 1.12083 
1.77231 0.380602 19.2315 1.76143 0.428122 0.95 1.12083 
1.77252 0.388232 17.3858 1.76495 0.421345 0.975 1.12083 
1.77275 0.396211 15.5401 1.76862 0.414261 1 1.12083 
1.78436 0.36646 23.0257 1.76973 0.431638 0.9 1.12901 
1.78462 0.373387 21.18 1.77292 0.425484 0.925 1.12901 
1.78489 0.380655 19.3343 1.77627 0.419029 0.95 1.12901 
1.78517 0.388263 17.4886 1.77978 0.412273 0.975 1.12901 
1.78547 0.396211 15.6429 1.78345 0.405216 1 1.12901 
1.7967 0.366508 23.1285 1.78442 0.422287 0.9 1.13719 
1.79707 0.373448 21.2828 1.78766 0.416143 0.925 1.13719 
1.79745 0.380712 19.4371 1.79106 0.409711 0.95 1.13719 
1.79784 0.3883 17.5914 1.79461 0.402992 0.975 1.13719 
1.79826 0.396211 15.7457 1.79831 0.395986 1 1.13719 
1.80894 0.366543 23.2314 1.79897 0.412696 0.9 1.14537 
1.80946 0.373508 21.3857 1.80232 0.406565 0.925 1.14537 
1.80999 0.380774 19.54 1.8058 0.400167 0.95 1.14537 
1.81054 0.388342 17.6943 1.80943 0.393502 0.975 1.14537 
1.81112 0.396211 15.8486 1.8132 0.38657 1 1.14537 

ZONE I=5, J=5
1.80894 0.366543 22.357 1.79897 0.412696 0.9 1.14537 
1.80946 0.373508 20.9247 1.80232 0.406565 0.925 1.14537 
1.80999 0.380774 19.4923 1.8058 0.400167 0.95 1.14537 
1.81054 0.388342 18.06 1.80943 0.393502 0.975 1.14537 
1.81112 0.396211 16.6277 1.8132 0.38657 1 1.14537 
1.82125 0.366591 22.4491 1.81356 0.402914 0.9 1.15355 
1.82191 0.373574 21.0167 1.81699 0.396796 0.925 1.15355 
1.82256 0.380838 19.5844 1.82053 0.390418 0.95 1.15355 
1.8232 0.388384 18.152 1.82418 0.383781 0.975 1.15355 
1.82384 0.396212 16.7197 1.82793 0.376884 1 1.15355 
1.83341 0.366517 22.5411 1.82792 0.392967 0.9 1.16173 
1.83422 0.373515 21.1088 1.83145 0.386868 0.925 1.16173 
1.83501 0.380797 19.6764 1.83507 0.380502 0.95 1.16173 
1.83579 0.388363 18.2441 1.83879 0.37387 0.975 1.16173 
1.83655 0.396211 16.8117 1.84261 0.366972 1 1.16173 
1.84541 0.366326 22.6331 1.84205 0.382855 0.9 1.16991 
1.84639 0.373337 21.2008 1.84569 0.376779 0.925 1.16991 
1.84735 0.380655 19.7685 1.84943 0.370417 0.95 1.16991 
1.8483 0.388279 18.3361 1.85328 0.363769 0.975 1.16991 
1.84924 0.39621 16.9038 1.85724 0.356835 1 1.16991 
1.85726 0.366024 22.7252 1.85596 0.372577 0.9 1.1781 
1.85841 0.373044 21.2928 1.85971 0.36653 0.925 1.1781 
1.85957 0.380415 19.8605 1.8636 0.360164 0.95 1.1781 
1.86074 0.388137 18.4282 1.86764 0.353478 0.975 1.1781 
1.86193 0.396211 16.9958 1.87182 0.346473 1 1.1781 

ZONE I=5, J=5
1.85726 0.366024 21.5301 1.85596 0.372577 0.9 1.1781 
1.85841 0.373044 20.6329 1.85971 0.36653 0.925 1.1781 
1.85957 0.380415 19.7356 1.8636 0.360164 0.95 1.1781 
1.86074 0.388137 18.8384 1.86764 0.353478 0.975 1.1781 
1.86193 0.396211 17.9411 1.87182 0.346473 1 1.1781 
1.86924 0.365372 21.6299 1.8698 0.362479 0.9 1.18628 
1.8704 0.372431 20.7327 1.87353 0.356371 0.925 1.18628 
1.87159 0.379814 19.8354 1.8774 0.349973 0.95 1.18628 
1.87281 0.387521 18.9382 1.88142 0.343286 0.975 1.18628 
1.87406 0.395553 18.0409 1.88559 0.336309 1 1.18628 
1.88102 0.364344 21.7297 1.88328 0.352459 0.9 1.19446 
1.88226 0.37141 20.8325 1.88703 0.346341 0.925 1.19446 
1.88353 0.378779 19.9352 1.89093 0.339958 0.95 1.19446 
1.88486 0.386451 19.038 1.89498 0.333309 0.975 1.19446 
1.88623 0.394427 18.1407 1.89918 0.326394 1 1.19446 
1.8926 0.362944 21.8295 1.8964 0.342515 0.9 1.20264 
1.89397 0.369985 20.9323 1.90022 0.336439 0.925 1.20264 
1.8954 0.377313 20.035 1.90419 0.330116 0.95 1.20264 
1.89689 0.384929 19.1378 1.90832 0.323546 0.975 1.20264 
1.89843 0.392833 18.2405 1.9126 0.316728 1 1.20264 
1.90397 0.36118 21.9293 1.90917 0.332649 0.9 1.21082 
1.90554 0.36816 21.0321 1.91309 0.326666 0.925 1.21082 
1.90717 0.375419 20.1348 1.91718 0.32045 0.95 1.21082 
1.90888 0.382955 19.2376 1.92143 0.313998 0.975 1.21082 
1.91067 0.39077 18.3403 1.92585 0.307312 1 1.21082 

ZONE I=5, J=5
1.90397 0.36118 21.3974 1.90917 0.332649 0.9 1.21082 
1.90554 0.36816 20.7488 1.91309 0.326666 0.925 1.21082 
1.90717 0.375419 20.1002 1.91718 0.32045 0.95 1.21082 
1.90888 0.382955 19.4516 1.92143 0.313998 0.975 1.21082 
1.91067 0.39077 18.803 1.92585 0.307312 1 1.21082 
1.91537 0.358933 21.5008 1.92175 0.32306 0.9 1.219 
1.91709 0.36589 20.8522 1.92576 0.317122 0.925 1.219 
1.91889 0.373101 20.2036 1.92993 0.310972 0.95 1.219 
1.92077 0.380566 19.555 1.93427 0.30461 0.975 1.219 
1.92271 0.388284 18.9064 1.93875 0.298037 1 1.219 
1.92662 0.356304 21.6042 1.93403 0.313592 0.9 1.22718 
1.92852 0.363215 20.9556 1.93815 0.307726 0.925 1.22718 
1.93051 0.370364 20.307 1.94243 0.301663 0.95 1.22718 
1.93257 0.377749 19.6584 1.94686 0.295404 0.975 1.22718 
1.93471 0.385372 19.0098 1.95144 0.288948 1 1.22718 
1.93772 0.353299 21.7077 1.94602 0.304244 0.9 1.23536 
1.93982 0.36014 21.059 1.95026 0.298477 0.925 1.23536 
1.94201 0.36721 20.4104 1.95466 0.292522 0.95 1.23536 
1.94429 0.374509 19.7618 1.95921 0.286379 0.975 1.23536 
1.94664 0.382036 19.1132 1.96391 0.280047 1 1.23536 
1.94865 0.349921 21.8111 1.95772 0.295017 0.9 1.24355 
1.95098 0.356667 21.1625 1.96209 0.289377 0.925 1.24355 
1.9534 0.363642 20.5138 1.96662 0.283549 0.95 1.24355 
1.95591 0.370846 19.8652 1.97131 0.277535 0.975 1.24355 
1.95851 0.378278 19.2166 1.97617 0.271334 1 1.24355 

ZONE I=5, J=5
1.94865 0.349921 21.6603 1.95772 0.295017 0.9 1.24355 
1.95098 0.356667 21.0814 1.96209 0.289377 0.925 1.24355 
1.9534 0.363642 20.5026 1.96662 0.283549 0.95 1.24355 
1.95591 0.370846 19.9238 1.97131 0.277535 0.975 1.24355 
1.95851 0.378278 19.3449 1.97617 0.271334 1 1.24355 
1.95948 0.346134 21.7596 1.96916 0.285987 0.9 1.25173 
1.96201 0.352803 21.1808 1.97366 0.280448 0.925 1.25173 
1.96464 0.359689 20.602 1.97831 0.274733 0.95 1.25173 
1.96736 0.366791 20.0231 1.98312 0.268842 0.975 1.25173 
1.97017 0.374111 19.4443 1.98809 0.262775 1 1.25173 
1.97016 0.341986 21.859 1.98033 0.277083 0.9 1.25991 
1.97289 0.348564 21.2802 1.98494 0.271656 0.925 1.25991 
1.97572 0.355351 20.7013 1.98971 0.266062 0.95 1.25991 
1.97865 0.362345 20.1225 1.99464 0.2603 0.975 1.25991 
1.98169 0.369548 19.5437 1.99974 0.25437 1 1.25991 
1.98066 0.337483 21.9583 1.99121 0.268305 0.9 1.26809 
1.9836 0.343956 21.3795 1.99594 0.263002 0.925 1.26809 
1.98664 0.350633 20.8007 2.00084 0.257536 0.95 1.26809 
1.98979 0.357512 20.2219 2.0059 0.251908 0.975 1.26809 
1.99304 0.364595 19.643 2.01111 0.246118 1 1.26809 
1.99099 0.332628 22.0577 2.00181 0.259652 0.9 1.27627 
1.99413 0.338983 21.4789 2.00667 0.254484 0.925 1.27627 
1.99739 0.345538 20.9001 2.01168 0.249155 0.95 1.27627 
2.00076 0.352295 20.3212 2.01687 0.243667 0.975 1.27627 
2.00424 0.359254 19.7424 2.02222 0.238019 1 1.27627 

ZONE I=5, J=5
1.99099 0.332628 22.0497 2.00181 0.259652 0.9 1.27627 
1.99413 0.338983 21.4746 2.00667 0.254484 0.925 1.27627 
1.99739 0.345538 20.8995 2.01168 0.249155 0.95 1.27627 
2.00076 0.352295 20.3244 2.01687 0.243667 0.975 1.27627 
2.00424 0.359254 19.7493 2.02222 0.238019 1 1.27627 
2.00114 0.327417 22.1435 2.01214 0.251138 0.9 1.28445 
2.00449 0.333655 21.5684 2.01711 0.246098 0.925 1.28445 
2.00795 0.340088 20.9933 2.02225 0.240905 0.95 1.28445 
2.01153 0.346716 20.4182 2.02755 0.235558 0.975 1.28445 
2.01522 0.353537 19.8431 2.03302 0.230058 1 1.28445 
2.01111 0.321871 22.2372 2.02219 0.242738 0.9 1.29263 
2.01465 0.327986 21.6621 2.02727 0.23783 0.925 1.29263 
2.01831 0.33429 21.087 2.03252 0.232774 0.95 1.29263 
2.02209 0.340782 20.5119 2.03794 0.22757 0.975 1.29263 
2.026 0.347463 19.9368 2.04353 0.222218 1 1.29263 
2.02088 0.315996 22.331 2.03196 0.23445 0.9 1.30081 
2.02461 0.32198 21.7559 2.03715 0.229678 0.925 1.30081 
2.02847 0.328147 21.1808 2.04251 0.224762 0.95 1.30081 
2.03245 0.334499 20.6057 2.04805 0.219703 0.975 1.30081 
2.03657 0.341036 20.0306 2.05375 0.2145 1 1.30081 
2.03046 0.309796 22.4248 2.04146 0.226275 0.9 1.309 
2.03437 0.315641 21.8497 2.04675 0.221643 0.925 1.309 
2.03842 0.321666 21.2746 2.05222 0.21687 0.95 1.309 
2.0426 0.327873 20.6995 2.05786 0.211957 0.975 1.309 
2.04691 0.334261 20.1244 2.06368 0.206903 1 1.309 

ZONE I=5, J=5
2.03046 0.309796 22.4666 2.04146 0.226275 0.9 1.309 
2.03437 0.315641 21.8722 2.04675 0.221643 0.925 1.309 
2.03842 0.321666 21.2779 2.05222 0.21687 0.95 1.309 
2.0426 0.327873 20.6835 2.05786 0.211957 0.975 1.309 
2.04691 0.334261 20.0891 2.06368 0.206903 1 1.309 
2.03981 0.303291 22.5532 2.05065 0.218211 0.9 1.31718 
2.0439 0.308992 21.9588 2.05605 0.21372 0.925 1.31718 
2.04814 0.31487 21.3645 2.06162 0.209092 0.95 1.31718 
2.05251 0.320923 20.7701 2.06737 0.20433 0.975 1.31718 
2.05702 0.327152 20.1757 2.0733 0.199432 1 1.31718 
2.04893 0.296486 22.6398 2.05957 0.210248 0.9 1.32536 
2.0532 0.302041 22.0454 2.06506 0.205897 0.925 1.32536 
2.05762 0.307767 21.451 2.07073 0.201416 0.95 1.32536 
2.06218 0.313663 20.8567 2.07659 0.196804 0.975 1.32536 
2.06688 0.31973 20.2623 2.08262 0.192061 1 1.32536 
2.05783 0.289388 22.7264 2.0682 0.202385 0.9 1.33354 
2.06227 0.294792 22.132 2.07378 0.198175 0.925 1.33354 
2.06686 0.300362 21.5376 2.07955 0.19384 0.95 1.33354 
2.07159 0.306098 20.9433 2.0855 0.189378 0.975 1.33354 
2.07648 0.312 20.3489 2.09164 0.184789 1 1.33354 
2.0665 0.282001 22.8129 2.07655 0.194622 0.9 1.34172 
2.0711 0.28725 22.2186 2.08222 0.190554 0.925 1.34172 
2.07585 0.292661 21.6242 2.08808 0.186364 0.95 1.34172 
2.08075 0.298233 21.0298 2.09412 0.182051 0.975 1.34172 
2.08582 0.303968 20.4355 2.10035 0.177616 1 1.34172 

ZONE I=5, J=5
2.0665 0.282001 22.8687 2.07655 0.194622 0.9 1.34172 
2.0711 0.28725 22.2486 2.08222 0.190554 0.925 1.34172 
2.07585 0.292661 21.6285 2.08808 0.186364 0.95 1.34172 
2.08075 0.298233 21.0083 2.09412 0.182051 0.975 1.34172 
2.08582 0.303968 20.3882 2.10035 0.177616 1 1.34172 
2.07491 0.274349 22.9466 2.0846 0.186941 0.9 1.3499 
2.07967 0.279436 22.3265 2.09036 0.18302 0.925 1.3499 
2.08458 0.284681 21.7064 2.0963 0.17898 0.95 1.3499 
2.08966 0.290081 21.0863 2.10244 0.174823 0.975 1.3499 
2.09489 0.295639 20.4661 2.10876 0.170547 1 1.3499 
2.08307 0.266432 23.0245 2.09237 0.179342 0.9 1.35808 
2.08798 0.271356 22.4044 2.09821 0.175566 0.925 1.35808 
2.09305 0.276431 21.7843 2.10424 0.171676 0.95 1.35808 
2.09829 0.281658 21.1642 2.11046 0.167672 0.975 1.35808 
2.10369 0.287037 20.5441 2.11687 0.163555 1 1.35808 
2.09098 0.258256 23.1025 2.09985 0.171825 0.9 1.36626 
2.09604 0.263013 22.4823 2.10577 0.168193 0.925 1.36626 
2.10126 0.267918 21.8622 2.11187 0.164452 0.95 1.36626 
2.10665 0.272969 21.2421 2.11818 0.160601 0.975 1.36626 
2.1122 0.278167 20.622 2.12467 0.15664 1 1.36626 
2.09864 0.249826 23.1804 2.10705 0.164391 0.9 1.37445 
2.10383 0.254416 22.5603 2.11304 0.160902 0.925 1.37445 
2.10919 0.259147 21.9401 2.11922 0.157308 0.95 1.37445 
2.11472 0.26402 21.32 2.1256 0.153608 0.975 1.37445 
2.12043 0.269035 20.6999 2.13217 0.149802 1 1.37445 

ZONE I=5, J=5
2.09864 0.249826 23.2362 2.10705 0.164391 0.9 1.37445 
2.10383 0.254416 22.5903 2.11304 0.160902 0.925 1.37445 
2.10919 0.259147 21.9445 2.11922 0.157308 0.95 1.37445 
2.11472 0.26402 21.2986 2.1256 0.153608 0.975 1.37445 
2.12043 0.269035 20.6527 2.13217 0.149802 1 1.37445 
2.106 0.241177 23.3042 2.11394 0.157025 0.9 1.38263 
2.11133 0.245592 22.6583 2.12 0.153684 0.925 1.38263 
2.11683 0.250143 22.0124 2.12626 0.150242 0.95 1.38263 
2.12251 0.254831 21.3665 2.13271 0.146699 0.975 1.38263 
2.12836 0.259655 20.7206 2.13936 0.143055 1 1.38263 
2.1131 0.232304 23.3721 2.12055 0.149728 0.9 1.39081 
2.11855 0.236542 22.7263 2.12667 0.146533 0.925 1.39081 
2.12418 0.240912 22.0804 2.133 0.143242 0.95 1.39081 
2.13 0.245413 21.4345 2.13952 0.139855 0.975 1.39081 
2.13599 0.250046 20.7886 2.14625 0.13637 1 1.39081 
2.11992 0.223213 23.4401 2.12687 0.142499 0.9 1.39899 
2.12549 0.227274 22.7942 2.13305 0.13945 0.925 1.39899 
2.13124 0.231462 22.1483 2.13944 0.136308 0.95 1.39899 
2.13718 0.235775 21.5024 2.14603 0.133074 0.975 1.39899 
2.14331 0.240214 20.8565 2.15282 0.129747 1 1.39899 
2.12645 0.21391 23.508 2.13289 0.13534 0.9 1.40717 
2.13213 0.217794 22.8622 2.13913 0.132434 0.925 1.40717 
2.13801 0.221798 22.2163 2.14558 0.12944 0.95 1.40717 
2.14407 0.225922 21.5704 2.15223 0.126358 0.975 1.40717 
2.15031 0.230167 20.9245 2.15909 0.123187 1 1.40717 

ZONE I=5, J=5
2.12645 0.21391 23.5581 2.13289 0.13534 0.9 1.40717 
2.13213 0.217794 22.8891 2.13913 0.132434 0.925 1.40717 
2.13801 0.221798 22.2201 2.14558 0.12944 0.95 1.40717 
2.14407 0.225922 21.5511 2.15223 0.126358 0.975 1.40717 
2.15031 0.230167 20.8821 2.15909 0.123187 1 1.40717 
2.13269 0.204423 23.615 2.13862 0.128229 0.9 1.41535 
2.13848 0.208122 22.946 2.14492 0.125472 0.925 1.41535 
2.14447 0.211936 22.277 2.15142 0.122631 0.95 1.41535 
2.15064 0.215865 21.6081 2.15813 0.119706 0.975 1.41535 
2.15701 0.219909 20.9391 2.16505 0.116697 1 1.41535 
2.13863 0.194747 23.672 2.14406 0.121172 0.9 1.42353 
2.14453 0.198261 23.003 2.15041 0.118561 0.925 1.42353 
2.15062 0.201885 22.334 2.15696 0.115871 0.95 1.42353 
2.15691 0.205617 21.665 2.16373 0.113101 0.975 1.42353 
2.16339 0.20946 20.996 2.17071 0.110252 1 1.42353 
2.14428 0.184891 23.7289 2.1492 0.114166 0.9 1.43171 
2.15027 0.188219 23.0599 2.1556 0.111701 0.925 1.43171 
2.15646 0.191651 22.3909 2.16221 0.10916 0.95 1.43171 
2.16286 0.195187 21.7219 2.16903 0.106544 0.975 1.43171 
2.16945 0.198827 21.053 2.17606 0.103854 1 1.43171 
2.14963 0.174859 23.7859 2.15406 0.107213 0.9 1.4399 
2.15571 0.178001 23.1169 2.1605 0.104891 0.925 1.4399 
2.162 0.181242 22.4479 2.16716 0.102499 0.95 1.4399 
2.16848 0.184581 21.7789 2.17403 0.100035 0.975 1.4399 
2.17517 0.188017 21.1099 2.1811 0.097501 1 1.4399 

ZONE I=5, J=5
2.14963 0.174859 23.8276 2.15406 0.107213 0.9 1.4399 
2.15571 0.178001 23.1393 2.1605 0.104891 0.925 1.4399 
2.162 0.181242 22.4511 2.16716 0.102499 0.95 1.4399 
2.16848 0.184581 21.7629 2.17403 0.100035 0.975 1.4399 
2.17517 0.188017 21.0746 2.1811 0.097501 1 1.4399 
2.15466 0.164687 23.8727 2.15862 0.100301 0.9 1.44808 
2.16083 0.167638 23.1844 2.1651 0.0981269 0.925 1.44808 
2.16721 0.170682 22.4962 2.1718 0.0958865 0.95 1.44808 
2.17379 0.173817 21.808 2.17872 0.0935798 0.975 1.44808 
2.18057 0.177045 21.1198 2.18584 0.0912066 1 1.44808 
2.15939 0.154369 23.9178 2.16288 0.0934299 0.9 1.45626 
2.16564 0.157129 23.2295 2.16941 0.0914024 0.925 1.45626 
2.1721 0.159976 22.5413 2.17615 0.0893128 0.95 1.45626 
2.17876 0.162908 21.8531 2.1831 0.0871612 0.975 1.45626 
2.18563 0.165927 21.1649 2.19027 0.0849476 1 1.45626 
2.1638 0.143913 23.9629 2.16685 0.0866002 0.9 1.46444 
2.17013 0.146482 23.2747 2.17341 0.0847176 0.925 1.46444 
2.17666 0.14913 22.5864 2.18019 0.0827774 0.95 1.46444 
2.1834 0.15186 21.8982 2.18719 0.0807796 0.975 1.46444 
2.19035 0.154669 21.21 2.1944 0.0787241 1 1.46444 
2.1679 0.133325 24.008 2.17053 0.0798116 0.9 1.47262 
2.17429 0.135702 23.3198 2.17712 0.0780726 0.925 1.47262 
2.1809 0.138153 22.6315 2.18394 0.0762803 0.95 1.47262 
2.18771 0.140679 21.9433 2.19096 0.0744348 0.975 1.47262 
2.19474 0.143279 21.2551 2.19821 0.072536 1 1.47262 

ZONE I=5, J=5
2.1679 0.133325 24.04 2.17053 0.0798116 0.9 1.47262 
2.17429 0.135702 23.337 2.17712 0.0780726 0.925 1.47262 
2.1809 0.138153 22.634 2.18394 0.0762803 0.95 1.47262 
2.18771 0.140679 21.931 2.19096 0.0744348 0.975 1.47262 
2.19474 0.143279 21.228 2.19821 0.072536 1 1.47262 
2.17168 0.122629 24.0727 2.17391 0.0730495 0.9 1.4808 
2.17813 0.12481 23.3696 2.18054 0.0714573 0.925 1.4808 
2.1848 0.127059 22.6666 2.18738 0.0698163 0.95 1.4808 
2.19168 0.129377 21.9636 2.19444 0.0681265 0.975 1.4808 
2.19878 0.131763 21.2606 2.20172 0.0663878 1 1.4808 
2.17514 0.111823 24.1053 2.177 0.0663141 0.9 1.48898 
2.18165 0.113808 23.4023 2.18365 0.0648677 0.925 1.48898 
2.18838 0.115856 22.6993 2.19053 0.0633769 0.95 1.48898 
2.19532 0.117966 21.9963 2.19762 0.0618416 0.975 1.48898 
2.20248 0.120138 21.2932 2.20493 0.060262 1 1.48898 
2.17827 0.100915 24.1379 2.1798 0.0596053 0.9 1.49716 
2.18484 0.102705 23.4349 2.18647 0.0583037 0.925 1.49716 
2.19162 0.10455 22.7319 2.19337 0.056962 0.95 1.49716 
2.19862 0.106452 22.0289 2.20049 0.0555804 0.975 1.49716 
2.20583 0.10841 21.3259 2.20783 0.0541588 1 1.49716 
2.18109 0.0899117 24.1706 2.1823 0.0529232 0.9 1.50535 
2.1877 0.0915053 23.4676 2.189 0.0517652 0.925 1.50535 
2.19453 0.0931489 22.7646 2.19592 0.0505717 0.95 1.50535 
2.20157 0.0948424 22.0615 2.20306 0.0493427 0.975 1.50535 
2.20884 0.096586 21.3585 2.21043 0.048078 1 1.50535 

ZONE I=5, J=5
2.18109 0.0899117 24.1923 2.1823 0.0529232 0.9 1.50535 
2.1877 0.0915053 23.4793 2.189 0.0517652 0.925 1.50535 
2.19453 0.0931489 22.7662 2.19592 0.0505717 0.95 1.50535 
2.20157 0.0948424 22.0532 2.20306 0.0493427 0.975 1.50535 
2.20884 0.096586 21.3402 2.21043 0.048078 1 1.50535 
2.18357 0.0788435 24.212 2.1845 0.0462625 0.9 1.51353 
2.19022 0.0802385 23.499 2.19122 0.0452504 0.925 1.51353 
2.19709 0.0816774 22.786 2.19817 0.0442072 0.95 1.51353 
2.20418 0.08316 22.073 2.20533 0.0431328 0.975 1.51353 
2.2115 0.0846865 21.36 2.21272 0.0420274 1 1.51353 
2.18573 0.067709 24.2318 2.18642 0.0396188 0.9 1.52171 
2.19241 0.0689054 23.5188 2.19315 0.0387519 0.925 1.52171 
2.19932 0.0701394 22.8058 2.20011 0.0378582 0.95 1.52171 
2.20645 0.0714111 22.0927 2.2073 0.0369379 0.975 1.52171 
2.2138 0.0727203 21.3797 2.2147 0.035991 1 1.52171 
2.18755 0.0565151 24.2516 2.18803 0.032992 0.9 1.52989 
2.19427 0.057513 23.5385 2.19479 0.0322695 0.925 1.52989 
2.20121 0.0585423 22.8255 2.20176 0.0315249 0.95 1.52989 
2.20837 0.0596029 22.1125 2.20896 0.0307579 0.975 1.52989 
2.21575 0.0606949 21.3995 2.21638 0.0299688 1 1.52989 
2.18905 0.0452689 24.2713 2.18936 0.0263821 0.9 1.53807 
2.19579 0.0460685 23.5583 2.19612 0.0258035 0.925 1.53807 
2.20275 0.0468932 22.8453 2.20311 0.0252071 0.95 1.53807 
2.20994 0.047743 22.1323 2.21032 0.0245928 0.975 1.53807 
2.21735 0.0486179 21.4192 2.21775 0.0239608 1 1.53807 

ZONE I=5, J=5
2.18905 0.0452689 24.2823 2.18936 0.0263821 0.9 1.53807 
2.19579 0.0460685 23.5642 2.19612 0.0258035 0.925 1.53807 
2.20275 0.0468932 22.8461 2.20311 0.0252071 0.95 1.53807 
2.20994 0.047743 22.1281 2.21032 0.0245928 0.975 1.53807 
2.21735 0.0486179 21.41 2.21775 0.0239608 1 1.53807 
2.19021 0.0339881 24.2889 2.19039 0.0197812 0.9 1.54625 
2.19697 0.0345879 23.5708 2.19716 0.0193475 0.925 1.54625 
2.20396 0.0352065 22.8527 2.20416 0.0189005 0.95 1.54625 
2.21116 0.0358439 22.1347 2.21138 0.0184401 0.975 1.54625 
2.21859 0.0365003 21.4166 2.21882 0.0179663 1 1.54625 
2.19105 0.022677 24.2955 2.19112 0.0131839 0.9 1.55443 
2.19782 0.0230768 23.5774 2.1979 0.0128949 0.925 1.55443 
2.20481 0.0234892 22.8593 2.2049 0.0125971 0.95 1.55443 
2.21204 0.0239141 22.1413 2.21213 0.0122903 0.975 1.55443 
2.21948 0.0243517 21.4232 2.21958 0.0119747 1 1.55443 
2.19155 0.0113425 24.3021 2.19157 0.00659014 0.9 1.56261 
2.19833 0.0115424 23.584 2.19835 0.00644576 0.925 1.56261 
2.20533 0.0117485 22.8659 2.20535 0.00629694 0.95 1.56261 
2.21256 0.011961 22.1479 2.21258 0.00614366 0.975 1.56261 
2.22001 0.0121797 21.4298 2.22004 0.00598593 1 1.56261 
2.19171 -8.05061e-06 24.3087 2.19171 0 0.9 1.5708 
2.1985 -8.07553e-06 23.5906 2.1985 0 0.925 1.5708 
2.2055 -8.10127e-06 22.8725 2.2055 0 0.95 1.5708 
2.21274 -8.12783e-06 22.1545 2.21274 0 0.975 1.5708 
2.22019 -8.15522e-06 21.4364 2.22019 0 1 1.5708 

