ZONE I=2, J=2
0 0.358716 17.2389 0.358716 0 0.9 0 
0 0.393164 10.7025 0.393164 0 1 0 
0.0529962 0.358721 17.2445 0.360263 0.0412308 0.9 0.0327249 
0.0529905 0.393164 10.708 0.394687 0.0400981 1 0.0327249 

ZONE I=2, J=2
0.0529962 0.358721 17.2466 0.360263 0.0412308 0.9 0.0327249 
0.0529905 0.393164 10.7067 0.394687 0.0400981 1 0.0327249 
0.10599 0.358737 17.26 0.364901 0.082301 0.9 0.0654498 
0.105979 0.393164 10.72 0.399254 0.0800379 1 0.0654498 

ZONE I=2, J=2
0.10599 0.358737 17.2641 0.364901 0.082301 0.9 0.0654498 
0.105979 0.393164 10.7173 0.399254 0.0800379 1 0.0654498 
0.15898 0.358763 17.2869 0.372618 0.12305 0.9 0.0981748 
0.158963 0.393164 10.7401 0.406852 0.119661 1 0.0981748 

ZONE I=2, J=2
0.15898 0.358763 17.2928 0.372618 0.12305 0.9 0.0981748 
0.158963 0.393164 10.7357 0.406852 0.119661 1 0.0981748 
0.211964 0.358799 17.3249 0.383397 0.163318 0.9 0.1309 
0.211941 0.393164 10.7678 0.417464 0.15881 1 0.1309 

ZONE I=2, J=2
0.211964 0.358799 17.3326 0.383397 0.163318 0.9 0.1309 
0.211941 0.393164 10.7617 0.417464 0.15881 1 0.1309 
0.264939 0.358846 17.3741 0.39721 0.202946 0.9 0.163625 
0.26491 0.393164 10.8033 0.431065 0.197327 1 0.163625 

ZONE I=2, J=2
0.264939 0.358846 17.3836 0.39721 0.202946 0.9 0.163625 
0.26491 0.393164 10.7955 0.431065 0.197327 1 0.163625 
0.317903 0.358903 17.4346 0.414027 0.241776 0.9 0.19635 
0.317868 0.393164 10.8465 0.447623 0.235058 1 0.19635 

ZONE I=2, J=2
0.317903 0.358903 17.4459 0.414027 0.241776 0.9 0.19635 
0.317868 0.393164 10.8371 0.447623 0.235058 1 0.19635 
0.370851 0.35897 17.5064 0.433804 0.27965 0.9 0.229074 
0.370811 0.393164 10.8976 0.467096 0.271846 1 0.229074 

ZONE I=2, J=2
0.370851 0.35897 17.5196 0.433804 0.27965 0.9 0.229074 
0.370811 0.393164 10.8865 0.467096 0.271846 1 0.229074 
0.423785 0.359047 17.5896 0.456497 0.316417 0.9 0.261799 
0.42374 0.393164 10.9565 0.489439 0.307543 1 0.261799 

ZONE I=2, J=2
0.423785 0.359047 17.6047 0.456497 0.316417 0.9 0.261799 
0.42374 0.393164 10.9438 0.489439 0.307543 1 0.261799 
0.476701 0.359134 17.6843 0.482049 0.351924 0.9 0.294524 
0.47665 0.393164 11.0234 0.514599 0.341996 1 0.294524 

ZONE I=2, J=2
0.476701 0.359134 17.7014 0.482049 0.351924 0.9 0.294524 
0.47665 0.393164 11.0091 0.514599 0.341996 1 0.294524 
0.529596 0.359231 17.7907 0.5104 0.386019 0.9 0.327249 
0.529539 0.393164 11.0984 0.542514 0.375058 1 0.327249 

ZONE I=2, J=2
0.529596 0.359231 17.8097 0.5104 0.386019 0.9 0.327249 
0.529539 0.393164 11.0823 0.542514 0.375058 1 0.327249 
0.582466 0.359338 17.9088 0.54148 0.418557 0.9 0.359974 
0.582404 0.393164 11.1815 0.573116 0.406584 1 0.359974 

ZONE I=2, J=2
0.582466 0.359338 17.9298 0.54148 0.418557 0.9 0.359974 
0.582404 0.393164 11.1637 0.573116 0.406584 1 0.359974 
0.63531 0.359454 18.0389 0.575215 0.449393 0.9 0.392699 
0.635243 0.393164 11.2728 0.606333 0.43643 1 0.392699 

ZONE I=2, J=2
0.63531 0.359454 18.0619 0.575215 0.449393 0.9 0.392699 
0.635243 0.393164 11.2533 0.606333 0.43643 1 0.392699 
0.688124 0.359579 18.181 0.611521 0.478386 0.9 0.425424 
0.688051 0.393164 11.3724 0.642082 0.464459 1 0.425424 

ZONE I=2, J=2
0.688124 0.359579 18.2061 0.611521 0.478386 0.9 0.425424 
0.688051 0.393164 11.3512 0.642082 0.464459 1 0.425424 
0.740904 0.359714 18.3354 0.650311 0.505399 0.9 0.458149 
0.740826 0.393164 11.4805 0.680277 0.490535 1 0.458149 

ZONE I=2, J=2
0.740904 0.359714 18.3626 0.650311 0.505399 0.9 0.458149 
0.740826 0.393164 11.4575 0.680277 0.490535 1 0.458149 
0.793648 0.359858 18.5023 0.691489 0.530299 0.9 0.490874 
0.793565 0.393164 11.5972 0.720824 0.514525 1 0.490874 

ZONE I=2, J=2
0.793648 0.359858 18.5315 0.691489 0.530299 0.9 0.490874 
0.793565 0.393164 11.5724 0.720824 0.514525 1 0.490874 
0.846351 0.36001 18.6818 0.734953 0.552956 0.9 0.523599 
0.846263 0.393164 11.7227 0.763622 0.536303 1 0.523599 

ZONE I=2, J=2
0.846351 0.36001 18.7132 0.734953 0.552956 0.9 0.523599 
0.846263 0.393164 11.696 0.763622 0.536303 1 0.523599 
0.89901 0.360171 18.8742 0.780596 0.573246 0.9 0.556324 
0.898917 0.393164 11.857 0.808565 0.555744 1 0.556324 

ZONE I=2, J=2
0.89901 0.360171 18.9078 0.780596 0.573246 0.9 0.556324 
0.898917 0.393164 11.8284 0.808565 0.555744 1 0.556324 
0.95162 0.36034 19.0797 0.828304 0.591049 0.9 0.589049 
0.951522 0.393164 12.0003 0.855542 0.572731 1 0.589049 

ZONE I=2, J=2
0.95162 0.36034 19.1156 0.828304 0.591049 0.9 0.589049 
0.951522 0.393164 11.9698 0.855542 0.572731 1 0.589049 
1.00418 0.360517 19.2986 0.877957 0.606249 0.9 0.621774 
1.00407 0.393164 12.1529 0.904434 0.587149 1 0.621774 

ZONE I=2, J=2
1.00418 0.360517 19.3368 0.877957 0.606249 0.9 0.621774 
1.00407 0.393164 12.1205 0.904434 0.587149 1 0.621774 
1.05668 0.360702 19.5311 0.929428 0.618736 0.9 0.654498 
1.05657 0.393164 12.3148 0.955116 0.598889 1 0.654498 

ZONE I=2, J=2
1.05668 0.360702 19.5716 0.929428 0.618736 0.9 0.654498 
1.05657 0.393164 12.2804 0.955116 0.598889 1 0.654498 
1.10911 0.360895 19.7776 0.982589 0.628407 0.9 0.687223 
1.109 0.393164 12.4864 1.00746 0.607849 1 0.687223 

ZONE I=2, J=2
1.10911 0.360895 19.8205 0.982589 0.628407 0.9 0.687223 
1.109 0.393164 12.4499 1.00746 0.607849 1 0.687223 
1.16148 0.361095 20.0384 1.0373 0.635163 0.9 0.719948 
1.16137 0.393164 12.6678 1.06134 0.613931 1 0.719948 

ZONE I=2, J=2
1.16148 0.361095 20.0838 1.0373 0.635163 0.9 0.719948 
1.16137 0.393164 12.6292 1.06134 0.613931 1 0.719948 
1.21378 0.361302 20.3137 1.09343 0.638911 0.9 0.752673 
1.21366 0.393164 12.8592 1.1166 0.617042 1 0.752673 

ZONE I=2, J=2
1.21378 0.361302 20.3616 1.09343 0.638911 0.9 0.752673 
1.21366 0.393164 12.8185 1.1166 0.617042 1 0.752673 
1.266 0.361516 20.604 1.15083 0.639565 0.9 0.785398 
1.26587 0.393164 13.0609 1.17312 0.617098 1 0.785398 

ZONE I=2, J=2
1.266 0.361516 20.6545 1.15083 0.639565 0.9 0.785398 
1.26587 0.393164 13.0181 1.17312 0.617098 1 0.785398 
1.31813 0.361736 20.9096 1.20934 0.637045 0.9 0.818123 
1.318 0.393164 13.2732 1.23073 0.614019 1 0.818123 

ZONE I=2, J=2
1.31813 0.361736 20.9627 1.20934 0.637045 0.9 0.818123 
1.318 0.393164 13.2281 1.23073 0.614019 1 0.818123 
1.37017 0.361962 21.2309 1.26881 0.631278 0.9 0.850848 
1.37004 0.393164 13.4962 1.28928 0.607732 1 0.850848 

ZONE I=2, J=2
1.37017 0.361962 21.2867 1.26881 0.631278 0.9 0.850848 
1.37004 0.393164 13.4489 1.28928 0.607732 1 0.850848 
1.42211 0.362194 21.5682 1.32908 0.622198 0.9 0.883573 
1.42198 0.393164 13.7304 1.34862 0.598171 1 0.883573 

ZONE I=2, J=2
1.42211 0.362194 21.6267 1.32908 0.622198 0.9 0.883573 
1.42198 0.393164 13.6809 1.34862 0.598171 1 0.883573 
1.47395 0.362432 21.9221 1.39 0.609745 0.9 0.916298 
1.47381 0.393164 13.9762 1.40859 0.585279 1 0.916298 

ZONE I=2, J=2
1.47395 0.362432 21.9831 1.39 0.609745 0.9 0.916298 
1.47381 0.393164 13.9245 1.40859 0.585279 1 0.916298 
1.52567 0.362675 22.2926 1.45138 0.593867 0.9 0.949023 
1.52553 0.393164 14.234 1.46903 0.569003 1 0.949023 

ZONE I=2, J=2
1.52567 0.362675 22.3556 1.45138 0.593867 0.9 0.949023 
1.52553 0.393164 14.1807 1.46903 0.569003 1 0.949023 
1.57726 0.362924 22.6797 1.51308 0.574521 0.9 0.981748 
1.57713 0.393164 14.5047 1.52976 0.549301 1 0.981748 

ZONE I=2, J=2
1.57726 0.362924 22.7427 1.51308 0.574521 0.9 0.981748 
1.57713 0.393164 14.4514 1.52976 0.549301 1 0.981748 
1.62872 0.363176 23.082 1.57489 0.551669 0.9 1.01447 
1.6286 0.393164 14.7907 1.59063 0.52614 1 1.01447 

ZONE I=2, J=2
1.62872 0.363176 23.1394 1.57489 0.551669 0.9 1.01447 
1.6286 0.393164 14.7422 1.59063 0.52614 1 1.01447 
1.68003 0.363434 23.4946 1.63667 0.525269 0.9 1.0472 
1.67997 0.393164 15.0975 1.65148 0.499489 1 1.0472 

ZONE I=2, J=2
1.68003 0.363434 23.5295 1.63667 0.525269 0.9 1.0472 
1.67997 0.393164 15.0683 1.65148 0.499489 1 1.0472 
1.73114 0.363698 23.902 1.69817 0.495303 0.9 1.07992 
1.73123 0.393164 15.4408 1.71214 0.46936 1 1.07992 

ZONE I=2, J=2
1.73114 0.363698 23.8651 1.69817 0.495303 0.9 1.07992 
1.73123 0.393164 15.4728 1.71214 0.46936 1 1.07992 
1.78196 0.363967 24.2584 1.75917 0.461703 0.9 1.11265 
1.78251 0.393164 15.8661 1.77258 0.435761 1 1.11265 

ZONE I=2, J=2
1.78196 0.363967 24.0134 1.75917 0.461703 0.9 1.11265 
1.78251 0.393164 16.0764 1.77258 0.435761 1 1.11265 
1.83222 0.364218 24.4337 1.81921 0.424419 0.9 1.14537 
1.83398 0.393164 16.4967 1.83277 0.398781 1 1.14537 

ZONE I=2, J=2
1.83222 0.364218 23.6782 1.81921 0.424419 0.9 1.14537 
1.83398 0.393164 17.1656 1.83277 0.398781 1 1.14537 
1.88136 0.364015 24.082 1.87746 0.383655 0.9 1.1781 
1.88556 0.393164 17.5693 1.89249 0.35833 1 1.1781 

ZONE I=2, J=2
1.88136 0.364015 22.8297 1.87746 0.383655 0.9 1.1781 
1.88556 0.393164 18.5874 1.89249 0.35833 1 1.1781 
1.92899 0.360295 23.1797 1.93227 0.342289 0.9 1.21082 
1.93507 0.389324 18.9375 1.94819 0.317264 1 1.21082 

ZONE I=2, J=2
1.92899 0.360295 22.5092 1.93227 0.342289 0.9 1.21082 
1.93507 0.389324 19.5467 1.94819 0.317264 1 1.21082 
1.97455 0.350043 22.9434 1.98228 0.303226 0.9 1.24355 
1.98362 0.377918 19.9808 1.99983 0.279746 1 1.24355 

ZONE I=2, J=2
1.97455 0.350043 22.7394 1.98228 0.303226 0.9 1.24355 
1.98362 0.377918 20.1518 1.99983 0.279746 1 1.24355 
2.01779 0.333502 23.1542 2.02771 0.266596 0.9 1.27627 
2.03021 0.359748 20.5666 2.04722 0.245085 1 1.27627 

ZONE I=2, J=2
2.01779 0.333502 23.1292 2.02771 0.266596 0.9 1.27627 
2.03021 0.359748 20.5875 2.04722 0.245085 1 1.27627 
2.05817 0.311192 23.521 2.06858 0.232098 0.9 1.309 
2.0738 0.335364 20.9794 2.08994 0.212796 1 1.309 

ZONE I=2, J=2
2.05817 0.311192 23.5588 2.06858 0.232098 0.9 1.309 
2.0738 0.335364 20.9475 2.08994 0.212796 1 1.309 
2.09508 0.283708 23.9211 2.10478 0.199451 0.9 1.34172 
2.11361 0.305449 21.3099 2.12775 0.182484 1 1.34172 

ZONE I=2, J=2
2.09508 0.283708 23.9774 2.10478 0.199451 0.9 1.34172 
2.11361 0.305449 21.2622 2.12775 0.182484 1 1.34172 
2.12805 0.251652 24.3039 2.13625 0.168338 0.9 1.37445 
2.14907 0.27069 21.5888 2.16059 0.153767 1 1.37445 

ZONE I=2, J=2
2.12805 0.251652 24.3617 2.13625 0.168338 0.9 1.37445 
2.14907 0.27069 21.54 2.16059 0.153767 1 1.37445 
2.1566 0.215689 24.6468 2.16293 0.138496 0.9 1.40717 
2.17972 0.231818 21.8251 2.18837 0.12635 1 1.40717 

ZONE I=2, J=2
2.1566 0.215689 24.6991 2.16293 0.138496 0.9 1.40717 
2.17972 0.231818 21.7809 2.18837 0.12635 1 1.40717 
2.18041 0.176451 24.9382 2.18479 0.109652 0.9 1.4399 
2.20524 0.189515 22.0201 2.21111 0.0999402 1 1.4399 

ZONE I=2, J=2
2.18041 0.176451 24.9819 2.18479 0.109652 0.9 1.4399 
2.20524 0.189515 21.9832 2.21111 0.0999402 1 1.4399 
2.19919 0.134618 25.1715 2.2018 0.0815926 0.9 1.47262 
2.22533 0.144506 22.1727 2.22878 0.0743138 1 1.47262 

ZONE I=2, J=2
2.19919 0.134618 25.2051 2.2018 0.0815926 0.9 1.47262 
2.22533 0.144506 22.1443 2.22878 0.0743138 1 1.47262 
2.21275 0.0908201 25.3424 2.21396 0.0540876 0.9 1.50535 
2.23982 0.0974529 22.2816 2.2414 0.0492389 1 1.50535 

ZONE I=2, J=2
2.21275 0.0908201 25.3652 2.21396 0.0540876 0.9 1.50535 
2.23982 0.0974529 22.2624 2.2414 0.0492389 1 1.50535 
2.22094 0.0457372 25.4483 2.22125 0.0269576 0.9 1.53807 
2.24856 0.0490661 22.3455 2.24896 0.0245341 1 1.53807 

ZONE I=2, J=2
2.22094 0.0457372 25.4598 2.22125 0.0269576 0.9 1.53807 
2.24856 0.0490661 22.3358 2.24896 0.0245341 1 1.53807 
2.22368 -8.16804e-06 25.4876 2.22368 0 0.9 1.5708 
2.25148 -8.27016e-06 22.3636 2.25148 0 1 1.5708 

