ZONE I=2, J=2
0 0.357559 17.747 0.357559 0 0.9 0 
0 0.391504 11.0413 0.391504 0 1 0 
0.053388 0.357565 17.7527 0.35912 0.0416602 0.9 0.0327249 
0.0533824 0.391504 11.047 0.393041 0.0405442 1 0.0327249 

ZONE I=2, J=2
0.053388 0.357565 17.7549 0.35912 0.0416602 0.9 0.0327249 
0.0533824 0.391504 11.0456 0.393041 0.0405442 1 0.0327249 
0.106774 0.35758 17.7684 0.363798 0.0831585 0.9 0.0654498 
0.106763 0.391504 11.0592 0.397648 0.0809285 1 0.0654498 

ZONE I=2, J=2
0.106774 0.35758 17.7727 0.363798 0.0831585 0.9 0.0654498 
0.106763 0.391504 11.0564 0.397648 0.0809285 1 0.0654498 
0.160155 0.357606 17.7958 0.371582 0.124333 0.9 0.0981748 
0.160138 0.391504 11.0796 0.405315 0.120993 1 0.0981748 

ZONE I=2, J=2
0.160155 0.357606 17.8018 0.371582 0.124333 0.9 0.0981748 
0.160138 0.391504 11.075 0.405315 0.120993 1 0.0981748 
0.21353 0.357641 17.8345 0.382453 0.165022 0.9 0.1309 
0.213508 0.391504 11.1078 0.416023 0.16058 1 0.1309 

ZONE I=2, J=2
0.21353 0.357641 17.8423 0.382453 0.165022 0.9 0.1309 
0.213508 0.391504 11.1015 0.416023 0.16058 1 0.1309 
0.266896 0.357687 17.8846 0.396385 0.205065 0.9 0.163625 
0.266867 0.391504 11.1438 0.429746 0.199529 1 0.163625 

ZONE I=2, J=2
0.266896 0.357687 17.8943 0.396385 0.205065 0.9 0.163625 
0.266867 0.391504 11.1359 0.429746 0.199529 1 0.163625 
0.320249 0.357742 17.9462 0.413346 0.244304 0.9 0.19635 
0.320216 0.391504 11.1878 0.446452 0.237684 1 0.19635 

ZONE I=2, J=2
0.320249 0.357742 17.9577 0.413346 0.244304 0.9 0.19635 
0.320216 0.391504 11.1782 0.446452 0.237684 1 0.19635 
0.373587 0.357808 18.0192 0.433294 0.282578 0.9 0.229074 
0.373548 0.391504 11.2396 0.4661 0.274889 1 0.229074 

ZONE I=2, J=2
0.373587 0.357808 18.0327 0.433294 0.282578 0.9 0.229074 
0.373548 0.391504 11.2284 0.4661 0.274889 1 0.229074 
0.42691 0.357883 18.1039 0.456181 0.319736 0.9 0.261799 
0.426865 0.391504 11.2996 0.488644 0.310992 1 0.261799 

ZONE I=2, J=2
0.42691 0.357883 18.1194 0.456181 0.319736 0.9 0.261799 
0.426865 0.391504 11.2866 0.488644 0.310992 1 0.261799 
0.480213 0.357968 18.2003 0.481953 0.355623 0.9 0.294524 
0.480163 0.391504 11.3676 0.51403 0.34584 1 0.294524 

ZONE I=2, J=2
0.480213 0.357968 18.2177 0.481953 0.355623 0.9 0.294524 
0.480163 0.391504 11.3529 0.51403 0.34584 1 0.294524 
0.533494 0.358063 18.3086 0.510547 0.390086 0.9 0.327249 
0.533439 0.391504 11.4438 0.542195 0.379285 1 0.327249 

ZONE I=2, J=2
0.533494 0.358063 18.328 0.510547 0.390086 0.9 0.327249 
0.533439 0.391504 11.4274 0.542195 0.379285 1 0.327249 
0.58675 0.358167 18.4288 0.541894 0.422979 0.9 0.359974 
0.586689 0.391504 11.5282 0.573072 0.411179 1 0.359974 

ZONE I=2, J=2
0.58675 0.358167 18.4502 0.541894 0.422979 0.9 0.359974 
0.586689 0.391504 11.5101 0.573072 0.411179 1 0.359974 
0.639978 0.358281 18.5611 0.575917 0.454154 0.9 0.392699 
0.639912 0.391504 11.621 0.606586 0.441379 1 0.392699 

ZONE I=2, J=2
0.639978 0.358281 18.5846 0.575917 0.454154 0.9 0.392699 
0.639912 0.391504 11.6011 0.606586 0.441379 1 0.392699 
0.693174 0.358403 18.7058 0.612534 0.483472 0.9 0.425424 
0.693103 0.391504 11.7222 0.642655 0.469746 1 0.425424 

ZONE I=2, J=2
0.693174 0.358403 18.7313 0.612534 0.483472 0.9 0.425424 
0.693103 0.391504 11.7006 0.642655 0.469746 1 0.425424 
0.746335 0.358535 18.8628 0.651656 0.510792 0.9 0.458149 
0.746259 0.391504 11.8321 0.681191 0.496142 1 0.458149 

ZONE I=2, J=2
0.746335 0.358535 18.8905 0.651656 0.510792 0.9 0.458149 
0.746259 0.391504 11.8086 0.681191 0.496142 1 0.458149 
0.799458 0.358675 19.0326 0.693185 0.535981 0.9 0.490874 
0.799377 0.391504 11.9507 0.722099 0.520434 1 0.490874 

ZONE I=2, J=2
0.799458 0.358675 19.0624 0.693185 0.535981 0.9 0.490874 
0.799377 0.391504 11.9253 0.722099 0.520434 1 0.490874 
0.852539 0.358824 19.2152 0.73702 0.558908 0.9 0.523599 
0.852452 0.391504 12.0781 0.765279 0.542493 1 0.523599 

ZONE I=2, J=2
0.852539 0.358824 19.2473 0.73702 0.558908 0.9 0.523599 
0.852452 0.391504 12.0509 0.765279 0.542493 1 0.523599 
0.905573 0.358981 19.4109 0.783052 0.579448 0.9 0.556324 
0.905482 0.391504 12.2145 0.810622 0.562196 1 0.556324 

ZONE I=2, J=2
0.905573 0.358981 19.4452 0.783052 0.579448 0.9 0.556324 
0.905482 0.391504 12.1854 0.810622 0.562196 1 0.556324 
0.958557 0.359147 19.6199 0.831165 0.597479 0.9 0.589049 
0.958461 0.391504 12.3601 0.858016 0.579423 1 0.589049 

ZONE I=2, J=2
0.958557 0.359147 19.6565 0.831165 0.597479 0.9 0.589049 
0.958461 0.391504 12.3291 0.858016 0.579423 1 0.589049 
1.01149 0.35932 19.8425 0.88124 0.612886 0.9 0.621774 
1.01138 0.391504 12.5151 0.907342 0.594058 1 0.621774 

ZONE I=2, J=2
1.01149 0.35932 19.8814 0.88124 0.612886 0.9 0.621774 
1.01138 0.391504 12.4821 0.907342 0.594058 1 0.621774 
1.06435 0.359501 20.079 0.933147 0.625558 0.9 0.654498 
1.06425 0.391504 12.6796 0.958473 0.605992 1 0.654498 

ZONE I=2, J=2
1.06435 0.359501 20.1203 0.933147 0.625558 0.9 0.654498 
1.06425 0.391504 12.6446 0.958473 0.605992 1 0.654498 
1.11716 0.359689 20.3296 0.986759 0.63539 0.9 0.687223 
1.11705 0.391504 12.8539 1.01128 0.615122 1 0.687223 

ZONE I=2, J=2
1.11716 0.359689 20.3734 0.986759 0.63539 0.9 0.687223 
1.11705 0.391504 12.8167 1.01128 0.615122 1 0.687223 
1.16989 0.359884 20.5947 1.04194 0.642282 0.9 0.719948 
1.16978 0.391504 13.038 1.06563 0.621348 1 0.719948 

ZONE I=2, J=2
1.16989 0.359884 20.641 1.04194 0.642282 0.9 0.719948 
1.16978 0.391504 12.9988 1.06563 0.621348 1 0.719948 
1.22255 0.360086 20.8746 1.09854 0.646141 0.9 0.752673 
1.22243 0.391504 13.2324 1.12139 0.624578 1 0.752673 

ZONE I=2, J=2
1.22255 0.360086 20.9234 1.09854 0.646141 0.9 0.752673 
1.22243 0.391504 13.191 1.12139 0.624578 1 0.752673 
1.27512 0.360295 21.1696 1.15641 0.646881 0.9 0.785398 
1.275 0.391504 13.4372 1.1784 0.624726 1 0.785398 

ZONE I=2, J=2
1.27512 0.360295 21.2211 1.15641 0.646881 0.9 0.785398 
1.275 0.391504 13.3936 1.1784 0.624726 1 0.785398 
1.32761 0.36051 21.4802 1.21542 0.64442 0.9 0.818123 
1.32748 0.391504 13.6527 1.23651 0.621713 1 0.818123 

ZONE I=2, J=2
1.32761 0.36051 21.5344 1.21542 0.64442 0.9 0.818123 
1.32748 0.391504 13.6068 1.23651 0.621713 1 0.818123 
1.38 0.360732 21.8067 1.27539 0.638686 0.9 0.850848 
1.37987 0.391504 13.8792 1.29558 0.615464 1 0.850848 

ZONE I=2, J=2
1.38 0.360732 21.8636 1.27539 0.638686 0.9 0.850848 
1.37987 0.391504 13.831 1.29558 0.615464 1 0.850848 
1.43229 0.360959 22.1495 1.33617 0.629611 0.9 0.883573 
1.43216 0.391504 14.1169 1.35544 0.605915 1 0.883573 

ZONE I=2, J=2
1.43229 0.360959 22.2091 1.33617 0.629611 0.9 0.883573 
1.43216 0.391504 14.0664 1.35544 0.605915 1 0.883573 
1.48447 0.361191 22.5089 1.39759 0.617137 0.9 0.916298 
1.48434 0.391504 14.3663 1.41593 0.593005 1 0.916298 

ZONE I=2, J=2
1.48447 0.361191 22.5712 1.39759 0.617137 0.9 0.916298 
1.48434 0.391504 14.3136 1.41593 0.593005 1 0.916298 
1.53653 0.361429 22.8854 1.45949 0.60121 0.9 0.949023 
1.5364 0.391504 14.6278 1.4769 0.576683 1 0.949023 

ZONE I=2, J=2
1.53653 0.361429 22.9497 1.45949 0.60121 0.9 0.949023 
1.5364 0.391504 14.5734 1.4769 0.576683 1 0.949023 
1.58847 0.361671 23.2787 1.5217 0.581787 0.9 0.981748 
1.58833 0.391504 14.9024 1.53816 0.556907 1 0.981748 

ZONE I=2, J=2
1.58847 0.361671 23.3434 1.5217 0.581787 0.9 0.981748 
1.58833 0.391504 14.8477 1.53816 0.556907 1 0.981748 
1.64026 0.361918 23.6877 1.58403 0.558831 0.9 1.01447 
1.64014 0.391504 15.192 1.59955 0.533642 1 1.01447 

ZONE I=2, J=2
1.64026 0.361918 23.7478 1.58403 0.558831 0.9 1.01447 
1.64014 0.391504 15.1413 1.59955 0.533642 1 1.01447 
1.69191 0.36217 24.1082 1.64632 0.5323 0.9 1.0472 
1.69183 0.391504 15.5017 1.66092 0.506859 1 1.0472 

ZONE I=2, J=2
1.69191 0.36217 24.1486 1.64632 0.5323 0.9 1.0472 
1.69183 0.391504 15.4679 1.66092 0.506859 1 1.0472 
1.74334 0.362427 24.5263 1.70834 0.502178 0.9 1.07992 
1.74341 0.391504 15.8456 1.7221 0.476565 1 1.07992 

ZONE I=2, J=2
1.74334 0.362427 24.5031 1.70834 0.502178 0.9 1.07992 
1.74341 0.391504 15.8661 1.7221 0.476565 1 1.07992 
1.79451 0.36269 24.9014 1.76986 0.468401 0.9 1.11265 
1.79498 0.391504 16.2643 1.78303 0.442764 1 1.11265 

ZONE I=2, J=2
1.79451 0.36269 24.6909 1.76986 0.468401 0.9 1.11265 
1.79498 0.391504 16.445 1.78303 0.442764 1 1.11265 
1.84515 0.362946 25.1162 1.83047 0.430918 0.9 1.14537 
1.84671 0.391504 16.8703 1.84368 0.405547 1 1.14537 

ZONE I=2, J=2
1.84515 0.362946 24.4243 1.83047 0.430918 0.9 1.14537 
1.84671 0.391504 17.4787 1.84368 0.405547 1 1.14537 
1.89475 0.362906 24.8519 1.8894 0.389803 0.9 1.1781 
1.8987 0.391504 17.9063 1.90399 0.364893 1 1.1781 

ZONE I=2, J=2
1.89475 0.362906 23.5714 1.8894 0.389803 0.9 1.1781 
1.8987 0.391504 18.965 1.90399 0.364893 1 1.1781 
1.94287 0.359811 23.8862 1.94508 0.34763 0.9 1.21082 
1.94863 0.388533 19.2799 1.9606 0.322779 1 1.21082 

ZONE I=2, J=2
1.94287 0.359811 23.1427 1.94508 0.34763 0.9 1.21082 
1.94863 0.388533 19.9706 1.9606 0.322779 1 1.21082 
1.9889 0.350119 23.5886 1.9959 0.307768 0.9 1.24355 
1.99756 0.377726 20.4165 2.01297 0.284408 1 1.24355 

ZONE I=2, J=2
1.9889 0.350119 23.3552 1.9959 0.307768 0.9 1.24355 
1.99756 0.377726 20.6107 2.01297 0.284408 1 1.24355 
2.03263 0.333995 23.7796 2.04206 0.270433 0.9 1.27627 
2.04461 0.360027 21.0351 2.06108 0.248999 1 1.27627 

ZONE I=2, J=2
2.03263 0.333995 23.7454 2.04206 0.270433 0.9 1.27627 
2.04461 0.360027 21.0637 2.06108 0.248999 1 1.27627 
2.07351 0.311975 24.1465 2.0836 0.235312 0.9 1.309 
2.0887 0.335979 21.4648 2.10449 0.216059 1 1.309 

ZONE I=2, J=2
2.07351 0.311975 24.1821 2.0836 0.235312 0.9 1.309 
2.0887 0.335979 21.4348 2.10449 0.216059 1 1.309 
2.11091 0.284662 24.5533 2.1204 0.202115 0.9 1.34172 
2.129 0.306273 21.806 2.14293 0.185177 1 1.34172 

ZONE I=2, J=2
2.11091 0.284662 24.6099 2.1204 0.202115 0.9 1.34172 
2.129 0.306273 21.7582 2.14293 0.185177 1 1.34172 
2.14432 0.252672 24.9447 2.15241 0.170513 0.9 1.37445 
2.16493 0.27161 22.093 2.17632 0.15596 1 1.37445 

ZONE I=2, J=2
2.14432 0.252672 25.0036 2.15241 0.170513 0.9 1.37445 
2.16493 0.27161 22.0433 2.17632 0.15596 1 1.37445 
2.17328 0.216681 25.2961 2.17955 0.140234 0.9 1.40717 
2.19601 0.232735 22.3358 2.20459 0.128097 1 1.40717 

ZONE I=2, J=2
2.17328 0.216681 25.3496 2.17955 0.140234 0.9 1.40717 
2.19601 0.232735 22.2906 2.20459 0.128097 1 1.40717 
2.19744 0.177338 25.5951 2.20179 0.110995 0.9 1.4399 
2.22188 0.190347 22.5361 2.22772 0.101288 1 1.4399 

ZONE I=2, J=2
2.19744 0.177338 25.64 2.20179 0.110995 0.9 1.4399 
2.22188 0.190347 22.4983 2.22772 0.101288 1 1.4399 
2.21651 0.135338 25.8347 2.2191 0.0825725 0.9 1.47262 
2.24226 0.145187 22.693 2.2457 0.0752954 1 1.47262 

ZONE I=2, J=2
2.21651 0.135338 25.8692 2.2191 0.0825725 0.9 1.47262 
2.24226 0.145187 22.6638 2.2457 0.0752954 1 1.47262 
2.23027 0.0913264 26.0102 2.23147 0.054728 0.9 1.50535 
2.25696 0.0979346 22.8048 2.25854 0.0498797 1 1.50535 

ZONE I=2, J=2
2.23027 0.0913264 26.0337 2.23147 0.054728 0.9 1.50535 
2.25696 0.0979346 22.7851 2.25854 0.0498797 1 1.50535 
2.23858 0.0459982 26.119 2.23889 0.027274 0.9 1.53807 
2.26584 0.0493151 22.8705 2.26624 0.0248506 1 1.53807 

ZONE I=2, J=2
2.23858 0.0459982 26.1309 2.23889 0.027274 0.9 1.53807 
2.26584 0.0493151 22.8606 2.26624 0.0248506 1 1.53807 
2.24137 -8.233e-06 26.1594 2.24137 0 0.9 1.5708 
2.2688 -8.33378e-06 22.8891 2.2688 0 1 1.5708 

