ZONE I=5, J=5
0 0.360058 16.67 0.360058 0 0.9 0 
0 0.368126 15.0832 0.368126 0 0.925 0 
0 0.376656 13.4964 0.376656 0 0.95 0 
0 0.385646 11.9096 0.385646 0 0.975 0 
0 0.395098 10.3228 0.395098 0 1 0 
0.0131386 0.360059 16.6714 0.360154 0.0101924 0.9 0.00818126 
0.0131381 0.368127 15.0846 0.368222 0.0101259 0.925 0.00818126 
0.0131377 0.376656 13.4978 0.376751 0.0100558 0.95 0.00818126 
0.0131375 0.385646 11.911 0.385741 0.00998204 0.975 0.00818126 
0.0131374 0.395098 10.3242 0.395192 0.0099046 1 0.00818126 
0.0262744 0.36006 16.6728 0.360441 0.0203796 0.9 0.0163625 
0.0262734 0.368128 15.086 0.368508 0.0202467 0.925 0.0163625 
0.0262727 0.376657 13.4992 0.377036 0.0201064 0.95 0.0163625 
0.0262721 0.385647 11.9124 0.386025 0.0199588 0.975 0.0163625 
0.0262719 0.395098 10.3256 0.395475 0.0198039 1 0.0163625 
0.0394098 0.360061 16.6741 0.36092 0.0305616 0.9 0.0245437 
0.0394083 0.368129 15.0873 0.368985 0.0303621 0.925 0.0245437 
0.0394072 0.376657 13.5005 0.377511 0.0301516 0.95 0.0245437 
0.0394063 0.385647 11.9137 0.386498 0.0299302 0.975 0.0245437 
0.0394058 0.395098 10.3269 0.395946 0.0296977 1 0.0245437 
0.0525475 0.360064 16.6755 0.36159 0.0407384 0.9 0.0327249 
0.0525454 0.368131 15.0887 0.369653 0.0404724 0.925 0.0327249 
0.0525437 0.376659 13.5019 0.378176 0.0401917 0.95 0.0327249 
0.0525425 0.385648 11.9151 0.38716 0.0398963 0.975 0.0327249 
0.0525416 0.395098 10.3283 0.396605 0.0395863 1 0.0327249 

ZONE I=5, J=5
0.0525475 0.360064 16.6776 0.36159 0.0407384 0.9 0.0327249 
0.0525454 0.368131 15.0899 0.369653 0.0404724 0.925 0.0327249 
0.0525437 0.376659 13.5023 0.378176 0.0401917 0.95 0.0327249 
0.0525425 0.385648 11.9146 0.38716 0.0398963 0.975 0.0327249 
0.0525416 0.395098 10.327 0.396605 0.0395863 1 0.0327249 
0.0656853 0.360067 16.6809 0.362452 0.0509055 0.9 0.0409062 
0.0656828 0.368133 15.0932 0.370511 0.0505731 0.925 0.0409062 
0.0656809 0.37666 13.5056 0.379031 0.0502225 0.95 0.0409062 
0.0656795 0.385649 11.9179 0.388012 0.0498536 0.975 0.0409062 
0.0656788 0.395098 10.3303 0.397453 0.0494664 1 0.0409062 
0.0788205 0.360071 16.6841 0.363505 0.0610578 0.9 0.0490874 
0.0788176 0.368136 15.0965 0.37156 0.0606591 0.925 0.0490874 
0.0788153 0.376662 13.5088 0.380076 0.0602384 0.95 0.0490874 
0.0788137 0.38565 11.9212 0.389052 0.0597958 0.975 0.0490874 
0.0788128 0.395098 10.3335 0.398489 0.0593313 1 0.0490874 
0.0919557 0.360075 16.6874 0.364748 0.0711952 0.9 0.0572686 
0.0919522 0.368139 15.0997 0.372799 0.0707301 0.925 0.0572686 
0.0919494 0.376665 13.5121 0.38131 0.0702394 0.95 0.0572686 
0.0919474 0.385651 11.9244 0.390281 0.0697231 0.975 0.0572686 
0.0919462 0.395098 10.3368 0.399713 0.0691811 1 0.0572686 
0.105093 0.36008 16.6907 0.366182 0.0813179 0.9 0.0654498 
0.105089 0.368143 15.103 0.374228 0.0807863 0.925 0.0654498 
0.105086 0.376667 13.5154 0.382734 0.0802254 0.95 0.0654498 
0.105083 0.385652 11.9277 0.391699 0.0796353 0.975 0.0654498 
0.105081 0.395098 10.3401 0.401124 0.0790158 1 0.0654498 

ZONE I=5, J=5
0.105093 0.36008 16.6947 0.366182 0.0813179 0.9 0.0654498 
0.105089 0.368143 15.1054 0.374228 0.0807863 0.925 0.0654498 
0.105086 0.376667 13.516 0.382734 0.0802254 0.95 0.0654498 
0.105083 0.385652 11.9267 0.391699 0.0796353 0.975 0.0654498 
0.105081 0.395098 10.3374 0.401124 0.0790158 1 0.0654498 
0.11823 0.360086 16.7003 0.367808 0.0914199 0.9 0.0736311 
0.118225 0.368148 15.111 0.375847 0.0908224 0.925 0.073631 
0.118222 0.37667 13.5216 0.384347 0.0901919 0.95 0.0736311 
0.118219 0.385654 11.9323 0.393305 0.0895286 0.975 0.0736311 
0.118218 0.395098 10.343 0.402724 0.0888324 1 0.0736311 
0.131364 0.360092 16.7059 0.369623 0.101497 0.9 0.0818123 
0.131359 0.368153 15.1165 0.377656 0.100834 0.925 0.0818123 
0.131355 0.376674 13.5272 0.386148 0.100134 0.95 0.0818123 
0.131353 0.385655 11.9379 0.3951 0.0993971 0.975 0.0818123 
0.131351 0.395098 10.3486 0.40451 0.098624 1 0.0818123 
0.144498 0.360099 16.7114 0.371628 0.111551 0.9 0.0899936 
0.144493 0.368158 15.1221 0.379654 0.110821 0.925 0.0899936 
0.144488 0.376677 13.5328 0.388138 0.110051 0.95 0.0899936 
0.144485 0.385657 11.9435 0.397082 0.109241 0.975 0.0899935 
0.144483 0.395098 10.3542 0.406484 0.10839 1 0.0899936 
0.157635 0.360107 16.717 0.373824 0.121579 0.9 0.0981748 
0.157629 0.368164 15.1277 0.381841 0.120783 0.925 0.0981748 
0.157624 0.376681 13.5384 0.390317 0.119943 0.95 0.0981748 
0.15762 0.385659 11.9491 0.399252 0.11906 0.975 0.0981748 
0.157617 0.395098 10.3597 0.408644 0.118132 1 0.0981748 

ZONE I=5, J=5
0.157635 0.360107 16.7227 0.373824 0.121579 0.9 0.0981748 
0.157629 0.368164 15.1309 0.381841 0.120783 0.925 0.0981748 
0.157624 0.376681 13.5391 0.390317 0.119943 0.95 0.0981748 
0.15762 0.385659 11.9472 0.399252 0.11906 0.975 0.0981748 
0.157617 0.395098 10.3554 0.408644 0.118132 1 0.0981748 
0.170769 0.360115 16.7306 0.376208 0.131576 0.9 0.106356 
0.170763 0.36817 15.1388 0.384217 0.130715 0.925 0.106356 
0.170758 0.376686 13.547 0.392684 0.129806 0.95 0.106356 
0.170754 0.385662 11.9551 0.401609 0.12885 0.975 0.106356 
0.170752 0.395098 10.3633 0.410992 0.127846 1 0.106356 
0.183902 0.360124 16.7385 0.378782 0.14154 0.9 0.114537 
0.183895 0.368177 15.1467 0.386782 0.140612 0.925 0.114537 
0.18389 0.37669 13.5548 0.395238 0.139634 0.95 0.114537 
0.183886 0.385664 11.963 0.404153 0.138605 0.975 0.114537 
0.183884 0.395098 10.3712 0.413524 0.137525 1 0.114537 
0.197035 0.360134 16.7464 0.381545 0.151469 0.9 0.122718 
0.197027 0.368185 15.1546 0.389534 0.150476 0.925 0.122718 
0.197022 0.376695 13.5627 0.39798 0.149428 0.95 0.122718 
0.197017 0.385666 11.9709 0.406883 0.148326 0.975 0.122718 
0.197015 0.395098 10.3791 0.416243 0.147169 1 0.122718 
0.210171 0.360144 16.7543 0.384496 0.161364 0.9 0.1309 
0.210162 0.368192 15.1625 0.392474 0.160306 0.925 0.1309 
0.210156 0.376701 13.5706 0.400909 0.159188 0.95 0.1309 
0.210151 0.385669 11.9788 0.4098 0.158013 0.975 0.1309 
0.210147 0.395098 10.3869 0.419147 0.156779 1 0.1309 

ZONE I=5, J=5
0.210171 0.360144 16.7618 0.384496 0.161364 0.9 0.1309 
0.210162 0.368192 15.1666 0.392474 0.160306 0.925 0.1309 
0.210156 0.376701 13.5714 0.400909 0.159188 0.95 0.1309 
0.210151 0.385669 11.9762 0.4098 0.158013 0.975 0.1309 
0.210147 0.395098 10.381 0.419147 0.156779 1 0.1309 
0.223303 0.360155 16.7719 0.387635 0.171217 0.9 0.139081 
0.223295 0.368201 15.1767 0.395602 0.170094 0.925 0.139081 
0.223288 0.376707 13.5816 0.404024 0.168908 0.95 0.139081 
0.223283 0.385672 11.9864 0.412903 0.16766 0.975 0.139081 
0.223281 0.395098 10.3912 0.422237 0.166351 1 0.139081 
0.236433 0.360167 16.7821 0.390961 0.181027 0.9 0.147262 
0.236425 0.36821 15.1869 0.398915 0.179838 0.925 0.147262 
0.236418 0.376713 13.5917 0.407325 0.178584 0.95 0.147262 
0.236413 0.385675 11.9965 0.41619 0.177264 0.975 0.147262 
0.23641 0.395098 10.4014 0.42551 0.175879 1 0.147262 
0.249564 0.360179 16.7923 0.394473 0.190793 0.9 0.155443 
0.249555 0.368219 15.1971 0.402415 0.189539 0.925 0.155443 
0.249547 0.376719 13.6019 0.410812 0.188216 0.95 0.155443 
0.249542 0.385679 12.0067 0.419662 0.186823 0.975 0.155443 
0.249539 0.395098 10.4115 0.428967 0.185362 1 0.155443 
0.262698 0.360192 16.8025 0.398174 0.200516 0.9 0.163625 
0.262688 0.368229 15.2073 0.406102 0.199196 0.925 0.163625 
0.262679 0.376726 13.6121 0.414484 0.197804 0.95 0.163625 
0.262673 0.385682 12.0169 0.423319 0.196338 0.975 0.163625 
0.262669 0.395098 10.4217 0.432608 0.194801 1 0.163625 

ZONE I=5, J=5
0.262698 0.360192 16.8117 0.398174 0.200516 0.9 0.163625 
0.262688 0.368229 15.2124 0.406102 0.199196 0.925 0.163625 
0.262679 0.376726 13.613 0.414484 0.197804 0.95 0.163625 
0.262673 0.385682 12.0136 0.423319 0.196338 0.975 0.163625 
0.262669 0.395098 10.4142 0.432608 0.194801 1 0.163625 
0.275828 0.360206 16.8242 0.402059 0.210185 0.9 0.171806 
0.275817 0.36824 15.2249 0.409973 0.208802 0.925 0.171806 
0.275809 0.376733 13.6255 0.41834 0.207342 0.95 0.171806 
0.275803 0.385686 12.0261 0.42716 0.205805 0.975 0.171806 
0.2758 0.395098 10.4267 0.436432 0.204193 1 0.171806 
0.288955 0.36022 16.8367 0.406129 0.219802 0.9 0.179987 
0.288945 0.368251 15.2373 0.414028 0.218354 0.925 0.179987 
0.288936 0.376741 13.638 0.42238 0.216826 0.95 0.179987 
0.288931 0.38569 12.0386 0.431183 0.215218 0.975 0.179987 
0.288927 0.395098 10.4392 0.440438 0.213531 1 0.179987 
0.302084 0.360235 16.8492 0.410384 0.229366 0.9 0.188168 
0.302072 0.368262 15.2498 0.418268 0.227853 0.925 0.188168 
0.302063 0.376749 13.6505 0.426602 0.226257 0.95 0.188168 
0.302057 0.385694 12.0511 0.435388 0.224577 0.975 0.188168 
0.302053 0.395098 10.4517 0.444626 0.222814 1 0.188168 
0.315215 0.360251 16.8617 0.414824 0.238877 0.9 0.19635 
0.315203 0.368274 15.2623 0.422691 0.237299 0.925 0.19635 
0.315192 0.376757 13.663 0.431009 0.235634 0.95 0.19635 
0.315185 0.385698 12.0636 0.439777 0.233883 0.975 0.19635 
0.31518 0.395098 10.4642 0.448995 0.232044 1 0.19635 

ZONE I=5, J=5
0.315215 0.360251 16.8728 0.414824 0.238877 0.9 0.19635 
0.315203 0.368274 15.2683 0.422691 0.237299 0.925 0.19635 
0.315192 0.376757 13.6639 0.431009 0.235634 0.95 0.19635 
0.315185 0.385698 12.0594 0.439777 0.233883 0.975 0.19635 
0.31518 0.395098 10.455 0.448995 0.232044 1 0.19635 
0.328342 0.360267 16.8876 0.419446 0.248325 0.9 0.204531 
0.328329 0.368287 15.2832 0.427297 0.246684 0.925 0.204531 
0.32832 0.376766 13.6787 0.435597 0.244952 0.95 0.204531 
0.328313 0.385703 12.0743 0.444346 0.24313 0.975 0.204531 
0.328309 0.395098 10.4698 0.453545 0.241218 1 0.204531 
0.341466 0.360284 16.9024 0.424251 0.25771 0.9 0.212712 
0.341453 0.3683 15.298 0.432084 0.256005 0.925 0.212712 
0.341443 0.376774 13.6935 0.440365 0.254207 0.95 0.212712 
0.341437 0.385707 12.0891 0.449095 0.252314 0.975 0.212712 
0.341433 0.395098 10.4846 0.458273 0.250328 1 0.212712 
0.35459 0.360301 16.9173 0.429238 0.267032 0.9 0.220893 
0.354577 0.368313 15.3128 0.437052 0.265264 0.925 0.220893 
0.354567 0.376784 13.7083 0.445314 0.263398 0.95 0.220893 
0.354559 0.385712 12.1039 0.454024 0.261434 0.975 0.220893 
0.354555 0.395098 10.4994 0.463181 0.259373 1 0.220893 
0.367718 0.360319 16.9321 0.434407 0.276292 0.9 0.229074 
0.367703 0.368327 15.3276 0.442202 0.274459 0.925 0.229074 
0.367691 0.376793 13.7232 0.450444 0.272526 0.95 0.229074 
0.367683 0.385717 12.1187 0.459132 0.270491 0.975 0.229074 
0.367677 0.395098 10.5143 0.468267 0.268355 1 0.229074 

ZONE I=5, J=5
0.367718 0.360319 16.945 0.434407 0.276292 0.9 0.229074 
0.367703 0.368327 15.3346 0.442202 0.274459 0.925 0.229074 
0.367691 0.376793 13.7242 0.450444 0.272526 0.95 0.229074 
0.367683 0.385717 12.1138 0.459132 0.270491 0.975 0.229074 
0.367677 0.395098 10.5035 0.468267 0.268355 1 0.229074 
0.380841 0.360338 16.9621 0.439756 0.28548 0.9 0.237256 
0.380827 0.368342 15.3518 0.447532 0.283585 0.925 0.237256 
0.380816 0.376803 13.7414 0.455753 0.281586 0.95 0.237256 
0.380808 0.385722 12.131 0.46442 0.279482 0.975 0.237256 
0.380803 0.395098 10.5206 0.473532 0.277274 1 0.237256 
0.393963 0.360358 16.9793 0.445284 0.294596 0.9 0.245437 
0.393948 0.368357 15.3689 0.453039 0.292638 0.925 0.245437 
0.393937 0.376813 13.7585 0.46124 0.290573 0.95 0.245437 
0.393929 0.385727 12.1482 0.469884 0.288399 0.975 0.245437 
0.393924 0.395098 10.5378 0.478973 0.286118 1 0.245437 
0.407084 0.360378 16.9964 0.45099 0.30364 0.9 0.253618 
0.407068 0.368372 15.3861 0.458725 0.301619 0.925 0.253618 
0.407056 0.376824 13.7757 0.466903 0.299487 0.95 0.253618 
0.407048 0.385732 12.1653 0.475525 0.297243 0.975 0.253618 
0.407043 0.395098 10.5549 0.484589 0.294889 1 0.253618 
0.420207 0.360399 17.0136 0.456876 0.312611 0.9 0.261799 
0.42019 0.368388 15.4032 0.464589 0.310527 0.925 0.261799 
0.420177 0.376835 13.7929 0.472744 0.308328 0.95 0.261799 
0.420167 0.385738 12.1825 0.481341 0.306014 0.975 0.261799 
0.42016 0.395098 10.5721 0.49038 0.303585 1 0.261799 

ZONE I=5, J=5
0.420207 0.360399 17.0284 0.456876 0.312611 0.9 0.261799 
0.42019 0.368388 15.4112 0.464589 0.310527 0.925 0.261799 
0.420177 0.376835 13.794 0.472744 0.308328 0.95 0.261799 
0.420167 0.385738 12.1769 0.481341 0.306014 0.975 0.261799 
0.42016 0.395098 10.5597 0.49038 0.303585 1 0.261799 
0.433326 0.36042 17.0479 0.462938 0.321501 0.9 0.269981 
0.43331 0.368405 15.4307 0.470629 0.319355 0.925 0.269981 
0.433297 0.376846 13.8135 0.478761 0.317092 0.95 0.269981 
0.433288 0.385744 12.1964 0.487334 0.31471 0.975 0.269981 
0.433283 0.395098 10.5792 0.496348 0.31221 1 0.269981 
0.446443 0.360442 17.0674 0.469176 0.330309 0.9 0.278162 
0.446427 0.368422 15.4502 0.476844 0.328102 0.925 0.278162 
0.446414 0.376858 13.8331 0.484952 0.325774 0.95 0.278162 
0.446405 0.38575 12.2159 0.4935 0.323324 0.975 0.278162 
0.4464 0.395098 10.5987 0.502487 0.320752 1 0.278162 
0.45956 0.360465 17.0869 0.475589 0.339036 0.9 0.286343 
0.459543 0.368439 15.4697 0.483234 0.336767 0.925 0.286343 
0.459529 0.37687 13.8526 0.491317 0.334373 0.95 0.286343 
0.45952 0.385756 12.2354 0.499838 0.331854 0.975 0.286343 
0.459514 0.395098 10.6183 0.508798 0.32921 1 0.286343 
0.472679 0.360488 17.1064 0.482177 0.347681 0.9 0.294524 
0.47266 0.368457 15.4893 0.489798 0.34535 0.925 0.294524 
0.472645 0.376882 13.8721 0.497855 0.34289 0.95 0.294524 
0.472634 0.385762 12.2549 0.50635 0.340302 0.975 0.294524 
0.472626 0.395098 10.6378 0.515281 0.337585 1 0.294524 

ZONE I=5, J=5
0.472679 0.360488 17.1231 0.482177 0.347681 0.9 0.294524 
0.47266 0.368457 15.4982 0.489798 0.34535 0.925 0.294524 
0.472645 0.376882 13.8734 0.497855 0.34289 0.95 0.294524 
0.472634 0.385762 12.2486 0.50635 0.340302 0.975 0.294524 
0.472626 0.395098 10.6237 0.515281 0.337585 1 0.294524 
0.485793 0.360512 17.145 0.488938 0.356236 0.9 0.302706 
0.485775 0.368476 15.5201 0.496534 0.353844 0.925 0.302706 
0.485761 0.376895 13.8953 0.504566 0.351321 0.95 0.302706 
0.485751 0.385769 12.2705 0.513033 0.348666 0.975 0.302706 
0.485745 0.395098 10.6456 0.521937 0.345879 1 0.302706 
0.498905 0.360537 17.1669 0.49587 0.364699 0.9 0.310887 
0.498887 0.368495 15.542 0.503441 0.362248 0.925 0.310887 
0.498873 0.376908 13.9172 0.511446 0.359661 0.95 0.310887 
0.498863 0.385775 12.2924 0.519886 0.356939 0.975 0.310887 
0.498857 0.395098 10.6675 0.52876 0.354081 1 0.310887 
0.512017 0.360562 17.1888 0.502974 0.373072 0.9 0.319068 
0.511998 0.368514 15.5639 0.510519 0.37056 0.925 0.319068 
0.511983 0.376921 13.9391 0.518496 0.367909 0.95 0.319068 
0.511972 0.385782 12.3143 0.526907 0.365119 0.975 0.319068 
0.511966 0.395097 10.6894 0.53575 0.362191 1 0.319068 
0.525131 0.360588 17.2107 0.510249 0.381355 0.9 0.327249 
0.52511 0.368534 15.5858 0.517767 0.378781 0.925 0.327249 
0.525094 0.376934 13.961 0.525716 0.376066 0.95 0.327249 
0.525081 0.385789 12.3362 0.534097 0.373207 0.975 0.327249 
0.525073 0.395098 10.7113 0.542909 0.370207 1 0.327249 

ZONE I=5, J=5
0.525131 0.360588 17.2292 0.510249 0.381355 0.9 0.327249 
0.52511 0.368534 15.5958 0.517767 0.378781 0.925 0.327249 
0.525094 0.376934 13.9624 0.525716 0.376066 0.95 0.327249 
0.525081 0.385789 12.329 0.534097 0.373207 0.975 0.327249 
0.525073 0.395098 10.6957 0.542909 0.370207 1 0.327249 
0.538239 0.360614 17.2535 0.517692 0.389537 0.9 0.335431 
0.538219 0.368555 15.6201 0.525183 0.386904 0.925 0.335431 
0.538204 0.376949 13.9867 0.533104 0.384127 0.95 0.335431 
0.538193 0.385796 12.3533 0.541455 0.381204 0.975 0.335431 
0.538186 0.395098 10.72 0.550236 0.378136 1 0.335431 
0.551345 0.360641 17.2778 0.525302 0.397619 0.9 0.343612 
0.551325 0.368575 15.6444 0.532766 0.394928 0.925 0.343612 
0.55131 0.376963 14.011 0.540658 0.392088 0.95 0.343612 
0.551299 0.385803 12.3777 0.548978 0.389099 0.975 0.343612 
0.551293 0.395098 10.7443 0.557727 0.385962 1 0.343612 
0.564452 0.360669 17.3021 0.53308 0.405603 0.9 0.351793 
0.564431 0.368596 15.6687 0.540515 0.402851 0.925 0.351793 
0.564414 0.376977 14.0354 0.548376 0.399948 0.95 0.351793 
0.564403 0.385811 12.402 0.556665 0.396893 0.975 0.351793 
0.564395 0.395097 10.7686 0.565381 0.393686 1 0.351793 
0.57756 0.360697 17.3264 0.541024 0.413486 0.9 0.359974 
0.577538 0.368618 15.693 0.548429 0.410675 0.925 0.359974 
0.577519 0.376992 14.0597 0.55626 0.407708 0.95 0.359974 
0.577506 0.385818 12.4263 0.564516 0.404587 0.975 0.359974 
0.577496 0.395098 10.7929 0.573197 0.401309 1 0.359974 

ZONE I=5, J=5
0.57756 0.360697 17.3469 0.541024 0.413486 0.9 0.359974 
0.577538 0.368618 15.7041 0.548429 0.410675 0.925 0.359974 
0.577519 0.376992 14.0612 0.55626 0.407708 0.95 0.359974 
0.577506 0.385818 12.4184 0.564516 0.404587 0.975 0.359974 
0.577496 0.395098 10.7755 0.573197 0.401309 1 0.359974 
0.590662 0.360726 17.3737 0.549132 0.42126 0.9 0.368156 
0.59064 0.368641 15.7308 0.556508 0.418391 0.925 0.368156 
0.590623 0.377007 14.088 0.564308 0.415364 0.95 0.368156 
0.590611 0.385827 12.4451 0.572532 0.412179 0.975 0.368156 
0.590604 0.395098 10.8023 0.581179 0.408835 1 0.368156 
0.603762 0.360756 17.4004 0.557401 0.428925 0.9 0.376337 
0.60374 0.368663 15.7576 0.564747 0.425999 0.925 0.376337 
0.603723 0.377023 14.1147 0.572516 0.422911 0.95 0.376337 
0.603711 0.385834 12.4719 0.580706 0.419662 0.975 0.376337 
0.603705 0.395098 10.829 0.589319 0.416251 1 0.376337 
0.616862 0.360786 17.4272 0.565833 0.436483 0.9 0.384518 
0.616839 0.368686 15.7843 0.573149 0.433498 0.925 0.384518 
0.616821 0.377038 14.1415 0.580884 0.430349 0.95 0.384518 
0.616809 0.385842 12.4986 0.58904 0.427035 0.975 0.384518 
0.616801 0.395097 10.8558 0.597617 0.423556 1 0.384518 
0.629964 0.360816 17.4539 0.574428 0.443932 0.9 0.392699 
0.629939 0.36871 15.8111 0.581711 0.440889 0.925 0.392699 
0.62992 0.377055 14.1682 0.589413 0.437677 0.95 0.392699 
0.629905 0.385851 12.5254 0.597534 0.434298 0.975 0.392699 
0.629895 0.395098 10.8825 0.606073 0.43075 1 0.392699 

ZONE I=5, J=5
0.629964 0.360816 17.4763 0.574428 0.443932 0.9 0.392699 
0.629939 0.36871 15.8231 0.581711 0.440889 0.925 0.392699 
0.62992 0.377055 14.1699 0.589413 0.437677 0.95 0.392699 
0.629905 0.385851 12.5167 0.597534 0.434298 0.975 0.392699 
0.629895 0.395098 10.8635 0.606073 0.43075 1 0.392699 
0.643059 0.360848 17.5056 0.58318 0.451262 0.9 0.400881 
0.643035 0.368734 15.8523 0.590432 0.448163 0.925 0.400881 
0.643017 0.377072 14.1991 0.598101 0.444893 0.95 0.400881 
0.643004 0.385859 12.5459 0.606187 0.441451 0.975 0.400881 
0.642996 0.395098 10.8927 0.614689 0.437839 1 0.400881 
0.656152 0.36088 17.5348 0.592089 0.458476 0.9 0.409062 
0.656128 0.368759 15.8816 0.599308 0.45532 0.925 0.409062 
0.65611 0.377088 14.2283 0.606943 0.451991 0.95 0.409062 
0.656097 0.385868 12.5751 0.614993 0.448487 0.975 0.409062 
0.65609 0.395098 10.9219 0.623459 0.444809 1 0.409062 
0.669244 0.360912 17.564 0.601155 0.465573 0.9 0.417243 
0.66922 0.368784 15.9108 0.608341 0.462361 0.925 0.417243 
0.669201 0.377105 14.2576 0.615941 0.458971 0.95 0.417243 
0.669187 0.385876 12.6043 0.623954 0.455404 0.975 0.417243 
0.669179 0.395097 10.9511 0.632381 0.45166 1 0.417243 
0.682339 0.360945 17.5932 0.610378 0.472554 0.9 0.425424 
0.682313 0.368809 15.94 0.61753 0.469284 0.925 0.425424 
0.682292 0.377123 14.2868 0.625094 0.465834 0.95 0.425424 
0.682276 0.385885 12.6336 0.633069 0.462203 0.975 0.425424 
0.682265 0.395098 10.9803 0.641456 0.458391 1 0.425424 

ZONE I=5, J=5
0.682339 0.360945 17.6177 0.610378 0.472554 0.9 0.425424 
0.682313 0.368809 15.9531 0.61753 0.469284 0.925 0.425424 
0.682292 0.377123 14.2886 0.625094 0.465834 0.95 0.425424 
0.682276 0.385885 12.6241 0.633069 0.462203 0.975 0.425424 
0.682265 0.395098 10.9596 0.641456 0.458391 1 0.425424 
0.695425 0.360979 17.6494 0.619752 0.479405 0.9 0.433605 
0.6954 0.368835 15.9849 0.626871 0.476082 0.925 0.433605 
0.69538 0.377141 14.3203 0.634399 0.472574 0.95 0.433605 
0.695366 0.385895 12.6558 0.642337 0.468883 0.975 0.433605 
0.695358 0.395098 10.9913 0.650685 0.465009 1 0.433605 
0.70851 0.361013 17.6811 0.629279 0.486133 0.9 0.441786 
0.708485 0.368862 16.0166 0.636363 0.482754 0.925 0.441786 
0.708465 0.377158 14.3521 0.643855 0.479189 0.95 0.441786 
0.708451 0.385904 12.6875 0.651755 0.475438 0.975 0.441786 
0.708443 0.395098 11.023 0.660062 0.471499 1 0.441786 
0.721595 0.361048 17.7128 0.638957 0.492736 0.9 0.449967 
0.721569 0.368888 16.0483 0.646006 0.489302 0.925 0.449967 
0.721548 0.377177 14.3838 0.65346 0.485679 0.95 0.449967 
0.721533 0.385913 12.7193 0.661321 0.481865 0.975 0.449967 
0.721524 0.395097 11.0547 0.669587 0.477863 1 0.449967 
0.734683 0.361083 17.7445 0.648788 0.499214 0.9 0.458149 
0.734655 0.368916 16.08 0.6558 0.495725 0.925 0.458149 
0.734632 0.377195 14.4155 0.663216 0.492043 0.95 0.458149 
0.734615 0.385923 12.751 0.671036 0.488167 0.975 0.458149 
0.734603 0.395098 11.0865 0.679259 0.484099 1 0.458149 

ZONE I=5, J=5
0.734683 0.361083 17.771 0.648788 0.499214 0.9 0.458149 
0.734655 0.368916 16.0943 0.6558 0.495725 0.925 0.458149 
0.734632 0.377195 14.4175 0.663216 0.492043 0.95 0.458149 
0.734615 0.385923 12.7407 0.671036 0.488167 0.975 0.458149 
0.734603 0.395098 11.064 0.679259 0.484099 1 0.458149 
0.747761 0.36112 17.8053 0.658762 0.505555 0.9 0.46633 
0.747734 0.368944 16.1285 0.665739 0.502013 0.925 0.46633 
0.747713 0.377215 14.4518 0.673117 0.498275 0.95 0.46633 
0.747697 0.385933 12.775 0.680898 0.494342 0.975 0.46633 
0.747688 0.395098 11.0982 0.68908 0.490213 1 0.46633 
0.760836 0.361156 17.8396 0.668883 0.511763 0.9 0.474511 
0.760809 0.368972 16.1628 0.675823 0.508168 0.925 0.474511 
0.760789 0.377234 14.486 0.683162 0.504374 0.95 0.474511 
0.760774 0.385942 12.8093 0.690902 0.500382 0.975 0.474511 
0.760765 0.395098 11.1325 0.699042 0.496192 1 0.474511 
0.773913 0.361193 17.8738 0.67915 0.517839 0.9 0.482692 
0.773885 0.369 16.1971 0.686052 0.51419 0.925 0.482692 
0.773863 0.377253 14.5203 0.693352 0.51034 0.95 0.482692 
0.773847 0.385952 12.8435 0.70105 0.506288 0.975 0.482692 
0.773838 0.395097 11.1668 0.709146 0.502035 1 0.482692 
0.786993 0.361231 17.9081 0.689563 0.523782 0.9 0.490874 
0.786962 0.369029 16.2313 0.696426 0.52008 0.925 0.490874 
0.786938 0.377273 14.5546 0.703685 0.516172 0.95 0.490874 
0.78692 0.385962 12.8778 0.71134 0.51206 0.975 0.490874 
0.786907 0.395098 11.201 0.719391 0.507742 1 0.490874 

ZONE I=5, J=5
0.786993 0.361231 17.9367 0.689563 0.523782 0.9 0.490874 
0.786962 0.369029 16.2467 0.696426 0.52008 0.925 0.490874 
0.786938 0.377273 14.5567 0.703685 0.516172 0.95 0.490874 
0.78692 0.385962 12.8667 0.71134 0.51206 0.975 0.490874 
0.786907 0.395098 11.1767 0.719391 0.507742 1 0.490874 
0.80006 0.361269 17.9735 0.700113 0.529579 0.9 0.499055 
0.800032 0.369059 16.2835 0.706938 0.525826 0.925 0.499055 
0.800009 0.377293 14.5936 0.714158 0.521865 0.95 0.499055 
0.799993 0.385973 12.9036 0.721771 0.517697 0.975 0.499055 
0.799983 0.395098 11.2136 0.729779 0.513321 1 0.499055 
0.813126 0.361308 18.0104 0.710803 0.535236 0.9 0.507236 
0.813098 0.369089 16.3204 0.71759 0.531431 0.925 0.507236 
0.813076 0.377314 14.6304 0.724768 0.527417 0.95 0.507236 
0.81306 0.385983 12.9404 0.732339 0.523192 0.975 0.507236 
0.813051 0.395098 11.2505 0.740301 0.518756 1 0.507236 
0.826193 0.361347 18.0472 0.721633 0.540753 0.9 0.515417 
0.826164 0.369119 16.3572 0.72838 0.536896 0.925 0.515417 
0.82614 0.377334 14.6673 0.735516 0.532827 0.95 0.515417 
0.826124 0.385994 12.9773 0.743043 0.528544 0.975 0.515417 
0.826113 0.395097 11.2873 0.750959 0.524048 1 0.515417 
0.839263 0.361387 18.0841 0.732602 0.546129 0.9 0.523599 
0.839231 0.369149 16.3941 0.739309 0.542221 0.925 0.523599 
0.839206 0.377355 14.7041 0.746402 0.538096 0.95 0.523599 
0.839186 0.386005 13.0141 0.753883 0.533754 0.975 0.523599 
0.839173 0.395098 11.3242 0.761751 0.529196 1 0.523599 

ZONE I=5, J=5
0.839263 0.361387 18.1148 0.732602 0.546129 0.9 0.523599 
0.839231 0.369149 16.4106 0.739309 0.542221 0.925 0.523599 
0.839206 0.377355 14.7064 0.746402 0.538096 0.95 0.523599 
0.839186 0.386005 13.0022 0.753883 0.533754 0.975 0.523599 
0.839173 0.395098 11.2981 0.761751 0.529196 1 0.523599 
0.852321 0.361428 18.1542 0.743702 0.551351 0.9 0.53178 
0.85229 0.369181 16.4501 0.750369 0.547394 0.925 0.53178 
0.852266 0.377377 14.7459 0.757421 0.543218 0.95 0.53178 
0.852249 0.386016 13.0417 0.764858 0.538822 0.975 0.53178 
0.852239 0.395098 11.3376 0.77268 0.534208 1 0.53178 
0.865376 0.361469 18.1937 0.754934 0.556426 0.9 0.539961 
0.865346 0.369212 16.4896 0.761561 0.552419 0.925 0.539961 
0.865323 0.377398 14.7854 0.76857 0.548191 0.95 0.539961 
0.865306 0.386027 13.0812 0.775962 0.543741 0.975 0.539961 
0.865296 0.395098 11.3771 0.783738 0.539069 1 0.539961 
0.878432 0.36151 18.2332 0.7663 0.561353 0.9 0.548142 
0.878401 0.369244 16.529 0.772885 0.557296 0.925 0.548142 
0.878377 0.37742 14.8249 0.77985 0.553015 0.95 0.548142 
0.878359 0.386038 13.1207 0.787196 0.548509 0.975 0.548142 
0.878348 0.395097 11.4165 0.794923 0.543779 1 0.548142 
0.891492 0.361553 18.2727 0.7778 0.566132 0.9 0.556324 
0.891458 0.369277 16.5685 0.784341 0.562025 0.925 0.556324 
0.891431 0.377442 14.8644 0.791261 0.55769 0.95 0.556324 
0.891411 0.386049 13.1602 0.798559 0.553127 0.975 0.556324 
0.891396 0.395098 11.456 0.806236 0.548337 1 0.556324 

ZONE I=5, J=5
0.891492 0.361553 18.3055 0.7778 0.566132 0.9 0.556324 
0.891458 0.369277 16.5862 0.784341 0.562025 0.925 0.556324 
0.891431 0.377442 14.8668 0.791261 0.55769 0.95 0.556324 
0.891411 0.386049 13.1475 0.798559 0.553127 0.975 0.556324 
0.891396 0.395098 11.4281 0.806236 0.548337 1 0.556324 
0.904538 0.361595 18.3477 0.789421 0.570749 0.9 0.564505 
0.904506 0.36931 16.6283 0.795921 0.566595 0.925 0.564505 
0.904481 0.377465 14.909 0.802798 0.562211 0.95 0.564505 
0.904463 0.386061 13.1896 0.81005 0.557597 0.975 0.564505 
0.904451 0.395098 11.4703 0.817679 0.552753 1 0.564505 
0.917582 0.361638 18.3899 0.801168 0.575211 0.9 0.572686 
0.91755 0.369343 16.6705 0.807626 0.57101 0.925 0.572686 
0.917525 0.377487 14.9512 0.814458 0.566576 0.95 0.572686 
0.917508 0.386072 13.2318 0.821664 0.561909 0.975 0.572686 
0.917498 0.395098 11.5124 0.829243 0.55701 1 0.572686 
0.930626 0.361682 18.432 0.813042 0.579519 0.9 0.580867 
0.930594 0.369376 16.7127 0.819456 0.575269 0.925 0.580867 
0.930568 0.37751 14.9933 0.826242 0.570784 0.95 0.580867 
0.930549 0.386084 13.274 0.833399 0.566064 0.975 0.580867 
0.930538 0.395097 11.5546 0.840928 0.561108 1 0.580867 
0.943674 0.361726 18.4742 0.825042 0.583672 0.9 0.589049 
0.943639 0.36941 16.7549 0.831411 0.579373 0.925 0.589049 
0.943611 0.377534 15.0355 0.83815 0.574837 0.95 0.589049 
0.943589 0.386096 13.3161 0.845257 0.570062 0.975 0.589049 
0.943574 0.395098 11.5968 0.852733 0.565048 1 0.589049 

ZONE I=5, J=5
0.943674 0.361726 18.5093 0.825042 0.583672 0.9 0.589049 
0.943639 0.36941 16.7737 0.831411 0.579373 0.925 0.589049 
0.943611 0.377534 15.0381 0.83815 0.574837 0.95 0.589049 
0.943589 0.386096 13.3026 0.845257 0.570062 0.975 0.589049 
0.943574 0.395098 11.567 0.852733 0.565048 1 0.589049 
0.956708 0.361771 18.5542 0.837156 0.587655 0.9 0.59723 
0.956674 0.369445 16.8186 0.843482 0.583312 0.925 0.59723 
0.956648 0.377558 15.083 0.850176 0.578728 0.95 0.59723 
0.956629 0.386109 13.3475 0.857236 0.573903 0.975 0.59723 
0.956617 0.395098 11.6119 0.864663 0.568838 1 0.59723 
0.969739 0.361816 18.5991 0.849389 0.591476 0.9 0.605411 
0.969706 0.36948 16.8635 0.855671 0.587087 0.925 0.605411 
0.96968 0.377581 15.1279 0.862318 0.582456 0.95 0.605411 
0.969662 0.38612 13.3924 0.869329 0.577581 0.975 0.605411 
0.969651 0.395098 11.6568 0.876705 0.572463 1 0.605411 
0.982771 0.361862 18.644 0.861741 0.595136 0.9 0.613592 
0.982737 0.369515 16.9084 0.867978 0.590701 0.925 0.613592 
0.98271 0.377605 15.1728 0.874577 0.586021 0.95 0.613592 
0.98269 0.386132 13.4373 0.881537 0.581094 0.975 0.613592 
0.982678 0.395097 11.7017 0.88886 0.575923 1 0.613592 
0.995806 0.361908 18.6889 0.874211 0.598634 0.9 0.621774 
0.995769 0.36955 16.9533 0.880402 0.594153 0.925 0.621774 
0.99574 0.377629 15.2177 0.886951 0.589423 0.95 0.621774 
0.995717 0.386145 13.4822 0.89386 0.584444 0.975 0.621774 
0.995701 0.395098 11.7466 0.901128 0.579216 1 0.621774 

ZONE I=5, J=5
0.995806 0.361908 18.7262 0.874211 0.598634 0.9 0.621774 
0.995769 0.36955 16.9733 0.880402 0.594153 0.925 0.621774 
0.99574 0.377629 15.2205 0.886951 0.589423 0.95 0.621774 
0.995717 0.386145 13.4677 0.89386 0.584444 0.975 0.621774 
0.995701 0.395098 11.7149 0.901128 0.579216 1 0.621774 
1.00883 0.361955 18.7739 0.886788 0.601955 0.9 0.629955 
1.00879 0.369587 17.021 0.892934 0.597431 0.925 0.629955 
1.00876 0.377654 15.2682 0.899436 0.592656 0.95 0.629955 
1.00874 0.386158 13.5154 0.906296 0.587631 0.975 0.629955 
1.00873 0.395098 11.7626 0.913513 0.582354 1 0.629955 
1.02184 0.362002 18.8215 0.899475 0.605108 0.9 0.638136 
1.02181 0.369623 17.0687 0.905575 0.600541 0.925 0.638136 
1.02178 0.377679 15.3159 0.91203 0.59572 0.95 0.638136 
1.02176 0.386171 13.5631 0.918839 0.590646 0.975 0.638136 
1.02175 0.395098 11.8103 0.926002 0.58532 1 0.638136 
1.03486 0.36205 18.8692 0.912273 0.608093 0.9 0.646317 
1.03483 0.369659 17.1164 0.918326 0.603482 0.925 0.646317 
1.0348 0.377704 15.3636 0.924731 0.598614 0.95 0.646317 
1.03478 0.386183 13.6108 0.931488 0.593491 0.975 0.646317 
1.03476 0.395097 11.858 0.938596 0.588113 1 0.646317 
1.04788 0.362098 18.9169 0.925182 0.61091 0.9 0.654498 
1.04784 0.369697 17.1641 0.931187 0.606253 0.925 0.654498 
1.04781 0.377729 15.4113 0.93754 0.601339 0.95 0.654498 
1.04779 0.386196 13.6585 0.944243 0.596165 0.975 0.654498 
1.04777 0.395098 11.9057 0.951295 0.590734 1 0.654498 

ZONE I=5, J=5
1.04788 0.362098 18.9565 0.925182 0.61091 0.9 0.654498 
1.04784 0.369697 17.1854 0.931187 0.606253 0.925 0.654498 
1.04781 0.377729 15.4143 0.93754 0.601339 0.95 0.654498 
1.04779 0.386196 13.6431 0.944243 0.596165 0.975 0.654498 
1.04777 0.395098 11.872 0.951295 0.590734 1 0.654498 
1.06089 0.362148 19.0071 0.93819 0.613543 0.9 0.66268 
1.06085 0.369735 17.2359 0.944149 0.608846 0.925 0.66268 
1.06082 0.377756 15.4648 0.950454 0.603889 0.95 0.66268 
1.0608 0.38621 13.6937 0.957106 0.598671 0.975 0.66268 
1.06079 0.395098 11.9226 0.964105 0.593193 1 0.66268 
1.07389 0.362196 19.0576 0.9513 0.616002 0.9 0.670861 
1.07386 0.369772 17.2865 0.957212 0.611264 0.925 0.670861 
1.07383 0.377781 15.5154 0.963467 0.606263 0.95 0.670861 
1.07381 0.386223 13.7442 0.970067 0.601 0.975 0.670861 
1.0738 0.395098 11.9731 0.977011 0.595473 1 0.670861 
1.08689 0.362246 19.1082 0.964512 0.618286 0.9 0.679042 
1.08686 0.36981 17.337 0.970375 0.613506 0.925 0.679042 
1.08683 0.377807 15.5659 0.97658 0.608461 0.95 0.679042 
1.08681 0.386236 13.7948 0.983126 0.603151 0.975 0.679042 
1.08679 0.395097 12.0236 0.990013 0.597575 1 0.679042 
1.0999 0.362296 19.1587 0.977827 0.620396 0.9 0.687223 
1.09986 0.369849 17.3876 0.983641 0.615574 0.925 0.687223 
1.09983 0.377834 15.6164 0.989792 0.610483 0.95 0.687223 
1.0998 0.38625 13.8453 0.996282 0.605125 0.975 0.687223 
1.09978 0.395098 12.0742 1.00311 0.599498 1 0.687223 

ZONE I=5, J=5
1.0999 0.362296 19.2007 0.977827 0.620396 0.9 0.687223 
1.09986 0.369849 17.4101 0.983641 0.615574 0.925 0.687223 
1.09983 0.377834 15.6196 0.989792 0.610483 0.95 0.687223 
1.0998 0.38625 13.8291 0.996282 0.605125 0.975 0.687223 
1.09978 0.395098 12.0385 1.00311 0.599498 1 0.687223 
1.11289 0.362347 19.2541 0.991233 0.622316 0.9 0.695405 
1.11285 0.369889 17.4636 0.996998 0.617455 0.925 0.695405 
1.11282 0.377861 15.6731 1.0031 0.612325 0.95 0.695405 
1.1128 0.386264 13.8825 1.00954 0.606924 0.975 0.695405 
1.11279 0.395098 12.092 1.01631 0.601254 1 0.695405 
1.12588 0.362398 19.3076 1.00473 0.624056 0.9 0.703586 
1.12584 0.369928 17.5171 1.01045 0.619156 0.925 0.703586 
1.12581 0.377887 15.7265 1.0165 0.613985 0.95 0.703586 
1.12579 0.386277 13.936 1.02288 0.608541 0.975 0.703586 
1.12578 0.395098 12.1454 1.0296 0.602825 1 0.703586 
1.13886 0.362449 19.3611 1.01832 0.625616 0.9 0.711767 
1.13883 0.369967 17.5705 1.02399 0.620676 0.925 0.711767 
1.13879 0.377914 15.78 1.02999 0.615462 0.95 0.711767 
1.13877 0.386291 13.9894 1.03632 0.609974 0.975 0.711767 
1.13876 0.395097 12.1989 1.04298 0.604211 1 0.711767 
1.15185 0.362502 19.4145 1.03201 0.626995 0.9 0.719948 
1.15181 0.370007 17.624 1.03763 0.622015 0.925 0.719948 
1.15178 0.377942 15.8334 1.04357 0.616758 0.95 0.719948 
1.15175 0.386305 14.0429 1.04984 0.611224 0.975 0.719948 
1.15173 0.395098 12.2524 1.05644 0.605413 1 0.719948 

ZONE I=5, J=5
1.15185 0.362502 19.4589 1.03201 0.626995 0.9 0.719948 
1.15181 0.370007 17.6478 1.03763 0.622015 0.925 0.719948 
1.15178 0.377942 15.8368 1.04357 0.616758 0.95 0.719948 
1.15175 0.386305 14.0257 1.04984 0.611224 0.975 0.719948 
1.15173 0.395098 12.2147 1.05644 0.605413 1 0.719948 
1.16483 0.362554 19.5153 1.04578 0.628179 0.9 0.72813 
1.16479 0.370048 17.7043 1.05135 0.623163 0.925 0.72813 
1.16476 0.37797 15.8932 1.05724 0.617868 0.95 0.72813 
1.16473 0.38632 14.0822 1.06346 0.612294 0.975 0.72813 
1.16472 0.395098 12.2711 1.07 0.606442 1 0.72813 
1.1778 0.362607 19.5718 1.05963 0.629177 0.9 0.736311 
1.17776 0.370088 17.7607 1.06515 0.624124 0.925 0.736311 
1.17773 0.377997 15.9497 1.07099 0.61879 0.95 0.736311 
1.1777 0.386334 14.1386 1.07715 0.613176 0.975 0.736311 
1.17769 0.395098 12.3275 1.08364 0.607281 1 0.736311 
1.19076 0.36266 19.6282 1.07357 0.629989 0.9 0.744492 
1.19072 0.370129 17.8172 1.07904 0.624898 0.925 0.744492 
1.19069 0.378025 16.0061 1.08482 0.619525 0.95 0.744492 
1.19067 0.386348 14.195 1.09093 0.613868 0.975 0.744492 
1.19066 0.395097 12.384 1.09735 0.607929 1 0.744492 
1.20374 0.362714 19.6847 1.0876 0.630615 0.9 0.752673 
1.20369 0.370171 17.8736 1.09301 0.625486 0.925 0.752673 
1.20366 0.378054 16.0625 1.09874 0.620072 0.95 0.752673 
1.20363 0.386363 14.2515 1.10478 0.614373 0.975 0.752673 
1.20361 0.395098 12.4404 1.11115 0.608388 1 0.752673 

ZONE I=5, J=5
1.20374 0.362714 19.7315 1.0876 0.630615 0.9 0.752673 
1.20369 0.370171 17.8988 1.09301 0.625486 0.925 0.752673 
1.20366 0.378054 16.0661 1.09874 0.620072 0.95 0.752673 
1.20363 0.386363 14.2333 1.10478 0.614373 0.975 0.752673 
1.20361 0.395098 12.4006 1.11115 0.608388 1 0.752673 
1.21669 0.362769 19.791 1.10169 0.63104 0.9 0.760855 
1.21665 0.370213 17.9583 1.10705 0.625878 0.925 0.760855 
1.21662 0.378083 16.1256 1.11273 0.620428 0.95 0.760855 
1.21659 0.386378 14.2928 1.11872 0.614691 0.975 0.760855 
1.21658 0.395098 12.4601 1.12503 0.608668 1 0.760855 
1.22964 0.362823 19.8505 1.11586 0.631274 0.9 0.769036 
1.2296 0.370255 18.0178 1.12118 0.626077 0.925 0.769036 
1.22957 0.378111 16.1851 1.1268 0.620591 0.95 0.769036 
1.22955 0.386392 14.3523 1.13273 0.614816 0.975 0.769036 
1.22953 0.395098 12.5196 1.13898 0.608752 1 0.769036 
1.24259 0.362878 19.91 1.13011 0.631318 0.9 0.777217 
1.24255 0.370297 18.0773 1.13537 0.626085 0.925 0.777217 
1.24252 0.37814 16.2446 1.14094 0.620562 0.95 0.777217 
1.24249 0.386406 14.4118 1.14682 0.614747 0.975 0.777217 
1.24248 0.395097 12.5791 1.153 0.608642 1 0.777217 
1.25554 0.362934 19.9695 1.14444 0.63117 0.9 0.785398 
1.2555 0.37034 18.1368 1.14964 0.625902 0.925 0.785398 
1.25546 0.378169 16.3041 1.15515 0.62034 0.95 0.785398 
1.25543 0.386422 14.4713 1.16097 0.614485 0.975 0.785398 
1.25541 0.395098 12.6386 1.16709 0.608336 1 0.785398 

ZONE I=5, J=5
1.25554 0.362934 20.0189 1.14444 0.63117 0.9 0.785398 
1.2555 0.37034 18.1633 1.14964 0.625902 0.925 0.785398 
1.25546 0.378169 16.3078 1.15515 0.62034 0.95 0.785398 
1.25543 0.386422 14.4522 1.16097 0.614485 0.975 0.785398 
1.25541 0.395098 12.5967 1.16709 0.608336 1 0.785398 
1.26848 0.36299 20.0815 1.15882 0.630816 0.9 0.79358 
1.26843 0.370383 18.226 1.16398 0.625516 0.925 0.79358 
1.2684 0.378199 16.3704 1.16943 0.619922 0.95 0.79358 
1.26838 0.386437 14.5149 1.17519 0.614032 0.975 0.79358 
1.26836 0.395098 12.6593 1.18126 0.607847 1 0.79358 
1.28141 0.363046 20.1442 1.17327 0.630267 0.9 0.801761 
1.28137 0.370426 18.2886 1.17838 0.624935 0.925 0.801761 
1.28133 0.378228 16.433 1.18378 0.619306 0.95 0.801761 
1.28131 0.386452 14.5775 1.18948 0.61338 0.975 0.801761 
1.2813 0.395098 12.7219 1.19548 0.607158 1 0.801761 
1.29434 0.363102 20.2068 1.18779 0.629522 0.9 0.809942 
1.29429 0.37047 18.3512 1.19284 0.624157 0.925 0.809942 
1.29426 0.378258 16.4957 1.19819 0.618493 0.95 0.809942 
1.29424 0.386467 14.6401 1.20383 0.612531 0.975 0.809942 
1.29422 0.395097 12.7846 1.20977 0.606269 1 0.809942 
1.30727 0.36316 20.2694 1.20238 0.628581 0.9 0.818123 
1.30722 0.370514 18.4139 1.20737 0.623182 0.925 0.818123 
1.30718 0.378288 16.5583 1.21266 0.617483 0.95 0.818123 
1.30716 0.386483 14.7027 1.21824 0.611482 0.975 0.818123 
1.30714 0.395098 12.8472 1.22412 0.60518 1 0.818123 

ZONE I=5, J=5
1.30727 0.36316 20.3214 1.20238 0.628581 0.9 0.818123 
1.30722 0.370514 18.4418 1.20737 0.623182 0.925 0.818123 
1.30718 0.378288 16.5622 1.21266 0.617483 0.95 0.818123 
1.30716 0.386483 14.6826 1.21824 0.611482 0.975 0.818123 
1.30714 0.395098 12.8031 1.22412 0.60518 1 0.818123 
1.32018 0.363218 20.3873 1.21702 0.627429 0.9 0.826305 
1.32014 0.370559 18.5077 1.22196 0.622002 0.925 0.826305 
1.3201 0.378319 16.6281 1.22719 0.616271 0.95 0.826305 
1.32008 0.386499 14.7485 1.23272 0.610239 0.975 0.826305 
1.32006 0.395098 12.8689 1.23853 0.603904 1 0.826305 
1.33309 0.363275 20.4531 1.23171 0.626078 0.9 0.834486 
1.33305 0.370603 18.5735 1.2366 0.62062 0.925 0.834486 
1.33301 0.378349 16.6939 1.24178 0.614858 0.95 0.834486 
1.33299 0.386514 14.8143 1.24725 0.608793 0.975 0.834486 
1.33298 0.395098 12.9347 1.253 0.602423 1 0.834486 
1.346 0.363333 20.5189 1.24647 0.624527 0.9 0.842667 
1.34595 0.370647 18.6394 1.2513 0.619038 0.925 0.842667 
1.34592 0.378379 16.7598 1.25642 0.613244 0.95 0.842667 
1.34589 0.386529 14.8802 1.26183 0.607144 0.975 0.842667 
1.34588 0.395097 13.0006 1.26752 0.600738 1 0.842667 
1.3589 0.363392 20.5848 1.26128 0.622775 0.9 0.850848 
1.35886 0.370693 18.7052 1.26606 0.617256 0.925 0.850848 
1.35882 0.378411 16.8256 1.27112 0.611428 0.95 0.850848 
1.35879 0.386545 14.946 1.27646 0.605292 0.975 0.850848 
1.35877 0.395098 13.0664 1.28208 0.598848 1 0.850848 

ZONE I=5, J=5
1.3589 0.363392 20.6394 1.26128 0.622775 0.9 0.850848 
1.35886 0.370693 18.7346 1.26606 0.617256 0.925 0.850848 
1.35882 0.378411 16.8297 1.27112 0.611428 0.95 0.850848 
1.35879 0.386545 14.9249 1.27646 0.605292 0.975 0.850848 
1.35877 0.395098 13.0201 1.28208 0.598848 1 0.850848 
1.37179 0.363452 20.7086 1.27613 0.620809 0.9 0.859029 
1.37175 0.370739 18.8037 1.28086 0.615263 0.925 0.859029 
1.37171 0.378442 16.8989 1.28586 0.609407 0.95 0.859029 
1.37169 0.386562 14.994 1.29115 0.603242 0.975 0.859029 
1.37167 0.395098 13.0892 1.29671 0.596767 1 0.859029 
1.38468 0.363511 20.7777 1.29103 0.618639 0.9 0.86721 
1.38463 0.370784 18.8729 1.2957 0.613065 0.925 0.86721 
1.3846 0.378473 16.968 1.30065 0.60718 0.95 0.86721 
1.38458 0.386578 15.0632 1.30588 0.600984 0.975 0.86721 
1.38456 0.395098 13.1584 1.31138 0.594478 1 0.86721 
1.39756 0.36357 20.8468 1.30598 0.616265 0.9 0.875391 
1.39752 0.37083 18.942 1.31059 0.610663 0.925 0.875391 
1.39748 0.378504 17.0372 1.31548 0.604748 0.95 0.875391 
1.39746 0.386593 15.1323 1.32065 0.59852 0.975 0.875391 
1.39744 0.395097 13.2275 1.32608 0.591981 1 0.875391 
1.41045 0.363631 20.916 1.32097 0.613687 0.9 0.883573 
1.4104 0.370876 19.0111 1.32553 0.608056 0.925 0.883573 
1.41036 0.378536 17.1063 1.33036 0.60211 0.95 0.883573 
1.41033 0.38661 15.2015 1.33546 0.59585 0.975 0.883573 
1.41031 0.395098 13.2966 1.34083 0.589275 1 0.883573 

ZONE I=5, J=5
1.41045 0.363631 20.9732 1.32097 0.613687 0.9 0.883573 
1.4104 0.370876 19.0419 1.32553 0.608056 0.925 0.883573 
1.41036 0.378536 17.1107 1.33036 0.60211 0.95 0.883573 
1.41033 0.38661 15.1794 1.33546 0.59585 0.975 0.883573 
1.41031 0.395098 13.2481 1.34083 0.589275 1 0.883573 
1.42331 0.363692 21.0458 1.336 0.610891 0.9 0.891754 
1.42326 0.370924 19.1145 1.34051 0.605235 0.925 0.891754 
1.42323 0.378569 17.1832 1.34528 0.599264 0.95 0.891754 
1.4232 0.386627 15.2519 1.35032 0.592977 0.975 0.891754 
1.42319 0.395098 13.3206 1.35563 0.586374 1 0.891754 
1.43617 0.363752 21.1183 1.35106 0.607888 0.9 0.899935 
1.43612 0.37097 19.187 1.35551 0.602207 0.925 0.899935 
1.43609 0.3786 17.2557 1.36023 0.596208 0.95 0.899935 
1.43606 0.386643 15.3244 1.36521 0.589893 0.975 0.899935 
1.43605 0.395098 13.3932 1.37046 0.583261 1 0.899935 
1.44903 0.363813 21.1908 1.36616 0.604677 0.9 0.908116 
1.44898 0.371017 19.2595 1.37056 0.59897 0.925 0.908116 
1.44895 0.378632 17.3283 1.37522 0.592944 0.95 0.908116 
1.44892 0.386659 15.397 1.38013 0.5866 0.975 0.908116 
1.4489 0.395097 13.4657 1.38531 0.579937 1 0.908116 
1.46189 0.363875 21.2634 1.38131 0.601258 0.9 0.916298 
1.46184 0.371064 19.3321 1.38564 0.595525 0.925 0.916298 
1.4618 0.378665 17.4008 1.39024 0.589471 0.95 0.916298 
1.46177 0.386676 15.4695 1.39509 0.583096 0.975 0.916298 
1.46174 0.395098 13.5382 1.4002 0.576401 1 0.916298 

ZONE I=5, J=5
1.46189 0.363875 21.3231 1.38131 0.601258 0.9 0.916298 
1.46184 0.371064 19.3642 1.38564 0.595525 0.925 0.916298 
1.4618 0.378665 17.4053 1.39024 0.589471 0.95 0.916298 
1.46177 0.386676 15.4465 1.39509 0.583096 0.975 0.916298 
1.46174 0.395098 13.4876 1.4002 0.576401 1 0.916298 
1.47472 0.363937 21.3991 1.39646 0.597619 0.9 0.924479 
1.47468 0.371113 19.4402 1.40075 0.591863 0.925 0.924479 
1.47464 0.378698 17.4814 1.40529 0.585786 0.95 0.924479 
1.47461 0.386693 15.5225 1.41008 0.579387 0.975 0.924479 
1.4746 0.395098 13.5636 1.41513 0.572667 1 0.924479 
1.48755 0.363999 21.4751 1.41165 0.593769 0.9 0.93266 
1.48751 0.37116 19.5163 1.41588 0.58799 0.925 0.93266 
1.48747 0.37873 17.5574 1.42036 0.581889 0.95 0.93266 
1.48745 0.386709 15.5985 1.42509 0.575465 0.975 0.93266 
1.48743 0.395098 13.6397 1.43008 0.568718 1 0.93266 
1.50038 0.364061 21.5512 1.42686 0.589708 0.9 0.940841 
1.50034 0.371208 19.5923 1.43104 0.583906 0.925 0.940841 
1.5003 0.378763 17.6334 1.43546 0.577779 0.95 0.940841 
1.50027 0.386726 15.6746 1.44013 0.571329 0.975 0.940841 
1.50026 0.395097 13.7157 1.44504 0.564555 1 0.940841 
1.51322 0.364125 21.6272 1.44211 0.585436 0.9 0.949023 
1.51317 0.371257 19.6683 1.44622 0.57961 0.925 0.949023 
1.51313 0.378796 17.7094 1.45058 0.573458 0.95 0.949023 
1.51309 0.386743 15.7506 1.45518 0.56698 0.975 0.949023 
1.51307 0.395098 13.7917 1.46003 0.560177 1 0.949023 

ZONE I=5, J=5
1.51322 0.364125 21.6887 1.44211 0.585436 0.9 0.949023 
1.51317 0.371257 19.7014 1.44622 0.57961 0.925 0.949023 
1.51313 0.378796 17.7142 1.45058 0.573458 0.95 0.949023 
1.51309 0.386743 15.7269 1.45518 0.56698 0.975 0.949023 
1.51307 0.395098 13.7396 1.46003 0.560177 1 0.949023 
1.52602 0.364189 21.7683 1.45736 0.580941 0.9 0.957204 
1.52598 0.371306 19.781 1.46142 0.575095 0.925 0.957204 
1.52594 0.37883 17.7938 1.46572 0.568923 0.95 0.957204 
1.52591 0.386761 15.8065 1.47026 0.562423 0.975 0.957204 
1.5259 0.395098 13.8193 1.47505 0.555597 1 0.957204 
1.53882 0.364252 21.8479 1.47262 0.576233 0.9 0.965385 
1.53878 0.371355 19.8607 1.47663 0.570367 0.925 0.965385 
1.53874 0.378863 17.8734 1.48087 0.564173 0.95 0.965385 
1.53872 0.386778 15.8862 1.48536 0.557651 0.975 0.965385 
1.53871 0.395098 13.8989 1.49008 0.550801 1 0.965385 
1.55162 0.364315 21.9275 1.48791 0.571312 0.9 0.973566 
1.55158 0.371404 19.9403 1.49186 0.565424 0.925 0.973566 
1.55154 0.378897 17.953 1.49604 0.559208 0.95 0.973566 
1.55152 0.386795 15.9658 1.50046 0.552663 0.975 0.973566 
1.5515 0.395097 13.9785 1.50512 0.545788 1 0.973566 
1.56442 0.364379 22.0072 1.50321 0.566177 0.9 0.981748 
1.56438 0.371454 20.0199 1.5071 0.560268 0.925 0.981748 
1.56434 0.378931 18.0327 1.51122 0.554029 0.95 0.981748 
1.56431 0.386813 16.0454 1.51558 0.547459 0.975 0.981748 
1.56429 0.395098 14.0582 1.52016 0.540559 1 0.981748 

ZONE I=5, J=5
1.56442 0.364379 22.0683 1.50321 0.566177 0.9 0.981748 
1.56438 0.371454 20.0528 1.5071 0.560268 0.925 0.981748 
1.56434 0.378931 18.0374 1.51122 0.554029 0.95 0.981748 
1.56431 0.386813 16.0219 1.51558 0.547459 0.975 0.981748 
1.56429 0.395098 14.0065 1.52016 0.540559 1 0.981748 
1.5772 0.364445 22.1517 1.51851 0.560816 0.9 0.989929 
1.57716 0.371504 20.1362 1.52234 0.55489 0.925 0.989929 
1.57712 0.378966 18.1207 1.52641 0.548633 0.95 0.989929 
1.5771 0.386831 16.1053 1.5307 0.542044 0.975 0.989929 
1.57708 0.395098 14.0898 1.53523 0.535124 1 0.989929 
1.58997 0.364509 22.235 1.53381 0.555241 0.9 0.99811 
1.58993 0.371554 20.2196 1.53759 0.549296 0.925 0.99811 
1.58989 0.379 18.2041 1.5416 0.54302 0.95 0.99811 
1.58987 0.386848 16.1887 1.54583 0.536412 0.975 0.99811 
1.58986 0.395098 14.1732 1.55029 0.529472 1 0.99811 
1.60274 0.364574 22.3184 1.54912 0.54945 0.9 1.00629 
1.60269 0.371604 20.3029 1.55285 0.543487 0.925 1.00629 
1.60266 0.379034 18.2875 1.55679 0.537192 0.95 1.00629 
1.60264 0.386866 16.272 1.56096 0.530564 0.975 1.00629 
1.60262 0.395097 14.2566 1.56536 0.523603 1 1.00629 
1.6155 0.364639 22.4017 1.56444 0.543444 0.9 1.01447 
1.61545 0.371655 20.3863 1.5681 0.537462 0.925 1.01447 
1.61542 0.37907 18.3708 1.57199 0.531147 0.95 1.01447 
1.61539 0.386884 16.3554 1.57609 0.524498 0.975 1.01447 
1.61538 0.395098 14.3399 1.58042 0.517515 1 1.01447 

ZONE I=5, J=5
1.6155 0.364639 22.4561 1.56444 0.543444 0.9 1.01447 
1.61545 0.371655 20.4156 1.5681 0.537462 0.925 1.01447 
1.61542 0.37907 18.3751 1.57199 0.531147 0.95 1.01447 
1.61539 0.386884 16.3346 1.57609 0.524498 0.975 1.01447 
1.61538 0.395098 14.2941 1.58042 0.517515 1 1.01447 
1.62825 0.364707 22.5434 1.57975 0.537206 0.9 1.02266 
1.62821 0.371707 20.5029 1.58336 0.531209 0.925 1.02266 
1.62818 0.379106 18.4624 1.58719 0.524879 0.95 1.02266 
1.62816 0.386903 16.4219 1.59124 0.518214 0.975 1.02266 
1.62815 0.395098 14.3815 1.5955 0.511215 1 1.02266 
1.64099 0.364773 22.6307 1.59505 0.530751 0.9 1.03084 
1.64095 0.371759 20.5902 1.59861 0.52474 0.925 1.03084 
1.64092 0.379142 18.5498 1.60239 0.518394 0.95 1.03084 
1.64091 0.386921 16.5093 1.60637 0.511713 0.975 1.03084 
1.6409 0.395098 14.4688 1.61057 0.504698 1 1.03084 
1.65371 0.364838 22.718 1.61034 0.524081 0.9 1.03902 
1.65368 0.371811 20.6776 1.61385 0.518054 0.925 1.03902 
1.65365 0.379178 18.6371 1.61757 0.511692 0.95 1.03902 
1.65364 0.38694 16.5966 1.62149 0.504996 0.975 1.03902 
1.65364 0.395097 14.5561 1.62563 0.497966 1 1.03902 
1.66643 0.364904 22.8054 1.62562 0.517194 0.9 1.0472 
1.6664 0.371864 20.7649 1.62908 0.511151 0.925 1.0472 
1.66638 0.379216 18.7244 1.63273 0.504774 0.95 1.0472 
1.66637 0.386961 16.6839 1.6366 0.498062 0.975 1.0472 
1.66637 0.395098 14.6434 1.64067 0.491017 1 1.0472 

ZONE I=5, J=5
1.66643 0.364904 22.8337 1.62562 0.517194 0.9 1.0472 
1.6664 0.371864 20.7802 1.62908 0.511151 0.925 1.0472 
1.66638 0.379216 18.7267 1.63273 0.504774 0.95 1.0472 
1.66637 0.386961 16.6733 1.6366 0.498062 0.975 1.0472 
1.66637 0.395098 14.6198 1.64067 0.491017 1 1.0472 
1.67913 0.364976 22.9253 1.64089 0.510079 0.9 1.05538 
1.67911 0.371919 20.8718 1.64429 0.504025 0.925 1.05538 
1.67909 0.379253 18.8184 1.64789 0.497636 0.95 1.05538 
1.67909 0.38698 16.7649 1.6517 0.490913 0.975 1.05538 
1.6791 0.395098 14.7114 1.65571 0.483854 1 1.05538 
1.69182 0.365044 23.0169 1.65613 0.502743 0.9 1.06356 
1.6918 0.371973 20.9635 1.65948 0.496678 0.925 1.06356 
1.6918 0.379292 18.91 1.66303 0.490278 0.95 1.06356 
1.69181 0.387 16.8565 1.66678 0.483544 0.975 1.06356 
1.69183 0.395098 14.8031 1.67073 0.476476 1 1.06356 
1.70449 0.36511 23.1086 1.67134 0.495185 0.9 1.07174 
1.70448 0.372028 21.0551 1.67465 0.489108 0.925 1.07174 
1.70449 0.379333 19.0016 1.67815 0.482698 0.95 1.07174 
1.70451 0.387022 16.9482 1.68185 0.475957 0.975 1.07174 
1.70455 0.395097 14.8947 1.68575 0.468884 1 1.07174 
1.71715 0.365175 23.2002 1.68653 0.487405 0.9 1.07992 
1.71716 0.372086 21.1467 1.68979 0.481315 0.925 1.07992 
1.71718 0.379377 19.0932 1.69325 0.474897 0.95 1.07992 
1.71722 0.387047 17.0398 1.6969 0.468151 0.975 1.07992 
1.71727 0.395098 14.9863 1.70075 0.461077 1 1.07992 

ZONE I=5, J=5
1.71715 0.365175 23.1471 1.68653 0.487405 0.9 1.07992 
1.71716 0.372086 21.1184 1.68979 0.481315 0.925 1.07992 
1.71718 0.379377 19.0896 1.69325 0.474897 0.95 1.07992 
1.71722 0.387047 17.0609 1.6969 0.468151 0.975 1.07992 
1.71727 0.395098 15.0322 1.70075 0.461077 1 1.07992 
1.72981 0.365253 23.244 1.70171 0.479403 0.9 1.0881 
1.72983 0.372146 21.2153 1.70493 0.473307 0.925 1.0881 
1.72986 0.379417 19.1865 1.70833 0.466883 0.95 1.0881 
1.72991 0.387068 17.1578 1.71193 0.460129 0.975 1.0881 
1.72997 0.395098 15.1291 1.71571 0.453046 1 1.0881 
1.74243 0.365324 23.3409 1.71683 0.471169 0.9 1.09628 
1.74247 0.372206 21.3122 1.72002 0.465068 0.925 1.09628 
1.74253 0.379462 19.2834 1.72339 0.458641 0.95 1.09628 
1.74261 0.387092 17.2547 1.72694 0.451887 0.975 1.09628 
1.7427 0.395098 15.226 1.73068 0.444807 1 1.09628 
1.75501 0.36539 23.4378 1.7319 0.462704 0.9 1.10446 
1.7551 0.372268 21.4091 1.73507 0.456596 0.925 1.10446 
1.7552 0.379512 19.3803 1.73841 0.45017 0.95 1.10446 
1.75531 0.387122 17.3516 1.74194 0.443425 0.975 1.10446 
1.75544 0.395098 15.3229 1.74565 0.436361 1 1.10446 
1.76757 0.365452 23.5347 1.74692 0.454007 0.9 1.11265 
1.7677 0.372334 21.506 1.75008 0.447893 0.925 1.11265 
1.76785 0.379569 19.4772 1.75342 0.441472 0.95 1.11265 
1.76803 0.387157 17.4485 1.75693 0.434744 0.975 1.11265 
1.76822 0.395098 15.4198 1.76062 0.427708 1 1.11265 

ZONE I=5, J=5
1.76757 0.365452 23.2488 1.74692 0.454007 0.9 1.11265 
1.7677 0.372334 21.353 1.75008 0.447893 0.925 1.11265 
1.76785 0.379569 19.4571 1.75342 0.441472 0.95 1.11265 
1.76803 0.387157 17.5612 1.75693 0.434744 0.975 1.11265 
1.76822 0.395098 15.6654 1.76062 0.427708 1 1.11265 
1.78016 0.365538 23.3525 1.76195 0.445101 0.9 1.12083 
1.78032 0.372403 21.4566 1.76509 0.438991 0.925 1.12083 
1.7805 0.379618 19.5607 1.76839 0.432573 0.95 1.12083 
1.7807 0.387183 17.6649 1.77185 0.425847 0.975 1.12083 
1.78091 0.395097 15.769 1.77549 0.418812 1 1.12083 
1.79266 0.365605 23.4561 1.77686 0.435956 0.9 1.12901 
1.79289 0.372467 21.5602 1.78 0.429852 0.925 1.12901 
1.79314 0.37967 19.6643 1.78331 0.423447 0.95 1.12901 
1.7934 0.387213 17.7685 1.78677 0.416739 0.975 1.12901 
1.79367 0.395098 15.8726 1.79039 0.40973 1 1.12901 
1.80506 0.365657 23.5597 1.79164 0.426573 0.9 1.13719 
1.8054 0.372529 21.6638 1.79484 0.420477 0.925 1.13719 
1.80575 0.379727 19.768 1.79818 0.414093 0.95 1.13719 
1.80612 0.38725 17.8721 1.80167 0.40742 0.975 1.13719 
1.8065 0.395098 15.9762 1.80532 0.400459 1 1.13719 
1.81738 0.365695 23.6633 1.80631 0.416949 0.9 1.14537 
1.81785 0.372591 21.7675 1.80958 0.410864 0.925 1.14537 
1.81835 0.37979 19.8716 1.81301 0.404511 0.95 1.14537 
1.81886 0.387292 17.9757 1.81657 0.39789 0.975 1.14537 
1.8194 0.395098 16.0799 1.82028 0.391002 1 1.14537 

ZONE I=5, J=5
1.81738 0.365695 22.8328 1.80631 0.416949 0.9 1.14537 
1.81785 0.372591 21.3293 1.80958 0.410864 0.925 1.14537 
1.81835 0.37979 19.8258 1.81301 0.404511 0.95 1.14537 
1.81886 0.387292 18.3223 1.81657 0.39789 0.975 1.14537 
1.8194 0.395098 16.8188 1.82028 0.391002 1 1.14537 
1.82976 0.365751 22.9278 1.821 0.407131 0.9 1.15355 
1.83036 0.37266 21.4243 1.82435 0.401059 0.925 1.15355 
1.83097 0.379854 19.9208 1.82782 0.394725 0.95 1.15355 
1.83156 0.387333 18.4173 1.83139 0.38813 0.975 1.15355 
1.83216 0.395098 16.9138 1.83509 0.381273 1 1.15355 
1.84199 0.3657 23.0228 1.83547 0.397132 0.9 1.16173 
1.84275 0.372623 21.5193 1.83892 0.391079 0.925 1.16173 
1.84348 0.37983 20.0158 1.84246 0.38476 0.95 1.16173 
1.84421 0.387322 18.5123 1.84611 0.378176 0.975 1.16173 
1.84493 0.395098 17.0088 1.84986 0.371326 1 1.16173 
1.85407 0.365546 23.1178 1.84972 0.386953 0.9 1.16991 
1.85499 0.372484 21.6143 1.85328 0.380924 0.925 1.16991 
1.8559 0.379722 20.1108 1.85694 0.374615 0.95 1.16991 
1.85681 0.38726 18.6073 1.86072 0.368028 0.975 1.16991 
1.8577 0.395097 17.1038 1.8646 0.361161 1 1.16991 
1.866 0.365294 23.2128 1.86375 0.376594 0.9 1.1781 
1.86711 0.372247 21.7093 1.86744 0.370594 0.925 1.1781 
1.86822 0.379532 20.2058 1.87126 0.364291 0.95 1.1781 
1.86935 0.387149 18.7023 1.87521 0.357686 0.975 1.1781 
1.87049 0.395098 17.1988 1.8793 0.350777 1 1.1781 

ZONE I=5, J=5
1.866 0.365294 21.9959 1.86375 0.376594 0.9 1.1781 
1.86711 0.372247 21.0395 1.86744 0.370594 0.925 1.1781 
1.86822 0.379532 20.0832 1.87126 0.364291 0.95 1.1781 
1.86935 0.387149 19.1268 1.87521 0.357686 0.975 1.1781 
1.87049 0.395098 18.1704 1.8793 0.350777 1 1.1781 
1.87805 0.364737 22.0918 1.87774 0.366375 0.9 1.18628 
1.87919 0.371724 21.1354 1.88141 0.360322 0.925 1.18628 
1.88034 0.379032 20.1791 1.88522 0.353981 0.95 1.18628 
1.88152 0.386661 19.2227 1.88917 0.347352 0.975 1.18628 
1.88272 0.39461 18.2663 1.89327 0.340435 1 1.18628 
1.88992 0.363808 22.1877 1.89136 0.356227 0.9 1.19446 
1.89112 0.370803 21.2313 1.89505 0.350165 0.925 1.19446 
1.89237 0.378106 20.2749 1.8989 0.343831 0.95 1.19446 
1.89365 0.385717 19.3186 1.90289 0.337224 0.975 1.19446 
1.89498 0.393638 18.3622 1.90703 0.330345 1 1.19446 
1.90159 0.362513 22.2836 1.90463 0.346151 0.9 1.20264 
1.90292 0.369486 21.3272 1.90838 0.340125 0.925 1.20264 
1.90431 0.376755 20.3708 1.9123 0.333842 0.95 1.20264 
1.90575 0.384321 19.4145 1.91636 0.327303 0.975 1.20264 
1.90725 0.392182 18.4581 1.92059 0.320508 1 1.20264 
1.91305 0.360857 22.3795 1.91754 0.336147 0.9 1.21082 
1.91456 0.367779 21.4231 1.92139 0.3302 0.925 1.21082 
1.91614 0.374984 20.4667 1.92541 0.324014 0.95 1.21082 
1.91779 0.382472 19.5103 1.9296 0.317588 0.975 1.21082 
1.91951 0.390242 18.554 1.93395 0.310923 1 1.21082 

ZONE I=5, J=5
1.91305 0.360857 21.7962 1.91754 0.336147 0.9 1.21082 
1.91456 0.367779 21.1146 1.92139 0.3302 0.925 1.21082 
1.91614 0.374984 20.433 1.92541 0.324014 0.95 1.21082 
1.91779 0.382472 19.7513 1.9296 0.317588 0.975 1.21082 
1.91951 0.390242 19.0697 1.93395 0.310923 1 1.21082 
1.92453 0.35871 21.9015 1.93027 0.326425 0.9 1.219 
1.92619 0.365613 21.2198 1.9342 0.320516 0.925 1.219 
1.92792 0.372773 20.5382 1.9383 0.314393 0.95 1.219 
1.92973 0.380189 19.8566 1.94255 0.308054 0.975 1.219 
1.93161 0.387861 19.1749 1.94696 0.301501 1 1.219 
1.93586 0.356175 22.0067 1.94269 0.316826 0.9 1.22718 
1.9377 0.363036 21.3251 1.94673 0.310985 0.925 1.22718 
1.93961 0.370135 20.6435 1.95092 0.304945 0.95 1.22718 
1.9416 0.377473 19.9618 1.95527 0.298707 0.975 1.22718 
1.94367 0.38505 19.2802 1.95977 0.29227 1 1.22718 
1.94704 0.353258 22.112 1.95481 0.30735 0.9 1.23536 
1.94907 0.360051 21.4304 1.95897 0.301606 0.925 1.23536 
1.95119 0.367074 20.7487 1.96328 0.295671 0.95 1.23536 
1.95339 0.374327 20.0671 1.96774 0.289547 0.975 1.23536 
1.95567 0.381811 19.3854 1.97236 0.283232 1 1.23536 
1.95805 0.349963 22.2172 1.96663 0.297998 0.9 1.24355 
1.96031 0.356663 21.5356 1.97092 0.292379 0.925 1.24355 
1.96265 0.363594 20.854 1.97537 0.28657 0.95 1.24355 
1.96509 0.370754 20.1723 1.97998 0.280573 0.975 1.24355 
1.96762 0.378146 19.4907 1.98475 0.274386 1 1.24355 

ZONE I=5, J=5
1.95805 0.349963 22.0471 1.96663 0.297998 0.9 1.24355 
1.96031 0.356663 21.444 1.97092 0.292379 0.925 1.24355 
1.96265 0.363594 20.8409 1.97537 0.28657 0.95 1.24355 
1.96509 0.370754 20.2377 1.97998 0.280573 0.975 1.24355 
1.96762 0.378146 19.6346 1.98475 0.274386 1 1.24355 
1.96897 0.346251 22.1481 1.9782 0.28885 0.9 1.25173 
1.97142 0.352878 21.5449 1.98261 0.283328 0.925 1.25173 
1.97397 0.359722 20.9418 1.98718 0.277629 0.95 1.25173 
1.97662 0.366784 20.3387 1.99191 0.271753 0.975 1.25173 
1.97935 0.374064 19.7355 1.99679 0.265699 1 1.25173 
1.97972 0.342174 22.249 1.98949 0.27983 0.9 1.25991 
1.98238 0.348713 21.6459 1.99402 0.274418 0.925 1.25991 
1.98513 0.35546 21.0427 1.99871 0.268837 0.95 1.25991 
1.98799 0.362417 20.4396 2.00356 0.263088 0.975 1.25991 
1.99094 0.369582 19.8365 2.00856 0.257169 1 1.25991 
1.9903 0.337736 22.3499 2.00049 0.270938 0.9 1.26809 
1.99317 0.344173 21.7468 2.00514 0.265648 0.925 1.26809 
1.99613 0.350813 21.1437 2.00996 0.260195 0.95 1.26809 
1.99921 0.357656 20.5405 2.01493 0.254578 0.975 1.26809 
2.00238 0.364704 19.9374 2.02006 0.248797 1 1.26809 
2.00071 0.332943 22.4509 2.01121 0.262175 0.9 1.27627 
2.00378 0.339262 21.8477 2.01598 0.257019 0.925 1.27627 
2.00696 0.345783 21.2446 2.02092 0.251701 0.95 1.27627 
2.01026 0.352506 20.6415 2.02602 0.246223 0.975 1.27627 
2.01366 0.359432 20.0383 2.03129 0.240583 1 1.27627 

ZONE I=5, J=5
2.00071 0.332943 22.4366 2.01121 0.262175 0.9 1.27627 
2.00378 0.339262 21.8401 2.01598 0.257019 0.925 1.27627 
2.00696 0.345783 21.2435 2.02092 0.251701 0.95 1.27627 
2.01026 0.352506 20.6469 2.02602 0.246223 0.975 1.27627 
2.01366 0.359432 20.0504 2.03129 0.240583 1 1.27627 
2.01095 0.327786 22.5319 2.02165 0.253555 0.9 1.28445 
2.01422 0.333992 21.9354 2.02654 0.248526 0.925 1.28445 
2.01761 0.340392 21.3388 2.0316 0.243342 0.95 1.28445 
2.02111 0.346988 20.7422 2.03682 0.238003 0.975 1.28445 
2.02472 0.353779 20.1457 2.04221 0.23251 1 1.28445 
2.021 0.32229 22.6272 2.03182 0.245052 0.9 1.29263 
2.02447 0.328374 22.0307 2.03682 0.240153 0.925 1.29263 
2.02805 0.334648 21.4341 2.04199 0.235105 0.95 1.29263 
2.03176 0.341111 20.8375 2.04733 0.229908 0.975 1.29263 
2.03559 0.347763 20.241 2.05283 0.224563 1 1.29263 
2.03086 0.31646 22.7225 2.0417 0.236664 0.9 1.30081 
2.03452 0.322415 22.126 2.04681 0.2319 0.925 1.30081 
2.0383 0.328555 21.5294 2.05209 0.226991 0.95 1.30081 
2.0422 0.334879 20.9328 2.05754 0.221938 0.975 1.30081 
2.04624 0.341388 20.3363 2.06317 0.21674 1 1.30081 
2.04052 0.3103 22.8178 2.0513 0.228392 0.9 1.309 
2.04436 0.316118 22.2213 2.05652 0.223766 0.925 1.309 
2.04833 0.322117 21.6247 2.06191 0.218999 0.95 1.309 
2.05243 0.328298 21.0281 2.06747 0.214091 0.975 1.309 
2.05667 0.33466 20.4316 2.07321 0.209042 1 1.309 

ZONE I=5, J=5
2.04052 0.3103 22.8581 2.0513 0.228392 0.9 1.309 
2.04436 0.316118 22.243 2.05652 0.223766 0.925 1.309 
2.04833 0.322117 21.6278 2.06191 0.218999 0.95 1.309 
2.05243 0.328298 21.0127 2.06747 0.214091 0.975 1.309 
2.05667 0.33466 20.3976 2.07321 0.209042 1 1.309 
2.04995 0.30383 22.9462 2.0606 0.220234 0.9 1.31718 
2.05397 0.309506 22.331 2.06592 0.215748 0.925 1.31718 
2.05813 0.315359 21.7159 2.07142 0.211126 0.95 1.31718 
2.06243 0.321388 21.1007 2.07709 0.206368 0.975 1.31718 
2.06686 0.327593 20.4856 2.08294 0.201474 1 1.31718 
2.05915 0.297056 23.0342 2.06962 0.212179 0.9 1.32536 
2.06335 0.302587 22.4191 2.07504 0.207833 0.925 1.32536 
2.06769 0.30829 21.8039 2.08063 0.203356 0.95 1.32536 
2.07217 0.314163 21.1888 2.08641 0.198748 0.975 1.32536 
2.0768 0.320208 20.5736 2.09236 0.194008 1 1.32536 
2.06813 0.289983 23.1222 2.07835 0.204227 0.9 1.33354 
2.0725 0.295365 22.5071 2.08386 0.200022 0.925 1.33354 
2.07701 0.300913 21.8919 2.08955 0.19569 0.95 1.33354 
2.08167 0.306628 21.2768 2.09543 0.191231 0.975 1.33354 
2.08648 0.31251 20.6617 2.10148 0.186645 1 1.33354 
2.07688 0.282618 23.2103 2.0868 0.196378 0.9 1.34172 
2.0814 0.287846 22.5951 2.09239 0.192314 0.925 1.34172 
2.08608 0.293237 21.98 2.09818 0.188128 0.95 1.34172 
2.09092 0.298789 21.3648 2.10414 0.183817 0.975 1.34172 
2.0959 0.304504 20.7497 2.11029 0.179383 1 1.34172 

ZONE I=5, J=5
2.07688 0.282618 23.2662 2.0868 0.196378 0.9 1.34172 
2.0814 0.287846 22.6252 2.09239 0.192314 0.925 1.34172 
2.08608 0.293237 21.9843 2.09818 0.188128 0.95 1.34172 
2.09092 0.298789 21.3433 2.10414 0.183817 0.975 1.34172 
2.0959 0.304504 20.7023 2.11029 0.179383 1 1.34172 
2.08536 0.274983 23.3455 2.09494 0.188613 0.9 1.3499 
2.09005 0.280051 22.7045 2.10063 0.184696 0.925 1.3499 
2.0949 0.285276 22.0635 2.1065 0.180659 0.95 1.3499 
2.0999 0.290659 21.4226 2.11256 0.176503 0.975 1.3499 
2.10506 0.296198 20.7816 2.11881 0.172229 1 1.3499 
2.0936 0.267079 23.4247 2.1028 0.180933 0.9 1.35808 
2.09844 0.271984 22.7838 2.10857 0.17716 0.925 1.35808 
2.10344 0.277042 22.1428 2.11452 0.173272 0.95 1.35808 
2.10861 0.282252 21.5018 2.12067 0.16927 0.975 1.35808 
2.11393 0.287614 20.8608 2.12701 0.165153 1 1.35808 
2.10159 0.258912 23.504 2.11037 0.173338 0.9 1.36626 
2.10657 0.263652 22.863 2.11621 0.169708 0.925 1.36626 
2.11172 0.26854 22.222 2.12225 0.165968 0.95 1.36626 
2.11704 0.273575 21.5811 2.12848 0.162118 0.975 1.36626 
2.12252 0.278757 20.9401 2.1349 0.158158 1 1.36626 
2.10931 0.250487 23.5832 2.11765 0.165826 0.9 1.37445 
2.11444 0.25506 22.9423 2.12357 0.16234 0.925 1.37445 
2.11973 0.259776 22.3013 2.12968 0.158747 0.95 1.37445 
2.12519 0.264635 21.6603 2.13598 0.155048 0.975 1.37445 
2.13082 0.269635 21.0194 2.14248 0.151242 1 1.37445 

ZONE I=5, J=5
2.10931 0.250487 23.6398 2.11765 0.165826 0.9 1.37445 
2.11444 0.25506 22.9727 2.12357 0.16234 0.925 1.37445 
2.11973 0.259776 22.3057 2.12968 0.158747 0.95 1.37445 
2.12519 0.264635 21.6386 2.13598 0.155048 0.975 1.37445 
2.13082 0.269635 20.9716 2.14248 0.151242 1 1.37445 
2.11675 0.241839 23.709 2.12463 0.158386 0.9 1.38263 
2.12201 0.246238 23.0419 2.13061 0.155047 0.925 1.38263 
2.12744 0.250775 22.3748 2.1368 0.151606 0.95 1.38263 
2.13305 0.255449 21.7078 2.14318 0.148063 0.975 1.38263 
2.13883 0.26026 21.0407 2.14976 0.144419 1 1.38263 
2.12392 0.232963 23.7781 2.13131 0.151016 0.9 1.39081 
2.1293 0.237188 23.1111 2.13736 0.147823 0.925 1.39081 
2.13486 0.241544 22.444 2.14362 0.144533 0.95 1.39081 
2.14061 0.246032 21.777 2.15007 0.141145 0.975 1.39081 
2.14653 0.250652 21.1099 2.15672 0.13766 1 1.39081 
2.1308 0.223866 23.8473 2.1377 0.143716 0.9 1.39899 
2.1363 0.227915 23.1802 2.14382 0.140668 0.925 1.39899 
2.14199 0.232089 22.5132 2.15013 0.137527 0.95 1.39899 
2.14786 0.236391 21.8461 2.15665 0.134293 0.975 1.39899 
2.15392 0.240818 21.1791 2.16338 0.130966 1 1.39899 
2.1374 0.214554 23.9164 2.1438 0.136488 0.9 1.40717 
2.14302 0.218425 23.2494 2.14997 0.133583 0.925 1.40717 
2.14882 0.222418 22.5823 2.15635 0.13059 0.95 1.40717 
2.15481 0.226531 21.9153 2.16293 0.127507 0.975 1.40717 
2.16099 0.230765 21.2482 2.16972 0.124336 1 1.40717 

ZONE I=5, J=5
2.1374 0.214554 23.9672 2.1438 0.136488 0.9 1.40717 
2.14302 0.218425 23.2767 2.14997 0.133583 0.925 1.40717 
2.14882 0.222418 22.5862 2.15635 0.13059 0.95 1.40717 
2.15481 0.226531 21.8957 2.16293 0.127507 0.975 1.40717 
2.16099 0.230765 21.2052 2.16972 0.124336 1 1.40717 
2.14369 0.205054 24.0252 2.14959 0.12931 0.9 1.41535 
2.14942 0.208742 23.3347 2.15582 0.126554 0.925 1.41535 
2.15534 0.212545 22.6442 2.16226 0.123713 0.95 1.41535 
2.16145 0.216464 21.9537 2.1689 0.120787 0.975 1.41535 
2.16775 0.220498 21.2632 2.17575 0.117777 1 1.41535 
2.1497 0.195363 24.0832 2.1551 0.122187 0.9 1.42353 
2.15553 0.198867 23.3927 2.16138 0.119577 0.925 1.42353 
2.16156 0.20248 22.7022 2.16787 0.116887 0.95 1.42353 
2.16778 0.206203 22.0116 2.17457 0.114117 0.975 1.42353 
2.17419 0.210036 21.3211 2.18148 0.111266 1 1.42353 
2.1554 0.185488 24.1412 2.1603 0.115117 0.9 1.43171 
2.16133 0.188807 23.4507 2.16664 0.112652 0.925 1.43171 
2.16746 0.19223 22.7601 2.17318 0.110111 0.95 1.43171 
2.17378 0.195757 22.0696 2.17993 0.107495 0.975 1.43171 
2.1803 0.199388 21.3791 2.18689 0.104803 1 1.43171 
2.16081 0.175435 24.1991 2.16522 0.1081 0.9 1.4399 
2.16683 0.178569 23.5086 2.1716 0.105779 0.925 1.4399 
2.17305 0.181801 22.8181 2.17819 0.103386 0.95 1.4399 
2.17947 0.185131 22.1276 2.18499 0.100923 0.975 1.4399 
2.18609 0.18856 21.4371 2.192 0.0983873 1 1.4399 

ZONE I=5, J=5
2.16081 0.175435 24.2416 2.16522 0.1081 0.9 1.4399 
2.16683 0.178569 23.5315 2.1716 0.105779 0.925 1.4399 
2.17305 0.181801 22.8214 2.17819 0.103386 0.95 1.4399 
2.17947 0.185131 22.1113 2.18499 0.100923 0.975 1.4399 
2.18609 0.18856 21.4012 2.192 0.0983873 1 1.4399 
2.16589 0.165239 24.2875 2.16983 0.101127 0.9 1.44808 
2.172 0.168183 23.5774 2.17625 0.0989533 0.925 1.44808 
2.17831 0.171218 22.8673 2.18288 0.0967127 0.95 1.44808 
2.18482 0.174347 22.1573 2.18973 0.0944053 0.975 1.44808 
2.19154 0.177567 21.4472 2.19679 0.092031 1 1.44808 
2.17066 0.154896 24.3334 2.17414 0.0941957 0.9 1.45626 
2.17685 0.157648 23.6234 2.18061 0.0921683 0.925 1.45626 
2.18324 0.160487 22.9133 2.18728 0.0900784 0.95 1.45626 
2.18984 0.163413 22.2032 2.19417 0.0879261 0.975 1.45626 
2.19665 0.166425 21.4931 2.20127 0.0857114 1 1.45626 
2.17512 0.144412 24.3794 2.17816 0.0873067 0.9 1.46444 
2.18138 0.146973 23.6693 2.18466 0.0854241 0.925 1.46444 
2.18785 0.149615 22.9592 2.19137 0.0834836 0.95 1.46444 
2.19453 0.152338 22.2491 2.1983 0.081485 0.975 1.46444 
2.20142 0.155142 21.539 2.20545 0.0794284 1 1.46444 
2.17926 0.133793 24.4253 2.18188 0.0804598 0.9 1.47262 
2.18559 0.136164 23.7152 2.18842 0.0787208 0.925 1.47262 
2.19213 0.138609 23.0051 2.19516 0.0769282 0.95 1.47262 
2.19888 0.141129 22.295 2.20213 0.0750819 0.975 1.47262 
2.20584 0.143724 21.585 2.20931 0.073182 1 1.47262 

ZONE I=5, J=5
2.17926 0.133793 24.4579 2.18188 0.0804598 0.9 1.47262 
2.18559 0.136164 23.7328 2.18842 0.0787208 0.925 1.47262 
2.19213 0.138609 23.0077 2.19516 0.0769282 0.95 1.47262 
2.19888 0.141129 22.2825 2.20213 0.0750819 0.975 1.47262 
2.20584 0.143724 21.5574 2.20931 0.073182 1 1.47262 
2.18308 0.123064 24.4912 2.18531 0.0736405 0.9 1.4808 
2.18947 0.12524 23.766 2.19187 0.0720483 0.925 1.4808 
2.19608 0.127484 23.0409 2.19865 0.0704069 0.95 1.4808 
2.2029 0.129797 22.3158 2.20565 0.0687163 0.975 1.4808 
2.20993 0.132178 21.5906 2.21286 0.0669766 1 1.4808 
2.18657 0.112225 24.5244 2.18843 0.0668486 0.9 1.48898 
2.19303 0.114205 23.7993 2.19502 0.0654021 0.925 1.48898 
2.19969 0.116248 23.0741 2.20183 0.0639109 0.95 1.48898 
2.20657 0.118353 22.349 2.20886 0.062375 0.975 1.48898 
2.21366 0.120521 21.6239 2.21611 0.0607944 1 1.48898 
2.18974 0.101281 24.5577 2.19126 0.0600842 0.9 1.49716 
2.19625 0.103066 23.8325 2.19788 0.0587824 0.925 1.49716 
2.20296 0.104907 23.1074 2.20471 0.0574403 0.95 1.49716 
2.2099 0.106805 22.3823 2.21177 0.0560581 0.975 1.49716 
2.21705 0.108759 21.6571 2.21904 0.0546355 1 1.49716 
2.19259 0.0902405 24.5909 2.1938 0.0533471 0.9 1.50535 
2.19914 0.0918302 23.8658 2.20043 0.052189 0.925 1.50535 
2.2059 0.0934701 23.1406 2.20729 0.0509951 0.95 1.50535 
2.21288 0.0951601 22.4155 2.21437 0.0497654 0.975 1.50535 
2.22009 0.0969003 21.6904 2.22167 0.0484999 1 1.50535 

ZONE I=5, J=5
2.19259 0.0902405 24.613 2.1938 0.0533471 0.9 1.50535 
2.19914 0.0918302 23.8777 2.20043 0.052189 0.925 1.50535 
2.2059 0.0934701 23.1424 2.20729 0.0509951 0.95 1.50535 
2.21288 0.0951601 22.407 2.21437 0.0497654 0.975 1.50535 
2.22009 0.0969003 21.6717 2.22167 0.0484999 1 1.50535 
2.1951 0.079134 24.6331 2.19603 0.0466321 0.9 1.51353 
2.20169 0.0805257 23.8978 2.20269 0.0456199 0.925 1.51353 
2.20849 0.0819613 23.1625 2.20956 0.0445763 0.95 1.51353 
2.21552 0.0834408 22.4272 2.21667 0.0435014 0.975 1.51353 
2.22277 0.0849643 21.6919 2.22399 0.0423952 1 1.51353 
2.19727 0.0679601 24.6533 2.19796 0.0399346 0.9 1.52171 
2.2039 0.0691537 23.9179 2.20464 0.0390675 0.925 1.52171 
2.21074 0.0703849 23.1826 2.21153 0.0381736 0.95 1.52171 
2.21781 0.0716539 22.4473 2.21865 0.0372528 0.975 1.52171 
2.2251 0.0729606 21.712 2.226 0.0363052 1 1.52171 
2.19912 0.0567259 24.6734 2.1996 0.0332544 0.9 1.52989 
2.20577 0.0577214 23.9381 2.20629 0.0325318 0.925 1.52989 
2.21265 0.0587484 23.2027 2.2132 0.0317869 0.95 1.52989 
2.21975 0.0598069 22.4674 2.22034 0.0310196 0.975 1.52989 
2.22707 0.0608968 21.7321 2.22769 0.0302298 1 1.52989 
2.20063 0.0454385 24.6935 2.20094 0.0265916 0.9 1.53807 
2.20731 0.0462361 23.9582 2.20764 0.0260129 0.925 1.53807 
2.21421 0.047059 23.2229 2.21457 0.0254163 0.95 1.53807 
2.22133 0.0479071 22.4875 2.22171 0.0248017 0.975 1.53807 
2.22868 0.0487804 21.7522 2.22908 0.0241692 1 1.53807 

ZONE I=5, J=5
2.20063 0.0454385 24.7047 2.20094 0.0265916 0.9 1.53807 
2.20731 0.0462361 23.9642 2.20764 0.0260129 0.925 1.53807 
2.21421 0.047059 23.2237 2.21457 0.0254163 0.95 1.53807 
2.22133 0.0479071 22.4833 2.22171 0.0248017 0.975 1.53807 
2.22868 0.0487804 21.7428 2.22908 0.0241692 1 1.53807 
2.20181 0.0341158 24.7114 2.20198 0.0199381 0.9 1.54625 
2.20851 0.0347141 23.9709 2.20869 0.0195044 0.925 1.54625 
2.21543 0.0353314 23.2305 2.21563 0.0190571 0.95 1.54625 
2.22257 0.0359676 22.49 2.22278 0.0185965 0.975 1.54625 
2.22994 0.0366227 21.7496 2.23016 0.0181224 1 1.54625 
2.20265 0.0227624 24.7181 2.20273 0.0132883 0.9 1.55443 
2.20936 0.0231612 23.9777 2.20944 0.0129994 0.925 1.55443 
2.21629 0.0235727 23.2372 2.21638 0.0127014 0.95 1.55443 
2.22345 0.0239969 22.4967 2.22355 0.0123945 0.975 1.55443 
2.23083 0.0244336 21.7563 2.23094 0.0120786 1 1.55443 
2.20315 0.0113853 24.7248 2.20317 0.00664231 0.9 1.56261 
2.20987 0.0115847 23.9844 2.20989 0.00649791 0.925 1.56261 
2.21682 0.0117904 23.2439 2.21684 0.00634902 0.95 1.56261 
2.22398 0.0120025 22.5035 2.22401 0.00619566 0.975 1.56261 
2.23137 0.0122208 21.763 2.2314 0.00603782 1 1.56261 
2.20332 -8.09326e-06 24.7316 2.20332 0 0.9 1.5708 
2.21005 -8.11795e-06 23.9911 2.21005 0 0.925 1.5708 
2.21699 -8.14346e-06 23.2506 2.21699 0 0.95 1.5708 
2.22416 -8.1698e-06 22.5102 2.22416 0 0.975 1.5708 
2.23155 -8.19695e-06 21.7697 2.23155 0 1 1.5708 

