ZONE I=5, J=5
0 0.357314 17.857 0.357314 0 0.9 0 
0 0.365106 16.1714 0.365106 0 0.925 0 
0 0.373343 14.4858 0.373343 0 0.95 0 
0 0.382025 12.8002 0.382025 0 0.975 0 
0 0.391152 11.1147 0.391152 0 1 0 
0.0133697 0.357315 17.8584 0.357412 0.010446 0.9 0.00818126 
0.0133692 0.365106 16.1728 0.365203 0.0103818 0.925 0.00818126 
0.0133689 0.373343 14.4873 0.37344 0.0103141 0.95 0.00818126 
0.0133687 0.382025 12.8017 0.382122 0.0102428 0.975 0.00818126 
0.0133686 0.391152 11.1161 0.391249 0.0101681 1 0.00818126 
0.0267365 0.357316 17.8598 0.357705 0.0208866 0.9 0.0163625 
0.0267356 0.365107 16.1743 0.365495 0.0207582 0.925 0.0163625 
0.0267349 0.373343 14.4887 0.373731 0.0206228 0.95 0.0163625 
0.0267344 0.382025 12.8031 0.382412 0.0204802 0.975 0.0163625 
0.0267342 0.391152 11.1175 0.391537 0.0203306 1 0.0163625 
0.040103 0.357317 17.8613 0.358194 0.0313219 0.9 0.0245437 
0.0401016 0.365108 16.1757 0.365982 0.0311293 0.925 0.0245437 
0.0401005 0.373344 14.4901 0.374216 0.0309261 0.95 0.0245437 
0.0400997 0.382026 12.8045 0.382895 0.0307122 0.975 0.0245437 
0.0400992 0.391152 11.1189 0.392019 0.0304878 1 0.0245437 
0.0534717 0.35732 17.8627 0.358878 0.0417519 0.9 0.0327249 
0.0534698 0.36511 16.1771 0.366664 0.0414951 0.925 0.0327249 
0.0534682 0.373345 14.4915 0.374895 0.041224 0.95 0.0327249 
0.053467 0.382026 12.8059 0.383571 0.0409388 0.975 0.0327249 
0.0534662 0.391152 11.1203 0.392692 0.0406394 1 0.0327249 

ZONE I=5, J=5
0.0534717 0.35732 17.8649 0.358878 0.0417519 0.9 0.0327249 
0.0534698 0.36511 16.1784 0.366664 0.0414951 0.925 0.0327249 
0.0534682 0.373345 14.4919 0.374895 0.041224 0.95 0.0327249 
0.053467 0.382026 12.8055 0.383571 0.0409388 0.975 0.0327249 
0.0534662 0.391152 11.119 0.392692 0.0406394 1 0.0327249 
0.0668406 0.357322 17.8683 0.359757 0.0521721 0.9 0.0409062 
0.0668383 0.365112 16.1818 0.36754 0.0518512 0.925 0.0409062 
0.0668365 0.373347 14.4953 0.375768 0.0515126 0.95 0.0409062 
0.0668352 0.382027 12.8089 0.384441 0.0511564 0.975 0.0409062 
0.0668344 0.391152 11.1224 0.393558 0.0507824 1 0.0409062 
0.0802068 0.357326 17.8717 0.360831 0.0625771 0.9 0.0490874 
0.0802041 0.365115 16.1852 0.368611 0.0621921 0.925 0.0490874 
0.0802019 0.373349 14.4987 0.376835 0.061786 0.95 0.0490874 
0.0802004 0.382028 12.8123 0.385503 0.0613586 0.975 0.0490874 
0.0801995 0.391152 11.1258 0.394616 0.06091 1 0.0490874 
0.0935729 0.35733 17.8751 0.3621 0.0729669 0.9 0.0572686 
0.0935696 0.365118 16.1886 0.369875 0.0725179 0.925 0.0572686 
0.093567 0.373351 14.5021 0.378095 0.072044 0.95 0.0572686 
0.0935651 0.382029 12.8157 0.386758 0.0715454 0.975 0.0572686 
0.093564 0.391152 11.1292 0.395866 0.0710221 1 0.0572686 
0.106941 0.357335 17.8785 0.363564 0.0833417 0.9 0.0654498 
0.106937 0.365122 16.192 0.371334 0.0828284 0.925 0.0654498 
0.106934 0.373353 14.5055 0.379548 0.0822869 0.95 0.0654498 
0.106932 0.38203 12.8191 0.388206 0.0817169 0.975 0.0654498 
0.10693 0.391152 11.1326 0.397308 0.0811187 1 0.0654498 

ZONE I=5, J=5
0.106941 0.357335 17.8827 0.363564 0.0833417 0.9 0.0654498 
0.106937 0.365122 16.1945 0.371334 0.0828284 0.925 0.0654498 
0.106934 0.373353 14.5063 0.379548 0.0822869 0.95 0.0654498 
0.106932 0.38203 12.818 0.388206 0.0817169 0.975 0.0654498 
0.10693 0.391152 11.1298 0.397308 0.0811187 1 0.0654498 
0.120309 0.35734 17.8886 0.365222 0.0936954 0.9 0.0736311 
0.120305 0.365126 16.2003 0.372987 0.0931185 0.925 0.073631 
0.120301 0.373356 14.5121 0.381195 0.0925097 0.95 0.0736311 
0.120299 0.382032 12.8238 0.389847 0.0918692 0.975 0.0736311 
0.120298 0.391152 11.1356 0.398942 0.0911968 1 0.0736311 
0.133674 0.357346 17.8944 0.367075 0.104024 0.9 0.0818123 
0.133669 0.36513 16.2061 0.374833 0.103383 0.925 0.0818123 
0.133666 0.37336 14.5179 0.383034 0.102707 0.95 0.0818123 
0.133663 0.382034 12.8297 0.391679 0.101996 0.975 0.0818123 
0.133662 0.391152 11.1414 0.400767 0.101249 1 0.0818123 
0.147039 0.357353 17.9002 0.369121 0.114328 0.9 0.0899936 
0.147034 0.365136 16.212 0.376872 0.113623 0.925 0.0899936 
0.14703 0.373363 14.5237 0.385066 0.11288 0.95 0.0899936 
0.147027 0.382035 12.8355 0.393703 0.112098 0.975 0.0899935 
0.147025 0.391152 11.1472 0.402783 0.111276 1 0.0899936 
0.160407 0.35736 17.906 0.371362 0.124607 0.9 0.0981748 
0.160401 0.365141 16.2178 0.379105 0.123838 0.925 0.0981748 
0.160396 0.373367 14.5295 0.38729 0.123027 0.95 0.0981748 
0.160392 0.382037 12.8413 0.395919 0.122174 0.975 0.0981748 
0.16039 0.391152 11.153 0.40499 0.121278 1 0.0981748 

ZONE I=5, J=5
0.160407 0.35736 17.912 0.371362 0.124607 0.9 0.0981748 
0.160401 0.365141 16.2211 0.379105 0.123838 0.925 0.0981748 
0.160396 0.373367 14.5303 0.38729 0.123027 0.95 0.0981748 
0.160392 0.382037 12.8394 0.395919 0.122174 0.975 0.0981748 
0.16039 0.391152 11.1485 0.40499 0.121278 1 0.0981748 
0.173772 0.357368 17.9202 0.373796 0.134853 0.9 0.106356 
0.173766 0.365147 16.2293 0.38153 0.134022 0.925 0.106356 
0.173761 0.373371 14.5385 0.389707 0.133144 0.95 0.106356 
0.173758 0.382039 12.8476 0.398326 0.13222 0.975 0.106356 
0.173756 0.391152 11.1567 0.407387 0.131251 1 0.106356 
0.187135 0.357377 17.9284 0.376422 0.145065 0.9 0.114537 
0.187129 0.365154 16.2376 0.384148 0.14417 0.925 0.114537 
0.187124 0.373376 14.5467 0.392315 0.143226 0.95 0.114537 
0.18712 0.382042 12.8558 0.400924 0.142232 0.975 0.114537 
0.187118 0.391152 11.1649 0.409975 0.141189 1 0.114537 
0.200499 0.357386 17.9367 0.379241 0.155243 0.9 0.122718 
0.200492 0.365161 16.2458 0.386957 0.154284 0.925 0.122718 
0.200486 0.37338 14.5549 0.395114 0.153273 0.95 0.122718 
0.200482 0.382044 12.864 0.403712 0.152208 0.975 0.122718 
0.20048 0.391152 11.1731 0.412751 0.151091 1 0.122718 
0.213865 0.357395 17.9449 0.382253 0.165386 0.9 0.1309 
0.213857 0.365168 16.254 0.389958 0.164363 0.925 0.1309 
0.213851 0.373385 14.5631 0.398104 0.163285 0.95 0.1309 
0.213846 0.382047 12.8722 0.406691 0.162149 0.975 0.1309 
0.213843 0.391152 11.1813 0.415718 0.160957 1 0.1309 

ZONE I=5, J=5
0.213865 0.357395 17.9527 0.382253 0.165386 0.9 0.1309 
0.213857 0.365168 16.2583 0.389958 0.164363 0.925 0.1309 
0.213851 0.373385 14.5639 0.398104 0.163285 0.95 0.1309 
0.213846 0.382047 12.8695 0.406691 0.162149 0.975 0.1309 
0.213843 0.391152 11.1751 0.415718 0.160957 1 0.1309 
0.227228 0.357406 17.9633 0.385456 0.175485 0.9 0.139081 
0.22722 0.365177 16.2689 0.39315 0.1744 0.925 0.139081 
0.227214 0.373391 14.5745 0.401285 0.173255 0.95 0.139081 
0.227209 0.38205 12.8801 0.409859 0.172051 0.975 0.139081 
0.227207 0.391152 11.1857 0.418874 0.170786 1 0.139081 
0.240588 0.357417 17.9739 0.38885 0.185541 0.9 0.147262 
0.24058 0.365185 16.2795 0.396533 0.184393 0.925 0.147262 
0.240574 0.373397 14.5851 0.404655 0.183181 0.95 0.147262 
0.240569 0.382053 12.8907 0.413216 0.181907 0.975 0.147262 
0.240567 0.391152 11.1963 0.422217 0.180569 1 0.147262 
0.25395 0.357429 17.9845 0.392435 0.195551 0.9 0.155443 
0.253941 0.365194 16.2901 0.400105 0.19434 0.925 0.155443 
0.253934 0.373403 14.5957 0.408214 0.193063 0.95 0.155443 
0.253929 0.382056 12.9013 0.416762 0.191718 0.975 0.155443 
0.253926 0.391152 11.2069 0.425748 0.190307 1 0.155443 
0.267314 0.357441 17.9951 0.396211 0.205518 0.9 0.163625 
0.267304 0.365203 16.3007 0.403868 0.204244 0.925 0.163625 
0.267296 0.373409 14.6063 0.411963 0.202899 0.95 0.163625 
0.26729 0.382059 12.9119 0.420496 0.201484 0.975 0.163625 
0.267286 0.391152 11.2175 0.429468 0.199999 1 0.163625 

ZONE I=5, J=5
0.267314 0.357441 18.0049 0.396211 0.205518 0.9 0.163625 
0.267304 0.365203 16.306 0.403868 0.204244 0.925 0.163625 
0.267296 0.373409 14.6072 0.411963 0.202899 0.95 0.163625 
0.26729 0.382059 12.9084 0.420496 0.201484 0.975 0.163625 
0.267286 0.391152 11.2096 0.429468 0.199999 1 0.163625 
0.280674 0.357454 18.0179 0.400176 0.21543 0.9 0.171806 
0.280664 0.365213 16.319 0.407819 0.214094 0.925 0.171806 
0.280656 0.373416 14.6202 0.4159 0.212684 0.95 0.171806 
0.280651 0.382063 12.9214 0.424418 0.211201 0.975 0.171806 
0.280647 0.391152 11.2226 0.433374 0.209643 1 0.171806 
0.294031 0.357467 18.0309 0.404329 0.225289 0.9 0.179987 
0.294021 0.365224 16.3321 0.411959 0.22389 0.925 0.179987 
0.294014 0.373423 14.6332 0.420024 0.222415 0.95 0.179987 
0.294008 0.382066 12.9344 0.428527 0.220862 0.975 0.179987 
0.294005 0.391152 11.2356 0.437465 0.219233 1 0.179987 
0.30739 0.357481 18.0439 0.408672 0.235093 0.9 0.188168 
0.307379 0.365235 16.3451 0.416286 0.233632 0.925 0.188168 
0.307371 0.373431 14.6462 0.424336 0.232091 0.95 0.188168 
0.307364 0.38207 12.9474 0.432821 0.230469 0.975 0.188168 
0.307361 0.391152 11.2486 0.441743 0.228766 1 0.188168 
0.320751 0.357496 18.0569 0.413203 0.244844 0.9 0.19635 
0.320739 0.365246 16.3581 0.420801 0.24332 0.925 0.19635 
0.32073 0.373438 14.6593 0.428834 0.241713 0.95 0.19635 
0.320722 0.382074 12.9604 0.437302 0.240021 0.975 0.19635 
0.320717 0.391152 11.2616 0.446205 0.238245 1 0.19635 

ZONE I=5, J=5
0.320751 0.357496 18.0685 0.413203 0.244844 0.9 0.19635 
0.320739 0.365246 16.3644 0.420801 0.24332 0.925 0.19635 
0.32073 0.373438 14.6603 0.428834 0.241713 0.95 0.19635 
0.320722 0.382074 12.9561 0.437302 0.240021 0.975 0.19635 
0.320717 0.391152 11.252 0.446205 0.238245 1 0.19635 
0.334107 0.357512 18.084 0.41792 0.25453 0.9 0.204531 
0.334096 0.365258 16.3798 0.425502 0.252945 0.925 0.204531 
0.334087 0.373447 14.6757 0.433518 0.251273 0.95 0.204531 
0.33408 0.382078 12.9715 0.441969 0.249514 0.975 0.204531 
0.334076 0.391152 11.2674 0.450853 0.247667 1 0.204531 
0.347461 0.357528 18.0994 0.422823 0.264152 0.9 0.212712 
0.347449 0.36527 16.3953 0.430388 0.262506 0.925 0.212712 
0.34744 0.373455 14.6911 0.438387 0.260769 0.95 0.212712 
0.347434 0.382083 12.987 0.446818 0.258941 0.975 0.212712 
0.34743 0.391152 11.2828 0.455683 0.257023 1 0.212712 
0.360815 0.357544 18.1148 0.427912 0.27371 0.9 0.220893 
0.360803 0.365283 16.4107 0.43546 0.272002 0.925 0.220893 
0.360793 0.373464 14.7065 0.44344 0.2702 0.95 0.220893 
0.360786 0.382087 13.0024 0.451852 0.268304 0.975 0.220893 
0.360781 0.391152 11.2983 0.460696 0.266313 1 0.220893 
0.374172 0.357561 18.1302 0.433186 0.283204 0.9 0.229074 
0.374158 0.365296 16.4261 0.440716 0.281434 0.925 0.229074 
0.374147 0.373473 14.722 0.448676 0.279567 0.95 0.229074 
0.374139 0.382092 13.0178 0.457068 0.277601 0.975 0.229074 
0.374133 0.391152 11.3137 0.465891 0.275538 1 0.229074 

ZONE I=5, J=5
0.374172 0.357561 18.1438 0.433186 0.283204 0.9 0.229074 
0.374158 0.365296 16.4334 0.440716 0.281434 0.925 0.229074 
0.374147 0.373473 14.7231 0.448676 0.279567 0.95 0.229074 
0.374139 0.382092 13.0127 0.457068 0.277601 0.975 0.229074 
0.374133 0.391152 11.3024 0.465891 0.275538 1 0.229074 
0.387525 0.35758 18.1617 0.438645 0.292625 0.9 0.237256 
0.387512 0.36531 16.4513 0.446156 0.290795 0.925 0.237256 
0.387501 0.373482 14.7409 0.454097 0.288864 0.95 0.237256 
0.387494 0.382097 13.0306 0.462468 0.286832 0.975 0.237256 
0.387489 0.391153 11.3202 0.471269 0.284699 1 0.237256 
0.400875 0.357598 18.1795 0.444286 0.301972 0.9 0.245437 
0.400862 0.365324 16.4692 0.451777 0.300082 0.925 0.245437 
0.400851 0.373492 14.7588 0.459698 0.298087 0.95 0.245437 
0.400844 0.382101 13.0484 0.468047 0.295988 0.975 0.245437 
0.40084 0.391152 11.3381 0.476826 0.293785 1 0.245437 
0.414225 0.357617 18.1974 0.450109 0.311246 0.9 0.253618 
0.414211 0.365339 16.487 0.457581 0.309294 0.925 0.253618 
0.4142 0.373502 14.7767 0.46548 0.307235 0.95 0.253618 
0.414192 0.382106 13.0663 0.473807 0.305069 0.975 0.253618 
0.414187 0.391152 11.3559 0.482562 0.302794 1 0.253618 
0.427578 0.357637 18.2153 0.456115 0.320446 0.9 0.261799 
0.427562 0.365354 16.5049 0.463566 0.318433 0.925 0.261799 
0.42755 0.373512 14.7945 0.471443 0.316309 0.95 0.261799 
0.42754 0.382112 13.0842 0.479747 0.314074 0.975 0.261799 
0.427533 0.391152 11.3738 0.488478 0.311728 1 0.261799 

ZONE I=5, J=5
0.427578 0.357637 18.2308 0.456115 0.320446 0.9 0.261799 
0.427562 0.365354 16.5133 0.463566 0.318433 0.925 0.261799 
0.42755 0.373512 14.7958 0.471443 0.316309 0.95 0.261799 
0.42754 0.382112 13.0783 0.479747 0.314074 0.975 0.261799 
0.427533 0.391152 11.3608 0.488478 0.311728 1 0.261799 
0.440926 0.357657 18.2511 0.462302 0.329562 0.9 0.269981 
0.440911 0.36537 16.5336 0.469731 0.32749 0.925 0.269981 
0.440899 0.373523 14.8161 0.477586 0.325304 0.95 0.269981 
0.44089 0.382118 13.0986 0.485867 0.323004 0.975 0.269981 
0.440885 0.391153 11.3811 0.494573 0.320589 1 0.269981 
0.454271 0.357678 18.2714 0.468667 0.338596 0.9 0.278162 
0.454256 0.365386 16.5539 0.476074 0.336464 0.925 0.278162 
0.454244 0.373534 14.8364 0.483906 0.334215 0.95 0.278162 
0.454236 0.382123 13.1189 0.492163 0.331849 0.975 0.278162 
0.454231 0.391152 11.4014 0.500844 0.329365 1 0.278162 
0.467616 0.357699 18.2917 0.475211 0.347546 0.9 0.286343 
0.4676 0.365402 16.5742 0.482596 0.345355 0.925 0.286343 
0.467588 0.373545 14.8567 0.490404 0.343043 0.95 0.286343 
0.467579 0.382129 13.1392 0.498635 0.34061 0.975 0.286343 
0.467573 0.391152 11.4217 0.50729 0.338055 1 0.286343 
0.480964 0.357721 18.312 0.481934 0.356413 0.9 0.294524 
0.480946 0.365419 16.5945 0.489296 0.354162 0.925 0.294524 
0.480932 0.373557 14.877 0.497079 0.351786 0.95 0.294524 
0.480922 0.382135 13.1595 0.505284 0.349286 0.975 0.294524 
0.480914 0.391152 11.442 0.513911 0.346661 1 0.294524 

ZONE I=5, J=5
0.480964 0.357721 18.3295 0.481934 0.356413 0.9 0.294524 
0.480946 0.365419 16.604 0.489296 0.354162 0.925 0.294524 
0.480932 0.373557 14.8784 0.497079 0.351786 0.95 0.294524 
0.480922 0.382135 13.1529 0.505284 0.349286 0.975 0.294524 
0.480914 0.391152 11.4273 0.513911 0.346661 1 0.294524 
0.494306 0.357744 18.3523 0.488833 0.365187 0.9 0.302706 
0.494289 0.365437 16.6268 0.496171 0.362878 0.925 0.302706 
0.494276 0.373569 14.9012 0.50393 0.360441 0.95 0.302706 
0.494267 0.382141 13.1757 0.512109 0.357876 0.975 0.302706 
0.494261 0.391153 11.4501 0.520709 0.355184 1 0.302706 
0.507646 0.357767 18.3751 0.495907 0.373869 0.9 0.310887 
0.507629 0.365455 16.6495 0.503221 0.371501 0.925 0.310887 
0.507616 0.373581 14.924 0.510954 0.369002 0.95 0.310887 
0.507607 0.382147 13.1985 0.519107 0.366373 0.975 0.310887 
0.507601 0.391152 11.4729 0.527678 0.363613 1 0.310887 
0.520986 0.357791 18.3979 0.503156 0.382458 0.9 0.319068 
0.520968 0.365473 16.6723 0.510445 0.380032 0.925 0.319068 
0.520954 0.373594 14.9468 0.518151 0.377471 0.95 0.319068 
0.520944 0.382153 13.2212 0.526276 0.374776 0.975 0.319068 
0.520937 0.391152 11.4957 0.534819 0.371947 1 0.319068 
0.534328 0.357815 18.4207 0.51058 0.390955 0.9 0.327249 
0.534308 0.365492 16.6951 0.517843 0.388469 0.925 0.327249 
0.534293 0.373606 14.9696 0.525522 0.385846 0.95 0.327249 
0.534281 0.38216 13.244 0.533618 0.383085 0.975 0.327249 
0.534272 0.391152 11.5185 0.54213 0.380187 1 0.327249 

ZONE I=5, J=5
0.534328 0.357815 18.4402 0.51058 0.390955 0.9 0.327249 
0.534308 0.365492 16.7056 0.517843 0.388469 0.925 0.327249 
0.534293 0.373606 14.9711 0.525522 0.385846 0.95 0.327249 
0.534281 0.38216 13.2366 0.533618 0.383085 0.975 0.327249 
0.534272 0.391152 11.502 0.54213 0.380187 1 0.327249 
0.547664 0.357841 18.4655 0.518175 0.399349 0.9 0.335431 
0.547645 0.365511 16.7309 0.525412 0.396807 0.925 0.335431 
0.54763 0.37362 14.9964 0.533064 0.394124 0.95 0.335431 
0.54762 0.382167 13.2619 0.541132 0.3913 0.975 0.335431 
0.547613 0.391153 11.5273 0.549614 0.388336 1 0.335431 
0.560997 0.357866 18.4908 0.525941 0.407642 0.9 0.343612 
0.560978 0.365531 16.7562 0.533151 0.405042 0.925 0.343612 
0.560964 0.373633 15.0217 0.540775 0.402299 0.95 0.343612 
0.560954 0.382174 13.2872 0.548813 0.399412 0.975 0.343612 
0.560948 0.391152 11.5526 0.557265 0.396381 1 0.343612 
0.57433 0.357892 18.516 0.533877 0.415833 0.9 0.351793 
0.574311 0.365551 16.7815 0.54106 0.413176 0.925 0.351793 
0.574295 0.373647 15.047 0.548655 0.410372 0.95 0.351793 
0.574284 0.382181 13.3125 0.556662 0.407421 0.975 0.351793 
0.574277 0.391152 11.5779 0.565082 0.404323 1 0.351793 
0.587666 0.357919 18.5413 0.541984 0.423923 0.9 0.359974 
0.587645 0.365571 16.8068 0.549138 0.421208 0.925 0.359974 
0.587628 0.373661 15.0723 0.556703 0.418342 0.95 0.359974 
0.587614 0.382188 13.3377 0.564679 0.415326 0.975 0.359974 
0.587605 0.391152 11.6032 0.573066 0.41216 1 0.359974 

ZONE I=5, J=5
0.587666 0.357919 18.5629 0.541984 0.423923 0.9 0.359974 
0.587645 0.365571 16.8184 0.549138 0.421208 0.925 0.359974 
0.587628 0.373661 15.0739 0.556703 0.418342 0.95 0.359974 
0.587614 0.382188 13.3295 0.564679 0.415326 0.975 0.359974 
0.587605 0.391152 11.585 0.573066 0.41216 1 0.359974 
0.600995 0.357947 18.5907 0.550257 0.431901 0.9 0.368156 
0.600975 0.365593 16.8462 0.557383 0.42913 0.925 0.368156 
0.600959 0.373676 15.1018 0.564919 0.426206 0.95 0.368156 
0.600947 0.382196 13.3573 0.572864 0.423129 0.975 0.368156 
0.60094 0.391153 11.6128 0.581218 0.419899 1 0.368156 
0.614321 0.357974 18.6185 0.558695 0.439768 0.9 0.376337 
0.614301 0.365614 16.8741 0.565793 0.436941 0.925 0.376337 
0.614285 0.37369 15.1296 0.573298 0.433958 0.95 0.376337 
0.614274 0.382203 13.3851 0.581211 0.430819 0.975 0.376337 
0.614267 0.391152 11.6407 0.589532 0.427524 1 0.376337 
0.627647 0.358003 18.6463 0.567299 0.447525 0.9 0.384518 
0.627626 0.365636 16.9019 0.574367 0.444642 0.925 0.384518 
0.627609 0.373705 15.1574 0.581841 0.441599 0.95 0.384518 
0.627597 0.38221 13.413 0.589721 0.438398 0.975 0.384518 
0.62759 0.391152 11.6685 0.598007 0.435037 1 0.384518 
0.640976 0.358032 18.6742 0.576069 0.455171 0.9 0.392699 
0.640953 0.365658 16.9297 0.583106 0.452232 0.925 0.392699 
0.640934 0.37372 15.1853 0.590547 0.449129 0.95 0.392699 
0.64092 0.382218 13.4408 0.598393 0.445864 0.975 0.392699 
0.64091 0.391152 11.6963 0.606643 0.442436 1 0.392699 

ZONE I=5, J=5
0.640976 0.358032 18.6978 0.576069 0.455171 0.9 0.392699 
0.640953 0.365658 16.9424 0.583106 0.452232 0.925 0.392699 
0.640934 0.37372 15.1871 0.590547 0.449129 0.95 0.392699 
0.64092 0.382218 13.4317 0.598393 0.445864 0.975 0.392699 
0.64091 0.391152 11.6764 0.606643 0.442436 1 0.392699 
0.654297 0.358062 18.7282 0.585 0.462696 0.9 0.400881 
0.654275 0.365681 16.9728 0.592006 0.459703 0.925 0.400881 
0.654257 0.373736 15.2175 0.599416 0.456544 0.95 0.400881 
0.654245 0.382227 13.4621 0.607228 0.453219 0.975 0.400881 
0.654237 0.391153 11.7068 0.615444 0.449728 1 0.400881 
0.667615 0.358092 18.7585 0.59409 0.470102 0.9 0.409062 
0.667593 0.365704 17.0032 0.601066 0.467054 0.925 0.409062 
0.667576 0.373752 15.2478 0.608443 0.463838 0.95 0.409062 
0.667564 0.382235 13.4925 0.616221 0.460453 0.975 0.409062 
0.667557 0.391152 11.7372 0.6244 0.456899 1 0.409062 
0.680933 0.358122 18.7889 0.603341 0.47739 0.9 0.417243 
0.68091 0.365728 17.0336 0.610285 0.474287 0.925 0.417243 
0.680892 0.373768 15.2782 0.617628 0.471012 0.95 0.417243 
0.680879 0.382243 13.5229 0.625371 0.467566 0.975 0.417243 
0.680871 0.391152 11.7675 0.633512 0.463948 1 0.417243 
0.694254 0.358154 18.8193 0.612753 0.484558 0.9 0.425424 
0.694229 0.365752 17.064 0.619664 0.4814 0.925 0.425424 
0.694209 0.373785 15.3086 0.626972 0.478066 0.95 0.425424 
0.694193 0.382251 13.5533 0.634677 0.474558 0.975 0.425424 
0.694183 0.391152 11.7979 0.642781 0.470875 1 0.425424 

ZONE I=5, J=5
0.694254 0.358154 18.845 0.612753 0.484558 0.9 0.425424 
0.694229 0.365752 17.0778 0.619664 0.4814 0.925 0.425424 
0.694209 0.373785 15.3106 0.626972 0.478066 0.95 0.425424 
0.694193 0.382251 13.5434 0.634677 0.474558 0.975 0.425424 
0.694183 0.391152 11.7762 0.642781 0.470875 1 0.425424 
0.707565 0.358186 18.878 0.622318 0.491595 0.9 0.433605 
0.707541 0.365777 17.1108 0.629197 0.488384 0.925 0.433605 
0.707522 0.373802 15.3436 0.636471 0.484995 0.95 0.433605 
0.707509 0.38226 13.5764 0.644141 0.481429 0.975 0.433605 
0.707501 0.391153 11.8092 0.652207 0.477686 1 0.433605 
0.720874 0.358218 18.911 0.632039 0.498504 0.9 0.441786 
0.72085 0.365802 17.1438 0.638884 0.495241 0.925 0.441786 
0.720832 0.373819 15.3766 0.646123 0.491797 0.95 0.441786 
0.720819 0.382269 13.6094 0.653757 0.488172 0.975 0.441786 
0.720811 0.391152 11.8422 0.661784 0.484367 1 0.441786 
0.734184 0.358251 18.944 0.641914 0.505288 0.9 0.449967 
0.734159 0.365827 17.1768 0.648725 0.50197 0.925 0.449967 
0.73414 0.373836 15.4096 0.655929 0.49847 0.95 0.449967 
0.734126 0.382277 13.6424 0.663524 0.494786 0.975 0.449967 
0.734117 0.391152 11.8752 0.671511 0.490918 1 0.449967 
0.747496 0.358285 18.977 0.651945 0.511944 0.9 0.458149 
0.74747 0.365853 17.2098 0.658721 0.508573 0.925 0.458149 
0.747448 0.373854 15.4426 0.665887 0.505015 0.95 0.458149 
0.747432 0.382287 13.6754 0.673443 0.50127 0.975 0.458149 
0.74742 0.391152 11.9082 0.681389 0.497339 1 0.458149 

ZONE I=5, J=5
0.747496 0.358285 19.0048 0.651945 0.511944 0.9 0.458149 
0.74747 0.365853 17.2248 0.658721 0.508573 0.925 0.458149 
0.747448 0.373854 15.4447 0.665887 0.505015 0.95 0.458149 
0.747432 0.382287 13.6646 0.673443 0.50127 0.975 0.458149 
0.74742 0.391152 11.8846 0.681389 0.497339 1 0.458149 
0.760798 0.358319 19.0404 0.662123 0.518459 0.9 0.46633 
0.760773 0.365879 17.2604 0.668864 0.515037 0.925 0.46633 
0.760753 0.373872 15.4803 0.675994 0.511426 0.95 0.46633 
0.760738 0.382296 13.7003 0.683513 0.507625 0.975 0.46633 
0.760729 0.391153 11.9202 0.691419 0.503635 1 0.46633 
0.774097 0.358354 19.0761 0.672449 0.524839 0.9 0.474511 
0.774072 0.365906 17.296 0.679156 0.521366 0.925 0.474511 
0.774053 0.37389 15.516 0.686248 0.517701 0.95 0.474511 
0.774039 0.382305 13.7359 0.693728 0.513843 0.975 0.474511 
0.77403 0.391152 11.9559 0.701594 0.509794 1 0.474511 
0.787397 0.358389 19.1117 0.682925 0.531084 0.9 0.482692 
0.787371 0.365933 17.3317 0.689595 0.527559 0.925 0.482692 
0.787351 0.373908 15.5516 0.69665 0.523839 0.95 0.482692 
0.787336 0.382315 13.7715 0.704089 0.519924 0.975 0.482692 
0.787326 0.391152 11.9915 0.711912 0.515814 1 0.482692 
0.8007 0.358424 19.1474 0.69355 0.537195 0.9 0.490874 
0.800672 0.36596 17.3673 0.700183 0.533617 0.925 0.490874 
0.800649 0.373927 15.5872 0.707198 0.529842 0.95 0.490874 
0.800632 0.382324 13.8072 0.714595 0.525868 0.975 0.490874 
0.800619 0.391152 12.0271 0.722375 0.521695 1 0.490874 

ZONE I=5, J=5
0.8007 0.358424 19.1773 0.69355 0.537195 0.9 0.490874 
0.800672 0.36596 17.3834 0.700183 0.533617 0.925 0.490874 
0.800649 0.373927 15.5895 0.707198 0.529842 0.95 0.490874 
0.800632 0.382324 13.7956 0.714595 0.525868 0.975 0.490874 
0.800619 0.391152 12.0017 0.722375 0.521695 1 0.490874 
0.813991 0.358461 19.2157 0.704314 0.543155 0.9 0.499055 
0.813964 0.365989 17.4218 0.710911 0.539529 0.925 0.499055 
0.813943 0.373946 15.6278 0.717888 0.535702 0.95 0.499055 
0.813928 0.382334 13.8339 0.725246 0.531674 0.975 0.499055 
0.813918 0.391153 12.04 0.732984 0.527445 1 0.499055 
0.82728 0.358497 19.254 0.715221 0.548973 0.9 0.507236 
0.827253 0.366017 17.4601 0.721781 0.545297 0.925 0.507236 
0.827233 0.373966 15.6662 0.728719 0.541417 0.95 0.507236 
0.827218 0.382344 13.8723 0.736035 0.537335 0.975 0.507236 
0.827209 0.391152 12.0783 0.74373 0.533048 1 0.507236 
0.840569 0.358535 19.2923 0.726271 0.554648 0.9 0.515417 
0.840542 0.366045 17.4984 0.732792 0.550921 0.925 0.515417 
0.84052 0.373985 15.7045 0.73969 0.546989 0.95 0.515417 
0.840504 0.382354 13.9106 0.746964 0.54285 0.975 0.515417 
0.840494 0.391152 12.1167 0.754614 0.538505 1 0.515417 
0.853862 0.358572 19.3306 0.737464 0.560179 0.9 0.523599 
0.853832 0.366074 17.5367 0.743946 0.556403 0.925 0.523599 
0.853807 0.374005 15.7428 0.750802 0.552416 0.95 0.523599 
0.853789 0.382364 13.9489 0.758032 0.54822 0.975 0.523599 
0.853776 0.391152 12.155 0.765636 0.543815 1 0.523599 

ZONE I=5, J=5
0.853862 0.358572 19.3628 0.737464 0.560179 0.9 0.523599 
0.853832 0.366074 17.554 0.743946 0.556403 0.925 0.523599 
0.853807 0.374005 15.7453 0.750802 0.552416 0.95 0.523599 
0.853789 0.382364 13.9365 0.758032 0.54822 0.975 0.523599 
0.853776 0.391152 12.1277 0.765636 0.543815 1 0.523599 
0.867141 0.358611 19.4039 0.748789 0.565554 0.9 0.53178 
0.867112 0.366104 17.5951 0.755233 0.56173 0.925 0.53178 
0.86709 0.374026 15.7863 0.762049 0.557694 0.95 0.53178 
0.867074 0.382375 13.9775 0.769237 0.553446 0.975 0.53178 
0.867064 0.391153 12.1687 0.776797 0.548986 1 0.53178 
0.880418 0.35865 19.4449 0.760249 0.570777 0.9 0.539961 
0.88039 0.366134 17.6361 0.766654 0.566905 0.925 0.539961 
0.880368 0.374046 15.8274 0.773429 0.562819 0.95 0.539961 
0.880352 0.382385 14.0186 0.780574 0.558518 0.975 0.539961 
0.880343 0.391152 12.2098 0.788089 0.554003 1 0.539961 
0.893696 0.358689 19.486 0.771846 0.57585 0.9 0.548142 
0.893666 0.366164 17.6772 0.778211 0.57193 0.925 0.548142 
0.893643 0.374066 15.8684 0.784943 0.567792 0.95 0.548142 
0.893627 0.382396 14.0596 0.792043 0.563438 0.975 0.548142 
0.893616 0.391152 12.2508 0.799512 0.558865 1 0.548142 
0.906976 0.358729 19.527 0.783578 0.580773 0.9 0.556324 
0.906945 0.366195 17.7182 0.789902 0.576803 0.925 0.556324 
0.906919 0.374087 15.9095 0.796591 0.572614 0.95 0.556324 
0.906899 0.382406 14.1007 0.803645 0.568204 0.975 0.556324 
0.906885 0.391152 12.2919 0.811065 0.563574 1 0.556324 

ZONE I=5, J=5
0.906976 0.358729 19.5615 0.783578 0.580773 0.9 0.556324 
0.906945 0.366195 17.7368 0.789902 0.576803 0.925 0.556324 
0.906919 0.374087 15.9121 0.796591 0.572614 0.95 0.556324 
0.906899 0.382406 14.0874 0.803645 0.568204 0.975 0.556324 
0.906885 0.391152 12.2627 0.811065 0.563574 1 0.556324 
0.920243 0.35877 19.6053 0.795435 0.58553 0.9 0.564505 
0.920213 0.366226 17.7806 0.801719 0.581515 0.925 0.564505 
0.920189 0.374109 15.9559 0.808366 0.577278 0.95 0.564505 
0.920172 0.382418 14.1312 0.815377 0.572818 0.975 0.564505 
0.920161 0.391153 12.3065 0.822751 0.568136 1 0.564505 
0.933507 0.35881 19.6491 0.807421 0.590129 0.9 0.572686 
0.933478 0.366257 17.8244 0.813664 0.586068 0.925 0.572686 
0.933454 0.37413 15.9997 0.820268 0.581782 0.95 0.572686 
0.933438 0.382428 14.175 0.827234 0.577272 0.975 0.572686 
0.933428 0.391152 12.3503 0.83456 0.572536 1 0.572686 
0.946772 0.358851 19.693 0.819535 0.59457 0.9 0.580867 
0.946741 0.366289 17.8683 0.825736 0.590463 0.925 0.580867 
0.946717 0.374152 16.0436 0.832296 0.586128 0.95 0.580867 
0.946699 0.382439 14.2189 0.839215 0.581565 0.975 0.580867 
0.946688 0.391152 12.3942 0.846492 0.576775 1 0.580867 
0.96004 0.358893 19.7368 0.831779 0.598853 0.9 0.589049 
0.960007 0.366321 17.9121 0.837936 0.594699 0.925 0.589049 
0.95998 0.374174 16.0874 0.84445 0.590314 0.95 0.589049 
0.959959 0.382451 14.2627 0.851321 0.585698 0.975 0.589049 
0.959944 0.391152 12.438 0.858548 0.580851 1 0.589049 

ZONE I=5, J=5
0.96004 0.358893 19.7735 0.831779 0.598853 0.9 0.589049 
0.960007 0.366321 17.9319 0.837936 0.594699 0.925 0.589049 
0.95998 0.374174 16.0902 0.84445 0.590314 0.95 0.589049 
0.959959 0.382451 14.2485 0.851321 0.585698 0.975 0.589049 
0.959944 0.391152 12.4068 0.858548 0.580851 1 0.589049 
0.973292 0.358936 19.8202 0.844138 0.602963 0.9 0.59723 
0.973261 0.366354 17.9785 0.850254 0.598765 0.925 0.59723 
0.973236 0.374197 16.1368 0.856725 0.594335 0.95 0.59723 
0.973218 0.382463 14.2952 0.86355 0.589671 0.975 0.59723 
0.973207 0.391153 12.4535 0.87073 0.584775 1 0.59723 
0.986543 0.358979 19.8669 0.856619 0.606908 0.9 0.605411 
0.986512 0.366387 18.0252 0.862693 0.602667 0.925 0.605411 
0.986488 0.374219 16.1835 0.869119 0.59819 0.95 0.605411 
0.98647 0.382474 14.3418 0.875897 0.593477 0.975 0.605411 
0.98646 0.391152 12.5001 0.883027 0.58853 1 0.605411 
0.999794 0.359022 19.9135 0.86922 0.610689 0.9 0.613592 
0.999762 0.36642 18.0718 0.875251 0.606402 0.925 0.613592 
0.999736 0.374241 16.2302 0.88163 0.601878 0.95 0.613592 
0.999718 0.382485 14.3885 0.88836 0.597116 0.975 0.613592 
0.999706 0.391152 12.5468 0.895439 0.592116 1 0.613592 
1.01305 0.359066 19.9602 0.881943 0.614304 0.9 0.621774 
1.01301 0.366454 18.1185 0.887929 0.609972 0.925 0.621774 
1.01298 0.374265 16.2768 0.894261 0.6054 0.95 0.621774 
1.01296 0.382497 14.4351 0.90094 0.600587 0.975 0.621774 
1.01295 0.391152 12.5935 0.907966 0.595533 1 0.621774 

ZONE I=5, J=5
1.01305 0.359066 19.9993 0.881943 0.614304 0.9 0.621774 
1.01301 0.366454 18.1395 0.887929 0.609972 0.925 0.621774 
1.01298 0.374265 16.2798 0.894261 0.6054 0.95 0.621774 
1.01296 0.382497 14.4201 0.90094 0.600587 0.975 0.621774 
1.01295 0.391152 12.5603 0.907966 0.595533 1 0.621774 
1.02629 0.35911 20.0488 0.894774 0.617739 0.9 0.629955 
1.02625 0.366489 18.1891 0.900717 0.613366 0.925 0.629955 
1.02623 0.374288 16.3294 0.907004 0.60875 0.95 0.629955 
1.02621 0.38251 14.4696 0.913636 0.603892 0.975 0.629955 
1.0262 0.391153 12.6099 0.920613 0.59879 1 0.629955 
1.03952 0.359155 20.0984 0.907718 0.621003 0.9 0.638136 
1.03949 0.366523 18.2387 0.913616 0.616588 0.925 0.638136 
1.03946 0.374312 16.3789 0.919857 0.611928 0.95 0.638136 
1.03945 0.382521 14.5192 0.926441 0.607022 0.975 0.638136 
1.03943 0.391152 12.6594 0.933367 0.601872 1 0.638136 
1.05276 0.3592 20.1479 0.920775 0.624095 0.9 0.646317 
1.05272 0.366557 18.2882 0.926628 0.619637 0.925 0.646317 
1.0527 0.374335 16.4285 0.932821 0.614932 0.95 0.646317 
1.05268 0.382533 14.5687 0.939354 0.609979 0.975 0.646317 
1.05266 0.391152 12.709 0.946227 0.604778 1 0.646317 
1.06599 0.359246 20.1975 0.933944 0.627015 0.9 0.654498 
1.06596 0.366593 18.3378 0.939751 0.622514 0.925 0.654498 
1.06593 0.374359 16.478 0.945895 0.617762 0.95 0.654498 
1.0659 0.382546 14.6183 0.952376 0.61276 0.975 0.654498 
1.06589 0.391152 12.7585 0.959194 0.607508 1 0.654498 

ZONE I=5, J=5
1.06599 0.359246 20.239 0.933944 0.627015 0.9 0.654498 
1.06596 0.366593 18.3601 0.939751 0.622514 0.925 0.654498 
1.06593 0.374359 16.4812 0.945895 0.617762 0.95 0.654498 
1.0659 0.382546 14.6022 0.952376 0.61276 0.975 0.654498 
1.06589 0.391152 12.7233 0.959194 0.607508 1 0.654498 
1.07922 0.359292 20.2915 0.947215 0.629748 0.9 0.66268 
1.07918 0.366629 18.4126 0.952977 0.625208 0.925 0.66268 
1.07916 0.374384 16.5337 0.959075 0.620415 0.95 0.66268 
1.07914 0.382559 14.6547 0.965507 0.61537 0.975 0.66268 
1.07912 0.391153 12.7758 0.972274 0.610073 1 0.66268 
1.09244 0.359339 20.344 0.96059 0.632304 0.9 0.670861 
1.0924 0.366664 18.4651 0.966307 0.627724 0.925 0.670861 
1.09238 0.374408 16.5862 0.972356 0.622889 0.95 0.670861 
1.09236 0.382571 14.7072 0.978738 0.617799 0.975 0.670861 
1.09235 0.391152 12.8283 0.985453 0.612456 1 0.670861 
1.10565 0.359385 20.3965 0.974069 0.634681 0.9 0.679042 
1.10562 0.3667 18.5176 0.979739 0.63006 0.925 0.679042 
1.10559 0.374433 16.6387 0.985739 0.625182 0.95 0.679042 
1.10557 0.382583 14.7597 0.992069 0.620048 0.975 0.679042 
1.10556 0.391152 12.8808 0.998729 0.614656 1 0.679042 
1.11888 0.359433 20.449 0.987652 0.636881 0.9 0.687223 
1.11884 0.366737 18.5701 0.993274 0.632218 0.925 0.687223 
1.11881 0.374458 16.6912 0.999223 0.627296 0.95 0.687223 
1.11878 0.382596 14.8122 1.0055 0.622115 0.975 0.687223 
1.11877 0.391152 12.9333 1.0121 0.616674 1 0.687223 

ZONE I=5, J=5
1.11888 0.359433 20.493 0.987652 0.636881 0.9 0.687223 
1.11884 0.366737 18.5937 0.993274 0.632218 0.925 0.687223 
1.11881 0.374458 16.6945 0.999223 0.627296 0.95 0.687223 
1.11878 0.382596 14.7953 1.0055 0.622115 0.975 0.687223 
1.11877 0.391152 12.8961 1.0121 0.616674 1 0.687223 
1.13208 0.359481 20.5485 1.00133 0.638887 0.9 0.695405 
1.13205 0.366774 18.6493 1.0069 0.634187 0.925 0.695405 
1.13202 0.374484 16.75 1.01281 0.629226 0.95 0.695405 
1.132 0.38261 14.8508 1.01903 0.624004 0.975 0.695405 
1.13198 0.391153 12.9516 1.02558 0.618521 1 0.695405 
1.14528 0.359529 20.604 1.0151 0.640709 0.9 0.703586 
1.14525 0.366811 18.7048 1.02063 0.635972 0.925 0.703586 
1.14522 0.374509 16.8055 1.02648 0.630971 0.95 0.703586 
1.1452 0.382623 14.9063 1.03265 0.625707 0.975 0.703586 
1.14519 0.391152 13.0071 1.03915 0.620179 1 0.703586 
1.15848 0.359578 20.6595 1.02897 0.642348 0.9 0.711767 
1.15845 0.366848 18.7603 1.03445 0.637572 0.925 0.711767 
1.15842 0.374534 16.8611 1.04025 0.63253 0.95 0.711767 
1.1584 0.382635 14.9618 1.04637 0.627222 0.975 0.711767 
1.15838 0.391152 13.0626 1.05281 0.621649 1 0.711767 
1.17169 0.359627 20.715 1.04293 0.643802 0.9 0.719948 
1.17165 0.366886 18.8158 1.04836 0.638987 0.925 0.719948 
1.17162 0.37456 16.9166 1.05411 0.633903 0.95 0.719948 
1.17159 0.382649 15.0174 1.06017 0.628551 0.975 0.719948 
1.17157 0.391152 13.1181 1.06656 0.622931 1 0.719948 

ZONE I=5, J=5
1.17169 0.359627 20.7615 1.04293 0.643802 0.9 0.719948 
1.17165 0.366886 18.8408 1.04836 0.638987 0.925 0.719948 
1.17162 0.37456 16.9201 1.05411 0.633903 0.95 0.719948 
1.17159 0.382649 14.9994 1.06017 0.628551 0.975 0.719948 
1.17157 0.391152 13.0787 1.06656 0.622931 1 0.719948 
1.18487 0.359678 20.8201 1.05697 0.645057 0.9 0.72813 
1.18484 0.366925 18.8994 1.06236 0.640207 0.925 0.72813 
1.18481 0.374587 16.9787 1.06806 0.635086 0.95 0.72813 
1.18479 0.382663 15.058 1.07407 0.629696 0.975 0.72813 
1.18477 0.391153 13.1373 1.0804 0.624036 1 0.72813 
1.19806 0.359727 20.8787 1.07111 0.646123 0.9 0.736311 
1.19802 0.366963 18.958 1.07644 0.641236 0.925 0.736311 
1.19799 0.374613 17.0373 1.08209 0.636078 0.95 0.736311 
1.19797 0.382676 15.1166 1.08805 0.630648 0.975 0.736311 
1.19796 0.391152 13.1959 1.09432 0.624947 1 0.736311 
1.21124 0.359777 20.9373 1.08532 0.646999 0.9 0.744492 
1.2112 0.367002 19.0166 1.09061 0.642076 0.925 0.744492 
1.21117 0.374639 17.0959 1.09621 0.636879 0.95 0.744492 
1.21115 0.382689 15.1752 1.10211 0.631408 0.975 0.744492 
1.21113 0.391152 13.2545 1.10833 0.625664 1 0.744492 
1.22442 0.359829 20.9959 1.09963 0.647685 0.9 0.752673 
1.22438 0.367041 19.0752 1.10487 0.642725 0.925 0.752673 
1.22435 0.374666 17.1545 1.11041 0.637489 0.95 0.752673 
1.22432 0.382703 15.2338 1.11626 0.631976 0.975 0.752673 
1.2243 0.391152 13.3131 1.12241 0.626186 1 0.752673 

ZONE I=5, J=5
1.22442 0.359829 21.0449 1.09963 0.647685 0.9 0.752673 
1.22438 0.367041 19.1016 1.10487 0.642725 0.925 0.752673 
1.22435 0.374666 17.1583 1.11041 0.637489 0.95 0.752673 
1.22432 0.382703 15.2149 1.11626 0.631976 0.975 0.752673 
1.2243 0.391152 13.2716 1.12241 0.626186 1 0.752673 
1.23759 0.35988 21.1067 1.11401 0.648167 0.9 0.760855 
1.23755 0.367081 19.1634 1.1192 0.643174 0.925 0.760855 
1.23752 0.374694 17.22 1.12469 0.637903 0.95 0.760855 
1.2375 0.382718 15.2767 1.13049 0.632354 0.975 0.760855 
1.23748 0.391153 13.3333 1.13659 0.626527 1 0.760855 
1.25075 0.359932 21.1685 1.12847 0.648453 0.9 0.769036 
1.25071 0.367121 19.2251 1.13361 0.643427 0.925 0.769036 
1.25068 0.374721 17.2818 1.13905 0.638121 0.95 0.769036 
1.25066 0.382731 15.3384 1.14479 0.632535 0.975 0.769036 
1.25065 0.391152 13.3951 1.15083 0.626669 1 0.769036 
1.26391 0.359984 21.2302 1.143 0.648546 0.9 0.777217 
1.26387 0.367161 19.2869 1.14809 0.643485 0.925 0.777217 
1.26384 0.374748 17.3435 1.15348 0.638142 0.95 0.777217 
1.26382 0.382745 15.4002 1.15916 0.632518 0.975 0.777217 
1.2638 0.391152 13.4568 1.16514 0.626611 1 0.777217 
1.27707 0.360037 21.292 1.15761 0.648443 0.9 0.785398 
1.27703 0.367201 19.3486 1.16265 0.643347 0.925 0.785398 
1.277 0.374776 17.4053 1.16798 0.637967 0.95 0.785398 
1.27697 0.382759 15.4619 1.17361 0.632303 0.975 0.785398 
1.27695 0.391152 13.5186 1.17953 0.626354 1 0.785398 

ZONE I=5, J=5
1.27707 0.360037 21.3437 1.15761 0.648443 0.9 0.785398 
1.27703 0.367201 19.3764 1.16265 0.643347 0.925 0.785398 
1.277 0.374776 17.4092 1.16798 0.637967 0.95 0.785398 
1.27697 0.382759 15.442 1.17361 0.632303 0.975 0.785398 
1.27695 0.391152 13.4748 1.17953 0.626354 1 0.785398 
1.29022 0.36009 21.4086 1.17229 0.64813 0.9 0.79358 
1.29018 0.367243 19.4414 1.17727 0.643004 0.925 0.79358 
1.29015 0.374804 17.4742 1.18255 0.637592 0.95 0.79358 
1.29012 0.382774 15.507 1.18813 0.631894 0.975 0.79358 
1.29011 0.391153 13.5398 1.19399 0.625911 1 0.79358 
1.30336 0.360143 21.4736 1.18703 0.647618 0.9 0.801761 
1.30332 0.367283 19.5064 1.19197 0.64246 0.925 0.801761 
1.30329 0.374832 17.5392 1.19719 0.637015 0.95 0.801761 
1.30327 0.382788 15.572 1.20271 0.631283 0.975 0.801761 
1.30325 0.391152 13.6048 1.20852 0.625263 1 0.801761 
1.3165 0.360196 21.5386 1.20184 0.646906 0.9 0.809942 
1.31646 0.367324 19.5714 1.20672 0.641716 0.925 0.809942 
1.31642 0.374859 17.6042 1.2119 0.636237 0.95 0.809942 
1.3164 0.382802 15.637 1.21736 0.630469 0.975 0.809942 
1.31639 0.391152 13.6698 1.2231 0.624411 1 0.809942 
1.32964 0.360251 21.6036 1.21672 0.645995 0.9 0.818123 
1.32959 0.367366 19.6364 1.22155 0.640772 0.925 0.818123 
1.32956 0.374888 17.6692 1.22667 0.635258 0.95 0.818123 
1.32953 0.382817 15.702 1.23207 0.629452 0.975 0.818123 
1.32951 0.391152 13.7348 1.23775 0.623355 1 0.818123 

ZONE I=5, J=5
1.32964 0.360251 21.658 1.21672 0.645995 0.9 0.818123 
1.32959 0.367366 19.6657 1.22155 0.640772 0.925 0.818123 
1.32956 0.374888 17.6734 1.22667 0.635258 0.95 0.818123 
1.32953 0.382817 15.681 1.23207 0.629452 0.975 0.818123 
1.32951 0.391152 13.6887 1.23775 0.623355 1 0.818123 
1.34276 0.360306 21.7263 1.23165 0.644869 0.9 0.826305 
1.34272 0.367409 19.734 1.23643 0.639618 0.925 0.826305 
1.34268 0.374917 17.7417 1.2415 0.634074 0.95 0.826305 
1.34266 0.382832 15.7493 1.24684 0.628237 0.975 0.826305 
1.34265 0.391153 13.757 1.25247 0.622107 1 0.826305 
1.35587 0.36036 21.7946 1.24664 0.643539 0.9 0.834486 
1.35583 0.36745 19.8023 1.25137 0.638259 0.925 0.834486 
1.3558 0.374946 17.81 1.25638 0.632684 0.95 0.834486 
1.35578 0.382847 15.8177 1.26167 0.626815 0.975 0.834486 
1.35577 0.391152 13.8253 1.26724 0.620651 1 0.834486 
1.36899 0.360415 21.8629 1.26169 0.642005 0.9 0.842667 
1.36895 0.367492 19.8706 1.26637 0.636695 0.925 0.842667 
1.36891 0.374974 17.8783 1.27132 0.631089 0.95 0.842667 
1.36889 0.382861 15.886 1.27655 0.625186 0.975 0.842667 
1.36887 0.391152 13.8936 1.28206 0.618987 1 0.842667 
1.3821 0.360471 21.9312 1.27679 0.640268 0.9 0.850848 
1.38206 0.367536 19.9389 1.28142 0.634927 0.925 0.850848 
1.38202 0.375004 17.9466 1.28632 0.629288 0.95 0.850848 
1.38199 0.382876 15.9543 1.29149 0.62335 0.975 0.850848 
1.38197 0.391152 13.962 1.29693 0.617114 1 0.850848 

ZONE I=5, J=5
1.3821 0.360471 21.9883 1.27679 0.640268 0.9 0.850848 
1.38206 0.367536 19.9696 1.28142 0.634927 0.925 0.850848 
1.38202 0.375004 17.951 1.28632 0.629288 0.95 0.850848 
1.38199 0.382876 15.9323 1.29149 0.62335 0.975 0.850848 
1.38197 0.391152 13.9136 1.29693 0.617114 1 0.850848 
1.3952 0.360527 22.06 1.29194 0.638311 0.9 0.859029 
1.39516 0.367579 20.0413 1.29652 0.632944 0.925 0.859029 
1.39512 0.375034 18.0227 1.30136 0.627278 0.95 0.859029 
1.3951 0.382892 16.004 1.30648 0.621312 0.975 0.859029 
1.39508 0.391153 13.9853 1.31186 0.615046 1 0.859029 
1.40829 0.360583 22.1317 1.30714 0.636147 0.9 0.86721 
1.40825 0.367622 20.113 1.31166 0.630753 0.925 0.86721 
1.40822 0.375063 18.0944 1.31645 0.625058 0.95 0.86721 
1.40819 0.382907 16.0757 1.32151 0.619062 0.975 0.86721 
1.40818 0.391152 14.057 1.32683 0.612766 1 0.86721 
1.42138 0.360639 22.2034 1.32239 0.633775 0.9 0.875391 
1.42134 0.367665 20.1848 1.32685 0.628353 0.925 0.875391 
1.4213 0.375093 18.1661 1.33159 0.622629 0.95 0.875391 
1.42128 0.382921 16.1474 1.33658 0.616602 0.975 0.875391 
1.42126 0.391152 14.1287 1.34185 0.610273 1 0.875391 
1.43447 0.360697 22.2751 1.33768 0.631194 0.9 0.883573 
1.43442 0.367709 20.2565 1.3421 0.625745 0.925 0.883573 
1.43438 0.375123 18.2378 1.34677 0.61999 0.95 0.883573 
1.43436 0.382937 16.2191 1.3517 0.613931 0.975 0.883573 
1.43433 0.391152 14.2004 1.3569 0.607567 1 0.883573 

ZONE I=5, J=5
1.43447 0.360697 22.335 1.33768 0.631194 0.9 0.883573 
1.43442 0.367709 20.2887 1.3421 0.625745 0.925 0.883573 
1.43438 0.375123 18.2424 1.34677 0.61999 0.95 0.883573 
1.43436 0.382937 16.1961 1.3517 0.613931 0.975 0.883573 
1.43433 0.391152 14.1498 1.3569 0.607567 1 0.883573 
1.44753 0.360754 22.4102 1.35301 0.628392 0.9 0.891754 
1.44749 0.367754 20.3639 1.35737 0.622918 0.925 0.891754 
1.44746 0.375154 18.3176 1.36199 0.617139 0.95 0.891754 
1.44743 0.382953 16.2713 1.36687 0.611053 0.975 0.891754 
1.44742 0.391153 14.225 1.37201 0.604662 1 0.891754 
1.4606 0.360812 22.4854 1.36837 0.625378 0.9 0.899935 
1.46056 0.367798 20.4391 1.37268 0.619879 0.925 0.899935 
1.46052 0.375184 18.3928 1.37725 0.614074 0.95 0.899935 
1.4605 0.382968 16.3465 1.38207 0.607962 0.975 0.899935 
1.46048 0.391152 14.3002 1.38714 0.601542 1 0.899935 
1.47366 0.360869 22.5606 1.38377 0.622152 0.9 0.908116 
1.47362 0.367842 20.5143 1.38803 0.616629 0.925 0.908116 
1.47358 0.375214 18.468 1.39254 0.610796 0.95 0.908116 
1.47356 0.382984 16.4217 1.3973 0.604655 0.975 0.908116 
1.47354 0.391152 14.3754 1.40231 0.598206 1 0.908116 
1.48672 0.360928 22.6358 1.39921 0.618715 0.9 0.916298 
1.48668 0.367887 20.5895 1.40341 0.613166 0.925 0.916298 
1.48664 0.375245 18.5432 1.40786 0.607305 0.95 0.916298 
1.48661 0.383 16.4969 1.41256 0.601135 0.975 0.916298 
1.48659 0.391152 14.4506 1.41751 0.594653 1 0.916298 

ZONE I=5, J=5
1.48672 0.360928 22.6983 1.39921 0.618715 0.9 0.916298 
1.48668 0.367887 20.6232 1.40341 0.613166 0.925 0.916298 
1.48664 0.375245 18.548 1.40786 0.607305 0.95 0.916298 
1.48661 0.383 16.4729 1.41256 0.601135 0.975 0.916298 
1.48659 0.391152 14.3977 1.41751 0.594653 1 0.916298 
1.49976 0.360987 22.7771 1.41467 0.615053 0.9 0.924479 
1.49972 0.367933 20.702 1.41882 0.609481 0.925 0.924479 
1.49968 0.375276 18.6268 1.42322 0.603599 0.95 0.924479 
1.49966 0.383016 16.5517 1.42786 0.597405 0.975 0.924479 
1.49964 0.391153 14.4765 1.43274 0.590899 1 0.924479 
1.51279 0.361045 22.8559 1.43016 0.611176 0.9 0.93266 
1.51275 0.367978 20.7808 1.43426 0.605582 0.925 0.93266 
1.51272 0.375307 18.7056 1.4386 0.599676 0.95 0.93266 
1.51269 0.383032 16.6305 1.44318 0.593457 0.975 0.93266 
1.51268 0.391152 14.5553 1.448 0.586925 1 0.93266 
1.52582 0.361104 22.9347 1.44568 0.607084 0.9 0.940841 
1.52578 0.368023 20.8596 1.44972 0.601468 0.925 0.940841 
1.52575 0.375338 18.7844 1.454 0.595537 0.95 0.940841 
1.52572 0.383047 16.7093 1.45852 0.589292 0.975 0.940841 
1.5257 0.391152 14.6341 1.46328 0.582733 1 0.940841 
1.53886 0.361164 23.0135 1.46122 0.602778 0.9 0.949023 
1.53881 0.36807 20.9384 1.46521 0.597138 0.925 0.949023 
1.53877 0.375369 18.8632 1.46943 0.591182 0.95 0.949023 
1.53874 0.383064 16.7881 1.47389 0.58491 0.975 0.949023 
1.53872 0.391152 14.7129 1.47858 0.578322 1 0.949023 

ZONE I=5, J=5
1.53886 0.361164 23.0781 1.46122 0.602778 0.9 0.949023 
1.53881 0.36807 20.9732 1.46521 0.597138 0.925 0.949023 
1.53877 0.375369 18.8682 1.46943 0.591182 0.95 0.949023 
1.53874 0.383064 16.7633 1.47389 0.58491 0.975 0.949023 
1.53872 0.391152 14.6583 1.47858 0.578322 1 0.949023 
1.55186 0.361225 23.1606 1.47678 0.598244 0.9 0.957204 
1.55182 0.368116 21.0557 1.48071 0.592584 0.925 0.957204 
1.55178 0.375402 18.9507 1.48488 0.586608 0.95 0.957204 
1.55176 0.38308 16.8458 1.48928 0.580315 0.975 0.957204 
1.55174 0.391153 14.7408 1.49391 0.573706 1 0.957204 
1.56487 0.361284 23.2431 1.49235 0.593493 0.9 0.965385 
1.56482 0.368162 21.1382 1.49622 0.587813 0.925 0.965385 
1.56479 0.375433 19.0332 1.50034 0.581816 0.95 0.965385 
1.56477 0.383096 16.9283 1.50468 0.575501 0.975 0.965385 
1.56475 0.391152 14.8233 1.50925 0.568868 1 0.965385 
1.57786 0.361344 23.3256 1.50793 0.588524 0.9 0.973566 
1.57782 0.368208 21.2207 1.51176 0.582824 0.925 0.973566 
1.57779 0.375464 19.1157 1.51581 0.576805 0.95 0.973566 
1.57776 0.383112 17.0108 1.52009 0.570466 0.975 0.973566 
1.57775 0.391152 14.9058 1.5246 0.563809 1 0.973566 
1.59086 0.361405 23.4082 1.52354 0.583338 0.9 0.981748 
1.59082 0.368256 21.3032 1.52731 0.577617 0.925 0.981748 
1.59078 0.375497 19.1982 1.5313 0.571575 0.95 0.981748 
1.59075 0.383129 17.0933 1.53551 0.565212 0.975 0.981748 
1.59073 0.391152 14.9883 1.53995 0.558529 1 0.981748 

ZONE I=5, J=5
1.59086 0.361405 23.4733 1.52354 0.583338 0.9 0.981748 
1.59082 0.368256 21.3383 1.52731 0.577617 0.925 0.981748 
1.59078 0.375497 19.2033 1.5313 0.571575 0.95 0.981748 
1.59075 0.383129 17.0683 1.53551 0.565212 0.975 0.981748 
1.59073 0.391152 14.9334 1.53995 0.558529 1 0.981748 
1.60384 0.361467 23.5596 1.53914 0.577922 0.9 0.989929 
1.60379 0.368303 21.4246 1.54286 0.572184 0.925 0.989929 
1.60376 0.37553 19.2897 1.54679 0.566124 0.95 0.989929 
1.60374 0.383146 17.1547 1.55095 0.559743 0.975 0.989929 
1.60372 0.391153 15.0197 1.55533 0.553041 1 0.989929 
1.6168 0.361528 23.6459 1.55475 0.572287 0.9 0.99811 
1.61676 0.36835 21.511 1.55841 0.566531 0.925 0.99811 
1.61673 0.375562 19.376 1.56229 0.560453 0.95 0.99811 
1.61671 0.383162 17.241 1.56639 0.554053 0.975 0.99811 
1.6167 0.391152 15.106 1.57071 0.547331 1 0.99811 
1.62977 0.361589 23.7323 1.57036 0.566433 0.9 1.00629 
1.62972 0.368398 21.5973 1.57397 0.560658 0.925 1.00629 
1.62969 0.375594 19.4623 1.57779 0.554561 0.95 1.00629 
1.62967 0.383179 17.3274 1.58183 0.548141 0.975 1.00629 
1.62966 0.391152 15.1924 1.58609 0.541398 1 1.00629 
1.64273 0.361651 23.8186 1.58598 0.56036 0.9 1.01447 
1.64268 0.368446 21.6836 1.58953 0.554566 0.925 1.01447 
1.64265 0.375628 19.5487 1.59329 0.548449 0.95 1.01447 
1.64262 0.383197 17.4137 1.59727 0.542008 0.975 1.01447 
1.6426 0.391152 15.2787 1.60146 0.535243 1 1.01447 

ZONE I=5, J=5
1.64273 0.361651 23.8793 1.58598 0.56036 0.9 1.01447 
1.64268 0.368446 21.7164 1.58953 0.554566 0.925 1.01447 
1.64265 0.375628 19.5535 1.59329 0.548449 0.95 1.01447 
1.64262 0.383197 17.3905 1.59727 0.542008 0.975 1.01447 
1.6426 0.391152 15.2276 1.60146 0.535243 1 1.01447 
1.65567 0.361715 23.9697 1.6016 0.55405 0.9 1.02266 
1.65563 0.368495 21.8068 1.6051 0.548242 0.925 1.02266 
1.6556 0.375662 19.6438 1.60881 0.54211 0.95 1.02266 
1.65558 0.383214 17.4809 1.61272 0.535653 0.975 1.02266 
1.65557 0.391153 15.318 1.61685 0.528871 1 1.02266 
1.66861 0.361777 24.0601 1.6172 0.54752 0.9 1.03084 
1.66857 0.368544 21.8972 1.62065 0.541697 0.925 1.03084 
1.66854 0.375695 19.7342 1.6243 0.535549 0.95 1.03084 
1.66852 0.383231 17.5713 1.62816 0.529077 0.975 1.03084 
1.66852 0.391152 15.4084 1.63223 0.522279 1 1.03084 
1.68153 0.361839 24.1505 1.6328 0.54077 0.9 1.03902 
1.68149 0.368592 21.9875 1.63619 0.534932 0.925 1.03902 
1.68147 0.375729 19.8246 1.63979 0.528768 0.95 1.03902 
1.68145 0.383248 17.6617 1.64359 0.522279 0.975 1.03902 
1.68145 0.391152 15.4987 1.64759 0.515465 1 1.03902 
1.69444 0.361902 24.2409 1.64838 0.533801 0.9 1.0472 
1.69441 0.368643 22.0779 1.65172 0.527946 0.925 1.0472 
1.69438 0.375764 19.915 1.65526 0.521766 0.95 1.0472 
1.69437 0.383268 17.7521 1.659 0.515261 0.975 1.0472 
1.69437 0.391152 15.5891 1.66294 0.508431 1 1.0472 

ZONE I=5, J=5
1.69444 0.361902 24.2824 1.64838 0.533801 0.9 1.0472 
1.69441 0.368643 22.1004 1.65172 0.527946 0.925 1.0472 
1.69438 0.375764 19.9184 1.65526 0.521766 0.95 1.0472 
1.69437 0.383268 17.7363 1.659 0.515261 0.975 1.0472 
1.69437 0.391152 15.5543 1.66294 0.508431 1 1.0472 
1.70734 0.361969 24.3771 1.66395 0.526599 0.9 1.05538 
1.70731 0.368694 22.1951 1.66724 0.520733 0.925 1.05538 
1.70729 0.375799 20.0131 1.67072 0.514541 0.95 1.05538 
1.70728 0.383286 17.831 1.67441 0.508023 0.975 1.05538 
1.70729 0.391153 15.649 1.67829 0.501179 1 1.05538 
1.72022 0.362033 24.4718 1.67949 0.519172 0.9 1.06356 
1.7202 0.368744 22.2898 1.68273 0.513295 0.925 1.06356 
1.72019 0.375835 20.1078 1.68617 0.507091 0.95 1.06356 
1.72019 0.383304 17.9257 1.68979 0.500562 0.975 1.06356 
1.7202 0.391152 15.7437 1.69362 0.493707 1 1.06356 
1.73309 0.362095 24.5665 1.69501 0.511521 0.9 1.07174 
1.73308 0.368796 22.3845 1.69821 0.505631 0.925 1.07174 
1.73307 0.375872 20.2025 1.70159 0.499416 0.95 1.07174 
1.73308 0.383324 18.0204 1.70517 0.492878 0.975 1.07174 
1.73311 0.391152 15.8384 1.70893 0.486015 1 1.07174 
1.74595 0.362157 24.6612 1.71051 0.503645 0.9 1.07992 
1.74595 0.368849 22.4792 1.71366 0.497741 0.925 1.07992 
1.74595 0.375912 20.2972 1.717 0.491516 0.95 1.07992 
1.74597 0.383346 18.1151 1.72052 0.48497 0.975 1.07992 
1.74601 0.391152 15.9331 1.72423 0.478101 1 1.07992 

ZONE I=5, J=5
1.74595 0.362157 24.6408 1.71051 0.503645 0.9 1.07992 
1.74595 0.368849 22.4684 1.71366 0.497741 0.925 1.07992 
1.74595 0.375912 20.296 1.717 0.491516 0.95 1.07992 
1.74597 0.383346 18.1236 1.72052 0.48497 0.975 1.07992 
1.74601 0.391152 15.9512 1.72423 0.478101 1 1.07992 
1.7588 0.36223 24.7407 1.72599 0.495541 0.9 1.0881 
1.75881 0.368904 22.5683 1.72909 0.489631 0.925 1.0881 
1.75882 0.375949 20.3958 1.73237 0.483398 0.95 1.0881 
1.75885 0.383365 18.2234 1.73584 0.476843 0.975 1.0881 
1.75889 0.391153 16.051 1.73949 0.469964 1 1.0881 
1.77163 0.362296 24.8405 1.74142 0.487203 0.9 1.09628 
1.77165 0.368959 22.6681 1.74449 0.481287 0.925 1.09628 
1.77168 0.375989 20.4957 1.74773 0.475049 0.95 1.09628 
1.77173 0.383387 18.3232 1.75115 0.468491 0.975 1.09628 
1.77179 0.391152 16.1508 1.75476 0.461611 1 1.09628 
1.78442 0.362359 24.9403 1.75681 0.478633 0.9 1.10446 
1.78447 0.369016 22.7679 1.75985 0.472708 0.925 1.10446 
1.78453 0.376034 20.5955 1.76306 0.466469 0.95 1.10446 
1.78461 0.383413 18.4231 1.76645 0.459913 0.975 1.10446 
1.78471 0.391152 16.2507 1.77001 0.453043 1 1.10446 
1.79719 0.362419 25.0402 1.77215 0.46983 0.9 1.11265 
1.79728 0.369076 22.8677 1.77517 0.463897 0.925 1.11265 
1.79738 0.376084 20.6953 1.77836 0.457657 0.95 1.11265 
1.7975 0.383443 18.5229 1.78173 0.451111 0.975 1.11265 
1.79764 0.391152 16.3505 1.78526 0.444258 1 1.11265 

ZONE I=5, J=5
1.79719 0.362419 24.837 1.77215 0.46983 0.9 1.11265 
1.79728 0.369076 22.759 1.77517 0.463897 0.925 1.11265 
1.79738 0.376084 20.681 1.77836 0.457657 0.95 1.11265 
1.7975 0.383443 18.603 1.78173 0.451111 0.975 1.11265 
1.79764 0.391152 16.525 1.78526 0.444258 1 1.11265 
1.80999 0.362501 24.9436 1.78749 0.46081 0.9 1.12083 
1.8101 0.369139 22.8656 1.79047 0.454879 0.925 1.12083 
1.81022 0.376127 20.7876 1.79362 0.448639 0.95 1.12083 
1.81035 0.383465 18.7096 1.79694 0.442092 0.975 1.12083 
1.81051 0.391152 16.6316 1.80042 0.435236 1 1.12083 
1.82271 0.362569 25.0502 1.80273 0.451549 0.9 1.12901 
1.82286 0.369202 22.9722 1.8057 0.44562 0.925 1.12901 
1.82304 0.376176 20.8942 1.80884 0.439389 0.95 1.12901 
1.82322 0.383493 18.8162 1.81214 0.432854 0.975 1.12901 
1.82343 0.391152 16.7382 1.8156 0.426017 1 1.12901 
1.83535 0.362627 25.1568 1.81786 0.442048 0.9 1.13719 
1.83559 0.369266 23.0788 1.82086 0.436122 0.925 1.13719 
1.83584 0.376233 21.0008 1.82402 0.429905 0.95 1.13719 
1.83611 0.383529 18.9228 1.82733 0.423399 0.975 1.13719 
1.8364 0.391153 16.8448 1.83079 0.416602 1 1.13719 
1.84792 0.362676 25.2633 1.83288 0.432305 0.9 1.14537 
1.84826 0.369334 23.1853 1.83594 0.426383 0.925 1.14537 
1.84863 0.376299 21.1073 1.83915 0.420189 0.95 1.14537 
1.84902 0.383572 19.0293 1.84251 0.413725 0.975 1.14537 
1.84943 0.391152 16.9513 1.84601 0.406991 1 1.14537 

ZONE I=5, J=5
1.84792 0.362676 24.5847 1.83288 0.432305 0.9 1.14537 
1.84826 0.369334 22.8253 1.83594 0.426383 0.925 1.14537 
1.84863 0.376299 21.0658 1.83915 0.420189 0.95 1.14537 
1.84902 0.383572 19.3064 1.84251 0.413725 0.975 1.14537 
1.84943 0.391152 17.5469 1.84601 0.406991 1 1.14537 
1.86058 0.362755 24.693 1.84796 0.422357 0.9 1.15355 
1.861 0.369407 22.9335 1.85104 0.416447 0.925 1.15355 
1.86143 0.376358 21.1741 1.85426 0.410269 0.95 1.15355 
1.86188 0.383606 19.4146 1.8576 0.403822 0.975 1.15355 
1.86233 0.391152 17.6552 1.86107 0.397106 1 1.15355 
1.87308 0.362778 24.8013 1.86283 0.412176 0.9 1.16173 
1.87363 0.369439 23.0418 1.86599 0.406286 0.925 1.16173 
1.87419 0.376388 21.2823 1.86926 0.400131 0.95 1.16173 
1.87475 0.383626 19.5229 1.87265 0.393712 0.975 1.16173 
1.8753 0.391152 17.7634 1.87616 0.387029 1 1.16173 
1.88542 0.362748 24.9095 1.87749 0.401762 0.9 1.16991 
1.88616 0.369431 23.1501 1.88078 0.395897 0.925 1.16991 
1.8869 0.376393 21.3906 1.88418 0.389774 0.95 1.16991 
1.88763 0.383634 19.6311 1.88768 0.383395 0.975 1.16991 
1.88836 0.391153 17.8717 1.89129 0.376757 1 1.16991 
1.89761 0.36267 25.0178 1.89195 0.391115 0.9 1.1781 
1.89858 0.369389 23.2583 1.89542 0.385281 0.925 1.1781 
1.89956 0.376375 21.4989 1.899 0.3792 0.95 1.1781 
1.90053 0.38363 19.7394 1.90267 0.37287 0.975 1.1781 
1.90151 0.391152 17.9799 1.90645 0.366293 1 1.1781 

ZONE I=5, J=5
1.89761 0.36267 23.7316 1.89195 0.391115 0.9 1.1781 
1.89858 0.369389 22.5605 1.89542 0.385281 0.925 1.1781 
1.89956 0.376375 21.3895 1.899 0.3792 0.95 1.1781 
1.90053 0.38363 20.2184 1.90267 0.37287 0.975 1.1781 
1.90151 0.391152 19.0474 1.90645 0.366293 1 1.1781 
1.90994 0.362453 23.8082 1.90644 0.380454 0.9 1.18628 
1.91098 0.369194 22.6372 1.90993 0.374592 0.925 1.18628 
1.91202 0.376243 21.4661 1.91353 0.368448 0.95 1.18628 
1.91306 0.383598 20.2951 1.91726 0.362023 0.975 1.18628 
1.91412 0.391261 19.1241 1.92112 0.355315 1 1.18628 
1.9221 0.361883 23.8849 1.92058 0.369843 0.9 1.19446 
1.92321 0.368633 22.7138 1.92409 0.363974 0.925 1.19446 
1.92434 0.375708 21.5428 1.92775 0.35781 0.95 1.19446 
1.92549 0.383107 20.3718 1.93154 0.351352 0.975 1.19446 
1.92666 0.390831 19.2007 1.93547 0.3446 1 1.19446 
1.93406 0.360967 23.9616 1.93438 0.359282 0.9 1.20264 
1.93527 0.36771 22.7905 1.93793 0.353425 0.925 1.20264 
1.93652 0.374774 21.6195 1.94164 0.347284 0.95 1.20264 
1.93781 0.382159 20.4484 1.9455 0.340858 0.975 1.20264 
1.93914 0.389865 19.2774 1.94951 0.334147 1 1.20264 
1.94583 0.359709 24.0382 1.94782 0.34877 0.9 1.21082 
1.94716 0.36643 22.8672 1.95143 0.342946 0.925 1.21082 
1.94855 0.373446 21.6961 1.9552 0.33687 0.95 1.21082 
1.95 0.380758 20.5251 1.95914 0.33054 0.975 1.21082 
1.95153 0.388365 19.354 1.96325 0.323956 1 1.21082 

ZONE I=5, J=5
1.94583 0.359709 23.2795 1.94782 0.34877 0.9 1.21082 
1.94716 0.36643 22.4752 1.95143 0.342946 0.925 1.21082 
1.94855 0.373446 21.6708 1.9552 0.33687 0.95 1.21082 
1.95 0.380758 20.8665 1.95914 0.33054 0.975 1.21082 
1.95153 0.388365 20.0622 1.96325 0.323956 1 1.21082 
1.9576 0.357925 23.3916 1.96104 0.338558 0.9 1.219 
1.95905 0.364637 22.5873 1.96472 0.332757 0.925 1.219 
1.96057 0.371613 21.7829 1.96854 0.326731 0.95 1.219 
1.96215 0.378853 20.9786 1.97253 0.32048 0.975 1.219 
1.96381 0.386358 20.1743 1.97667 0.314004 1 1.219 
1.96922 0.355732 23.5037 1.97395 0.328483 0.9 1.22718 
1.97083 0.36241 22.6994 1.97771 0.322735 0.925 1.22718 
1.9725 0.369332 21.895 1.98162 0.316783 0.95 1.22718 
1.97425 0.376498 21.0907 1.98568 0.310625 0.975 1.22718 
1.97607 0.383909 20.2864 1.98989 0.304262 1 1.22718 
1.98068 0.353134 23.6158 1.98654 0.318542 0.9 1.23536 
1.98247 0.359753 22.8114 1.99041 0.312882 0.925 1.23536 
1.98434 0.366607 22.0071 1.99443 0.307026 0.95 1.23536 
1.98629 0.373695 21.2028 1.9986 0.300975 0.975 1.23536 
1.98832 0.381017 20.3985 2.00293 0.294728 1 1.23536 
1.99197 0.350136 23.7279 1.9988 0.308736 0.9 1.24355 
1.99398 0.35667 22.9235 2.00281 0.303197 0.925 1.24355 
1.99608 0.363439 22.1192 2.00697 0.297462 0.95 1.24355 
1.99827 0.370445 21.3149 2.01129 0.29153 0.975 1.24355 
2.00053 0.377686 20.5106 2.01577 0.285403 1 1.24355 

ZONE I=5, J=5
1.99197 0.350136 23.4883 1.9988 0.308736 0.9 1.24355 
1.99398 0.35667 22.7936 2.00281 0.303197 0.925 1.24355 
1.99608 0.363439 22.099 2.00697 0.297462 0.95 1.24355 
1.99827 0.370445 21.4044 2.01129 0.29153 0.975 1.24355 
2.00053 0.377686 20.7098 2.01577 0.285403 1 1.24355 
2.00318 0.346697 23.5949 2.01083 0.299158 0.9 1.25173 
2.00538 0.353169 22.9002 2.01495 0.293704 0.925 1.25173 
2.00768 0.359863 22.2056 2.01923 0.288068 0.95 1.25173 
2.01006 0.366778 21.511 2.02366 0.28225 0.975 1.25173 
2.01253 0.373913 20.8163 2.02824 0.27625 1 1.25173 
2.01422 0.342875 23.7015 2.02255 0.289718 0.9 1.25991 
2.01663 0.34927 23.0068 2.0268 0.284365 0.925 1.25991 
2.01912 0.355876 22.3122 2.0312 0.278839 0.95 1.25991 
2.02171 0.362692 21.6176 2.03575 0.273141 0.975 1.25991 
2.02439 0.36972 20.9229 2.04045 0.26727 1 1.25991 
2.0251 0.338675 23.808 2.03398 0.280415 0.9 1.26809 
2.02771 0.344975 23.1134 2.03835 0.275178 0.925 1.26809 
2.03041 0.351481 22.4188 2.04287 0.269774 0.95 1.26809 
2.03321 0.358193 21.7242 2.04755 0.264203 0.975 1.26809 
2.03611 0.36511 21.0295 2.05238 0.258465 1 1.26809 
2.0358 0.3341 23.9146 2.04512 0.271251 0.9 1.27627 
2.03861 0.34029 23.22 2.04961 0.266145 0.925 1.27627 
2.04153 0.346685 22.5254 2.05426 0.260873 0.95 1.27627 
2.04456 0.353284 21.8308 2.05907 0.255437 0.975 1.27627 
2.04769 0.360087 21.1361 2.06404 0.249834 1 1.27627 

ZONE I=5, J=5
2.0358 0.3341 23.8785 2.04512 0.271251 0.9 1.27627 
2.03861 0.34029 23.2005 2.04961 0.266145 0.925 1.27627 
2.04153 0.346685 22.5224 2.05426 0.260873 0.95 1.27627 
2.04456 0.353284 21.8444 2.05907 0.255437 0.975 1.27627 
2.04769 0.360087 21.1664 2.06404 0.249834 1 1.27627 
2.04633 0.329141 23.9793 2.05598 0.262249 0.9 1.28445 
2.04935 0.335226 23.3012 2.06059 0.257263 0.925 1.28445 
2.05247 0.341508 22.6232 2.06536 0.252119 0.95 1.28445 
2.0557 0.347987 21.9452 2.07029 0.246817 0.975 1.28445 
2.05904 0.354663 21.2672 2.07538 0.241356 1 1.28445 
2.05668 0.323824 24.08 2.06654 0.253372 0.9 1.29263 
2.05989 0.329796 23.402 2.07127 0.248512 0.925 1.29263 
2.06321 0.335959 22.724 2.07615 0.243499 0.95 1.29263 
2.06665 0.342312 22.046 2.08121 0.238334 0.975 1.29263 
2.0702 0.348855 21.3679 2.08642 0.233017 1 1.29263 
2.06683 0.318157 24.1808 2.07682 0.244622 0.9 1.30081 
2.07023 0.324006 23.5028 2.08165 0.239892 0.925 1.30081 
2.07375 0.330041 22.8247 2.08666 0.235014 0.95 1.30081 
2.07739 0.336262 22.1467 2.09182 0.229989 0.975 1.30081 
2.08115 0.342669 21.4687 2.09716 0.224817 1 1.30081 
2.07678 0.312142 24.2816 2.0868 0.235997 0.9 1.309 
2.08036 0.31786 23.6035 2.09175 0.231403 0.925 1.309 
2.08408 0.32376 22.9255 2.09686 0.226664 0.95 1.309 
2.08792 0.329844 22.2475 2.10214 0.221782 0.975 1.309 
2.09188 0.33611 21.5695 2.1076 0.216755 1 1.309 

ZONE I=5, J=5
2.07678 0.312142 24.3167 2.0868 0.235997 0.9 1.309 
2.08036 0.31786 23.6225 2.09175 0.231403 0.925 1.309 
2.08408 0.32376 22.9283 2.09686 0.226664 0.95 1.309 
2.08792 0.329844 22.2341 2.10214 0.221782 0.975 1.309 
2.09188 0.33611 21.5398 2.1076 0.216755 1 1.309 
2.0865 0.305798 24.41 2.09648 0.2275 0.9 1.31718 
2.09027 0.31138 23.7158 2.10153 0.223042 0.925 1.31718 
2.09417 0.317141 23.0216 2.10675 0.218445 0.95 1.31718 
2.0982 0.323079 22.3273 2.11215 0.213709 0.975 1.31718 
2.10237 0.329195 21.6331 2.11771 0.208833 1 1.31718 
2.09599 0.299133 24.5033 2.10586 0.219115 0.9 1.32536 
2.09994 0.304576 23.809 2.11101 0.214794 0.925 1.32536 
2.10402 0.310192 23.1148 2.11634 0.210339 0.95 1.32536 
2.10825 0.315981 22.4206 2.12184 0.205749 0.975 1.32536 
2.1126 0.321942 21.7264 2.12752 0.201026 1 1.32536 
2.10525 0.292154 24.5965 2.11495 0.210842 0.9 1.33354 
2.10937 0.297453 23.9023 2.12019 0.20666 0.925 1.33354 
2.11363 0.30292 23.2081 2.12562 0.202347 0.95 1.33354 
2.11803 0.308555 22.5139 2.13122 0.197904 0.975 1.33354 
2.12258 0.314358 21.8197 2.137 0.193332 1 1.33354 
2.11428 0.284866 24.6898 2.12373 0.202683 0.9 1.34172 
2.11856 0.290016 23.9956 2.12907 0.198639 0.925 1.34172 
2.12299 0.29533 23.3014 2.13459 0.194469 0.95 1.34172 
2.12757 0.300808 22.6072 2.14029 0.190173 0.975 1.34172 
2.13229 0.306449 21.9129 2.14617 0.185752 1 1.34172 

ZONE I=5, J=5
2.11428 0.284866 24.7465 2.12373 0.202683 0.9 1.34172 
2.11856 0.290016 24.0261 2.12907 0.198639 0.925 1.34172 
2.12299 0.29533 23.3058 2.13459 0.194469 0.95 1.34172 
2.12757 0.300808 22.5854 2.14029 0.190173 0.975 1.34172 
2.13229 0.306449 21.865 2.14617 0.185752 1 1.34172 
2.12304 0.277291 24.8306 2.13221 0.194617 0.9 1.3499 
2.12749 0.282287 24.1103 2.13764 0.190717 0.925 1.3499 
2.13208 0.28744 23.3899 2.14326 0.186695 0.95 1.3499 
2.13683 0.292753 22.6695 2.14905 0.182552 0.975 1.3499 
2.14173 0.298224 21.9492 2.15503 0.178287 1 1.3499 
2.13156 0.269433 24.9148 2.14039 0.186644 0.9 1.35808 
2.13615 0.274271 24.1944 2.14591 0.182887 0.925 1.35808 
2.14091 0.279261 23.474 2.15161 0.179012 0.95 1.35808 
2.14582 0.284406 22.7537 2.15749 0.17502 0.975 1.35808 
2.15088 0.289703 22.0333 2.16357 0.170912 1 1.35808 
2.13981 0.261298 24.9989 2.14828 0.178764 0.9 1.36626 
2.14455 0.265974 24.2786 2.15387 0.175148 0.925 1.36626 
2.14945 0.2708 23.5582 2.15965 0.17142 0.95 1.36626 
2.15452 0.275773 22.8378 2.16562 0.167579 0.975 1.36626 
2.15975 0.280895 22.1175 2.17178 0.163625 1 1.36626 
2.14779 0.25289 25.0831 2.15586 0.170976 0.9 1.37445 
2.15267 0.257404 24.3627 2.16153 0.167501 0.925 1.37445 
2.15772 0.262061 23.6423 2.16739 0.163918 0.95 1.37445 
2.16294 0.266862 22.922 2.17344 0.160227 0.975 1.37445 
2.16832 0.271806 22.2016 2.17968 0.156427 1 1.37445 

ZONE I=5, J=5
2.14779 0.25289 25.1422 2.15586 0.170976 0.9 1.37445 
2.15267 0.257404 24.3946 2.16153 0.167501 0.925 1.37445 
2.15772 0.262061 23.647 2.16739 0.163918 0.95 1.37445 
2.16294 0.266862 22.8994 2.17344 0.160227 0.975 1.37445 
2.16832 0.271806 22.1517 2.17968 0.156427 1 1.37445 
2.15548 0.244245 25.2158 2.16312 0.163267 0.9 1.38263 
2.1605 0.248589 24.4681 2.16887 0.159938 0.925 1.38263 
2.16569 0.253071 23.7205 2.1748 0.156506 0.95 1.38263 
2.17105 0.257691 22.9729 2.18093 0.15297 0.975 1.38263 
2.17658 0.26245 22.2253 2.18726 0.14933 1 1.38263 
2.16289 0.235359 25.2893 2.17008 0.155635 0.9 1.39081 
2.16804 0.239532 24.5417 2.1759 0.152452 0.925 1.39081 
2.17336 0.243837 23.794 2.18191 0.149169 0.95 1.39081 
2.17886 0.248276 23.0464 2.18811 0.145787 0.975 1.39081 
2.18454 0.252847 22.2988 2.19451 0.142305 1 1.39081 
2.17001 0.22624 25.3628 2.17674 0.148081 0.9 1.39899 
2.17528 0.23024 24.6152 2.18262 0.145041 0.925 1.39899 
2.18073 0.234368 23.8676 2.1887 0.141906 0.95 1.39899 
2.18636 0.238622 23.1199 2.19497 0.138676 0.975 1.39899 
2.19217 0.243005 22.3723 2.20144 0.135351 1 1.39899 
2.17684 0.216894 25.4363 2.18309 0.140604 0.9 1.40717 
2.18223 0.22072 24.6887 2.18903 0.137707 0.925 1.40717 
2.18779 0.224668 23.9411 2.19517 0.134718 0.95 1.40717 
2.19355 0.228738 23.1935 2.20151 0.131639 0.975 1.40717 
2.19948 0.232931 22.4459 2.20805 0.12847 1 1.40717 

ZONE I=5, J=5
2.17684 0.216894 25.4901 2.18309 0.140604 0.9 1.40717 
2.18223 0.22072 24.7177 2.18903 0.137707 0.925 1.40717 
2.18779 0.224668 23.9453 2.19517 0.134718 0.95 1.40717 
2.19355 0.228738 23.1729 2.20151 0.131639 0.975 1.40717 
2.19948 0.232931 22.4004 2.20805 0.12847 1 1.40717 
2.18336 0.207348 25.5518 2.18913 0.133184 0.9 1.41535 
2.18886 0.210993 24.7794 2.19513 0.130434 0.925 1.41535 
2.19454 0.214756 24.007 2.20133 0.127598 0.95 1.41535 
2.20041 0.218634 23.2346 2.20773 0.124675 0.975 1.41535 
2.20647 0.222629 22.4622 2.21433 0.121666 1 1.41535 
2.18957 0.1976 25.6136 2.19486 0.125824 0.9 1.42353 
2.19517 0.201065 24.8411 2.20092 0.12322 0.925 1.42353 
2.20097 0.20464 24.0687 2.20717 0.120533 0.95 1.42353 
2.20695 0.208326 23.2963 2.21363 0.117765 0.975 1.42353 
2.21313 0.212123 22.5239 2.2203 0.114916 1 1.42353 
2.19548 0.187658 25.6753 2.20029 0.118523 0.9 1.43171 
2.20118 0.190941 24.9028 2.2064 0.116063 0.925 1.43171 
2.20708 0.194328 24.1304 2.21271 0.113525 0.95 1.43171 
2.21317 0.197821 23.358 2.21922 0.110911 0.975 1.43171 
2.21945 0.201419 22.5856 2.22594 0.108218 1 1.43171 
2.20107 0.177528 25.737 2.20541 0.111281 0.9 1.4399 
2.20687 0.180628 24.9646 2.21157 0.108964 0.925 1.4399 
2.21286 0.183828 24.1921 2.21792 0.106573 0.95 1.4399 
2.21905 0.187127 23.4197 2.22449 0.10411 0.975 1.4399 
2.22543 0.190525 22.6473 2.23126 0.101575 1 1.4399 

ZONE I=5, J=5
2.20107 0.177528 25.7821 2.20541 0.111281 0.9 1.4399 
2.20687 0.180628 24.9889 2.21157 0.108964 0.925 1.4399 
2.21286 0.183828 24.1957 2.21792 0.106573 0.95 1.4399 
2.21905 0.187127 23.4025 2.22449 0.10411 0.975 1.4399 
2.22543 0.190525 22.6093 2.23126 0.101575 1 1.4399 
2.20634 0.167246 25.831 2.21022 0.104086 0.9 1.44808 
2.21222 0.170159 25.0378 2.21642 0.101916 0.925 1.44808 
2.21831 0.173164 24.2446 2.22282 0.0996777 0.95 1.44808 
2.22459 0.176263 23.4514 2.22943 0.0973708 0.975 1.44808 
2.23107 0.179456 22.6582 2.23626 0.0949957 1 1.44808 
2.21128 0.156808 25.88 2.21472 0.0969382 0.9 1.45626 
2.21725 0.159532 25.0868 2.22095 0.0949138 0.925 1.45626 
2.22342 0.162344 24.2936 2.2274 0.0928255 0.95 1.45626 
2.22979 0.165243 23.5004 2.23406 0.0906735 0.975 1.45626 
2.23636 0.168229 22.7072 2.24093 0.0884577 1 1.45626 
2.2159 0.146221 25.9289 2.21891 0.0898364 0.9 1.46444 
2.22194 0.148757 25.1357 2.22518 0.0879564 0.925 1.46444 
2.22819 0.151374 24.3425 2.23167 0.0860171 0.95 1.46444 
2.23464 0.154072 23.5493 2.23837 0.0840185 0.975 1.46444 
2.24129 0.156852 22.7561 2.24528 0.0819606 1 1.46444 
2.2202 0.135492 25.9779 2.22279 0.0827809 0.9 1.47262 
2.22631 0.137839 25.1847 2.2291 0.081044 0.925 1.47262 
2.23262 0.140262 24.3915 2.23562 0.0792523 0.95 1.47262 
2.23914 0.14276 23.5983 2.24236 0.0774058 0.975 1.47262 
2.24587 0.145333 22.8051 2.2493 0.0755045 1 1.47262 

ZONE I=5, J=5
2.2202 0.135492 26.0126 2.22279 0.0827809 0.9 1.47262 
2.22631 0.137839 25.2034 2.2291 0.081044 0.925 1.47262 
2.23262 0.140262 24.3942 2.23562 0.0792523 0.95 1.47262 
2.23914 0.14276 23.585 2.24236 0.0774058 0.975 1.47262 
2.24587 0.145333 22.7758 2.2493 0.0755045 1 1.47262 
2.22415 0.124646 26.0481 2.22635 0.0757563 0.9 1.4808 
2.23033 0.1268 25.2389 2.2327 0.0741659 0.925 1.4808 
2.23671 0.129024 24.4296 2.23925 0.0725252 0.95 1.4808 
2.2433 0.131316 23.6204 2.24602 0.0708343 0.975 1.4808 
2.2501 0.133678 22.8112 2.25301 0.0690931 1 1.4808 
2.22777 0.113683 26.0835 2.22961 0.068762 0.9 1.48898 
2.23401 0.115644 25.2743 2.23598 0.067317 0.925 1.48898 
2.24045 0.117668 24.4651 2.24257 0.0658263 0.95 1.48898 
2.2471 0.119755 23.6559 2.24937 0.06429 0.975 1.48898 
2.25397 0.121906 22.8467 2.25639 0.0627079 1 1.48898 
2.23106 0.10261 26.119 2.23256 0.061798 0.9 1.49716 
2.23734 0.104378 25.3098 2.23896 0.0604974 0.925 1.49716 
2.24384 0.106203 24.5005 2.24557 0.0591557 0.95 1.49716 
2.25055 0.108084 23.6913 2.25241 0.0577729 0.975 1.49716 
2.25748 0.110023 22.8821 2.25945 0.0563489 1 1.49716 
2.234 0.0914347 26.1544 2.2352 0.0548641 0.9 1.50535 
2.24034 0.0930093 25.3452 2.24162 0.0537071 0.925 1.50535 
2.24688 0.0946346 24.536 2.24826 0.0525134 0.95 1.50535 
2.25365 0.0963106 23.7268 2.25512 0.0512831 0.975 1.50535 
2.26062 0.0980374 22.9176 2.26219 0.0500162 1 1.50535 

ZONE I=5, J=5
2.234 0.0914347 26.178 2.2352 0.0548641 0.9 1.50535 
2.24034 0.0930093 25.3579 2.24162 0.0537071 0.925 1.50535 
2.24688 0.0946346 24.5379 2.24826 0.0525134 0.95 1.50535 
2.25365 0.0963106 23.7178 2.25512 0.0512831 0.975 1.50535 
2.26062 0.0980374 22.8977 2.26219 0.0500162 1 1.50535 
2.23661 0.0801889 26.1994 2.23753 0.0479548 0.9 1.51353 
2.24298 0.0815674 25.3794 2.24397 0.0469434 0.925 1.51353 
2.24957 0.0829904 24.5593 2.25063 0.0458999 0.95 1.51353 
2.25638 0.0844578 23.7393 2.25751 0.0448244 0.975 1.51353 
2.2634 0.0859697 22.9192 2.26461 0.0437169 1 1.51353 
2.23886 0.0688719 26.2209 2.23955 0.0410645 0.9 1.52171 
2.24527 0.0700543 25.4009 2.24601 0.0401981 0.925 1.52171 
2.2519 0.0712748 24.5808 2.25269 0.0393042 0.95 1.52171 
2.25875 0.0725335 23.7607 2.25959 0.0383829 0.975 1.52171 
2.26581 0.0738303 22.9407 2.2667 0.0374342 1 1.52171 
2.24078 0.0574912 26.2424 2.24125 0.0341933 0.9 1.52989 
2.24722 0.0584774 25.4223 2.24773 0.0334713 0.925 1.52989 
2.25388 0.0594955 24.6023 2.25442 0.0327264 0.95 1.52989 
2.26075 0.0605455 23.7822 2.26134 0.0319585 0.975 1.52989 
2.26785 0.0616272 22.9622 2.26847 0.0311678 1 1.52989 
2.24235 0.046054 26.2639 2.24265 0.0273413 0.9 1.53807 
2.24881 0.0468443 25.4438 2.24914 0.0267629 0.925 1.53807 
2.2555 0.0476602 24.6237 2.25585 0.0261663 0.95 1.53807 
2.2624 0.0485015 23.8037 2.26277 0.0255513 0.975 1.53807 
2.26952 0.0493683 22.9836 2.26992 0.024918 1 1.53807 

ZONE I=5, J=5
2.24235 0.046054 26.2758 2.24265 0.0273413 0.9 1.53807 
2.24881 0.0468443 25.4502 2.24914 0.0267629 0.925 1.53807 
2.2555 0.0476602 24.6247 2.25585 0.0261663 0.95 1.53807 
2.2624 0.0485015 23.7992 2.26277 0.0255513 0.975 1.53807 
2.26952 0.0493683 22.9736 2.26992 0.024918 1 1.53807 
2.24357 0.0345794 26.2829 2.24374 0.0204996 0.9 1.54625 
2.25005 0.0351722 25.4574 2.25024 0.0200661 0.925 1.54625 
2.25675 0.0357842 24.6319 2.25695 0.0196189 0.95 1.54625 
2.26368 0.0364153 23.8063 2.26389 0.0191579 0.975 1.54625 
2.27082 0.0370656 22.9808 2.27105 0.0186832 1 1.54625 
2.24444 0.0230725 26.2901 2.24451 0.0136622 0.9 1.55443 
2.25094 0.0234677 25.4646 2.25102 0.0133734 0.925 1.55443 
2.25765 0.0238757 24.639 2.25774 0.0130754 0.95 1.55443 
2.26459 0.0242964 23.8135 2.26469 0.0127682 0.975 1.55443 
2.27175 0.0247299 22.988 2.27185 0.012452 1 1.55443 
2.24496 0.0115408 26.2973 2.24498 0.00682896 0.9 1.56261 
2.25147 0.0117383 25.4717 2.25149 0.00668465 0.925 1.56261 
2.2582 0.0119423 24.6462 2.25822 0.00653575 0.95 1.56261 
2.26514 0.0121526 23.8207 2.26517 0.00638228 0.975 1.56261 
2.27231 0.0123693 22.9952 2.27234 0.00622422 1 1.56261 
2.24514 -8.24685e-06 26.3045 2.24514 0 0.9 1.5708 
2.25165 -8.27076e-06 25.4789 2.25165 0 0.925 1.5708 
2.25838 -8.29548e-06 24.6534 2.25838 0 0.95 1.5708 
2.26533 -8.32101e-06 23.8279 2.26533 0 0.975 1.5708 
2.2725 -8.34735e-06 23.0023 2.2725 0 1 1.5708 

