ZONE I=5, J=5
0 0.359109 17.0698 0.359109 0 0.9 0 
0 0.367081 15.4497 0.367081 0 0.925 0 
0 0.375509 13.8297 0.375509 0 0.95 0 
0 0.384392 12.2097 0.384392 0 0.975 0 
0 0.39373 10.5896 0.39373 0 1 0 
0.0132177 0.35911 17.0712 0.359206 0.0102793 0.9 0.00818126 
0.0132172 0.367082 15.4511 0.367177 0.0102136 0.925 0.00818126 
0.0132169 0.375509 13.8311 0.375605 0.0101443 0.95 0.00818126 
0.0132167 0.384392 12.2111 0.384487 0.0100714 0.975 0.00818126 
0.0132165 0.39373 10.591 0.393825 0.00999493 1 0.00818126 
0.0264326 0.359111 17.0726 0.359495 0.0205533 0.9 0.0163625 
0.0264316 0.367082 15.4525 0.367466 0.020422 0.925 0.0163625 
0.0264309 0.37551 13.8325 0.375892 0.0202834 0.95 0.0163625 
0.0264304 0.384392 12.2124 0.384773 0.0201375 0.975 0.0163625 
0.0264301 0.39373 10.5924 0.39411 0.0199845 1 0.0163625 
0.0396471 0.359113 17.0739 0.359977 0.0308221 0.9 0.0245437 
0.0396457 0.367084 15.4539 0.367946 0.030625 0.925 0.0245437 
0.0396445 0.37551 13.8339 0.37637 0.0304171 0.95 0.0245437 
0.0396437 0.384393 12.2138 0.38525 0.0301983 0.975 0.0245437 
0.0396432 0.39373 10.5938 0.394585 0.0299686 1 0.0245437 
0.0528639 0.359115 17.0753 0.360652 0.0410857 0.9 0.0327249 
0.0528618 0.367086 15.4553 0.368619 0.0408228 0.925 0.0327249 
0.0528602 0.375512 13.8352 0.37704 0.0405455 0.95 0.0327249 
0.052859 0.384393 12.2152 0.385917 0.0402537 0.975 0.0327249 
0.0528581 0.39373 10.5952 0.395249 0.0399474 1 0.0327249 

ZONE I=5, J=5
0.0528639 0.359115 17.0775 0.360652 0.0410857 0.9 0.0327249 
0.0528618 0.367086 15.4566 0.368619 0.0408228 0.925 0.0327249 
0.0528602 0.375512 13.8356 0.37704 0.0405455 0.95 0.0327249 
0.052859 0.384393 12.2147 0.385917 0.0402537 0.975 0.0327249 
0.0528581 0.39373 10.5938 0.395249 0.0399474 1 0.0327249 
0.0660808 0.359118 17.0808 0.36152 0.0513395 0.9 0.0409062 
0.0660784 0.367088 15.4599 0.369483 0.0510111 0.925 0.0409062 
0.0660765 0.375513 13.839 0.377901 0.0506647 0.95 0.0409062 
0.0660752 0.384394 12.2181 0.386775 0.0503002 0.975 0.0409062 
0.0660744 0.393731 10.5972 0.396103 0.0499176 1 0.0409062 
0.0792951 0.359122 17.0841 0.36258 0.0615783 0.9 0.0490874 
0.0792922 0.367091 15.4632 0.370539 0.0611844 0.925 0.0490874 
0.07929 0.375515 13.8423 0.378953 0.0607688 0.95 0.0490874 
0.0792884 0.384395 12.2214 0.387823 0.0603316 0.975 0.0490874 
0.0792875 0.39373 10.6005 0.397147 0.0598726 1 0.0490874 
0.0925093 0.359126 17.0874 0.363832 0.0718023 0.9 0.0572686 
0.0925059 0.367094 15.4665 0.371787 0.0713428 0.925 0.0572686 
0.0925032 0.375517 13.8456 0.380196 0.0708579 0.95 0.0572686 
0.0925012 0.384396 12.2247 0.389061 0.0703478 0.975 0.0572686 
0.0925 0.39373 10.6038 0.398379 0.0698123 1 0.0572686 
0.105726 0.359131 17.0907 0.365277 0.0820113 0.9 0.0654498 
0.105722 0.367098 15.4698 0.373226 0.0814861 0.925 0.0654498 
0.105718 0.37552 13.8489 0.38163 0.080932 0.95 0.0654498 
0.105716 0.384398 12.228 0.390489 0.0803489 0.975 0.0654498 
0.105714 0.39373 10.6071 0.399802 0.0797368 1 0.0654498 

ZONE I=5, J=5
0.105726 0.359131 17.0948 0.365277 0.0820113 0.9 0.0654498 
0.105722 0.367098 15.4722 0.373226 0.0814861 0.925 0.0654498 
0.105718 0.37552 13.8496 0.38163 0.080932 0.95 0.0654498 
0.105716 0.384398 12.227 0.390489 0.0803489 0.975 0.0654498 
0.105714 0.39373 10.6044 0.399802 0.0797368 1 0.0654498 
0.118942 0.359136 17.1005 0.366913 0.0921996 0.9 0.0736311 
0.118937 0.367102 15.4779 0.374857 0.0916092 0.925 0.073631 
0.118934 0.375523 13.8553 0.383255 0.0909864 0.95 0.0736311 
0.118931 0.384399 12.2327 0.392107 0.090331 0.975 0.0736311 
0.11893 0.393731 10.61 0.401413 0.0896431 1 0.0736311 
0.132155 0.359143 17.1061 0.368741 0.102363 0.9 0.0818123 
0.13215 0.367107 15.4835 0.376678 0.101708 0.925 0.0818123 
0.132146 0.375526 13.8609 0.385069 0.101016 0.95 0.0818123 
0.132144 0.384401 12.2383 0.393914 0.100288 0.975 0.0818123 
0.132142 0.39373 10.6157 0.403212 0.0995241 1 0.0818123 
0.145368 0.359149 17.1118 0.370761 0.112502 0.9 0.0899936 
0.145363 0.367112 15.4892 0.378691 0.111781 0.925 0.0899936 
0.145358 0.37553 13.8666 0.387074 0.111021 0.95 0.0899936 
0.145355 0.384403 12.244 0.39591 0.11022 0.975 0.0899935 
0.145354 0.39373 10.6214 0.4052 0.10938 1 0.0899936 
0.158584 0.359157 17.1175 0.372971 0.122617 0.9 0.0981748 
0.158578 0.367118 15.4949 0.380893 0.12183 0.925 0.0981748 
0.158573 0.375534 13.8723 0.389268 0.121 0.95 0.0981748 
0.158569 0.384405 12.2496 0.398096 0.120127 0.975 0.0981748 
0.158566 0.39373 10.627 0.407377 0.11921 1 0.0981748 

ZONE I=5, J=5
0.158584 0.359157 17.1233 0.372971 0.122617 0.9 0.0981748 
0.158578 0.367118 15.4981 0.380893 0.12183 0.925 0.0981748 
0.158573 0.375534 13.8729 0.389268 0.121 0.95 0.0981748 
0.158569 0.384405 12.2478 0.398096 0.120127 0.975 0.0981748 
0.158566 0.39373 10.6226 0.407377 0.11921 1 0.0981748 
0.171797 0.359165 17.1313 0.375373 0.132699 0.9 0.106356 
0.171791 0.367124 15.5061 0.383286 0.131848 0.925 0.106356 
0.171786 0.375538 13.8809 0.391652 0.13095 0.95 0.106356 
0.171783 0.384407 12.2558 0.400471 0.130005 0.975 0.106356 
0.17178 0.393731 10.6306 0.409741 0.129013 1 0.106356 
0.185009 0.359174 17.1393 0.377965 0.142748 0.9 0.114537 
0.185002 0.367131 15.5141 0.385869 0.141832 0.925 0.114537 
0.184997 0.375543 13.8889 0.394225 0.140865 0.95 0.114537 
0.184993 0.384409 12.2638 0.403033 0.139848 0.975 0.114537 
0.184991 0.39373 10.6386 0.412293 0.138781 1 0.114537 
0.198221 0.359184 17.1473 0.380747 0.152762 0.9 0.122718 
0.198213 0.367138 15.5221 0.388641 0.151781 0.925 0.122718 
0.198208 0.375548 13.8969 0.396986 0.150746 0.95 0.122718 
0.198204 0.384412 12.2718 0.405783 0.149657 0.975 0.122718 
0.198201 0.39373 10.6466 0.415031 0.148514 1 0.122718 
0.211436 0.359194 17.1553 0.383719 0.162742 0.9 0.1309 
0.211427 0.367146 15.5301 0.391602 0.161696 0.925 0.1309 
0.211421 0.375553 13.9049 0.399936 0.160592 0.95 0.1309 
0.211416 0.384415 12.2798 0.408721 0.159431 0.975 0.1309 
0.211412 0.39373 10.6546 0.417957 0.158211 1 0.1309 

ZONE I=5, J=5
0.211436 0.359194 17.1629 0.383719 0.162742 0.9 0.1309 
0.211427 0.367146 15.5343 0.391602 0.161696 0.925 0.1309 
0.211421 0.375553 13.9057 0.399936 0.160592 0.95 0.1309 
0.211416 0.384415 12.2771 0.408721 0.159431 0.975 0.1309 
0.211412 0.39373 10.6485 0.417957 0.158211 1 0.1309 
0.224647 0.359205 17.1732 0.386879 0.17268 0.9 0.139081 
0.224638 0.367155 15.5446 0.394752 0.17157 0.925 0.139081 
0.224632 0.375559 13.916 0.403074 0.170398 0.95 0.139081 
0.224627 0.384418 12.2875 0.411846 0.169165 0.975 0.139081 
0.224625 0.393731 10.6589 0.421069 0.167872 1 0.139081 
0.237856 0.359216 17.1835 0.390229 0.182574 0.9 0.147262 
0.237847 0.367163 15.5549 0.398089 0.181399 0.925 0.147262 
0.237841 0.375565 13.9264 0.406398 0.18016 0.95 0.147262 
0.237836 0.384421 12.2978 0.415158 0.178856 0.975 0.147262 
0.237833 0.39373 10.6692 0.424366 0.177487 1 0.147262 
0.251066 0.359228 17.1939 0.393766 0.192423 0.9 0.155443 
0.251056 0.367173 15.5653 0.401614 0.191184 0.925 0.155443 
0.251049 0.375571 13.9367 0.40991 0.189877 0.95 0.155443 
0.251044 0.384424 12.3081 0.418655 0.188501 0.975 0.155443 
0.251041 0.39373 10.6795 0.427849 0.187057 1 0.155443 
0.264278 0.359241 17.2042 0.397492 0.20223 0.9 0.163625 
0.264268 0.367182 15.5756 0.405326 0.200926 0.925 0.163625 
0.26426 0.375578 13.947 0.413608 0.19955 0.95 0.163625 
0.264254 0.384427 12.3185 0.422338 0.198102 0.975 0.163625 
0.264249 0.39373 10.6899 0.431517 0.196583 1 0.163625 

ZONE I=5, J=5
0.264278 0.359241 17.2136 0.397492 0.20223 0.9 0.163625 
0.264268 0.367182 15.5807 0.405326 0.200926 0.925 0.163625 
0.26426 0.375578 13.9479 0.413608 0.19955 0.95 0.163625 
0.264254 0.384427 12.315 0.422338 0.198102 0.975 0.163625 
0.264249 0.39373 10.6822 0.431517 0.196583 1 0.163625 
0.277487 0.359254 17.2263 0.401405 0.211983 0.9 0.171806 
0.277476 0.367193 15.5934 0.409225 0.210615 0.925 0.171806 
0.277469 0.375585 13.9606 0.417492 0.209173 0.95 0.171806 
0.277463 0.384431 12.3277 0.426207 0.207655 0.975 0.171806 
0.27746 0.393731 10.6948 0.435369 0.206062 1 0.171806 
0.290693 0.359268 17.2389 0.405504 0.221682 0.9 0.179987 
0.290683 0.367204 15.6061 0.413309 0.220251 0.925 0.179987 
0.290675 0.375592 13.9732 0.421561 0.218742 0.95 0.179987 
0.290669 0.384435 12.3404 0.430259 0.217153 0.975 0.179987 
0.290666 0.39373 10.7075 0.439404 0.215486 1 0.179987 
0.3039 0.359283 17.2516 0.409788 0.231328 0.9 0.188168 
0.303889 0.367215 15.6188 0.417578 0.229834 0.925 0.188168 
0.30388 0.3756 13.9859 0.425814 0.228257 0.95 0.188168 
0.303874 0.384439 12.353 0.434495 0.226597 0.975 0.188168 
0.30387 0.39373 10.7202 0.443622 0.224855 1 0.188168 
0.31711 0.359298 17.2643 0.41426 0.240921 0.9 0.19635 
0.317098 0.367227 15.6314 0.422033 0.239363 0.925 0.19635 
0.317088 0.375608 13.9986 0.430252 0.237718 0.95 0.19635 
0.317081 0.384443 12.3657 0.438915 0.235987 0.975 0.19635 
0.317076 0.39373 10.7329 0.448024 0.23417 1 0.19635 

ZONE I=5, J=5
0.31711 0.359298 17.2755 0.41426 0.240921 0.9 0.19635 
0.317098 0.367227 15.6375 0.422033 0.239363 0.925 0.19635 
0.317088 0.375608 13.9995 0.430252 0.237718 0.95 0.19635 
0.317081 0.384443 12.3615 0.438915 0.235987 0.975 0.19635 
0.317076 0.39373 10.7235 0.448024 0.23417 1 0.19635 
0.330315 0.359314 17.2906 0.418915 0.250451 0.9 0.204531 
0.330303 0.367239 15.6526 0.426672 0.248829 0.925 0.204531 
0.330294 0.375617 14.0146 0.434873 0.247119 0.95 0.204531 
0.330287 0.384447 12.3766 0.443518 0.245319 0.975 0.204531 
0.330283 0.393731 10.7386 0.452607 0.243429 1 0.204531 
0.343518 0.359331 17.3056 0.423753 0.259917 0.9 0.212712 
0.343506 0.367252 15.6676 0.431493 0.258233 0.925 0.212712 
0.343496 0.375625 14.0296 0.439676 0.256456 0.95 0.212712 
0.34349 0.384452 12.3916 0.448301 0.254586 0.975 0.212712 
0.343486 0.39373 10.7536 0.45737 0.252623 1 0.212712 
0.356721 0.359348 17.3206 0.428775 0.26932 0.9 0.220893 
0.356708 0.367265 15.6826 0.436496 0.267573 0.925 0.220893 
0.356698 0.375634 14.0446 0.44466 0.265729 0.95 0.220893 
0.356691 0.384456 12.4066 0.453266 0.263789 0.975 0.220893 
0.356686 0.39373 10.7686 0.462314 0.261753 1 0.220893 
0.369927 0.359366 17.3356 0.43398 0.278661 0.9 0.229074 
0.369913 0.367279 15.6976 0.441683 0.27685 0.925 0.229074 
0.369902 0.375644 14.0596 0.449826 0.274939 0.95 0.229074 
0.369893 0.384461 12.4216 0.458411 0.272928 0.975 0.229074 
0.369887 0.39373 10.7836 0.467437 0.270818 1 0.229074 

ZONE I=5, J=5
0.369927 0.359366 17.3488 0.43398 0.278661 0.9 0.229074 
0.369913 0.367279 15.7047 0.441683 0.27685 0.925 0.229074 
0.369902 0.375644 14.0607 0.449826 0.274939 0.95 0.229074 
0.369893 0.384461 12.4167 0.458411 0.272928 0.975 0.229074 
0.369887 0.39373 10.7727 0.467437 0.270818 1 0.229074 
0.38313 0.359384 17.3662 0.439366 0.287929 0.9 0.237256 
0.383116 0.367293 15.7221 0.44705 0.286056 0.925 0.237256 
0.383105 0.375654 14.0781 0.455174 0.284081 0.95 0.237256 
0.383097 0.384466 12.4341 0.463738 0.282002 0.975 0.237256 
0.383092 0.393731 10.7901 0.472741 0.27982 1 0.237256 
0.396329 0.359403 17.3836 0.444933 0.297124 0.9 0.245437 
0.396315 0.367308 15.7395 0.452597 0.295189 0.925 0.245437 
0.396304 0.375664 14.0955 0.460699 0.293148 0.95 0.245437 
0.396296 0.384471 12.4515 0.469241 0.291001 0.975 0.245437 
0.396292 0.39373 10.8075 0.478222 0.288747 1 0.245437 
0.409529 0.359423 17.401 0.450679 0.306246 0.9 0.253618 
0.409514 0.367323 15.7569 0.458323 0.304249 0.925 0.253618 
0.409502 0.375674 14.1129 0.466404 0.302143 0.95 0.253618 
0.409494 0.384476 12.4689 0.474923 0.299926 0.975 0.253618 
0.409488 0.39373 10.8249 0.483879 0.297599 1 0.253618 
0.42273 0.359444 17.4184 0.456606 0.315296 0.9 0.261799 
0.422714 0.367338 15.7743 0.464228 0.313237 0.925 0.261799 
0.422701 0.375685 14.1303 0.472286 0.311064 0.95 0.261799 
0.422691 0.384482 12.4863 0.480781 0.308777 0.975 0.261799 
0.422684 0.39373 10.8423 0.489713 0.306377 1 0.261799 

ZONE I=5, J=5
0.42273 0.359444 17.4334 0.456606 0.315296 0.9 0.261799 
0.422714 0.367338 15.7824 0.464228 0.313237 0.925 0.261799 
0.422701 0.375685 14.1315 0.472286 0.311064 0.95 0.261799 
0.422691 0.384482 12.4806 0.480781 0.308777 0.975 0.261799 
0.422684 0.39373 10.8297 0.489713 0.306377 1 0.261799 
0.435928 0.359465 17.4532 0.462711 0.324263 0.9 0.269981 
0.435912 0.367355 15.8022 0.470311 0.322144 0.925 0.269981 
0.4359 0.375696 14.1513 0.478347 0.319907 0.95 0.269981 
0.435891 0.384488 12.5004 0.486818 0.317554 0.975 0.269981 
0.435886 0.393731 10.8494 0.495724 0.315083 1 0.269981 
0.449123 0.359486 17.4729 0.468992 0.333149 0.9 0.278162 
0.449107 0.367371 15.822 0.47657 0.330968 0.925 0.278162 
0.449095 0.375707 14.1711 0.484582 0.328667 0.95 0.278162 
0.449086 0.384494 12.5202 0.493028 0.326246 0.975 0.278162 
0.449081 0.39373 10.8692 0.501909 0.323705 1 0.278162 
0.462318 0.359508 17.4927 0.47545 0.341952 0.9 0.286343 
0.462301 0.367388 15.8418 0.483005 0.33971 0.925 0.286343 
0.462288 0.375719 14.1909 0.490992 0.337345 0.95 0.286343 
0.462279 0.384499 12.5399 0.499413 0.334856 0.975 0.286343 
0.462273 0.39373 10.889 0.508266 0.332243 1 0.286343 
0.475515 0.359531 17.5125 0.482085 0.350674 0.9 0.294524 
0.475497 0.367406 15.8616 0.489615 0.34837 0.925 0.294524 
0.475482 0.375731 14.2107 0.497577 0.34594 0.95 0.294524 
0.475471 0.384506 12.5597 0.505971 0.343382 0.975 0.294524 
0.475464 0.39373 10.9088 0.514796 0.340697 1 0.294524 

ZONE I=5, J=5
0.475515 0.359531 17.5294 0.482085 0.350674 0.9 0.294524 
0.475497 0.367406 15.8707 0.489615 0.34837 0.925 0.294524 
0.475482 0.375731 14.212 0.497577 0.34594 0.95 0.294524 
0.475471 0.384506 12.5533 0.505971 0.343382 0.975 0.294524 
0.475464 0.39373 10.8945 0.514796 0.340697 1 0.294524 
0.488708 0.359555 17.5517 0.488893 0.359303 0.9 0.302706 
0.48869 0.367424 15.8929 0.496399 0.35694 0.925 0.302706 
0.488676 0.375743 14.2342 0.504336 0.354447 0.95 0.302706 
0.488666 0.384512 12.5755 0.512703 0.351824 0.975 0.302706 
0.48866 0.393731 10.9167 0.521501 0.34907 1 0.302706 
0.501898 0.359579 17.5739 0.495874 0.367841 0.9 0.310887 
0.50188 0.367443 15.9151 0.503355 0.365419 0.925 0.310887 
0.501866 0.375756 14.2564 0.511266 0.362863 0.95 0.310887 
0.501856 0.384519 12.5977 0.519605 0.360173 0.975 0.310887 
0.501851 0.39373 10.9389 0.528374 0.35735 1 0.310887 
0.515087 0.359604 17.5961 0.503027 0.376289 0.9 0.319068 
0.515069 0.367462 15.9373 0.510483 0.373806 0.925 0.319068 
0.515054 0.375769 14.2786 0.518366 0.371186 0.95 0.319068 
0.515044 0.384525 12.6199 0.526677 0.36843 0.975 0.319068 
0.515037 0.39373 10.9611 0.535416 0.365536 1 0.319068 
0.528279 0.359629 17.6183 0.510353 0.384645 0.9 0.327249 
0.528259 0.367481 15.9595 0.517782 0.382102 0.925 0.327249 
0.528243 0.375782 14.3008 0.525638 0.379418 0.95 0.327249 
0.528231 0.384532 12.6421 0.533919 0.376594 0.975 0.327249 
0.528222 0.39373 10.9834 0.542627 0.373629 1 0.327249 

ZONE I=5, J=5
0.528279 0.359629 17.6371 0.510353 0.384645 0.9 0.327249 
0.528259 0.367481 15.9697 0.517782 0.382102 0.925 0.327249 
0.528243 0.375782 14.3023 0.525638 0.379418 0.95 0.327249 
0.528231 0.384532 12.6348 0.533919 0.376594 0.975 0.327249 
0.528222 0.39373 10.9674 0.542627 0.373629 1 0.327249 
0.541466 0.359655 17.6618 0.517849 0.392899 0.9 0.335431 
0.541446 0.367501 15.9943 0.525251 0.390298 0.925 0.335431 
0.541431 0.375796 14.3269 0.533079 0.387553 0.95 0.335431 
0.54142 0.384539 12.6595 0.541331 0.384665 0.975 0.335431 
0.541414 0.393731 10.992 0.550008 0.381633 1 0.335431 
0.55465 0.359682 17.6864 0.525512 0.401054 0.9 0.343612 
0.55463 0.367522 16.019 0.532887 0.398394 0.925 0.343612 
0.554615 0.37581 14.3516 0.540686 0.395588 0.95 0.343612 
0.554604 0.384546 12.6841 0.548908 0.392635 0.975 0.343612 
0.554598 0.39373 11.0167 0.557553 0.389535 1 0.343612 
0.567834 0.359709 17.7111 0.533344 0.409109 0.9 0.351793 
0.567813 0.367542 16.0436 0.540691 0.40639 0.925 0.351793 
0.567797 0.375824 14.3762 0.54846 0.403521 0.95 0.351793 
0.567786 0.384553 12.7088 0.55665 0.400502 0.975 0.351793 
0.567779 0.39373 11.0413 0.565263 0.397334 1 0.351793 
0.58102 0.359736 17.7357 0.541344 0.417063 0.9 0.359974 
0.580998 0.367564 16.0683 0.548662 0.414285 0.925 0.359974 
0.58098 0.375839 14.4008 0.5564 0.411354 0.95 0.359974 
0.580967 0.384561 12.7334 0.564558 0.408269 0.975 0.359974 
0.580957 0.39373 11.066 0.573137 0.40503 1 0.359974 

ZONE I=5, J=5
0.58102 0.359736 17.7565 0.541344 0.417063 0.9 0.359974 
0.580998 0.367564 16.0795 0.548662 0.414285 0.925 0.359974 
0.58098 0.375839 14.4024 0.5564 0.411354 0.95 0.359974 
0.580967 0.384561 12.7254 0.564558 0.408269 0.975 0.359974 
0.580957 0.39373 11.0483 0.573137 0.40503 1 0.359974 
0.5942 0.359765 17.7837 0.549508 0.424906 0.9 0.368156 
0.594179 0.367586 16.1066 0.556797 0.422072 0.925 0.368156 
0.594162 0.375854 14.4296 0.564505 0.419081 0.95 0.368156 
0.59415 0.384569 12.7525 0.572632 0.415933 0.975 0.368156 
0.594143 0.393731 11.0755 0.581177 0.412629 1 0.368156 
0.607377 0.359794 17.8108 0.557835 0.432641 0.9 0.376337 
0.607356 0.367608 16.1337 0.565095 0.429749 0.925 0.376337 
0.607339 0.375869 14.4567 0.572772 0.426698 0.95 0.376337 
0.607328 0.384576 12.7796 0.580866 0.423487 0.975 0.376337 
0.607321 0.39373 11.1026 0.589376 0.420117 1 0.376337 
0.620554 0.359823 17.8379 0.566326 0.440267 0.9 0.384518 
0.620532 0.367631 16.1608 0.573555 0.437318 0.925 0.384518 
0.620515 0.375884 14.4838 0.5812 0.434205 0.95 0.384518 
0.620502 0.384584 12.8067 0.58926 0.43093 0.975 0.384518 
0.620495 0.39373 11.1297 0.597735 0.427493 1 0.384518 
0.633734 0.359853 17.865 0.574981 0.447784 0.9 0.392699 
0.63371 0.367654 16.1879 0.582178 0.444777 0.925 0.392699 
0.633691 0.3759 14.5109 0.58979 0.441603 0.95 0.392699 
0.633676 0.384592 12.8338 0.597814 0.438263 0.975 0.392699 
0.633666 0.39373 11.1568 0.606253 0.434757 1 0.392699 

ZONE I=5, J=5
0.633734 0.359853 17.8878 0.574981 0.447784 0.9 0.392699 
0.63371 0.367654 16.2002 0.582178 0.444777 0.925 0.392699 
0.633691 0.3759 14.5126 0.58979 0.441603 0.95 0.392699 
0.633676 0.384592 12.825 0.597814 0.438263 0.975 0.392699 
0.633666 0.39373 11.1374 0.606253 0.434757 1 0.392699 
0.646907 0.359884 17.9175 0.583794 0.455181 0.9 0.400881 
0.646883 0.367678 16.2299 0.59096 0.452118 0.925 0.400881 
0.646865 0.375917 14.5423 0.598539 0.448887 0.95 0.400881 
0.646853 0.384601 12.8547 0.60653 0.445486 0.975 0.400881 
0.646845 0.393731 11.1671 0.614933 0.441916 1 0.400881 
0.660076 0.359916 17.9471 0.592765 0.46246 0.9 0.409062 
0.660053 0.367702 16.2595 0.5999 0.459342 0.925 0.409062 
0.660036 0.375933 14.5719 0.607445 0.456052 0.95 0.409062 
0.660023 0.384609 12.8843 0.6154 0.452589 0.975 0.409062 
0.660016 0.39373 11.1967 0.623766 0.448955 1 0.409062 
0.673246 0.359947 17.9767 0.601895 0.469623 0.9 0.417243 
0.673222 0.367726 16.2891 0.608997 0.466448 0.925 0.417243 
0.673204 0.37595 14.6015 0.616507 0.463099 0.95 0.417243 
0.67319 0.384618 12.9139 0.624426 0.459574 0.975 0.417243 
0.673182 0.39373 11.2263 0.632753 0.455873 1 0.417243 
0.686419 0.35998 18.0063 0.611182 0.476668 0.9 0.425424 
0.686393 0.367751 16.3187 0.61825 0.473437 0.925 0.425424 
0.686372 0.375967 14.6311 0.625725 0.470027 0.95 0.425424 
0.686356 0.384627 12.9435 0.633606 0.466439 0.975 0.425424 
0.686345 0.39373 11.2559 0.641894 0.462672 1 0.425424 

ZONE I=5, J=5
0.686419 0.35998 18.0312 0.611182 0.476668 0.9 0.425424 
0.686393 0.367751 16.3321 0.61825 0.473437 0.925 0.425424 
0.686372 0.375967 14.633 0.625725 0.470027 0.95 0.425424 
0.686356 0.384627 12.9339 0.633606 0.466439 0.975 0.425424 
0.686345 0.39373 11.2348 0.641894 0.462672 1 0.425424 
0.699582 0.360013 18.0633 0.620622 0.483583 0.9 0.433605 
0.699557 0.367777 16.3642 0.627657 0.480298 0.925 0.433605 
0.699538 0.375985 14.6651 0.635097 0.476832 0.95 0.433605 
0.699524 0.384636 12.9661 0.642942 0.473185 0.975 0.433605 
0.699515 0.393731 11.267 0.651191 0.469356 1 0.433605 
0.712743 0.360047 18.0955 0.630215 0.490373 0.9 0.441786 
0.712718 0.367803 16.3964 0.637216 0.487034 0.925 0.441786 
0.712699 0.376002 14.6973 0.64462 0.483511 0.95 0.441786 
0.712686 0.384645 12.9982 0.652427 0.479804 0.975 0.441786 
0.712678 0.39373 11.2991 0.660637 0.475912 1 0.441786 
0.725905 0.360081 18.1276 0.639961 0.497037 0.9 0.449967 
0.725879 0.367829 16.4285 0.646927 0.493644 0.925 0.449967 
0.725859 0.37602 14.7295 0.654294 0.490064 0.95 0.449967 
0.725845 0.384654 13.0304 0.662062 0.486295 0.975 0.449967 
0.725836 0.39373 11.3313 0.670231 0.48234 1 0.449967 
0.73907 0.360116 18.1598 0.64986 0.503577 0.9 0.458149 
0.739043 0.367856 16.4607 0.65679 0.500129 0.925 0.458149 
0.73902 0.376038 14.7616 0.664119 0.49649 0.95 0.458149 
0.739003 0.384663 13.0625 0.671847 0.49266 0.975 0.458149 
0.738992 0.39373 11.3634 0.679974 0.488639 1 0.458149 

ZONE I=5, J=5
0.73907 0.360116 18.1867 0.64986 0.503577 0.9 0.458149 
0.739043 0.367856 16.4752 0.65679 0.500129 0.925 0.458149 
0.73902 0.376038 14.7636 0.664119 0.49649 0.95 0.458149 
0.739003 0.384663 13.0521 0.671847 0.49266 0.975 0.458149 
0.738992 0.39373 11.3406 0.679974 0.488639 1 0.458149 
0.752224 0.360151 18.2215 0.659904 0.509977 0.9 0.46633 
0.752198 0.367883 16.5099 0.666799 0.506477 0.925 0.46633 
0.752177 0.376057 14.7984 0.674091 0.502784 0.95 0.46633 
0.752162 0.384673 13.0868 0.68178 0.498897 0.975 0.46633 
0.752153 0.393731 11.3753 0.689866 0.494816 1 0.46633 
0.765377 0.360187 18.2562 0.670095 0.516244 0.9 0.474511 
0.76535 0.367911 16.5447 0.676954 0.512692 0.925 0.474511 
0.76533 0.376076 14.8331 0.684208 0.508943 0.95 0.474511 
0.765316 0.384682 13.1216 0.691857 0.504998 0.975 0.474511 
0.765307 0.39373 11.41 0.699901 0.500856 1 0.474511 
0.77853 0.360223 18.2909 0.680434 0.522378 0.9 0.482692 
0.778502 0.367939 16.5794 0.687255 0.518773 0.925 0.482692 
0.778481 0.376095 14.8678 0.69447 0.514968 0.95 0.482692 
0.778466 0.384692 13.1563 0.702077 0.510964 0.975 0.482692 
0.778456 0.39373 11.4448 0.710078 0.50676 1 0.482692 
0.791686 0.36026 18.3257 0.690919 0.528379 0.9 0.490874 
0.791657 0.367967 16.6141 0.697702 0.52472 0.925 0.490874 
0.791633 0.376114 14.9026 0.704876 0.520859 0.95 0.490874 
0.791615 0.384702 13.191 0.712442 0.516794 0.975 0.490874 
0.791602 0.39373 11.4795 0.720398 0.512527 1 0.490874 

ZONE I=5, J=5
0.791686 0.36026 18.3547 0.690919 0.528379 0.9 0.490874 
0.791657 0.367967 16.6297 0.697702 0.52472 0.925 0.490874 
0.791633 0.376114 14.9048 0.704876 0.520859 0.95 0.490874 
0.791615 0.384702 13.1798 0.712442 0.516794 0.975 0.490874 
0.791602 0.39373 11.4548 0.720398 0.512527 1 0.490874 
0.80483 0.360298 18.3921 0.701543 0.534232 0.9 0.499055 
0.804802 0.367996 16.6671 0.708289 0.530523 0.925 0.499055 
0.80478 0.376135 14.9421 0.715424 0.526609 0.95 0.499055 
0.804764 0.384713 13.2172 0.722948 0.522489 0.975 0.499055 
0.804754 0.393731 11.4922 0.730862 0.518165 1 0.499055 
0.817972 0.360336 18.4294 0.712307 0.539944 0.9 0.507236 
0.817944 0.368025 16.7045 0.719015 0.536184 0.925 0.507236 
0.817923 0.376154 14.9795 0.72611 0.532217 0.95 0.507236 
0.817908 0.384723 13.2545 0.733592 0.528041 0.975 0.507236 
0.817899 0.39373 11.5295 0.741461 0.523658 1 0.507236 
0.831115 0.360374 18.4668 0.723212 0.545515 0.9 0.515417 
0.831087 0.368055 16.7418 0.729881 0.541704 0.925 0.515417 
0.831064 0.376174 15.0168 0.736934 0.537682 0.95 0.515417 
0.831047 0.384733 13.2919 0.744373 0.53345 0.975 0.515417 
0.831037 0.39373 11.5669 0.752196 0.529006 1 0.515417 
0.844262 0.360414 18.5041 0.734258 0.550945 0.9 0.523599 
0.84423 0.368085 16.7792 0.740887 0.547082 0.925 0.523599 
0.844205 0.376195 15.0542 0.747897 0.543005 0.95 0.523599 
0.844186 0.384744 13.3292 0.755291 0.538715 0.975 0.523599 
0.844173 0.39373 11.6042 0.763067 0.53421 1 0.523599 

ZONE I=5, J=5
0.844262 0.360414 18.5353 0.734258 0.550945 0.9 0.523599 
0.84423 0.368085 16.7959 0.740887 0.547082 0.925 0.523599 
0.844205 0.376195 15.0565 0.747897 0.543005 0.95 0.523599 
0.844186 0.384744 13.3171 0.755291 0.538715 0.975 0.523599 
0.844173 0.39373 11.5777 0.763067 0.53421 1 0.523599 
0.857395 0.360454 18.5754 0.745435 0.556219 0.9 0.53178 
0.857365 0.368116 16.836 0.752024 0.552308 0.925 0.53178 
0.857342 0.376217 15.0966 0.758994 0.548181 0.95 0.53178 
0.857325 0.384755 13.3572 0.766345 0.543837 0.975 0.53178 
0.857315 0.393731 11.6178 0.774076 0.539276 1 0.53178 
0.870526 0.360494 18.6154 0.756746 0.561345 0.9 0.539961 
0.870497 0.368147 16.876 0.763295 0.557385 0.925 0.539961 
0.870474 0.376237 15.1366 0.770223 0.553206 0.95 0.539961 
0.870458 0.384765 13.3972 0.777529 0.548808 0.975 0.539961 
0.870448 0.39373 11.6578 0.785214 0.544191 1 0.539961 
0.883658 0.360534 18.6554 0.768191 0.566322 0.9 0.548142 
0.883628 0.368178 16.916 0.774699 0.562313 0.925 0.548142 
0.883604 0.376259 15.1766 0.781583 0.558081 0.95 0.548142 
0.883587 0.384776 13.4372 0.788843 0.553628 0.975 0.548142 
0.883576 0.39373 11.6978 0.79648 0.548953 1 0.548142 
0.896794 0.360576 18.6954 0.77977 0.57115 0.9 0.556324 
0.896761 0.36821 16.956 0.786236 0.567091 0.925 0.556324 
0.896734 0.376281 15.2166 0.793075 0.562807 0.95 0.556324 
0.896714 0.384787 13.4772 0.800288 0.558297 0.975 0.556324 
0.8967 0.39373 11.7378 0.807875 0.553563 1 0.556324 

ZONE I=5, J=5
0.896794 0.360576 18.7288 0.77977 0.57115 0.9 0.556324 
0.896761 0.36821 16.974 0.786236 0.567091 0.925 0.556324 
0.896734 0.376281 15.2191 0.793075 0.562807 0.95 0.556324 
0.896714 0.384787 13.4643 0.800288 0.558297 0.975 0.556324 
0.8967 0.39373 11.7095 0.807875 0.553563 1 0.556324 
0.909915 0.360618 18.7715 0.791472 0.575815 0.9 0.564505 
0.909884 0.368243 17.0167 0.797897 0.57171 0.925 0.564505 
0.909859 0.376303 15.2619 0.804693 0.567377 0.95 0.564505 
0.909842 0.384799 13.507 0.811862 0.562816 0.975 0.564505 
0.909831 0.393731 11.7522 0.819402 0.558029 1 0.564505 
0.923035 0.36066 18.8143 0.803301 0.580324 0.9 0.572686 
0.923004 0.368275 17.0594 0.809684 0.576172 0.925 0.572686 
0.92298 0.376325 15.3046 0.816437 0.571789 0.95 0.572686 
0.922963 0.38481 13.5498 0.823559 0.567177 0.975 0.572686 
0.922952 0.39373 11.7949 0.83105 0.562335 1 0.572686 
0.936155 0.360703 18.857 0.815257 0.584678 0.9 0.580867 
0.936123 0.368308 17.1022 0.821597 0.580478 0.925 0.580867 
0.936097 0.376347 15.3473 0.828304 0.576045 0.95 0.580867 
0.936079 0.384821 13.5925 0.835378 0.57138 0.975 0.580867 
0.936068 0.39373 11.8377 0.84282 0.566481 1 0.580867 
0.949278 0.360746 18.8997 0.82734 0.588875 0.9 0.589049 
0.949243 0.368341 17.1449 0.833636 0.584627 0.925 0.589049 
0.949215 0.37637 15.3901 0.840297 0.580143 0.95 0.589049 
0.949194 0.384833 13.6352 0.847321 0.575424 0.975 0.589049 
0.949179 0.39373 11.8804 0.854711 0.570468 1 0.589049 

ZONE I=5, J=5
0.949278 0.360746 18.9354 0.82734 0.588875 0.9 0.589049 
0.949243 0.368341 17.1641 0.833636 0.584627 0.925 0.589049 
0.949215 0.37637 15.3928 0.840297 0.580143 0.95 0.589049 
0.949194 0.384833 13.6214 0.847321 0.575424 0.975 0.589049 
0.949179 0.39373 11.8501 0.854711 0.570468 1 0.589049 
0.962386 0.360791 18.9809 0.839538 0.592902 0.9 0.59723 
0.962354 0.368376 17.2096 0.845792 0.588609 0.925 0.59723 
0.962328 0.376394 15.4383 0.852408 0.584079 0.95 0.59723 
0.962309 0.384846 13.6669 0.859386 0.579311 0.975 0.59723 
0.962298 0.393731 11.8956 0.866727 0.574304 1 0.59723 
0.975493 0.360835 19.0264 0.851856 0.596766 0.9 0.605411 
0.97546 0.368409 17.2551 0.858066 0.592428 0.925 0.605411 
0.975435 0.376417 15.4838 0.864636 0.587851 0.95 0.605411 
0.975417 0.384857 13.7124 0.871566 0.583032 0.975 0.605411 
0.975407 0.39373 11.9411 0.878856 0.577974 1 0.605411 
0.9886 0.360879 19.0719 0.864294 0.600467 0.9 0.613592 
0.988566 0.368444 17.3006 0.870459 0.596084 0.925 0.613592 
0.98854 0.37644 15.5293 0.876981 0.591458 0.95 0.613592 
0.988521 0.384869 13.758 0.883862 0.586589 0.975 0.613592 
0.988509 0.39373 11.9866 0.891099 0.581477 1 0.613592 
1.00171 0.360925 19.1174 0.876851 0.604005 0.9 0.621774 
1.00167 0.368479 17.3461 0.88297 0.599576 0.925 0.621774 
1.00164 0.376464 15.5748 0.889444 0.594901 0.95 0.621774 
1.00162 0.384882 13.8035 0.896273 0.58998 0.975 0.621774 
1.00161 0.39373 12.0321 0.903456 0.584813 1 0.621774 

ZONE I=5, J=5
1.00171 0.360925 19.1553 0.876851 0.604005 0.9 0.621774 
1.00167 0.368479 17.3665 0.88297 0.599576 0.925 0.621774 
1.00164 0.376464 15.5776 0.889444 0.594901 0.95 0.621774 
1.00162 0.384882 13.7888 0.896273 0.58998 0.975 0.621774 
1.00161 0.39373 11.9999 0.903456 0.584813 1 0.621774 
1.0148 0.360971 19.2036 0.889514 0.607366 0.9 0.629955 
1.01477 0.368515 17.4148 0.895589 0.602894 0.925 0.629955 
1.01474 0.376489 15.6259 0.902017 0.598175 0.95 0.629955 
1.01472 0.384894 13.8371 0.908798 0.593207 0.975 0.629955 
1.01471 0.393731 12.0483 0.915931 0.587992 1 0.629955 
1.0279 0.361017 19.2519 0.902289 0.610557 0.9 0.638136 
1.02786 0.36855 17.4631 0.908319 0.606042 0.925 0.638136 
1.02784 0.376513 15.6743 0.9147 0.601278 0.95 0.638136 
1.02782 0.384907 13.8854 0.92143 0.596263 0.975 0.638136 
1.02781 0.39373 12.0966 0.928511 0.590997 1 0.638136 
1.04099 0.361064 19.3003 0.915176 0.613578 0.9 0.646317 
1.04095 0.368586 17.5114 0.92116 0.60902 0.925 0.646317 
1.04093 0.376537 15.7226 0.927491 0.604209 0.95 0.646317 
1.04091 0.384919 13.9338 0.93417 0.599146 0.975 0.646317 
1.04089 0.39373 12.1449 0.941196 0.593829 1 0.646317 
1.05408 0.361112 19.3486 0.928174 0.61643 0.9 0.654498 
1.05405 0.368622 17.5598 0.93411 0.611828 0.925 0.654498 
1.05402 0.376563 15.7709 0.940391 0.60697 0.95 0.654498 
1.05399 0.384932 13.9821 0.947016 0.601857 0.975 0.654498 
1.05398 0.39373 12.1933 0.953987 0.596487 1 0.654498 

ZONE I=5, J=5
1.05408 0.361112 19.3888 0.928174 0.61643 0.9 0.654498 
1.05405 0.368622 17.5814 0.93411 0.611828 0.925 0.654498 
1.05402 0.376563 15.774 0.940391 0.60697 0.95 0.654498 
1.05399 0.384932 13.9665 0.947016 0.601857 0.975 0.654498 
1.05398 0.39373 12.1591 0.953987 0.596487 1 0.654498 
1.06716 0.36116 19.4401 0.941272 0.619098 0.9 0.66268 
1.06713 0.36866 17.6326 0.947163 0.614456 0.925 0.66268 
1.0671 0.376588 15.8252 0.953396 0.609556 0.95 0.66268 
1.06708 0.384945 14.0177 0.959972 0.604398 0.975 0.66268 
1.06707 0.393731 12.2103 0.96689 0.598983 1 0.66268 
1.08024 0.361208 19.4913 0.954473 0.62159 0.9 0.670861 
1.08021 0.368697 17.6838 0.960317 0.616907 0.925 0.670861 
1.08018 0.376613 15.8764 0.966501 0.611964 0.95 0.670861 
1.08016 0.384958 14.0689 0.973025 0.606761 0.975 0.670861 
1.08015 0.39373 12.2615 0.979889 0.601299 1 0.670861 
1.09332 0.361256 19.5425 0.967777 0.623907 0.9 0.679042 
1.09328 0.368734 17.735 0.973573 0.619182 0.925 0.679042 
1.09325 0.376639 15.9276 0.979706 0.614195 0.95 0.679042 
1.09323 0.384971 14.1201 0.986177 0.608946 0.975 0.679042 
1.09322 0.39373 12.3127 0.992985 0.603434 1 0.679042 
1.1064 0.361306 19.5937 0.981184 0.626047 0.9 0.687223 
1.10636 0.368772 17.7862 0.986931 0.62128 0.925 0.687223 
1.10633 0.376665 15.9788 0.993012 0.616249 0.95 0.687223 
1.1063 0.384984 14.1714 0.999427 0.610952 0.975 0.687223 
1.10628 0.39373 12.3639 1.00618 0.60539 1 0.687223 

ZONE I=5, J=5
1.1064 0.361306 19.6363 0.981184 0.626047 0.9 0.687223 
1.10636 0.368772 17.8092 0.986931 0.62128 0.925 0.687223 
1.10633 0.376665 15.982 0.993012 0.616249 0.95 0.687223 
1.1063 0.384984 14.1549 0.999427 0.610952 0.975 0.687223 
1.10628 0.39373 12.3277 1.00618 0.60539 1 0.687223 
1.11946 0.361356 19.6905 0.994682 0.627997 0.9 0.695405 
1.11942 0.368811 17.8633 1.00038 0.623192 0.925 0.695405 
1.1194 0.376691 16.0362 1.00641 0.618121 0.95 0.695405 
1.11937 0.384998 14.209 1.01278 0.612782 0.975 0.695405 
1.11936 0.393731 12.3819 1.01947 0.607177 1 0.695405 
1.13252 0.361406 19.7447 1.00827 0.629765 0.9 0.703586 
1.13249 0.368849 17.9175 1.01393 0.624922 0.925 0.703586 
1.13246 0.376717 16.0903 1.01991 0.61981 0.95 0.703586 
1.13244 0.385011 14.2632 1.02622 0.614428 0.975 0.703586 
1.13242 0.39373 12.436 1.03286 0.608778 1 0.703586 
1.14558 0.361456 19.7988 1.02196 0.631352 0.9 0.711767 
1.14554 0.368888 17.9717 1.02756 0.626469 0.925 0.711767 
1.14551 0.376744 16.1445 1.03349 0.621315 0.95 0.711767 
1.14549 0.385025 14.3173 1.03975 0.61589 0.975 0.711767 
1.14548 0.39373 12.4902 1.04633 0.610193 1 0.711767 
1.15864 0.361507 19.853 1.03574 0.632757 0.9 0.719948 
1.1586 0.368927 18.0258 1.04129 0.627834 0.925 0.719948 
1.15857 0.376771 16.1987 1.04717 0.622638 0.95 0.719948 
1.15855 0.385039 14.3715 1.05337 0.617167 0.975 0.719948 
1.15853 0.39373 12.5443 1.05989 0.611423 1 0.719948 

ZONE I=5, J=5
1.15864 0.361507 19.8981 1.03574 0.632757 0.9 0.719948 
1.1586 0.368927 18.0501 1.04129 0.627834 0.925 0.719948 
1.15857 0.376771 16.2021 1.04717 0.622638 0.95 0.719948 
1.15855 0.385039 14.3541 1.05337 0.617167 0.975 0.719948 
1.15853 0.39373 12.5061 1.05989 0.611423 1 0.719948 
1.17169 0.361559 19.9553 1.04961 0.633965 0.9 0.72813 
1.17165 0.368967 18.1073 1.05511 0.629007 0.925 0.72813 
1.17162 0.376798 16.2593 1.06093 0.623773 0.95 0.72813 
1.1716 0.385053 14.4112 1.06708 0.618263 0.975 0.72813 
1.17159 0.393731 12.5632 1.07355 0.612478 1 0.72813 
1.18473 0.361611 20.0124 1.06355 0.634986 0.9 0.736311 
1.1847 0.369007 18.1644 1.06901 0.629991 0.925 0.736311 
1.18467 0.376825 16.3164 1.07478 0.624719 0.95 0.736311 
1.18464 0.385067 14.4684 1.08087 0.619169 0.975 0.736311 
1.18463 0.39373 12.6204 1.08729 0.613341 1 0.736311 
1.19778 0.361663 20.0696 1.07759 0.63582 0.9 0.744492 
1.19774 0.369047 18.2216 1.08299 0.630788 0.925 0.744492 
1.19771 0.376853 16.3736 1.08871 0.625476 0.95 0.744492 
1.19768 0.38508 14.5256 1.09475 0.619885 0.975 0.744492 
1.19767 0.39373 12.6776 1.1011 0.614013 1 0.744492 
1.21082 0.361716 20.1268 1.09171 0.636467 0.9 0.752673 
1.21078 0.369088 18.2788 1.09706 0.631397 0.925 0.752673 
1.21074 0.376881 16.4308 1.10273 0.626045 0.95 0.752673 
1.21072 0.385095 14.5828 1.1087 0.620411 0.975 0.752673 
1.2107 0.39373 12.7348 1.11499 0.614494 1 0.752673 

ZONE I=5, J=5
1.21082 0.361716 20.1744 1.09171 0.636467 0.9 0.752673 
1.21078 0.369088 18.3044 1.09706 0.631397 0.925 0.752673 
1.21074 0.376881 16.4344 1.10273 0.626045 0.95 0.752673 
1.21072 0.385095 14.5644 1.1087 0.620411 0.975 0.752673 
1.2107 0.39373 12.6944 1.11499 0.614494 1 0.752673 
1.22385 0.36177 20.2347 1.1059 0.636912 0.9 0.760855 
1.22381 0.369129 18.3647 1.1112 0.631808 0.925 0.760855 
1.22377 0.376909 16.4947 1.11682 0.626421 0.95 0.760855 
1.22375 0.38511 14.6246 1.12274 0.62075 0.975 0.760855 
1.22374 0.393731 12.7546 1.12898 0.614795 1 0.760855 
1.23687 0.361823 20.2949 1.12017 0.637164 0.9 0.769036 
1.23683 0.36917 18.4249 1.12542 0.632027 0.925 0.769036 
1.2368 0.376937 16.5549 1.13098 0.626603 0.95 0.769036 
1.23678 0.385124 14.6849 1.13685 0.620894 0.975 0.769036 
1.23676 0.39373 12.8149 1.14303 0.614899 1 0.769036 
1.24989 0.361877 20.3552 1.13452 0.637224 0.9 0.777217 
1.24985 0.369211 18.4852 1.13972 0.632052 0.925 0.777217 
1.24982 0.376965 16.6152 1.14522 0.626591 0.95 0.777217 
1.2498 0.385138 14.7452 1.15103 0.620843 0.975 0.777217 
1.24978 0.39373 12.8752 1.15715 0.614807 1 0.777217 
1.26292 0.361931 20.4155 1.14894 0.637092 0.9 0.785398 
1.26287 0.369253 18.5455 1.15409 0.631884 0.925 0.785398 
1.26284 0.376994 16.6755 1.15954 0.626386 0.95 0.785398 
1.26281 0.385153 14.8055 1.16529 0.620597 0.975 0.785398 
1.26279 0.39373 12.9354 1.17134 0.614518 1 0.785398 

ZONE I=5, J=5
1.26292 0.361931 20.4656 1.14894 0.637092 0.9 0.785398 
1.26287 0.369253 18.5725 1.15409 0.631884 0.925 0.785398 
1.26284 0.376994 16.6793 1.15954 0.626386 0.95 0.785398 
1.26281 0.385153 14.7861 1.16529 0.620597 0.975 0.785398 
1.26279 0.39373 12.8929 1.17134 0.614518 1 0.785398 
1.27592 0.361987 20.5291 1.16342 0.636753 0.9 0.79358 
1.27588 0.369296 18.6359 1.16852 0.631513 0.925 0.79358 
1.27585 0.377023 16.7427 1.17392 0.625982 0.95 0.79358 
1.27582 0.385168 14.8495 1.17961 0.620159 0.975 0.79358 
1.27581 0.393731 12.9563 1.18561 0.614045 1 0.79358 
1.28892 0.362042 20.5925 1.17798 0.636216 0.9 0.801761 
1.28888 0.369338 18.6993 1.18302 0.630945 0.925 0.801761 
1.28885 0.377052 16.8061 1.18836 0.62538 0.95 0.801761 
1.28883 0.385183 14.9129 1.194 0.619522 0.975 0.801761 
1.28882 0.39373 13.0197 1.19994 0.61337 1 0.801761 
1.30193 0.362097 20.6559 1.1926 0.635482 0.9 0.809942 
1.30188 0.369381 18.7628 1.19759 0.630178 0.925 0.809942 
1.30185 0.377081 16.8696 1.20287 0.624579 0.95 0.809942 
1.30183 0.385197 14.9764 1.20845 0.618684 0.975 0.809942 
1.30181 0.39373 13.0832 1.21433 0.612494 1 0.809942 
1.31493 0.362153 20.7194 1.20728 0.634552 0.9 0.818123 
1.31488 0.369424 18.8262 1.21222 0.629215 0.925 0.818123 
1.31485 0.377111 16.933 1.21745 0.62358 0.95 0.818123 
1.31482 0.385213 15.0398 1.22297 0.617647 0.975 0.818123 
1.3148 0.39373 13.1466 1.22877 0.611416 1 0.818123 

ZONE I=5, J=5
1.31493 0.362153 20.7722 1.20728 0.634552 0.9 0.818123 
1.31488 0.369424 18.8546 1.21222 0.629215 0.925 0.818123 
1.31485 0.377111 16.937 1.21745 0.62358 0.95 0.818123 
1.31482 0.385213 15.0194 1.22297 0.617647 0.975 0.818123 
1.3148 0.39373 13.1018 1.22877 0.611416 1 0.818123 
1.32791 0.36221 20.8389 1.22202 0.633409 0.9 0.826305 
1.32787 0.369468 18.9213 1.22691 0.628043 0.925 0.826305 
1.32784 0.377141 17.0037 1.23208 0.622378 0.95 0.826305 
1.32781 0.385229 15.0861 1.23755 0.616413 0.975 0.826305 
1.3278 0.393731 13.1685 1.2433 0.61015 1 0.826305 
1.34089 0.362267 20.9056 1.23682 0.632065 0.9 0.834486 
1.34085 0.369512 18.988 1.24165 0.626669 0.925 0.834486 
1.34082 0.377171 17.0704 1.24677 0.620973 0.95 0.834486 
1.34079 0.385244 15.1528 1.25218 0.614975 0.975 0.834486 
1.34078 0.39373 13.2352 1.25787 0.608677 1 0.834486 
1.35387 0.362324 20.9722 1.25167 0.63052 0.9 0.842667 
1.35383 0.369555 19.0546 1.25645 0.625094 0.925 0.842667 
1.35379 0.3772 17.1371 1.26152 0.619365 0.95 0.842667 
1.35377 0.385259 15.2195 1.26686 0.613334 0.975 0.842667 
1.35375 0.39373 13.3019 1.27249 0.607 1 0.842667 
1.36685 0.362382 21.0389 1.26659 0.628774 0.9 0.850848 
1.3668 0.3696 19.1213 1.27131 0.623316 0.925 0.850848 
1.36677 0.377231 17.2037 1.27631 0.617554 0.95 0.850848 
1.36674 0.385274 15.2862 1.2816 0.611487 0.975 0.850848 
1.36672 0.39373 13.3686 1.28716 0.605116 1 0.850848 

ZONE I=5, J=5
1.36685 0.362382 21.0944 1.26659 0.628774 0.9 0.850848 
1.3668 0.3696 19.1512 1.27131 0.623316 0.925 0.850848 
1.36677 0.377231 17.208 1.27631 0.617554 0.95 0.850848 
1.36674 0.385274 15.2647 1.2816 0.611487 0.975 0.850848 
1.36672 0.39373 13.3215 1.28716 0.605116 1 0.850848 
1.37981 0.36244 21.1644 1.28154 0.626811 0.9 0.859029 
1.37976 0.369645 19.2212 1.28621 0.621327 0.925 0.859029 
1.37973 0.377262 17.278 1.29116 0.615537 0.95 0.859029 
1.37971 0.385291 15.3348 1.29639 0.609441 0.975 0.859029 
1.37969 0.393731 13.3915 1.30189 0.60304 1 0.859029 
1.39276 0.362498 21.2344 1.29654 0.624643 0.9 0.86721 
1.39272 0.36969 19.2912 1.30116 0.619132 0.925 0.86721 
1.39269 0.377292 17.348 1.30605 0.613313 0.95 0.86721 
1.39266 0.385306 15.4048 1.31122 0.607187 0.975 0.86721 
1.39265 0.39373 13.4616 1.31666 0.600753 1 0.86721 
1.40572 0.362556 21.3044 1.31159 0.62227 0.9 0.875391 
1.40567 0.369734 19.3612 1.31616 0.61673 0.925 0.875391 
1.40564 0.377323 17.418 1.32099 0.610882 0.95 0.875391 
1.40561 0.385321 15.4748 1.3261 0.604724 0.975 0.875391 
1.4056 0.39373 13.5316 1.33147 0.598257 1 0.875391 
1.41867 0.362616 21.3745 1.32669 0.619691 0.9 0.883573 
1.41863 0.36978 19.4312 1.3312 0.614123 0.925 0.883573 
1.41859 0.377354 17.488 1.33597 0.608244 0.95 0.883573 
1.41856 0.385338 15.5448 1.34102 0.602053 0.975 0.883573 
1.41854 0.39373 13.6016 1.34632 0.595552 1 0.883573 

ZONE I=5, J=5
1.41867 0.362616 21.4326 1.32669 0.619691 0.9 0.883573 
1.41863 0.36978 19.4625 1.3312 0.614123 0.925 0.883573 
1.41859 0.377354 17.4925 1.33597 0.608244 0.95 0.883573 
1.41856 0.385338 15.5224 1.34102 0.602053 0.975 0.883573 
1.41854 0.39373 13.5523 1.34632 0.595552 1 0.883573 
1.43161 0.362675 21.5061 1.34182 0.616893 0.9 0.891754 
1.43156 0.369826 19.536 1.34627 0.6113 0.925 0.891754 
1.43153 0.377386 17.5659 1.35099 0.605396 0.95 0.891754 
1.4315 0.385354 15.5958 1.35598 0.599179 0.975 0.891754 
1.43148 0.393731 13.6258 1.36123 0.59265 1 0.891754 
1.44454 0.362735 21.5795 1.35698 0.613886 0.9 0.899935 
1.44449 0.369872 19.6094 1.36139 0.608268 0.925 0.899935 
1.44446 0.377417 17.6394 1.36605 0.602337 0.95 0.899935 
1.44443 0.38537 15.6693 1.37097 0.596093 0.975 0.899935 
1.44442 0.39373 13.6992 1.37616 0.589535 1 0.899935 
1.45746 0.362794 21.6529 1.37219 0.61067 0.9 0.908116 
1.45742 0.369918 19.6829 1.37654 0.605027 0.925 0.908116 
1.45738 0.377448 17.7128 1.38114 0.599068 0.95 0.908116 
1.45736 0.385386 15.7427 1.386 0.592795 0.975 0.908116 
1.45734 0.39373 13.7727 1.39112 0.586206 1 0.908116 
1.47039 0.362855 21.7264 1.38743 0.607245 0.9 0.916298 
1.47034 0.369965 19.7563 1.39172 0.601576 0.925 0.916298 
1.4703 0.37748 17.7862 1.39627 0.595589 0.95 0.916298 
1.47027 0.385402 15.8162 1.40106 0.589286 0.975 0.916298 
1.47025 0.39373 13.8461 1.40612 0.582665 1 0.916298 

ZONE I=5, J=5
1.47039 0.362855 21.787 1.38743 0.607245 0.9 0.916298 
1.47034 0.369965 19.789 1.39172 0.601576 0.925 0.916298 
1.4703 0.37748 17.7909 1.39627 0.595589 0.95 0.916298 
1.47027 0.385402 15.7928 1.40106 0.589286 0.975 0.916298 
1.47025 0.39373 13.7947 1.40612 0.582665 1 0.916298 
1.4833 0.362917 21.864 1.40269 0.603598 0.9 0.924479 
1.48325 0.370012 19.8659 1.40693 0.597906 0.925 0.924479 
1.48322 0.377513 17.8679 1.41142 0.591897 0.95 0.924479 
1.48319 0.385419 15.8698 1.41616 0.585569 0.975 0.924479 
1.48317 0.393731 13.8717 1.42115 0.578924 1 0.924479 
1.4962 0.362977 21.941 1.41798 0.599739 0.9 0.93266 
1.49615 0.370059 19.9429 1.42217 0.594024 0.925 0.93266 
1.49612 0.377545 17.9448 1.4266 0.587991 0.95 0.93266 
1.49609 0.385435 15.9468 1.43128 0.581638 0.975 0.93266 
1.49608 0.39373 13.9487 1.43621 0.574967 1 0.93266 
1.5091 0.363038 22.018 1.4333 0.595667 0.9 0.940841 
1.50905 0.370106 20.0199 1.43743 0.58993 0.925 0.940841 
1.50902 0.377577 18.0218 1.4418 0.583872 0.95 0.940841 
1.50899 0.385451 16.0237 1.44642 0.577493 0.975 0.940841 
1.50897 0.39373 14.0256 1.45128 0.570794 1 0.940841 
1.522 0.3631 22.0949 1.44865 0.591384 0.9 0.949023 
1.52195 0.370154 20.0969 1.45272 0.585623 0.925 0.949023 
1.52191 0.37761 18.0988 1.45703 0.579539 0.95 0.949023 
1.52188 0.385469 16.1007 1.46158 0.573133 0.975 0.949023 
1.52186 0.39373 14.1026 1.46637 0.566404 1 0.949023 

ZONE I=5, J=5
1.522 0.3631 22.1575 1.44865 0.591384 0.9 0.949023 
1.52195 0.370154 20.1305 1.45272 0.585623 0.925 0.949023 
1.52191 0.37761 18.1036 1.45703 0.579539 0.95 0.949023 
1.52188 0.385469 16.0766 1.46158 0.573133 0.975 0.949023 
1.52186 0.39373 14.0497 1.46637 0.566404 1 0.949023 
1.53487 0.363163 22.2381 1.464 0.586876 0.9 0.957204 
1.53483 0.370202 20.2111 1.46802 0.581095 0.925 0.957204 
1.53479 0.377643 18.1842 1.47227 0.574991 0.95 0.957204 
1.53477 0.385486 16.1572 1.47677 0.568563 0.975 0.957204 
1.53475 0.393731 14.1303 1.4815 0.561812 1 0.957204 
1.54774 0.363225 22.3187 1.47937 0.582153 0.9 0.965385 
1.5477 0.37025 20.2918 1.48333 0.576352 0.925 0.965385 
1.54766 0.377675 18.2648 1.48753 0.570226 0.95 0.965385 
1.54764 0.385502 16.2378 1.49196 0.563776 0.975 0.965385 
1.54763 0.39373 14.2109 1.49664 0.557002 1 0.965385 
1.56061 0.363287 22.3993 1.49476 0.577216 0.9 0.973566 
1.56057 0.370298 20.3724 1.49867 0.571393 0.925 0.973566 
1.56053 0.377708 18.3454 1.5028 0.565246 0.95 0.973566 
1.56051 0.385519 16.3185 1.50717 0.558772 0.975 0.973566 
1.56049 0.39373 14.2915 1.51178 0.551974 1 0.973566 
1.57348 0.36335 22.4799 1.51017 0.572063 0.9 0.981748 
1.57343 0.370347 20.453 1.51401 0.56622 0.925 0.981748 
1.57339 0.377742 18.426 1.51809 0.560049 0.95 0.981748 
1.57336 0.385537 16.3991 1.5224 0.553551 0.975 0.981748 
1.57334 0.39373 14.3721 1.52693 0.546727 1 0.981748 

ZONE I=5, J=5
1.57348 0.36335 22.5424 1.51017 0.572063 0.9 0.981748 
1.57343 0.370347 20.4866 1.51401 0.56622 0.925 0.981748 
1.57339 0.377742 18.4309 1.51809 0.560049 0.95 0.981748 
1.57336 0.385537 16.3751 1.5224 0.553551 0.975 0.981748 
1.57334 0.39373 14.3193 1.52693 0.546727 1 0.981748 
1.58632 0.363415 22.6268 1.52557 0.566684 0.9 0.989929 
1.58628 0.370396 20.571 1.52936 0.560823 0.925 0.989929 
1.58624 0.377776 18.5152 1.53338 0.554634 0.95 0.989929 
1.58622 0.385554 16.4595 1.53763 0.548118 0.975 0.989929 
1.5862 0.393731 14.4037 1.54211 0.541274 1 0.989929 
1.59916 0.363478 22.7112 1.54098 0.561088 0.9 0.99811 
1.59912 0.370445 20.6554 1.54472 0.555209 0.925 0.99811 
1.59909 0.377809 18.5996 1.54868 0.549002 0.95 0.99811 
1.59906 0.385571 16.5438 1.55287 0.542466 0.975 0.99811 
1.59905 0.39373 14.488 1.55728 0.535602 1 0.99811 
1.61199 0.363541 22.7956 1.55639 0.555276 0.9 1.00629 
1.61195 0.370494 20.7398 1.56007 0.549378 0.925 1.00629 
1.61192 0.377843 18.684 1.56398 0.543152 0.95 1.00629 
1.6119 0.385588 16.6282 1.5681 0.536596 0.975 1.00629 
1.61188 0.39373 14.5724 1.57245 0.529711 1 1.00629 
1.62482 0.363605 22.8799 1.57181 0.549247 0.9 1.01447 
1.62478 0.370544 20.8242 1.57544 0.54333 0.925 1.01447 
1.62474 0.377878 18.7684 1.57928 0.537084 0.95 1.01447 
1.62472 0.385607 16.7126 1.58334 0.530508 0.975 1.01447 
1.6247 0.39373 14.6568 1.58762 0.523601 1 1.01447 

ZONE I=5, J=5
1.62482 0.363605 22.9365 1.57181 0.549247 0.9 1.01447 
1.62478 0.370544 20.8546 1.57544 0.54333 0.925 1.01447 
1.62474 0.377878 18.7728 1.57928 0.537084 0.95 1.01447 
1.62472 0.385607 16.691 1.58334 0.530508 0.975 1.01447 
1.6247 0.39373 14.6092 1.58762 0.523601 1 1.01447 
1.63764 0.363672 23.0248 1.58723 0.542984 0.9 1.02266 
1.6376 0.370595 20.943 1.5908 0.537053 0.925 1.02266 
1.63757 0.377913 18.8612 1.59459 0.530792 0.95 1.02266 
1.63755 0.385625 16.7794 1.59859 0.524199 0.975 1.02266 
1.63754 0.393731 14.6975 1.60281 0.517276 1 1.02266 
1.65045 0.363736 23.1132 1.60264 0.536504 0.9 1.03084 
1.65041 0.370646 21.0314 1.60616 0.530558 0.925 1.03084 
1.65038 0.377948 18.9496 1.60989 0.524281 0.95 1.03084 
1.65037 0.385643 16.8677 1.61383 0.517673 0.975 1.03084 
1.65036 0.39373 14.7859 1.61798 0.510733 1 1.03084 
1.66324 0.3638 23.2016 1.61803 0.529806 0.9 1.03902 
1.6632 0.370696 21.1198 1.6215 0.523845 0.925 1.03902 
1.66318 0.377983 19.0379 1.62517 0.517552 0.95 1.03902 
1.66317 0.385661 16.9561 1.62905 0.510928 0.975 1.03902 
1.66317 0.39373 14.8743 1.63314 0.503973 1 1.03902 
1.67602 0.363865 23.29 1.63341 0.522891 0.9 1.0472 
1.67599 0.370749 21.2081 1.63683 0.516914 0.925 1.0472 
1.67597 0.378021 19.1263 1.64044 0.510605 0.95 1.0472 
1.67596 0.385681 17.0445 1.64427 0.503966 0.975 1.0472 
1.67596 0.39373 14.9626 1.64829 0.496995 1 1.0472 

ZONE I=5, J=5
1.67602 0.363865 23.3229 1.63341 0.522891 0.9 1.0472 
1.67599 0.370749 21.226 1.63683 0.516914 0.925 1.0472 
1.67597 0.378021 19.129 1.64044 0.510605 0.95 1.0472 
1.67596 0.385681 17.032 1.64427 0.503966 0.975 1.0472 
1.67596 0.39373 14.9351 1.64829 0.496995 1 1.0472 
1.6888 0.363935 23.4156 1.64878 0.515747 0.9 1.05538 
1.68877 0.370802 21.3186 1.65214 0.509759 0.925 1.05538 
1.68875 0.378057 19.2217 1.65571 0.503438 0.95 1.05538 
1.68875 0.3857 17.1247 1.65947 0.496786 0.975 1.05538 
1.68875 0.393731 15.0278 1.66343 0.489802 1 1.05538 
1.70155 0.364001 23.5083 1.66413 0.50838 0.9 1.06356 
1.70153 0.370855 21.4113 1.66744 0.50238 0.925 1.06356 
1.70152 0.378094 19.3143 1.67095 0.496048 0.95 1.06356 
1.70153 0.38572 17.2174 1.67466 0.489386 0.975 1.06356 
1.70154 0.39373 15.1204 1.67856 0.482392 1 1.06356 
1.71429 0.364066 23.6009 1.67944 0.50079 0.9 1.07174 
1.71428 0.370909 21.504 1.68271 0.494778 0.925 1.07174 
1.71428 0.378134 19.407 1.68617 0.488436 0.95 1.07174 
1.7143 0.385741 17.3101 1.68983 0.481765 0.975 1.07174 
1.71433 0.39373 15.2131 1.69368 0.474765 1 1.07174 
1.72701 0.364131 23.6936 1.69474 0.492977 0.9 1.07992 
1.72702 0.370965 21.5967 1.69796 0.486952 0.925 1.07992 
1.72704 0.378177 19.4997 1.70138 0.480601 0.95 1.07992 
1.72707 0.385765 17.4027 1.70499 0.473924 0.975 1.07992 
1.72712 0.39373 15.3058 1.70878 0.466922 1 1.07992 

ZONE I=5, J=5
1.72701 0.364131 23.652 1.69474 0.492977 0.9 1.07992 
1.72702 0.370965 21.5745 1.69796 0.486952 0.925 1.07992 
1.72704 0.378177 19.4969 1.70138 0.480601 0.95 1.07992 
1.72707 0.385765 17.4194 1.70499 0.473924 0.975 1.07992 
1.72712 0.39373 15.3418 1.70878 0.466922 1 1.07992 
1.73974 0.364207 23.7499 1.71002 0.48494 0.9 1.0881 
1.73975 0.371023 21.6724 1.7132 0.47891 0.925 1.0881 
1.73978 0.378216 19.5948 1.71656 0.472552 0.95 1.0881 
1.73982 0.385785 17.5173 1.72011 0.465867 0.975 1.0881 
1.73988 0.393731 15.4397 1.72385 0.458854 1 1.0881 
1.75243 0.364276 23.8478 1.72525 0.476671 0.9 1.09628 
1.75247 0.371081 21.7703 1.72839 0.470634 0.925 1.09628 
1.75252 0.378259 19.6927 1.73172 0.464273 0.95 1.09628 
1.75258 0.385809 17.6152 1.73522 0.457587 0.975 1.09628 
1.75266 0.39373 15.5376 1.73892 0.450577 1 1.09628 
1.76509 0.364341 23.9457 1.74043 0.46817 0.9 1.10446 
1.76516 0.371142 21.8682 1.74355 0.462127 0.925 1.10446 
1.76524 0.378307 19.7906 1.74685 0.455765 0.95 1.10446 
1.76535 0.385837 17.7131 1.75033 0.449086 0.975 1.10446 
1.76547 0.39373 15.6355 1.75398 0.442089 1 1.10446 
1.77772 0.364402 24.0436 1.75556 0.459437 0.9 1.11265 
1.77783 0.371206 21.9661 1.75867 0.453386 0.925 1.11265 
1.77797 0.378362 19.8885 1.76196 0.447028 0.95 1.11265 
1.77812 0.38587 17.811 1.76542 0.440363 0.975 1.11265 
1.7783 0.39373 15.7334 1.76905 0.43339 1 1.11265 

ZONE I=5, J=5
1.77772 0.364402 23.7868 1.75556 0.459437 0.9 1.11265 
1.77783 0.371206 21.8286 1.75867 0.453386 0.925 1.11265 
1.77797 0.378362 19.8704 1.76196 0.447028 0.95 1.11265 
1.77812 0.38587 17.9122 1.76542 0.440363 0.975 1.11265 
1.7783 0.39373 15.954 1.76905 0.43339 1 1.11265 
1.79038 0.364487 23.8914 1.7707 0.450493 0.9 1.12083 
1.79052 0.371273 21.9332 1.77378 0.444445 0.925 1.12083 
1.79068 0.378408 19.975 1.77702 0.438089 0.95 1.12083 
1.79086 0.385894 18.0168 1.78044 0.431424 0.975 1.12083 
1.79105 0.39373 16.0587 1.78402 0.424451 1 1.12083 
1.80295 0.364555 23.996 1.78572 0.441308 0.9 1.12901 
1.80316 0.371336 22.0379 1.7888 0.435265 0.925 1.12901 
1.80338 0.37846 20.0797 1.79205 0.42892 0.95 1.12901 
1.80361 0.385924 18.1215 1.79545 0.422272 0.975 1.12901 
1.80386 0.39373 16.1633 1.79901 0.415322 1 1.12901 
1.81544 0.364609 24.1007 1.80062 0.431884 0.9 1.13719 
1.81574 0.371399 22.1425 1.80375 0.425847 0.925 1.13719 
1.81606 0.378517 20.1843 1.80702 0.419521 0.95 1.13719 
1.81639 0.385961 18.2261 1.81045 0.412906 0.975 1.13719 
1.81674 0.393731 16.2679 1.81404 0.406002 1 1.13719 
1.82784 0.364651 24.2053 1.81541 0.42222 0.9 1.14537 
1.82827 0.371464 22.2471 1.81861 0.416191 0.925 1.14537 
1.82872 0.378581 20.2889 1.82196 0.409894 0.95 1.14537 
1.82919 0.386004 18.3308 1.82545 0.403327 0.975 1.14537 
1.82968 0.39373 16.3726 1.82908 0.396491 1 1.14537 

ZONE I=5, J=5
1.82784 0.364651 23.428 1.81541 0.42222 0.9 1.14537 
1.82827 0.371464 21.8365 1.81861 0.416191 0.925 1.14537 
1.82872 0.378581 20.245 1.82196 0.409894 0.95 1.14537 
1.82919 0.386004 18.6535 1.82545 0.403327 0.975 1.14537 
1.82968 0.39373 17.062 1.82908 0.396491 1 1.14537 
1.84032 0.364717 23.5271 1.83024 0.412356 0.9 1.15355 
1.84086 0.371535 21.9356 1.83349 0.406341 0.925 1.15355 
1.8414 0.378644 20.3441 1.83687 0.400062 0.95 1.15355 
1.84195 0.386042 18.7526 1.84036 0.393518 0.975 1.15355 
1.84249 0.393731 17.1611 1.84398 0.38671 1 1.15355 
1.85265 0.364692 23.6262 1.84485 0.402294 0.9 1.16173 
1.85333 0.371523 22.0347 1.84819 0.396298 0.925 1.16173 
1.854 0.37864 20.4432 1.85164 0.390037 0.95 1.16173 
1.85467 0.386042 18.8517 1.8552 0.38351 0.975 1.16173 
1.85533 0.39373 17.2602 1.85886 0.376719 1 1.16173 
1.86482 0.364582 23.7253 1.85924 0.392034 0.9 1.16991 
1.86568 0.371431 22.1338 1.8627 0.386062 0.925 1.16991 
1.86653 0.378572 20.5423 1.86627 0.379819 0.95 1.16991 
1.86737 0.386005 18.9508 1.86995 0.373304 0.975 1.16991 
1.86821 0.39373 17.3593 1.87373 0.366518 1 1.16991 
1.87684 0.364391 23.8244 1.87342 0.381576 0.9 1.1781 
1.8779 0.371263 22.2329 1.87703 0.375633 0.925 1.1781 
1.87896 0.378443 20.6414 1.88076 0.369407 0.95 1.1781 
1.88004 0.385933 19.0499 1.88462 0.362899 0.975 1.1781 
1.88112 0.39373 17.4584 1.8886 0.356107 1 1.1781 

ZONE I=5, J=5
1.87684 0.364391 22.5821 1.87342 0.381576 0.9 1.1781 
1.8779 0.371263 21.5523 1.87703 0.375633 0.925 1.1781 
1.87896 0.378443 20.5225 1.88076 0.369407 0.95 1.1781 
1.88004 0.385933 19.4926 1.88462 0.362899 0.975 1.1781 
1.88112 0.39373 18.4628 1.8886 0.356107 1 1.1781 
1.88899 0.363951 22.6723 1.88758 0.371205 0.9 1.18628 
1.89009 0.370852 21.6425 1.89118 0.365219 0.925 1.18628 
1.8912 0.378069 20.6126 1.89492 0.358947 0.95 1.18628 
1.89233 0.385602 19.5828 1.8988 0.352389 0.975 1.18628 
1.89348 0.39345 18.553 1.90281 0.345545 1 1.18628 
1.90096 0.363146 22.7625 1.90138 0.360899 0.9 1.19446 
1.90213 0.370054 21.7326 1.90501 0.354905 0.925 1.19446 
1.90333 0.377277 20.7028 1.90879 0.34863 0.95 1.19446 
1.90457 0.384814 19.673 1.91271 0.342075 0.975 1.19446 
1.90584 0.392666 18.6431 1.91677 0.335239 1 1.19446 
1.91273 0.36198 22.8527 1.91483 0.350657 0.9 1.20264 
1.91401 0.368872 21.8228 1.91852 0.344691 0.925 1.20264 
1.91535 0.37607 20.793 1.92235 0.338457 0.95 1.20264 
1.91674 0.383572 19.7631 1.92635 0.331957 0.975 1.20264 
1.91818 0.39138 18.7333 1.9305 0.32519 1 1.20264 
1.92429 0.36046 22.9428 1.92793 0.340481 0.9 1.21082 
1.92574 0.367312 21.913 1.9317 0.334577 0.925 1.21082 
1.92725 0.374451 20.8832 1.93563 0.328428 0.95 1.21082 
1.92884 0.381878 19.8533 1.93973 0.322035 0.975 1.21082 
1.93049 0.389593 18.8235 1.94399 0.315397 1 1.21082 

ZONE I=5, J=5
1.92429 0.36046 22.2976 1.92793 0.340481 0.9 1.21082 
1.92574 0.367312 21.5745 1.9317 0.334577 0.925 1.21082 
1.92725 0.374451 20.8514 1.93563 0.328428 0.95 1.21082 
1.92884 0.381878 20.1282 1.93973 0.322035 0.975 1.21082 
1.93049 0.389593 19.4051 1.94399 0.315397 1 1.21082 
1.93588 0.358437 22.4052 1.94083 0.330592 0.9 1.219 
1.93746 0.365273 21.6821 1.94467 0.32472 0.925 1.219 
1.93912 0.37237 20.9589 1.94867 0.31863 0.95 1.219 
1.94085 0.379726 20.2358 1.95283 0.312321 0.975 1.219 
1.94265 0.387341 19.5127 1.95715 0.305793 1 1.219 
1.94731 0.356019 22.5128 1.95342 0.32083 0.9 1.22718 
1.94906 0.362817 21.7896 1.95736 0.315021 0.925 1.22718 
1.95089 0.369855 21.0665 1.96145 0.309011 0.95 1.22718 
1.9528 0.377134 20.3434 1.9657 0.302799 0.975 1.22718 
1.95478 0.384654 19.6202 1.9701 0.296387 1 1.22718 
1.95858 0.353212 22.6203 1.9657 0.311196 0.9 1.23536 
1.96053 0.359945 21.8972 1.96976 0.30548 0.925 1.23536 
1.96256 0.36691 21.1741 1.97397 0.299571 0.95 1.23536 
1.96468 0.374106 20.4509 1.97833 0.293471 0.975 1.23536 
1.96687 0.381535 19.7278 1.98285 0.287179 1 1.23536 
1.96969 0.350019 22.7279 1.97767 0.301688 0.9 1.24355 
1.97186 0.356662 22.0048 1.98186 0.296096 0.925 1.24355 
1.97412 0.363537 21.2816 1.98621 0.290312 0.95 1.24355 
1.97647 0.370644 20.5585 1.99072 0.284336 0.975 1.24355 
1.97891 0.377985 19.8353 1.99539 0.278168 1 1.24355 

ZONE I=5, J=5
1.96969 0.350019 22.5339 1.97767 0.301688 0.9 1.24355 
1.97186 0.356662 21.9 1.98186 0.296096 0.925 1.24355 
1.97412 0.363537 21.2662 1.98621 0.290312 0.95 1.24355 
1.97647 0.370644 20.6323 1.99072 0.284336 0.975 1.24355 
1.97891 0.377985 19.9984 1.99539 0.278168 1 1.24355 
1.98071 0.3464 22.6368 1.9894 0.292393 0.9 1.25173 
1.98308 0.352974 22.0029 1.99371 0.286894 0.925 1.25173 
1.98554 0.359767 21.369 1.99818 0.281215 0.95 1.25173 
1.98809 0.366779 20.7352 2.0028 0.275358 0.975 1.25173 
1.99073 0.37401 20.1013 2.00758 0.269321 1 1.25173 
1.99157 0.342411 22.7396 2.00084 0.283229 0.9 1.25991 
1.99414 0.3489 22.1058 2.00527 0.277836 0.925 1.25991 
1.9968 0.355599 21.4719 2.00986 0.272274 0.95 1.25991 
1.99956 0.362508 20.838 2.0146 0.266541 0.975 1.25991 
2.00242 0.369627 20.2042 2.0195 0.260637 1 1.25991 
2.00225 0.338055 22.8425 2.01199 0.274196 0.9 1.26809 
2.00503 0.344445 22.2086 2.01654 0.268924 0.925 1.26809 
2.0079 0.351039 21.5748 2.02125 0.263486 0.95 1.26809 
2.01088 0.357838 20.9409 2.02612 0.257884 0.975 1.26809 
2.01396 0.364841 20.307 2.03115 0.252117 1 1.26809 
2.01276 0.333336 22.9454 2.02286 0.265295 0.9 1.27627 
2.01574 0.339611 22.3115 2.02753 0.260156 0.925 1.27627 
2.01883 0.346089 21.6777 2.03237 0.254853 0.95 1.27627 
2.02203 0.352771 21.0438 2.03736 0.249388 0.975 1.27627 
2.02534 0.359655 20.4099 2.04253 0.24376 1 1.27627 

ZONE I=5, J=5
2.01276 0.333336 22.9236 2.02286 0.265295 0.9 1.27627 
2.01574 0.339611 22.2998 2.02753 0.260156 0.925 1.27627 
2.01883 0.346089 21.6759 2.03237 0.254853 0.95 1.27627 
2.02203 0.352771 21.0521 2.03736 0.249388 0.975 1.27627 
2.02534 0.359655 20.4283 2.04253 0.24376 1 1.27627 
2.0231 0.328247 23.0208 2.03344 0.256545 0.9 1.28445 
2.02628 0.334412 22.3969 2.03823 0.251529 0.925 1.28445 
2.02958 0.340772 21.7731 2.04319 0.246358 0.95 1.28445 
2.03298 0.347329 21.1493 2.04831 0.241031 0.975 1.28445 
2.0365 0.35408 20.5255 2.05359 0.235548 1 1.28445 
2.03326 0.322813 23.1179 2.04374 0.247914 0.9 1.29263 
2.03663 0.328859 22.4941 2.04865 0.243027 0.925 1.29263 
2.04013 0.335095 21.8703 2.05372 0.23799 0.95 1.29263 
2.04374 0.341521 21.2465 2.05896 0.232803 0.975 1.29263 
2.04747 0.348136 20.6226 2.06436 0.227466 1 1.29263 
2.04322 0.317039 23.2151 2.05376 0.239401 0.9 1.30081 
2.04678 0.322958 22.5913 2.05877 0.234648 0.925 1.30081 
2.05047 0.329062 21.9675 2.06396 0.229749 0.95 1.30081 
2.05428 0.335351 21.3436 2.06931 0.224704 0.975 1.30081 
2.05822 0.341826 20.7198 2.07483 0.219514 1 1.30081 
2.05297 0.310929 23.3123 2.06349 0.231008 0.9 1.309 
2.05672 0.316713 22.6885 2.06862 0.226392 0.925 1.309 
2.06061 0.322678 22.0646 2.07391 0.221634 0.95 1.309 
2.06462 0.328826 21.4408 2.07937 0.216734 0.975 1.309 
2.06876 0.335156 20.817 2.08501 0.211691 1 1.309 

ZONE I=5, J=5
2.05297 0.310929 23.3508 2.06349 0.231008 0.9 1.309 
2.05672 0.316713 22.7092 2.06862 0.226392 0.925 1.309 
2.06061 0.322678 22.0676 2.07391 0.221634 0.95 1.309 
2.06462 0.328826 21.4261 2.07937 0.216734 0.975 1.309 
2.06876 0.335156 20.7845 2.08501 0.211691 1 1.309 
2.0625 0.304502 23.4406 2.07293 0.222734 0.9 1.31718 
2.06644 0.310147 22.799 2.07815 0.218257 0.925 1.31718 
2.07051 0.315968 22.1575 2.08355 0.213642 0.95 1.31718 
2.07471 0.321966 21.5159 2.08913 0.208891 0.975 1.31718 
2.07905 0.328141 20.8743 2.09488 0.204002 1 1.31718 
2.07181 0.297765 23.5304 2.08207 0.214565 0.9 1.32536 
2.07592 0.303267 22.8889 2.08739 0.210228 0.925 1.32536 
2.08017 0.30894 22.2473 2.0929 0.205757 0.95 1.32536 
2.08456 0.314785 21.6057 2.09858 0.201154 0.975 1.32536 
2.08909 0.320802 20.9642 2.10443 0.196419 1 1.32536 
2.08088 0.290725 23.6203 2.09092 0.206504 0.9 1.33354 
2.08516 0.296079 22.9787 2.09634 0.202306 0.925 1.33354 
2.08959 0.3016 22.3371 2.10194 0.197979 0.95 1.33354 
2.09416 0.307288 21.6956 2.10772 0.193525 0.975 1.33354 
2.09888 0.313143 21.054 2.11368 0.188942 1 1.33354 
2.08973 0.283386 23.7101 2.09949 0.198548 0.9 1.34172 
2.09417 0.288588 23.0685 2.10499 0.19449 0.925 1.34172 
2.09876 0.293953 22.427 2.11068 0.190308 0.95 1.34172 
2.1035 0.29948 21.7854 2.11656 0.186002 0.975 1.34172 
2.10839 0.305171 21.1438 2.12261 0.181572 1 1.34172 

ZONE I=5, J=5
2.08973 0.283386 23.7663 2.09949 0.198548 0.9 1.34172 
2.09417 0.288588 23.0988 2.10499 0.19449 0.925 1.34172 
2.09876 0.293953 22.4313 2.11068 0.190308 0.95 1.34172 
2.1035 0.29948 21.7638 2.11656 0.186002 0.975 1.34172 
2.10839 0.305171 21.0963 2.12261 0.181572 1 1.34172 
2.09831 0.275772 23.8472 2.10775 0.19068 0.9 1.3499 
2.10291 0.280816 23.1797 2.11334 0.186767 0.925 1.3499 
2.10767 0.286017 22.5122 2.11912 0.182735 0.95 1.3499 
2.11258 0.291376 21.8447 2.12509 0.178583 0.975 1.3499 
2.11765 0.296892 21.1772 2.13124 0.174311 1 1.3499 
2.10664 0.267884 23.9281 2.11572 0.182899 0.9 1.35808 
2.1114 0.272766 23.2606 2.12139 0.179131 0.925 1.35808 
2.11631 0.277801 22.5931 2.12726 0.175247 0.95 1.35808 
2.12139 0.282989 21.9257 2.13332 0.171247 0.975 1.35808 
2.12662 0.28833 21.2582 2.13956 0.167132 1 1.35808 
2.11472 0.259727 24.0091 2.12339 0.175206 0.9 1.36626 
2.11962 0.264447 23.3416 2.12915 0.17158 0.925 1.36626 
2.12468 0.269313 22.6741 2.1351 0.167844 0.95 1.36626 
2.12991 0.274328 22.0066 2.14124 0.163996 0.975 1.36626 
2.13531 0.27949 21.3391 2.14757 0.160037 1 1.36626 
2.12253 0.251308 24.09 2.13078 0.1676 0.9 1.37445 
2.12757 0.255862 23.4225 2.13661 0.164116 0.925 1.37445 
2.13278 0.260558 22.755 2.14263 0.160526 0.95 1.37445 
2.13816 0.265397 22.0875 2.14885 0.156829 0.975 1.37445 
2.1437 0.270379 21.42 2.15526 0.153024 1 1.37445 

ZONE I=5, J=5
2.12253 0.251308 24.1474 2.13078 0.1676 0.9 1.37445 
2.12757 0.255862 23.4534 2.13661 0.164116 0.925 1.37445 
2.13278 0.260558 22.7595 2.14263 0.160526 0.95 1.37445 
2.13816 0.265397 22.0655 2.14885 0.156829 0.975 1.37445 
2.1437 0.270379 21.3715 2.15526 0.153024 1 1.37445 
2.13006 0.242661 24.2181 2.13785 0.160066 0.9 1.38263 
2.13523 0.247043 23.5241 2.14376 0.15673 0.925 1.38263 
2.14058 0.251561 22.8301 2.14985 0.153292 0.95 1.38263 
2.1461 0.256217 22.1362 2.15615 0.149751 0.975 1.38263 
2.1518 0.26101 21.4422 2.16264 0.146107 1 1.38263 
2.13731 0.233783 24.2887 2.14463 0.152607 0.9 1.39081 
2.14261 0.23799 23.5948 2.1506 0.149416 0.925 1.39081 
2.14809 0.242329 22.9008 2.15677 0.146128 0.95 1.39081 
2.15375 0.246801 22.2068 2.16314 0.142742 0.975 1.39081 
2.15958 0.251404 21.5128 2.1697 0.139257 1 1.39081 
2.14427 0.224678 24.3594 2.15112 0.14522 0.9 1.39899 
2.1497 0.22871 23.6654 2.15715 0.142174 0.925 1.39899 
2.1553 0.232869 22.9714 2.16338 0.139034 0.95 1.39899 
2.16109 0.237155 22.2775 2.16982 0.135801 0.975 1.39899 
2.16706 0.241568 21.5835 2.17645 0.132474 1 1.39899 
2.15095 0.215354 24.43 2.1573 0.137906 0.9 1.40717 
2.15649 0.219211 23.7361 2.16339 0.135003 0.925 1.40717 
2.16221 0.223188 23.0421 2.16969 0.132011 0.95 1.40717 
2.16812 0.227287 22.3481 2.17618 0.128929 0.975 1.40717 
2.17421 0.231508 21.6541 2.18288 0.125757 1 1.40717 

ZONE I=5, J=5
2.15095 0.215354 24.4819 2.1573 0.137906 0.9 1.40717 
2.15649 0.219211 23.764 2.16339 0.135003 0.925 1.40717 
2.16221 0.223188 23.0461 2.16969 0.132011 0.95 1.40717 
2.16812 0.227287 22.3282 2.17618 0.128929 0.975 1.40717 
2.17421 0.231508 21.6103 2.18288 0.125757 1 1.40717 
2.15732 0.205839 24.5411 2.16318 0.130645 0.9 1.41535 
2.16297 0.209512 23.8232 2.16933 0.12789 0.925 1.41535 
2.16881 0.213302 23.1053 2.17568 0.12505 0.95 1.41535 
2.17484 0.217207 22.3874 2.18224 0.122125 0.975 1.41535 
2.18105 0.221228 21.6696 2.189 0.119115 1 1.41535 
2.1634 0.196129 24.6004 2.16876 0.12344 0.9 1.42353 
2.16915 0.199619 23.8825 2.17496 0.120831 0.925 1.42353 
2.1751 0.20322 23.1646 2.18137 0.118142 0.95 1.42353 
2.18124 0.206931 22.4467 2.18799 0.115372 0.975 1.42353 
2.18757 0.210751 21.7288 2.19481 0.112521 1 1.42353 
2.16917 0.186231 24.6596 2.17405 0.11629 0.9 1.43171 
2.17502 0.189537 23.9417 2.1803 0.113827 0.925 1.43171 
2.18107 0.192949 23.2238 2.18676 0.111286 0.95 1.43171 
2.18731 0.196464 22.506 2.19343 0.10867 0.975 1.43171 
2.19375 0.200084 21.7881 2.20031 0.105978 1 1.43171 
2.17464 0.176151 24.7189 2.17903 0.109196 0.9 1.4399 
2.18058 0.179274 24.001 2.18533 0.106876 0.925 1.4399 
2.18672 0.182495 23.2831 2.19184 0.104484 0.95 1.4399 
2.19306 0.185815 22.5652 2.19856 0.10202 0.975 1.4399 
2.1996 0.189234 21.8473 2.20548 0.0994835 1 1.4399 

ZONE I=5, J=5
2.17464 0.176151 24.7622 2.17903 0.109196 0.9 1.4399 
2.18058 0.179274 24.0243 2.18533 0.106876 0.925 1.4399 
2.18672 0.182495 23.2865 2.19184 0.104484 0.95 1.4399 
2.19306 0.185815 22.5486 2.19856 0.10202 0.975 1.4399 
2.1996 0.189234 21.8107 2.20548 0.0994835 1 1.4399 
2.17979 0.165926 24.8092 2.18371 0.102147 0.9 1.44808 
2.18582 0.168859 24.0713 2.19005 0.0999739 0.925 1.44808 
2.19205 0.171885 23.3334 2.19661 0.0977335 0.95 1.44808 
2.19848 0.175003 22.5956 2.20337 0.0954258 0.975 1.44808 
2.20512 0.178215 21.8577 2.21035 0.0930507 1 1.44808 
2.18462 0.15555 24.8561 2.18809 0.0951409 0.9 1.45626 
2.19073 0.158293 24.1183 2.19447 0.0931141 0.925 1.45626 
2.19705 0.161123 23.3804 2.20107 0.0910243 0.95 1.45626 
2.20357 0.16404 22.6425 2.20787 0.0888716 0.975 1.45626 
2.21029 0.167044 21.9047 2.2149 0.086656 1 1.45626 
2.18914 0.145031 24.9031 2.19216 0.0881786 0.9 1.46444 
2.19532 0.147584 24.1652 2.19858 0.0862965 0.925 1.46444 
2.20171 0.150218 23.4274 2.20522 0.084356 0.95 1.46444 
2.20831 0.152932 22.6895 2.21207 0.0823569 0.975 1.46444 
2.21512 0.155728 21.9516 2.21913 0.0802994 1 1.46444 
2.19333 0.134375 24.9501 2.19594 0.0812599 0.9 1.47262 
2.19958 0.136737 24.2122 2.20239 0.0795212 0.925 1.47262 
2.20604 0.139175 23.4743 2.20906 0.0777285 0.95 1.47262 
2.21271 0.141688 22.7364 2.21595 0.0758818 0.975 1.47262 
2.21959 0.144276 21.9986 2.22305 0.073981 1 1.47262 

ZONE I=5, J=5
2.19333 0.134375 24.9834 2.19594 0.0812599 0.9 1.47262 
2.19958 0.136737 24.2301 2.20239 0.0795212 0.925 1.47262 
2.20604 0.139175 23.4769 2.20906 0.0777285 0.95 1.47262 
2.21271 0.141688 22.7237 2.21595 0.0758818 0.975 1.47262 
2.21959 0.144276 21.9704 2.22305 0.073981 1 1.47262 
2.19719 0.123606 25.0174 2.19941 0.0743699 0.9 1.4808 
2.20351 0.125774 24.2641 2.2059 0.0727779 0.925 1.4808 
2.21004 0.128011 23.5109 2.2126 0.0711364 0.95 1.4808 
2.21678 0.130318 22.7577 2.21952 0.0694453 0.975 1.4808 
2.22373 0.132692 22.0044 2.22666 0.0677047 1 1.4808 
2.20073 0.112724 25.0514 2.20258 0.0675082 0.9 1.48898 
2.20711 0.114698 24.2981 2.2091 0.0660619 0.925 1.48898 
2.21369 0.116734 23.5449 2.21583 0.0645706 0.95 1.48898 
2.2205 0.118834 22.7917 2.22278 0.0630342 0.975 1.48898 
2.22751 0.120996 22.0384 2.22995 0.0614527 1 1.48898 
2.20394 0.101736 25.0854 2.20545 0.060675 0.9 1.49716 
2.21037 0.103515 24.3321 2.21199 0.0593733 0.925 1.49716 
2.21701 0.105351 23.5789 2.21875 0.0580311 0.95 1.49716 
2.22387 0.107243 22.8257 2.22573 0.0566484 0.975 1.49716 
2.23094 0.109192 22.0724 2.23293 0.055225 1 1.49716 
2.20682 0.0906492 25.1194 2.20802 0.0538701 0.9 1.50535 
2.21329 0.0922339 24.3661 2.21459 0.0527121 0.925 1.50535 
2.21998 0.093869 23.6129 2.22137 0.051518 0.95 1.50535 
2.22689 0.0955544 22.8597 2.22837 0.0502879 0.975 1.50535 
2.23401 0.0972901 22.1064 2.23559 0.0490216 1 1.50535 

ZONE I=5, J=5
2.20682 0.0906492 25.142 2.20802 0.0538701 0.9 1.50535 
2.21329 0.0922339 24.3783 2.21459 0.0527121 0.925 1.50535 
2.21998 0.093869 23.6147 2.22137 0.051518 0.95 1.50535 
2.22689 0.0955544 22.851 2.22837 0.0502879 0.975 1.50535 
2.23401 0.0972901 22.0874 2.23559 0.0490216 1 1.50535 
2.20936 0.079495 25.1626 2.21029 0.0470881 0.9 1.51353 
2.21588 0.0808823 24.3989 2.21687 0.046076 0.925 1.51353 
2.22261 0.0823138 23.6353 2.22368 0.0450322 0.95 1.51353 
2.22956 0.0837893 22.8716 2.2307 0.0439569 0.975 1.51353 
2.23673 0.085309 22.1079 2.23794 0.04285 1 1.51353 
2.21157 0.0682722 25.1832 2.21225 0.0403242 0.9 1.52171 
2.21812 0.069462 24.4195 2.21885 0.0394571 0.925 1.52171 
2.22489 0.0706897 23.6558 2.22567 0.038563 0.95 1.52171 
2.23187 0.0719553 22.8922 2.23272 0.0376419 0.975 1.52171 
2.23908 0.0732588 22.1285 2.23998 0.0366936 1 1.52171 
2.21344 0.0569878 25.2037 2.21391 0.0335781 0.9 1.52989 
2.22002 0.0579803 24.4401 2.22053 0.0328556 0.925 1.52989 
2.22682 0.0590043 23.6764 2.22737 0.0321105 0.95 1.52989 
2.23384 0.06006 22.9128 2.23442 0.0313428 0.975 1.52989 
2.24108 0.0611472 22.1491 2.2417 0.0305526 1 1.52989 
2.21497 0.0456491 25.2243 2.21527 0.0268501 0.9 1.53807 
2.22157 0.0464444 24.4607 2.2219 0.0262714 0.925 1.53807 
2.2284 0.0472649 23.697 2.22875 0.0256746 0.95 1.53807 
2.23544 0.0481108 22.9334 2.23582 0.0250598 0.975 1.53807 
2.24271 0.0489819 22.1697 2.24311 0.0244268 1 1.53807 

ZONE I=5, J=5
2.21497 0.0456491 25.2357 2.21527 0.0268501 0.9 1.53807 
2.22157 0.0464444 24.4668 2.2219 0.0262714 0.925 1.53807 
2.2284 0.0472649 23.6979 2.22875 0.0256746 0.95 1.53807 
2.23544 0.0481108 22.929 2.23582 0.0250598 0.975 1.53807 
2.24271 0.0489819 22.1601 2.24311 0.0244268 1 1.53807 
2.21616 0.0342745 25.2426 2.21633 0.0201317 0.9 1.54625 
2.22278 0.034871 24.4737 2.22297 0.019698 0.925 1.54625 
2.22963 0.0354865 23.7048 2.22983 0.0192506 0.95 1.54625 
2.23669 0.036121 22.9359 2.23691 0.0187898 0.975 1.54625 
2.24398 0.0367745 22.167 2.24421 0.0183154 1 1.54625 
2.21701 0.0228685 25.2495 2.21709 0.0134172 0.9 1.55443 
2.22365 0.0232662 24.4806 2.22373 0.0131283 0.925 1.55443 
2.23051 0.0236765 23.7117 2.2306 0.0128302 0.95 1.55443 
2.23759 0.0240995 22.9428 2.23768 0.0125232 0.975 1.55443 
2.24489 0.0245352 22.1739 2.24499 0.0122071 1 1.55443 
2.21752 0.0114385 25.2564 2.21754 0.00670667 0.9 1.56261 
2.22417 0.0116373 24.4875 2.22419 0.00656227 0.925 1.56261 
2.23103 0.0118425 23.7186 2.23106 0.00641335 0.95 1.56261 
2.23812 0.0120539 22.9496 2.23815 0.00625991 0.975 1.56261 
2.24544 0.0122717 22.1807 2.24546 0.00610196 1 1.56261 
2.21769 -8.14604e-06 25.2632 2.21769 0 0.9 1.5708 
2.22434 -8.17046e-06 24.4943 2.22434 0 0.925 1.5708 
2.23121 -8.1957e-06 23.7254 2.23121 0 0.95 1.5708 
2.2383 -8.22175e-06 22.9565 2.2383 0 0.975 1.5708 
2.24562 -8.24862e-06 22.1876 2.24562 0 1 1.5708 

