ZONE I=5, J=5
0 0.359503 16.9027 0.359503 0 0.9 0 
0 0.367514 15.2966 0.367514 0 0.925 0 
0 0.375984 13.6904 0.375984 0 0.95 0 
0 0.384911 12.0843 0.384911 0 0.975 0 
0 0.394297 10.4781 0.394297 0 1 0 
0.0131848 0.359503 16.9041 0.359599 0.0102432 0.9 0.00818126 
0.0131843 0.367515 15.298 0.36761 0.0101772 0.925 0.00818126 
0.013184 0.375984 13.6918 0.37608 0.0101075 0.95 0.00818126 
0.0131837 0.384912 12.0857 0.385007 0.0100343 0.975 0.00818126 
0.0131836 0.394297 10.4795 0.394392 0.00995739 1 0.00818126 
0.0263668 0.359504 16.9055 0.359887 0.0204811 0.9 0.0163625 
0.0263658 0.367516 15.2993 0.367898 0.0203491 0.925 0.0163625 
0.0263651 0.375985 13.6932 0.376366 0.0202098 0.95 0.0163625 
0.0263646 0.384912 12.087 0.385292 0.0200632 0.975 0.0163625 
0.0263643 0.394297 10.4809 0.394675 0.0199094 1 0.0163625 
0.0395485 0.359506 16.9069 0.360368 0.0307138 0.9 0.0245437 
0.039547 0.367517 15.3007 0.368377 0.0305157 0.925 0.0245437 
0.0395458 0.375986 13.6946 0.376843 0.0303067 0.95 0.0245437 
0.039545 0.384912 12.0884 0.385767 0.0300868 0.975 0.0245437 
0.0395445 0.394297 10.4823 0.395149 0.029856 1 0.0245437 
0.0527323 0.359508 16.9082 0.361041 0.0409413 0.9 0.0327249 
0.0527302 0.367519 15.3021 0.369047 0.0406771 0.925 0.0327249 
0.0527286 0.375987 13.6959 0.377511 0.0403984 0.95 0.0327249 
0.0527274 0.384913 12.0898 0.386432 0.0401051 0.975 0.0327249 
0.0527265 0.394297 10.4836 0.395811 0.0397973 1 0.0327249 

ZONE I=5, J=5
0.0527323 0.359508 16.9103 0.361041 0.0409413 0.9 0.0327249 
0.0527302 0.367519 15.3033 0.369047 0.0406771 0.925 0.0327249 
0.0527286 0.375987 13.6963 0.377511 0.0403984 0.95 0.0327249 
0.0527274 0.384913 12.0893 0.386432 0.0401051 0.975 0.0327249 
0.0527265 0.394297 10.4823 0.395811 0.0397973 1 0.0327249 
0.0659163 0.359511 16.9136 0.361906 0.0511591 0.9 0.0409062 
0.0659139 0.367521 15.3066 0.369909 0.0508291 0.925 0.0409062 
0.065912 0.375989 13.6996 0.37837 0.0504809 0.95 0.0409062 
0.0659106 0.384914 12.0926 0.387287 0.0501146 0.975 0.0409062 
0.0659099 0.394297 10.4856 0.396662 0.0497301 1 0.0409062 
0.0790978 0.359515 16.9169 0.362963 0.0613619 0.9 0.0490874 
0.0790949 0.367524 15.3099 0.370962 0.060966 0.925 0.0490874 
0.0790926 0.375991 13.7029 0.379419 0.0605483 0.95 0.0490874 
0.079091 0.384915 12.0959 0.388332 0.0601089 0.975 0.0490874 
0.0790901 0.394297 10.4889 0.397703 0.0596476 1 0.0490874 
0.0922791 0.359519 16.9202 0.364212 0.0715499 0.9 0.0572686 
0.0922756 0.367527 15.3132 0.372206 0.0710881 0.925 0.0572686 
0.0922729 0.375993 13.7062 0.380658 0.0706008 0.95 0.0572686 
0.0922709 0.384916 12.0992 0.389566 0.0700881 0.975 0.0572686 
0.0922697 0.394297 10.4922 0.398932 0.06955 1 0.0572686 
0.105463 0.359524 16.9235 0.365652 0.081723 0.9 0.0654498 
0.105459 0.367531 15.3165 0.373641 0.0811952 0.925 0.0654498 
0.105455 0.375995 13.7095 0.382087 0.0806383 0.95 0.0654498 
0.105453 0.384917 12.1025 0.39099 0.0800522 0.975 0.0654498 
0.105451 0.394297 10.4955 0.400349 0.0794371 1 0.0654498 

ZONE I=5, J=5
0.105463 0.359524 16.9276 0.365652 0.081723 0.9 0.0654498 
0.105459 0.367531 15.3189 0.373641 0.0811952 0.925 0.0654498 
0.105455 0.375995 13.7102 0.382087 0.0806383 0.95 0.0654498 
0.105453 0.384917 12.1015 0.39099 0.0800522 0.975 0.0654498 
0.105451 0.394297 10.4928 0.400349 0.0794371 1 0.0654498 
0.118646 0.35953 16.9332 0.367284 0.0918754 0.9 0.0736311 
0.118641 0.367535 15.3245 0.375267 0.0912821 0.925 0.073631 
0.118638 0.375998 13.7158 0.383707 0.0906561 0.95 0.0736311 
0.118635 0.384919 12.1071 0.392603 0.0899975 0.975 0.0736311 
0.118634 0.394297 10.4985 0.401956 0.0893061 1 0.0736311 
0.131826 0.359536 16.9389 0.369107 0.102003 0.9 0.0818123 
0.131821 0.36754 15.3302 0.377083 0.101344 0.925 0.0818123 
0.131817 0.376002 13.7215 0.385516 0.100649 0.95 0.0818123 
0.131815 0.384921 12.1128 0.394405 0.0999177 0.975 0.0818123 
0.131813 0.394297 10.5041 0.40375 0.09915 1 0.0818123 
0.145006 0.359543 16.9445 0.37112 0.112107 0.9 0.0899936 
0.145001 0.367546 15.3358 0.37909 0.111382 0.925 0.0899936 
0.144997 0.376005 13.7271 0.387515 0.110617 0.95 0.0899936 
0.144994 0.384922 12.1184 0.396396 0.109813 0.975 0.0899935 
0.144992 0.394297 10.5097 0.405732 0.108969 1 0.0899936 
0.158189 0.359551 16.9501 0.373325 0.122185 0.9 0.0981748 
0.158183 0.367551 15.3414 0.381286 0.121395 0.925 0.0981748 
0.158178 0.376009 13.7327 0.389703 0.120561 0.95 0.0981748 
0.158174 0.384924 12.124 0.398575 0.119683 0.975 0.0981748 
0.158172 0.394297 10.5153 0.407902 0.118762 1 0.0981748 

ZONE I=5, J=5
0.158189 0.359551 16.9559 0.373325 0.122185 0.9 0.0981748 
0.158183 0.367551 15.3447 0.381286 0.121395 0.925 0.0981748 
0.158178 0.376009 13.7334 0.389703 0.120561 0.95 0.0981748 
0.158174 0.384924 12.1222 0.398575 0.119683 0.975 0.0981748 
0.158172 0.394297 10.511 0.407902 0.118762 1 0.0981748 
0.17137 0.359559 16.9638 0.375719 0.132232 0.9 0.106356 
0.171364 0.367558 15.3526 0.383672 0.131377 0.925 0.106356 
0.171359 0.376014 13.7414 0.39208 0.130474 0.95 0.106356 
0.171355 0.384927 12.1301 0.400942 0.129525 0.975 0.106356 
0.171353 0.394297 10.5189 0.410259 0.128528 1 0.106356 
0.184549 0.359568 16.9718 0.378303 0.142245 0.9 0.114537 
0.184542 0.367565 15.3606 0.386247 0.141325 0.925 0.114537 
0.184537 0.376018 13.7493 0.394645 0.140354 0.95 0.114537 
0.184533 0.384929 12.1381 0.403497 0.139332 0.975 0.114537 
0.184531 0.394297 10.5269 0.412803 0.138259 1 0.114537 
0.197728 0.359577 16.9797 0.381077 0.152225 0.9 0.122718 
0.19772 0.367572 15.3685 0.389011 0.151239 0.925 0.122718 
0.197714 0.376023 13.7573 0.397398 0.150198 0.95 0.122718 
0.19771 0.384932 12.146 0.406239 0.149104 0.975 0.122718 
0.197708 0.394297 10.5348 0.415533 0.147955 1 0.122718 
0.21091 0.359588 16.9877 0.384041 0.16217 0.9 0.1309 
0.210901 0.36758 15.3765 0.391963 0.161118 0.925 0.1309 
0.210895 0.376029 13.7652 0.400339 0.160009 0.95 0.1309 
0.21089 0.384934 12.154 0.409168 0.158841 0.975 0.1309 
0.210886 0.394297 10.5428 0.41845 0.157616 1 0.1309 

ZONE I=5, J=5
0.21091 0.359588 16.9952 0.384041 0.16217 0.9 0.1309 
0.210901 0.36758 15.3806 0.391963 0.161118 0.925 0.1309 
0.210895 0.376029 13.766 0.400339 0.160009 0.95 0.1309 
0.21089 0.384934 12.1514 0.409168 0.158841 0.975 0.1309 
0.210886 0.394297 10.5367 0.41845 0.157616 1 0.1309 
0.224088 0.359599 17.0055 0.387192 0.172072 0.9 0.139081 
0.22408 0.367588 15.3909 0.395104 0.170956 0.925 0.139081 
0.224073 0.376035 13.7763 0.403467 0.169779 0.95 0.139081 
0.224068 0.384937 12.1616 0.412284 0.16854 0.975 0.139081 
0.224066 0.394297 10.547 0.421552 0.16724 1 0.139081 
0.237264 0.35961 17.0158 0.390532 0.181931 0.9 0.147262 
0.237256 0.367597 15.4012 0.398431 0.18075 0.925 0.147262 
0.237249 0.376041 13.7865 0.406782 0.179505 0.95 0.147262 
0.237244 0.384941 12.1719 0.415585 0.178194 0.975 0.147262 
0.237242 0.394297 10.5573 0.42484 0.176818 1 0.147262 
0.250441 0.359622 17.0261 0.394059 0.191746 0.9 0.155443 
0.250432 0.367606 15.4114 0.401946 0.1905 0.925 0.155443 
0.250425 0.376047 13.7968 0.410283 0.189186 0.95 0.155443 
0.250419 0.384944 12.1822 0.419072 0.187804 0.975 0.155443 
0.250416 0.394297 10.5676 0.428312 0.186353 1 0.155443 
0.263621 0.359635 17.0363 0.397774 0.201517 0.9 0.163625 
0.263611 0.367616 15.4217 0.405647 0.200207 0.925 0.163625 
0.263603 0.376054 13.8071 0.413971 0.198824 0.95 0.163625 
0.263596 0.384947 12.1925 0.422744 0.197369 0.975 0.163625 
0.263592 0.394297 10.5778 0.431968 0.195842 1 0.163625 

ZONE I=5, J=5
0.263621 0.359635 17.0457 0.397774 0.201517 0.9 0.163625 
0.263611 0.367616 15.4268 0.405647 0.200207 0.925 0.163625 
0.263603 0.376054 13.8079 0.413971 0.198824 0.95 0.163625 
0.263596 0.384947 12.1891 0.422744 0.197369 0.975 0.163625 
0.263592 0.394297 10.5702 0.431968 0.195842 1 0.163625 
0.276797 0.359649 17.0583 0.401676 0.211235 0.9 0.171806 
0.276787 0.367627 15.4394 0.409535 0.209861 0.925 0.171806 
0.276779 0.376061 13.8205 0.417843 0.208412 0.95 0.171806 
0.276773 0.384951 12.2017 0.426601 0.206886 0.975 0.171806 
0.276769 0.394297 10.5828 0.435809 0.205285 1 0.171806 
0.28997 0.359663 17.0709 0.405762 0.220901 0.9 0.179987 
0.28996 0.367638 15.452 0.413607 0.219463 0.925 0.179987 
0.289952 0.376068 13.8331 0.4219 0.217945 0.95 0.179987 
0.289946 0.384955 12.2143 0.430641 0.216349 0.975 0.179987 
0.289943 0.394297 10.5954 0.439832 0.214673 1 0.179987 
0.303145 0.359678 17.0835 0.410035 0.230513 0.9 0.188168 
0.303133 0.367649 15.4646 0.417864 0.22901 0.925 0.188168 
0.303125 0.376076 13.8457 0.42614 0.227425 0.95 0.188168 
0.303118 0.384959 12.2269 0.434865 0.225758 0.975 0.188168 
0.303115 0.394297 10.608 0.444037 0.224007 1 0.188168 
0.316322 0.359693 17.0961 0.414493 0.240071 0.9 0.19635 
0.31631 0.367661 15.4772 0.422305 0.238505 0.925 0.19635 
0.3163 0.376084 13.8583 0.430565 0.236852 0.95 0.19635 
0.316292 0.384963 12.2395 0.439272 0.235112 0.975 0.19635 
0.316287 0.394297 10.6206 0.448425 0.233286 1 0.19635 

ZONE I=5, J=5
0.316322 0.359693 17.1072 0.414493 0.240071 0.9 0.19635 
0.31631 0.367661 15.4833 0.422305 0.238505 0.925 0.19635 
0.3163 0.376084 13.8593 0.430565 0.236852 0.95 0.19635 
0.316292 0.384963 12.2353 0.439272 0.235112 0.975 0.19635 
0.316287 0.394297 10.6113 0.448425 0.233286 1 0.19635 
0.329495 0.359709 17.1222 0.419135 0.249567 0.9 0.204531 
0.329482 0.367673 15.4982 0.42693 0.247937 0.925 0.204531 
0.329473 0.376093 13.8742 0.435172 0.246218 0.95 0.204531 
0.329466 0.384967 12.2502 0.44386 0.244409 0.975 0.204531 
0.329462 0.394297 10.6263 0.452995 0.24251 1 0.204531 
0.342665 0.359726 17.1371 0.423959 0.259 0.9 0.212712 
0.342652 0.367686 15.5131 0.431737 0.257307 0.925 0.212712 
0.342643 0.376102 13.8892 0.439961 0.255521 0.95 0.212712 
0.342636 0.384972 12.2652 0.44863 0.253642 0.975 0.212712 
0.342632 0.394297 10.6412 0.457744 0.251669 1 0.212712 
0.355835 0.359743 17.1521 0.428966 0.268369 0.9 0.220893 
0.355822 0.367699 15.5281 0.436726 0.266613 0.925 0.220893 
0.355812 0.376111 13.9041 0.444931 0.26476 0.95 0.220893 
0.355804 0.384976 12.2801 0.453579 0.26281 0.975 0.220893 
0.3558 0.394297 10.6561 0.462672 0.260764 1 0.220893 
0.369009 0.359761 17.167 0.434156 0.277676 0.9 0.229074 
0.368994 0.367713 15.543 0.441897 0.275856 0.925 0.229074 
0.368983 0.37612 13.919 0.450082 0.273936 0.95 0.229074 
0.368974 0.384981 12.2951 0.458709 0.271915 0.975 0.229074 
0.368968 0.394297 10.6711 0.46778 0.269794 1 0.229074 

ZONE I=5, J=5
0.369009 0.359761 17.18 0.434156 0.277676 0.9 0.229074 
0.368994 0.367713 15.5501 0.441897 0.275856 0.925 0.229074 
0.368983 0.37612 13.9201 0.450082 0.273936 0.95 0.229074 
0.368974 0.384981 12.2901 0.458709 0.271915 0.975 0.229074 
0.368968 0.394297 10.6602 0.46778 0.269794 1 0.229074 
0.382178 0.35978 17.1973 0.439527 0.286911 0.9 0.237256 
0.382164 0.367728 15.5674 0.447249 0.285029 0.925 0.237256 
0.382153 0.37613 13.9374 0.455413 0.283043 0.95 0.237256 
0.382145 0.384986 12.3074 0.46402 0.280954 0.975 0.237256 
0.38214 0.394297 10.6775 0.473068 0.278761 1 0.237256 
0.395345 0.359799 17.2146 0.445077 0.296073 0.9 0.245437 
0.395331 0.367743 15.5847 0.452779 0.294129 0.925 0.245437 
0.39532 0.37614 13.9547 0.460923 0.292078 0.95 0.245437 
0.395312 0.384992 12.3247 0.469507 0.28992 0.975 0.245437 
0.395307 0.394297 10.6948 0.478532 0.287654 1 0.245437 
0.408512 0.359819 17.2319 0.450808 0.305163 0.9 0.253618 
0.408497 0.367758 15.602 0.458489 0.303156 0.925 0.253618 
0.408485 0.37615 13.972 0.46661 0.301039 0.95 0.253618 
0.408477 0.384997 12.342 0.475171 0.298811 0.975 0.253618 
0.408471 0.394297 10.7121 0.484172 0.296473 1 0.253618 
0.421681 0.35984 17.2492 0.456717 0.31418 0.9 0.261799 
0.421665 0.367774 15.6193 0.464377 0.31211 0.925 0.261799 
0.421651 0.376161 13.9893 0.472475 0.309927 0.95 0.261799 
0.421642 0.385002 12.3593 0.481012 0.307629 0.975 0.261799 
0.421635 0.394297 10.7294 0.489989 0.305217 1 0.261799 

ZONE I=5, J=5
0.421681 0.35984 17.2641 0.456717 0.31418 0.9 0.261799 
0.421665 0.367774 15.6273 0.464377 0.31211 0.925 0.261799 
0.421651 0.376161 13.9905 0.472475 0.309927 0.95 0.261799 
0.421642 0.385002 12.3537 0.481012 0.307629 0.975 0.261799 
0.421635 0.394297 10.7169 0.489989 0.305217 1 0.261799 
0.434846 0.359861 17.2838 0.462804 0.323115 0.9 0.269981 
0.43483 0.36779 15.647 0.470442 0.320985 0.925 0.269981 
0.434818 0.376173 14.0102 0.478518 0.318737 0.95 0.269981 
0.434809 0.385008 12.3733 0.487031 0.316372 0.975 0.269981 
0.434803 0.394297 10.7365 0.495982 0.313889 1 0.269981 
0.448009 0.359883 17.3035 0.469067 0.331968 0.9 0.278162 
0.447992 0.367807 15.6667 0.476683 0.329777 0.925 0.278162 
0.44798 0.376184 14.0298 0.484734 0.327464 0.95 0.278162 
0.447971 0.385014 12.393 0.493223 0.325031 0.975 0.278162 
0.447966 0.394297 10.7562 0.502147 0.322478 1 0.278162 
0.461171 0.359905 17.3231 0.475507 0.34074 0.9 0.286343 
0.461154 0.367824 15.6863 0.483099 0.338487 0.925 0.286343 
0.461141 0.376196 14.0495 0.491126 0.33611 0.95 0.286343 
0.461131 0.38502 12.4127 0.499588 0.333608 0.975 0.286343 
0.461126 0.394297 10.7759 0.508485 0.330982 1 0.286343 
0.474336 0.359928 17.3428 0.482122 0.34943 0.9 0.294524 
0.474317 0.367842 15.706 0.48969 0.347115 0.925 0.294524 
0.474303 0.376208 14.0692 0.497691 0.344672 0.95 0.294524 
0.474291 0.385026 12.4324 0.506127 0.342102 0.975 0.294524 
0.474284 0.394297 10.7956 0.514996 0.339403 1 0.294524 

ZONE I=5, J=5
0.474336 0.359928 17.3596 0.482122 0.34943 0.9 0.294524 
0.474317 0.367842 15.7151 0.48969 0.347115 0.925 0.294524 
0.474303 0.376208 14.0705 0.497691 0.344672 0.95 0.294524 
0.474291 0.385026 12.4259 0.506127 0.342102 0.975 0.294524 
0.474284 0.394297 10.7814 0.514996 0.339403 1 0.294524 
0.487496 0.359952 17.3817 0.48891 0.358028 0.9 0.302706 
0.487478 0.36786 15.7371 0.496454 0.355653 0.925 0.302706 
0.487464 0.376221 14.0926 0.50443 0.353148 0.95 0.302706 
0.487454 0.385033 12.448 0.512839 0.350511 0.975 0.302706 
0.487448 0.394297 10.8035 0.52168 0.347744 1 0.302706 
0.500653 0.359976 17.4038 0.495871 0.366535 0.9 0.310887 
0.500635 0.367879 15.7592 0.50339 0.364101 0.925 0.310887 
0.500621 0.376233 14.1147 0.511339 0.361532 0.95 0.310887 
0.500611 0.385039 12.4701 0.51972 0.358829 0.975 0.310887 
0.500606 0.394297 10.8255 0.528532 0.355991 1 0.310887 
0.51381 0.360001 17.4259 0.503004 0.374952 0.9 0.319068 
0.513792 0.367898 15.7813 0.510496 0.372457 0.925 0.319068 
0.513777 0.376246 14.1367 0.518419 0.369824 0.95 0.319068 
0.513766 0.385046 12.4922 0.526771 0.367054 0.975 0.319068 
0.51376 0.394297 10.8476 0.535553 0.364146 1 0.319068 
0.52697 0.360026 17.4479 0.510309 0.383277 0.9 0.327249 
0.52695 0.367918 15.8034 0.517775 0.380722 0.925 0.327249 
0.526933 0.37626 14.1588 0.525669 0.378025 0.95 0.327249 
0.526921 0.385053 12.5143 0.533991 0.375186 0.975 0.327249 
0.526913 0.394297 10.8697 0.542742 0.372207 1 0.327249 

ZONE I=5, J=5
0.52697 0.360026 17.4667 0.510309 0.383277 0.9 0.327249 
0.52695 0.367918 15.8135 0.517775 0.380722 0.925 0.327249 
0.526933 0.37626 14.1603 0.525669 0.378025 0.95 0.327249 
0.526921 0.385053 12.5071 0.533991 0.375186 0.975 0.327249 
0.526913 0.394297 10.8539 0.542742 0.372207 1 0.327249 
0.540124 0.360053 17.4912 0.517782 0.391502 0.9 0.335431 
0.540104 0.367938 15.838 0.525222 0.388887 0.925 0.335431 
0.540089 0.376274 14.1848 0.533088 0.386129 0.95 0.335431 
0.540078 0.38506 12.5316 0.541381 0.383226 0.975 0.335431 
0.540071 0.394297 10.8784 0.550101 0.380179 1 0.335431 
0.553276 0.360079 17.5157 0.525424 0.399626 0.9 0.343612 
0.553256 0.367958 15.8625 0.532835 0.396953 0.925 0.343612 
0.553241 0.376288 14.2093 0.540673 0.394133 0.95 0.343612 
0.55323 0.385067 12.5561 0.548935 0.391165 0.975 0.343612 
0.553224 0.394297 10.9029 0.557623 0.38805 1 0.343612 
0.566427 0.360107 17.5402 0.533233 0.407651 0.9 0.351793 
0.566407 0.367979 15.887 0.540616 0.404919 0.925 0.351793 
0.566391 0.376302 14.2338 0.548424 0.402036 0.95 0.351793 
0.566379 0.385074 12.5806 0.556655 0.399002 0.975 0.351793 
0.566372 0.394297 10.9274 0.56531 0.395818 1 0.351793 
0.579581 0.360135 17.5647 0.54121 0.415576 0.9 0.359974 
0.579559 0.368001 15.9115 0.548564 0.412784 0.925 0.359974 
0.579541 0.376317 14.2583 0.55634 0.409838 0.95 0.359974 
0.579527 0.385082 12.6051 0.564539 0.406738 0.975 0.359974 
0.579518 0.394297 10.9519 0.57316 0.403484 1 0.359974 

ZONE I=5, J=5
0.579581 0.360135 17.5854 0.54121 0.415576 0.9 0.359974 
0.579559 0.368001 15.9226 0.548564 0.412784 0.925 0.359974 
0.579541 0.376317 14.2599 0.55634 0.409838 0.95 0.359974 
0.579527 0.385082 12.5971 0.564539 0.406738 0.975 0.359974 
0.579518 0.394297 10.9344 0.57316 0.403484 1 0.359974 
0.592729 0.360164 17.6123 0.54935 0.42339 0.9 0.368156 
0.592707 0.368023 15.9496 0.556675 0.420542 0.925 0.368156 
0.592691 0.376332 14.2868 0.564421 0.417536 0.95 0.368156 
0.592679 0.38509 12.6241 0.572588 0.414373 0.975 0.368156 
0.592671 0.394297 10.9613 0.581176 0.411052 1 0.368156 
0.605874 0.360193 17.6393 0.557654 0.431096 0.9 0.376337 
0.605852 0.368045 15.9765 0.564949 0.42819 0.925 0.376337 
0.605836 0.376347 14.3138 0.572664 0.425124 0.95 0.376337 
0.605824 0.385098 12.651 0.580798 0.421897 0.975 0.376337 
0.605817 0.394297 10.9883 0.589351 0.41851 1 0.376337 
0.619019 0.360222 17.6663 0.56612 0.438694 0.9 0.384518 
0.618996 0.368068 16.0035 0.573385 0.43573 0.925 0.384518 
0.618979 0.376363 14.3407 0.581067 0.432602 0.95 0.384518 
0.618966 0.385105 12.678 0.589167 0.429311 0.975 0.384518 
0.618959 0.394297 11.0152 0.597684 0.425856 1 0.384518 
0.632166 0.360253 17.6932 0.57475 0.446183 0.9 0.392699 
0.632142 0.368092 16.0305 0.581983 0.443161 0.925 0.392699 
0.632123 0.376379 14.3677 0.589631 0.439971 0.95 0.392699 
0.632108 0.385114 12.705 0.597696 0.436615 0.975 0.392699 
0.632098 0.394297 11.0422 0.606176 0.433091 1 0.392699 

ZONE I=5, J=5
0.632166 0.360253 17.7159 0.57475 0.446183 0.9 0.392699 
0.632142 0.368092 16.0427 0.581983 0.443161 0.925 0.392699 
0.632123 0.376379 14.3694 0.589631 0.439971 0.95 0.392699 
0.632108 0.385114 12.6962 0.597696 0.436615 0.975 0.392699 
0.632098 0.394297 11.023 0.606176 0.433091 1 0.392699 
0.645307 0.360284 17.7453 0.583537 0.453552 0.9 0.400881 
0.645283 0.368116 16.0721 0.590739 0.450474 0.925 0.400881 
0.645265 0.376395 14.3989 0.598355 0.447227 0.95 0.400881 
0.645252 0.385122 12.7256 0.606385 0.443809 0.975 0.400881 
0.645244 0.394297 11.0524 0.61483 0.440221 1 0.400881 
0.658444 0.360315 17.7748 0.592483 0.460804 0.9 0.409062 
0.658421 0.36814 16.1016 0.599653 0.45767 0.925 0.409062 
0.658403 0.376412 14.4283 0.607235 0.454364 0.95 0.409062 
0.658391 0.385131 12.7551 0.615229 0.450884 0.975 0.409062 
0.658383 0.394297 11.0819 0.623636 0.447232 1 0.409062 
0.671582 0.360347 17.8042 0.601586 0.467939 0.9 0.417243 
0.671558 0.368164 16.131 0.608723 0.464749 0.925 0.417243 
0.671539 0.376428 14.4578 0.61627 0.461383 0.95 0.417243 
0.671525 0.385139 12.7845 0.624228 0.457841 0.975 0.417243 
0.671517 0.394297 11.1113 0.632596 0.454122 1 0.417243 
0.684722 0.36038 17.8337 0.610847 0.474957 0.9 0.425424 
0.684696 0.36819 16.1605 0.61795 0.471711 0.925 0.425424 
0.684675 0.376446 14.4872 0.625461 0.468284 0.95 0.425424 
0.684659 0.385148 12.814 0.633381 0.464678 0.975 0.425424 
0.684649 0.394297 11.1408 0.64171 0.460892 1 0.425424 

ZONE I=5, J=5
0.684722 0.36038 17.8584 0.610847 0.474957 0.9 0.425424 
0.684696 0.36819 16.1737 0.61795 0.471711 0.925 0.425424 
0.684675 0.376446 14.4891 0.625461 0.468284 0.95 0.425424 
0.684659 0.385148 12.8045 0.633381 0.464678 0.975 0.425424 
0.684649 0.394297 11.1198 0.64171 0.460892 1 0.425424 
0.697853 0.360414 17.8904 0.620259 0.481846 0.9 0.433605 
0.697828 0.368216 16.2057 0.627329 0.478545 0.925 0.433605 
0.697809 0.376464 14.5211 0.634805 0.475062 0.95 0.433605 
0.697795 0.385157 12.8364 0.642689 0.471397 0.975 0.433605 
0.697786 0.394297 11.1518 0.650979 0.467549 1 0.433605 
0.710983 0.360447 17.9223 0.629825 0.48861 0.9 0.441786 
0.710958 0.368242 16.2377 0.63686 0.485255 0.925 0.441786 
0.710939 0.376481 14.553 0.6443 0.481715 0.95 0.441786 
0.710925 0.385166 12.8684 0.652146 0.477989 0.975 0.441786 
0.710917 0.394297 11.1838 0.660396 0.474078 1 0.441786 
0.724113 0.360482 17.9543 0.639543 0.495249 0.9 0.449967 
0.724087 0.368268 16.2697 0.646543 0.491839 0.925 0.449967 
0.724067 0.376499 14.585 0.653946 0.488241 0.95 0.449967 
0.724052 0.385175 12.9004 0.661752 0.484454 0.975 0.449967 
0.724043 0.394297 11.2157 0.669961 0.480479 1 0.449967 
0.737246 0.360517 17.9863 0.649413 0.501763 0.9 0.458149 
0.737218 0.368295 16.3016 0.656377 0.498298 0.925 0.458149 
0.737196 0.376518 14.617 0.663742 0.494641 0.95 0.458149 
0.737179 0.385185 12.9324 0.671508 0.490792 0.975 0.458149 
0.737167 0.394297 11.2477 0.679675 0.486752 1 0.458149 

ZONE I=5, J=5
0.737246 0.360517 18.013 0.649413 0.501763 0.9 0.458149 
0.737218 0.368295 16.316 0.656377 0.498298 0.925 0.458149 
0.737196 0.376518 14.619 0.663742 0.494641 0.95 0.458149 
0.737179 0.385185 12.922 0.671508 0.490792 0.975 0.458149 
0.737167 0.394297 11.225 0.679675 0.486752 1 0.458149 
0.750368 0.360553 18.0476 0.659428 0.508139 0.9 0.46633 
0.750342 0.368323 16.3506 0.666357 0.504621 0.925 0.46633 
0.750321 0.376537 14.6536 0.673684 0.50091 0.95 0.46633 
0.750306 0.385195 12.9565 0.681411 0.497003 0.975 0.46633 
0.750297 0.394297 11.2595 0.689537 0.492903 1 0.46633 
0.763489 0.360589 18.0821 0.66959 0.514381 0.9 0.474511 
0.763462 0.36835 16.3851 0.676482 0.510811 0.925 0.474511 
0.763442 0.376556 14.6881 0.683772 0.507044 0.95 0.474511 
0.763427 0.385204 12.9911 0.691458 0.503079 0.975 0.474511 
0.763419 0.394297 11.2941 0.699542 0.498918 1 0.474511 
0.77661 0.360625 18.1166 0.679899 0.520491 0.9 0.482692 
0.776582 0.368378 16.4196 0.686753 0.516868 0.925 0.482692 
0.776561 0.376575 14.7226 0.694003 0.513044 0.95 0.482692 
0.776545 0.385214 13.0256 0.701648 0.50902 0.975 0.482692 
0.776536 0.394297 11.3286 0.709689 0.504796 1 0.482692 
0.789734 0.360663 18.1512 0.690354 0.526468 0.9 0.490874 
0.789705 0.368407 16.4542 0.69717 0.522791 0.925 0.490874 
0.789681 0.376594 14.7572 0.70438 0.518911 0.95 0.490874 
0.789662 0.385224 13.0602 0.711982 0.514826 0.975 0.490874 
0.78965 0.394297 11.3631 0.719977 0.510539 1 0.490874 

ZONE I=5, J=5
0.789734 0.360663 18.18 0.690354 0.526468 0.9 0.490874 
0.789705 0.368407 16.4697 0.69717 0.522791 0.925 0.490874 
0.789681 0.376594 14.7593 0.70438 0.518911 0.95 0.490874 
0.789662 0.385224 13.049 0.711982 0.514826 0.975 0.490874 
0.78965 0.394297 11.3386 0.719977 0.510539 1 0.490874 
0.802847 0.360701 18.2172 0.700947 0.532298 0.9 0.499055 
0.802818 0.368437 16.5068 0.707726 0.528571 0.925 0.499055 
0.802796 0.376615 14.7965 0.714896 0.524637 0.95 0.499055 
0.80278 0.385235 13.0861 0.722457 0.520497 0.975 0.499055 
0.80277 0.394297 11.3758 0.730409 0.516152 1 0.499055 
0.815957 0.360739 18.2543 0.71168 0.537987 0.9 0.507236 
0.815929 0.368466 16.544 0.718421 0.534209 0.925 0.507236 
0.815907 0.376635 14.8336 0.725551 0.530222 0.95 0.507236 
0.815892 0.385245 13.1233 0.733069 0.526025 0.975 0.507236 
0.815883 0.394297 11.4129 0.740977 0.521621 1 0.507236 
0.829069 0.360778 18.2915 0.722554 0.543535 0.9 0.515417 
0.829039 0.368496 16.5811 0.729255 0.539706 0.925 0.515417 
0.829017 0.376655 14.8708 0.736343 0.535664 0.95 0.515417 
0.829 0.385255 13.1604 0.743818 0.531411 0.975 0.515417 
0.82899 0.394297 11.4501 0.75168 0.526945 1 0.515417 
0.842183 0.360817 18.3286 0.733569 0.548943 0.9 0.523599 
0.842152 0.368526 16.6183 0.740229 0.545061 0.925 0.523599 
0.842126 0.376676 14.9079 0.747274 0.540965 0.95 0.523599 
0.842107 0.385266 13.1976 0.754704 0.536653 0.975 0.523599 
0.842094 0.394297 11.4872 0.762518 0.532126 1 0.523599 

ZONE I=5, J=5
0.842183 0.360817 18.3596 0.733569 0.548943 0.9 0.523599 
0.842152 0.368526 16.6349 0.740229 0.545061 0.925 0.523599 
0.842126 0.376676 14.9103 0.747274 0.540965 0.95 0.523599 
0.842107 0.385266 13.1856 0.754704 0.536653 0.975 0.523599 
0.842094 0.394297 11.4609 0.762518 0.532126 1 0.523599 
0.855285 0.360858 18.3994 0.744713 0.554196 0.9 0.53178 
0.855255 0.368558 16.6747 0.751334 0.550265 0.925 0.53178 
0.855231 0.376697 14.95 0.758338 0.546118 0.95 0.53178 
0.855214 0.385277 13.2254 0.765725 0.541753 0.975 0.53178 
0.855204 0.394297 11.5007 0.773494 0.53717 1 0.53178 
0.868385 0.360898 18.4392 0.755991 0.5593 0.9 0.539961 
0.868355 0.368589 16.7145 0.762572 0.555321 0.925 0.539961 
0.868332 0.376719 14.9898 0.769534 0.551121 0.95 0.539961 
0.868316 0.385288 13.2652 0.776876 0.546702 0.975 0.539961 
0.868306 0.394297 11.5405 0.784598 0.542062 1 0.539961 
0.881485 0.360939 18.479 0.767404 0.564256 0.9 0.548142 
0.881455 0.36862 16.7543 0.773943 0.560227 0.925 0.548142 
0.88143 0.37674 15.0296 0.780861 0.555975 0.95 0.548142 
0.881413 0.385299 13.305 0.788157 0.5515 0.975 0.548142 
0.881402 0.394297 11.5803 0.795831 0.546802 1 0.548142 
0.894589 0.360981 18.5188 0.778949 0.569064 0.9 0.556324 
0.894556 0.368652 16.7941 0.785447 0.564985 0.925 0.556324 
0.894529 0.376762 15.0694 0.792319 0.56068 0.95 0.556324 
0.894509 0.38531 13.3448 0.799568 0.556149 0.975 0.556324 
0.894495 0.394297 11.6201 0.807192 0.551391 1 0.556324 

ZONE I=5, J=5
0.894589 0.360981 18.5519 0.778949 0.569064 0.9 0.556324 
0.894556 0.368652 16.8119 0.785447 0.564985 0.925 0.556324 
0.894529 0.376762 15.0719 0.792319 0.56068 0.95 0.556324 
0.894509 0.38531 13.3319 0.799568 0.556149 0.975 0.556324 
0.894495 0.394297 11.5919 0.807192 0.551391 1 0.556324 
0.907679 0.361023 18.5944 0.790618 0.573709 0.9 0.564505 
0.907647 0.368685 16.8544 0.797074 0.569584 0.925 0.564505 
0.907623 0.376785 15.1144 0.803904 0.56523 0.95 0.564505 
0.907605 0.385322 13.3744 0.811107 0.560647 0.975 0.564505 
0.907594 0.394297 11.6344 0.818684 0.555836 1 0.564505 
0.920767 0.361066 18.6369 0.802413 0.578199 0.9 0.572686 
0.920736 0.368718 16.8969 0.808827 0.574026 0.925 0.572686 
0.920712 0.376807 15.1569 0.815612 0.569622 0.95 0.572686 
0.920694 0.385333 13.4169 0.822769 0.564987 0.975 0.572686 
0.920684 0.394297 11.6769 0.830297 0.560122 1 0.572686 
0.933856 0.361109 18.6794 0.814335 0.582533 0.9 0.580867 
0.933824 0.368751 16.9394 0.820706 0.578313 0.925 0.580867 
0.933798 0.376829 15.1994 0.827445 0.573858 0.95 0.580867 
0.93378 0.385345 13.4594 0.834554 0.56917 0.975 0.580867 
0.933768 0.394297 11.7194 0.842031 0.564248 1 0.580867 
0.946948 0.361153 18.7219 0.826384 0.586712 0.9 0.589049 
0.946913 0.368784 16.9819 0.83271 0.582443 0.925 0.589049 
0.946885 0.376852 15.2419 0.839403 0.577938 0.95 0.589049 
0.946863 0.385357 13.5019 0.846462 0.573195 0.975 0.589049 
0.946848 0.394297 11.7619 0.853887 0.568216 1 0.589049 

ZONE I=5, J=5
0.946948 0.361153 18.7573 0.826384 0.586712 0.9 0.589049 
0.946913 0.368784 17.001 0.83271 0.582443 0.925 0.589049 
0.946885 0.376852 15.2446 0.839403 0.577938 0.95 0.589049 
0.946863 0.385357 13.4882 0.846462 0.573195 0.975 0.589049 
0.946848 0.394297 11.7318 0.853887 0.568216 1 0.589049 
0.960025 0.361197 18.8026 0.838547 0.590721 0.9 0.59723 
0.959992 0.368819 17.0462 0.84483 0.586407 0.925 0.59723 
0.959966 0.376876 15.2898 0.851478 0.581855 0.95 0.59723 
0.959947 0.385369 13.5335 0.85849 0.577063 0.975 0.59723 
0.959936 0.394297 11.7771 0.865867 0.572033 1 0.59723 
0.9731 0.361242 18.8478 0.850829 0.594567 0.9 0.605411 
0.973068 0.368853 17.0915 0.857069 0.590208 0.925 0.605411 
0.973042 0.376899 15.3351 0.863671 0.585608 0.95 0.605411 
0.973024 0.385381 13.5787 0.870634 0.580767 0.975 0.605411 
0.973013 0.394297 11.8224 0.87796 0.575684 1 0.605411 
0.986176 0.361287 18.8931 0.863231 0.598251 0.9 0.613592 
0.986142 0.368888 17.1367 0.869426 0.593846 0.925 0.613592 
0.986116 0.376923 15.3803 0.87598 0.589198 0.95 0.613592 
0.986096 0.385393 13.624 0.882894 0.584305 0.975 0.613592 
0.986084 0.394297 11.8676 0.890166 0.579168 1 0.613592 
0.999255 0.361333 18.9383 0.875752 0.601773 0.9 0.621774 
0.999219 0.368923 17.182 0.881901 0.597322 0.925 0.621774 
0.999189 0.376947 15.4256 0.888406 0.592624 0.95 0.621774 
0.999167 0.385405 13.6692 0.895268 0.587679 0.975 0.621774 
0.999151 0.394297 11.9129 0.902486 0.582487 1 0.621774 

ZONE I=5, J=5
0.999255 0.361333 18.976 0.875752 0.601773 0.9 0.621774 
0.999219 0.368923 17.2022 0.881901 0.597322 0.925 0.621774 
0.999189 0.376947 15.4284 0.888406 0.592624 0.95 0.621774 
0.999167 0.385405 13.6546 0.895268 0.587679 0.975 0.621774 
0.999151 0.394297 11.8809 0.902486 0.582487 1 0.621774 
1.01232 0.361379 19.0241 0.888379 0.605117 0.9 0.629955 
1.01228 0.368959 17.2503 0.894484 0.600623 0.925 0.629955 
1.01226 0.376972 15.4765 0.900943 0.595881 0.95 0.629955 
1.01224 0.385418 13.7027 0.907756 0.590889 0.975 0.629955 
1.01223 0.394297 11.9289 0.914924 0.585649 1 0.629955 
1.02538 0.361426 19.0721 0.901118 0.608292 0.9 0.638136 
1.02535 0.368995 17.2983 0.907177 0.603756 0.925 0.638136 
1.02532 0.376996 15.5246 0.913588 0.598968 0.95 0.638136 
1.0253 0.38543 13.7508 0.920351 0.593928 0.975 0.638136 
1.02529 0.394297 11.977 0.927466 0.588638 1 0.638136 
1.03844 0.361473 19.1202 0.913968 0.611298 0.9 0.646317 
1.03841 0.369031 17.3464 0.91998 0.606718 0.925 0.646317 
1.03838 0.377021 15.5726 0.926342 0.601884 0.95 0.646317 
1.03836 0.385443 13.7988 0.933053 0.596796 0.975 0.646317 
1.03835 0.394297 12.0251 0.940114 0.591453 1 0.646317 
1.0515 0.361521 19.1682 0.926929 0.614135 0.9 0.654498 
1.05147 0.369068 17.3945 0.932893 0.609511 0.925 0.654498 
1.05144 0.377046 15.6207 0.939204 0.60463 0.95 0.654498 
1.05141 0.385456 13.8469 0.945862 0.599491 0.975 0.654498 
1.0514 0.394297 12.0731 0.952866 0.594096 1 0.654498 

ZONE I=5, J=5
1.0515 0.361521 19.2082 0.926929 0.614135 0.9 0.654498 
1.05147 0.369068 17.416 0.932893 0.609511 0.925 0.654498 
1.05144 0.377046 15.6237 0.939204 0.60463 0.95 0.654498 
1.05141 0.385456 13.8314 0.945862 0.599491 0.975 0.654498 
1.0514 0.394297 12.0391 0.952866 0.594096 1 0.654498 
1.06455 0.361569 19.2592 0.939989 0.616789 0.9 0.66268 
1.06452 0.369105 17.4669 0.945908 0.612124 0.925 0.66268 
1.06449 0.377072 15.6746 0.952171 0.607201 0.95 0.66268 
1.06447 0.385469 13.8824 0.958779 0.602018 0.975 0.66268 
1.06446 0.394297 12.0901 0.96573 0.596577 1 0.66268 
1.0776 0.361618 19.3101 0.953153 0.619267 0.9 0.670861 
1.07757 0.369142 17.5178 0.959025 0.614562 0.925 0.670861 
1.07754 0.377097 15.7256 0.965238 0.609595 0.95 0.670861 
1.07752 0.385482 13.9333 0.971794 0.604367 0.975 0.670861 
1.07751 0.394297 12.141 0.978691 0.598878 1 0.670861 
1.09065 0.361667 19.361 0.966419 0.62157 0.9 0.679042 
1.09061 0.36918 17.5688 0.972242 0.616823 0.925 0.679042 
1.09058 0.377123 15.7765 0.978405 0.611812 0.95 0.679042 
1.09056 0.385495 13.9842 0.984907 0.606537 0.975 0.679042 
1.09055 0.394296 12.192 0.991748 0.600999 1 0.679042 
1.1037 0.361716 19.412 0.979787 0.623698 0.9 0.687223 
1.10366 0.369218 17.6197 0.985561 0.618908 0.925 0.687223 
1.10362 0.377149 15.8274 0.991672 0.613852 0.95 0.687223 
1.1036 0.385509 14.0352 0.998118 0.60853 0.975 0.687223 
1.10358 0.394297 12.2429 1.0049 0.602942 1 0.687223 

ZONE I=5, J=5
1.1037 0.361716 19.4543 0.979787 0.623698 0.9 0.687223 
1.10366 0.369218 17.6425 0.985561 0.618908 0.925 0.687223 
1.10362 0.377149 15.8306 0.991672 0.613852 0.95 0.687223 
1.1036 0.385509 14.0188 0.998118 0.60853 0.975 0.687223 
1.10358 0.394297 12.2069 1.0049 0.602942 1 0.687223 
1.11673 0.361767 19.5082 0.993247 0.625636 0.9 0.695405 
1.11669 0.369257 17.6963 0.998974 0.620808 0.925 0.695405 
1.11666 0.377176 15.8845 1.00503 0.615712 0.95 0.695405 
1.11664 0.385523 14.0726 1.01143 0.610348 0.975 0.695405 
1.11663 0.394297 12.2608 1.01816 0.604715 1 0.695405 
1.12976 0.361817 19.5621 1.0068 0.627392 0.9 0.703586 
1.12972 0.369296 17.7502 1.01248 0.622526 0.925 0.703586 
1.12969 0.377202 15.9384 1.01849 0.617389 0.95 0.703586 
1.12967 0.385536 14.1265 1.02483 0.611981 0.975 0.703586 
1.12966 0.394297 12.3146 1.0315 0.606304 1 0.703586 
1.14279 0.361868 19.6159 1.02045 0.628968 0.9 0.711767 
1.14275 0.369335 17.8041 1.02608 0.624061 0.925 0.711767 
1.14272 0.377229 15.9922 1.03204 0.618883 0.95 0.711767 
1.1427 0.385549 14.1804 1.03832 0.613431 0.975 0.711767 
1.14268 0.394296 12.3685 1.04494 0.607707 1 0.711767 
1.15582 0.36192 19.6698 1.03419 0.630362 0.9 0.719948 
1.15578 0.369375 17.8579 1.03977 0.625416 0.925 0.719948 
1.15575 0.377256 16.0461 1.04567 0.620194 0.95 0.719948 
1.15572 0.385563 14.2342 1.0519 0.614697 0.975 0.719948 
1.1557 0.394297 12.4224 1.05846 0.608925 1 0.719948 

ZONE I=5, J=5
1.15582 0.36192 19.7146 1.03419 0.630362 0.9 0.719948 
1.15578 0.369375 17.882 1.03977 0.625416 0.925 0.719948 
1.15575 0.377256 16.0495 1.04567 0.620194 0.95 0.719948 
1.15572 0.385563 14.2169 1.0519 0.614697 0.975 0.719948 
1.1557 0.394297 12.3843 1.05846 0.608925 1 0.719948 
1.16884 0.361972 19.7715 1.04801 0.63156 0.9 0.72813 
1.1688 0.369415 17.9389 1.05354 0.626578 0.925 0.72813 
1.16877 0.377284 16.1063 1.0594 0.621318 0.95 0.72813 
1.16874 0.385578 14.2738 1.06557 0.615782 0.975 0.72813 
1.16873 0.394297 12.4412 1.07207 0.609969 1 0.72813 
1.18185 0.362024 19.8283 1.06192 0.632572 0.9 0.736311 
1.18181 0.369455 17.9958 1.0674 0.627553 0.925 0.736311 
1.18178 0.377311 16.1632 1.0732 0.622255 0.95 0.736311 
1.18176 0.385592 14.3306 1.07933 0.616678 0.975 0.736311 
1.18175 0.394297 12.4981 1.08577 0.610823 1 0.736311 
1.19486 0.362076 19.8852 1.07592 0.633396 0.9 0.744492 
1.19482 0.369495 18.0526 1.08135 0.62834 0.925 0.744492 
1.19479 0.377338 16.2201 1.08709 0.623003 0.95 0.744492 
1.19477 0.385605 14.3875 1.09316 0.617384 0.975 0.744492 
1.19475 0.394296 12.5549 1.09954 0.611485 1 0.744492 
1.20787 0.36213 19.9421 1.09 0.634035 0.9 0.752673 
1.20783 0.369537 18.1095 1.09538 0.628941 0.925 0.752673 
1.2078 0.377367 16.277 1.10107 0.623563 0.95 0.752673 
1.20777 0.38562 14.4444 1.10707 0.617901 0.975 0.752673 
1.20775 0.394297 12.6118 1.11339 0.611956 1 0.752673 

ZONE I=5, J=5
1.20787 0.36213 19.9894 1.09 0.634035 0.9 0.752673 
1.20783 0.369537 18.135 1.09538 0.628941 0.925 0.752673 
1.2078 0.377367 16.2805 1.10107 0.623563 0.95 0.752673 
1.20777 0.38562 14.4261 1.10707 0.617901 0.975 0.752673 
1.20775 0.394297 12.5717 1.11339 0.611956 1 0.752673 
1.22087 0.362184 20.0493 1.10415 0.634471 0.9 0.760855 
1.22083 0.369578 18.1949 1.10948 0.629343 0.925 0.760855 
1.2208 0.377395 16.3405 1.11512 0.62393 0.95 0.760855 
1.22078 0.385635 14.486 1.12107 0.618232 0.975 0.760855 
1.22076 0.394297 12.6316 1.12733 0.612248 1 0.760855 
1.23386 0.362238 20.1093 1.11838 0.634716 0.9 0.769036 
1.23382 0.36962 18.2548 1.12366 0.629554 0.925 0.769036 
1.23379 0.377424 16.4004 1.12924 0.624105 0.95 0.769036 
1.23377 0.385649 14.546 1.13514 0.618368 0.975 0.769036 
1.23376 0.394297 12.6916 1.14134 0.612345 1 0.769036 
1.24686 0.362292 20.1692 1.13268 0.634769 0.9 0.777217 
1.24682 0.369661 18.3148 1.13791 0.629572 0.925 0.777217 
1.24678 0.377452 16.4604 1.14344 0.624085 0.95 0.777217 
1.24676 0.385664 14.6059 1.14928 0.61831 0.975 0.777217 
1.24674 0.394296 12.7515 1.15542 0.612245 1 0.777217 
1.25985 0.362347 20.2292 1.14707 0.634631 0.9 0.785398 
1.25981 0.369704 18.3747 1.15224 0.629398 0.925 0.785398 
1.25977 0.377481 16.5203 1.15771 0.623873 0.95 0.785398 
1.25974 0.385679 14.6659 1.16349 0.618057 0.975 0.785398 
1.25972 0.394297 12.8115 1.16957 0.611949 1 0.785398 

ZONE I=5, J=5
1.25985 0.362347 20.279 1.14707 0.634631 0.9 0.785398 
1.25981 0.369704 18.4016 1.15224 0.629398 0.925 0.785398 
1.25977 0.377481 16.5241 1.15771 0.623873 0.95 0.785398 
1.25974 0.385679 14.6466 1.16349 0.618057 0.975 0.785398 
1.25972 0.394297 12.7691 1.16957 0.611949 1 0.785398 
1.27283 0.362403 20.3421 1.16151 0.634285 0.9 0.79358 
1.27278 0.369747 18.4647 1.16663 0.629021 0.925 0.79358 
1.27275 0.377511 16.5872 1.17205 0.623463 0.95 0.79358 
1.27273 0.385694 14.7097 1.17777 0.617613 0.975 0.79358 
1.27271 0.394297 12.8322 1.1838 0.611469 1 0.79358 
1.2858 0.362458 20.4052 1.17602 0.633743 0.9 0.801761 
1.28576 0.369789 18.5278 1.18109 0.628447 0.925 0.801761 
1.28573 0.37754 16.6503 1.18646 0.622855 0.95 0.801761 
1.2857 0.385709 14.7728 1.19212 0.616969 0.975 0.801761 
1.28569 0.394297 12.8953 1.19808 0.610789 1 0.801761 
1.29877 0.362514 20.4683 1.1906 0.633005 0.9 0.809942 
1.29873 0.369832 18.5909 1.19561 0.627676 0.925 0.809942 
1.2987 0.377569 16.7134 1.20093 0.62205 0.95 0.809942 
1.29867 0.385723 14.8359 1.20653 0.616127 0.975 0.809942 
1.29866 0.394296 12.9584 1.21243 0.609907 1 0.809942 
1.31174 0.362571 20.5314 1.20524 0.63207 0.9 0.818123 
1.3117 0.369876 18.6539 1.21021 0.626707 0.925 0.818123 
1.31166 0.377599 16.7765 1.21546 0.621046 0.95 0.818123 
1.31163 0.385739 14.899 1.221 0.615085 0.975 0.818123 
1.31161 0.394297 13.0215 1.22684 0.608825 1 0.818123 

ZONE I=5, J=5
1.31174 0.362571 20.5839 1.20524 0.63207 0.9 0.818123 
1.3117 0.369876 18.6822 1.21021 0.626707 0.925 0.818123 
1.31166 0.377599 16.7805 1.21546 0.621046 0.95 0.818123 
1.31163 0.385739 14.8787 1.221 0.615085 0.975 0.818123 
1.31161 0.394297 12.977 1.22684 0.608825 1 0.818123 
1.3247 0.362628 20.6502 1.21994 0.630924 0.9 0.826305 
1.32465 0.36992 18.7485 1.22485 0.625532 0.925 0.826305 
1.32462 0.377629 16.8468 1.23005 0.61984 0.95 0.826305 
1.3246 0.385755 14.9451 1.23554 0.613847 0.975 0.826305 
1.32458 0.394297 13.0434 1.24131 0.607554 1 0.826305 
1.33765 0.362685 20.7166 1.2347 0.629577 0.9 0.834486 
1.33761 0.369964 18.8148 1.23955 0.624155 0.925 0.834486 
1.33757 0.377659 16.9131 1.2447 0.618432 0.95 0.834486 
1.33755 0.38577 15.0114 1.25013 0.612406 0.975 0.834486 
1.33754 0.394297 13.1097 1.25584 0.606078 1 0.834486 
1.3506 0.362742 20.7829 1.24951 0.628029 0.9 0.842667 
1.35055 0.370008 18.8812 1.25431 0.622577 0.925 0.842667 
1.35052 0.377689 16.9795 1.2594 0.616821 0.95 0.842667 
1.35049 0.385785 15.0777 1.26477 0.610761 0.975 0.842667 
1.35048 0.394296 13.176 1.27042 0.604398 1 0.842667 
1.36355 0.3628 20.8492 1.26438 0.626281 0.9 0.850848 
1.3635 0.370053 18.9475 1.26913 0.620797 0.925 0.850848 
1.36346 0.37772 17.0458 1.27415 0.615008 0.95 0.850848 
1.36343 0.385801 15.1441 1.27946 0.608913 0.975 0.850848 
1.36341 0.394297 13.2424 1.28505 0.602512 1 0.850848 

ZONE I=5, J=5
1.36355 0.3628 20.9043 1.26438 0.626281 0.9 0.850848 
1.3635 0.370053 18.9772 1.26913 0.620797 0.925 0.850848 
1.36346 0.37772 17.05 1.27415 0.615008 0.95 0.850848 
1.36343 0.385801 15.1228 1.27946 0.608913 0.975 0.850848 
1.36341 0.394297 13.1956 1.28505 0.602512 1 0.850848 
1.37648 0.362859 20.974 1.27929 0.624317 0.9 0.859029 
1.37643 0.370098 19.0468 1.28398 0.618807 0.925 0.859029 
1.3764 0.377751 17.1196 1.28896 0.612989 0.95 0.859029 
1.37637 0.385817 15.1924 1.29421 0.606865 0.975 0.859029 
1.37636 0.394297 13.2653 1.29973 0.600433 1 0.859029 
1.3894 0.362918 21.0436 1.29425 0.622148 0.9 0.86721 
1.38936 0.370143 19.1165 1.29889 0.61661 0.925 0.86721 
1.38932 0.377782 17.1893 1.30381 0.610764 0.95 0.86721 
1.3893 0.385833 15.2621 1.309 0.604609 0.975 0.86721 
1.38929 0.394297 13.3349 1.31446 0.598146 1 0.86721 
1.40233 0.362977 21.1133 1.30926 0.619774 0.9 0.875391 
1.40228 0.370188 19.1861 1.31384 0.614209 0.925 0.875391 
1.40225 0.377812 17.2589 1.3187 0.608333 0.95 0.875391 
1.40222 0.385848 15.3318 1.32383 0.602146 0.975 0.875391 
1.4022 0.394296 13.4046 1.32923 0.595649 1 0.875391 
1.41525 0.363036 21.1829 1.32431 0.617196 0.9 0.883573 
1.41521 0.370234 19.2558 1.32884 0.611602 0.925 0.883573 
1.41517 0.377844 17.3286 1.33364 0.605695 0.95 0.883573 
1.41514 0.385865 15.4014 1.33871 0.599475 0.975 0.883573 
1.41511 0.394297 13.4742 1.34404 0.592943 1 0.883573 

ZONE I=5, J=5
1.41525 0.363036 21.2407 1.32431 0.617196 0.9 0.883573 
1.41521 0.370234 19.2869 1.32884 0.611602 0.925 0.883573 
1.41517 0.377844 17.333 1.33364 0.605695 0.95 0.883573 
1.41514 0.385865 15.3791 1.33871 0.599475 0.975 0.883573 
1.41511 0.394297 13.4252 1.34404 0.592943 1 0.883573 
1.42816 0.363097 21.3138 1.3394 0.614399 0.9 0.891754 
1.42811 0.370281 19.3599 1.34387 0.60878 0.925 0.891754 
1.42808 0.377876 17.4061 1.34862 0.602847 0.95 0.891754 
1.42805 0.385881 15.4522 1.35362 0.596601 0.975 0.891754 
1.42803 0.394297 13.4983 1.3589 0.590042 1 0.891754 
1.44106 0.363157 21.3869 1.35452 0.611393 0.9 0.899935 
1.44101 0.370327 19.433 1.35894 0.605749 0.925 0.899935 
1.44098 0.377907 17.4791 1.36363 0.59979 0.95 0.899935 
1.44095 0.385897 15.5252 1.36858 0.593517 0.975 0.899935 
1.44094 0.394297 13.5714 1.37379 0.586928 1 0.899935 
1.45396 0.363217 21.4599 1.36968 0.608179 0.9 0.908116 
1.45391 0.370373 19.5061 1.37405 0.602509 0.925 0.908116 
1.45387 0.377939 17.5522 1.37868 0.596523 0.95 0.908116 
1.45385 0.385913 15.5983 1.38356 0.590221 0.975 0.908116 
1.45383 0.394296 13.6444 1.38871 0.583601 1 0.908116 
1.46686 0.363278 21.533 1.38488 0.604757 0.9 0.916298 
1.46681 0.37042 19.5791 1.38919 0.599061 0.925 0.916298 
1.46677 0.377971 17.6253 1.39376 0.593047 0.95 0.916298 
1.46674 0.38593 15.6714 1.39858 0.586714 0.975 0.916298 
1.46671 0.394297 13.7175 1.40366 0.580062 1 0.916298 

ZONE I=5, J=5
1.46686 0.363278 21.5932 1.38488 0.604757 0.9 0.916298 
1.46681 0.37042 19.6115 1.38919 0.599061 0.925 0.916298 
1.46677 0.377971 17.6299 1.39376 0.593047 0.95 0.916298 
1.46674 0.38593 15.6482 1.39858 0.586714 0.975 0.916298 
1.46671 0.394297 13.6665 1.40366 0.580062 1 0.916298 
1.47973 0.36334 21.6698 1.4001 0.601113 0.9 0.924479 
1.47969 0.370468 19.6881 1.40436 0.595395 0.925 0.924479 
1.47965 0.378004 17.7064 1.40887 0.589357 0.95 0.924479 
1.47962 0.385947 15.7247 1.41363 0.583 0.975 0.924479 
1.47961 0.394297 13.743 1.41865 0.576324 1 0.924479 
1.4926 0.363401 21.7464 1.41535 0.597257 0.9 0.93266 
1.49256 0.370515 19.7647 1.41955 0.591517 0.925 0.93266 
1.49252 0.378036 17.783 1.424 0.585455 0.95 0.93266 
1.4925 0.385963 15.8013 1.4287 0.579073 0.975 0.93266 
1.49248 0.394297 13.8196 1.43366 0.57237 1 0.93266 
1.50547 0.363462 21.823 1.43062 0.593191 0.9 0.940841 
1.50543 0.370562 19.8413 1.43477 0.587426 0.925 0.940841 
1.50539 0.378068 17.8596 1.43916 0.58134 0.95 0.940841 
1.50537 0.385979 15.8779 1.4438 0.574932 0.975 0.940841 
1.50535 0.394296 13.8962 1.44869 0.568201 1 0.940841 
1.51835 0.363525 21.8996 1.44593 0.588912 0.9 0.949023 
1.5183 0.370611 19.9179 1.45002 0.583124 0.925 0.949023 
1.51826 0.378101 17.9362 1.45435 0.577012 0.95 0.949023 
1.51823 0.385997 15.9545 1.45892 0.570576 0.975 0.949023 
1.5182 0.394297 13.9728 1.46374 0.563817 1 0.949023 

ZONE I=5, J=5
1.51835 0.363525 21.9617 1.44593 0.588912 0.9 0.949023 
1.5183 0.370611 19.9513 1.45002 0.583124 0.925 0.949023 
1.51826 0.378101 17.9409 1.45435 0.577012 0.95 0.949023 
1.51823 0.385997 15.9306 1.45892 0.570576 0.975 0.949023 
1.5182 0.394297 13.9202 1.46374 0.563817 1 0.949023 
1.53119 0.363588 22.0419 1.46124 0.58441 0.9 0.957204 
1.53115 0.37066 20.0315 1.46527 0.578602 0.925 0.957204 
1.53111 0.378135 18.0211 1.46955 0.572469 0.95 0.957204 
1.53108 0.386014 16.0108 1.47406 0.566012 0.975 0.957204 
1.53107 0.394297 14.0004 1.47882 0.55923 1 0.957204 
1.54404 0.363651 22.1221 1.47656 0.579693 0.9 0.965385 
1.54399 0.370708 20.1117 1.48054 0.573865 0.925 0.965385 
1.54396 0.378168 18.1013 1.48476 0.567711 0.95 0.965385 
1.54393 0.386031 16.091 1.48922 0.561231 0.975 0.965385 
1.54392 0.394297 14.0806 1.49391 0.554426 1 0.965385 
1.55688 0.363713 22.2023 1.49191 0.574762 0.9 0.973566 
1.55683 0.370756 20.1919 1.49583 0.568913 0.925 0.973566 
1.55679 0.378201 18.1815 1.49999 0.562737 0.95 0.973566 
1.55677 0.386047 16.1712 1.50438 0.556234 0.975 0.973566 
1.55675 0.394296 14.1608 1.50901 0.549404 1 0.973566 
1.56971 0.363777 22.2825 1.50727 0.569617 0.9 0.981748 
1.56967 0.370805 20.2721 1.51114 0.563746 0.925 0.981748 
1.56963 0.378235 18.2617 1.51523 0.557547 0.95 0.981748 
1.5696 0.386065 16.2514 1.51956 0.55102 0.975 0.981748 
1.56958 0.394297 14.241 1.52412 0.544164 1 0.981748 

ZONE I=5, J=5
1.56971 0.363777 22.3444 1.50727 0.569617 0.9 0.981748 
1.56967 0.370805 20.3055 1.51114 0.563746 0.925 0.981748 
1.56963 0.378235 18.2665 1.51523 0.557547 0.95 0.981748 
1.5696 0.386065 16.2276 1.51956 0.55102 0.975 0.981748 
1.56958 0.394297 14.1886 1.52412 0.544164 1 0.981748 
1.58253 0.363842 22.4284 1.52263 0.564245 0.9 0.989929 
1.58249 0.370855 20.3894 1.52644 0.558357 0.925 0.989929 
1.58245 0.378269 18.3505 1.53048 0.55214 0.95 0.989929 
1.58243 0.386083 16.3115 1.53475 0.545594 0.975 0.989929 
1.58241 0.394298 14.2726 1.53925 0.538719 1 0.989929 
1.59534 0.363905 22.5123 1.538 0.558658 0.9 0.99811 
1.5953 0.370904 20.4734 1.54175 0.552752 0.925 0.99811 
1.59526 0.378303 18.4344 1.54574 0.546516 0.95 0.99811 
1.59524 0.3861 16.3955 1.54994 0.539951 0.975 0.99811 
1.59523 0.394297 14.3566 1.55437 0.533055 1 0.99811 
1.60814 0.363969 22.5963 1.55337 0.552854 0.9 1.00629 
1.6081 0.370954 20.5573 1.55707 0.54693 0.925 1.00629 
1.60807 0.378337 18.5184 1.56099 0.540675 0.95 1.00629 
1.60805 0.386118 16.4795 1.56513 0.534089 0.975 1.00629 
1.60803 0.394296 14.4405 1.5695 0.527173 1 1.00629 
1.62095 0.364034 22.6802 1.56874 0.546835 0.9 1.01447 
1.6209 0.371005 20.6413 1.57239 0.540892 0.925 1.01447 
1.62087 0.378372 18.6023 1.57625 0.534617 0.95 1.01447 
1.62084 0.386136 16.5634 1.58033 0.52801 0.975 1.01447 
1.62083 0.394297 14.5245 1.58462 0.521072 1 1.01447 

ZONE I=5, J=5
1.62095 0.364034 22.7358 1.56874 0.546835 0.9 1.01447 
1.6209 0.371005 20.6713 1.57239 0.540892 0.925 1.01447 
1.62087 0.378372 18.6067 1.57625 0.534617 0.95 1.01447 
1.62084 0.386136 16.5421 1.58033 0.52801 0.975 1.01447 
1.62083 0.394297 14.4776 1.58462 0.521072 1 1.01447 
1.63374 0.364101 22.8238 1.58412 0.540583 0.9 1.02266 
1.63369 0.371056 20.7592 1.58771 0.534625 0.925 1.02266 
1.63366 0.378408 18.6947 1.59151 0.528335 0.95 1.02266 
1.63364 0.386155 16.6301 1.59553 0.521712 0.975 1.02266 
1.63364 0.394298 14.5655 1.59977 0.514757 1 1.02266 
1.64651 0.364166 22.9117 1.59948 0.534113 0.9 1.03084 
1.64647 0.371107 20.8472 1.60302 0.52814 0.925 1.03084 
1.64645 0.378442 18.7826 1.60677 0.521835 0.95 1.03084 
1.64643 0.386172 16.718 1.61073 0.515197 0.975 1.03084 
1.64643 0.394297 14.6535 1.6149 0.508226 1 1.03084 
1.65928 0.364231 22.9997 1.61483 0.527427 0.9 1.03902 
1.65924 0.371158 20.9351 1.61832 0.521438 0.925 1.03902 
1.65922 0.378478 18.8705 1.62201 0.515117 0.95 1.03902 
1.65921 0.386191 16.806 1.62591 0.508463 0.975 1.03902 
1.65921 0.394296 14.7414 1.63002 0.501477 1 1.03902 
1.67203 0.364296 23.0876 1.63017 0.520524 0.9 1.0472 
1.672 0.371211 21.023 1.6336 0.514519 0.925 1.0472 
1.67198 0.378516 18.9585 1.63724 0.508182 0.95 1.0472 
1.67197 0.386211 16.8939 1.64108 0.501513 0.975 1.0472 
1.67197 0.394297 14.8293 1.64512 0.494511 1 1.0472 

ZONE I=5, J=5
1.67203 0.364296 23.1186 1.63017 0.520524 0.9 1.0472 
1.672 0.371211 21.0398 1.6336 0.514519 0.925 1.0472 
1.67198 0.378516 18.961 1.63724 0.508182 0.95 1.0472 
1.67197 0.386211 16.8822 1.64108 0.501513 0.975 1.0472 
1.67197 0.394297 14.8034 1.64512 0.494511 1 1.0472 
1.68478 0.364366 23.2109 1.6455 0.513392 0.9 1.05538 
1.68475 0.371265 21.1321 1.64888 0.507376 0.925 1.05538 
1.68474 0.378553 19.0532 1.65246 0.501027 0.95 1.05538 
1.68473 0.38623 16.9744 1.65624 0.494346 0.975 1.05538 
1.68474 0.394297 14.8956 1.66022 0.487331 1 1.05538 
1.6975 0.364433 23.3031 1.6608 0.506038 0.9 1.06356 
1.69749 0.371318 21.2243 1.66413 0.50001 0.925 1.06356 
1.69748 0.378591 19.1455 1.66766 0.493651 0.95 1.06356 
1.69748 0.38625 17.0667 1.67138 0.486959 0.975 1.06356 
1.6975 0.394297 14.9879 1.67531 0.479934 1 1.06356 
1.71021 0.364499 23.3953 1.67607 0.498461 0.9 1.07174 
1.71021 0.371373 21.3165 1.67936 0.492422 0.925 1.07174 
1.71021 0.378631 19.2377 1.68284 0.486052 0.95 1.07174 
1.71023 0.386272 17.1589 1.68651 0.479352 0.975 1.07174 
1.71026 0.394296 15.0801 1.69038 0.472321 1 1.07174 
1.72291 0.364564 23.4876 1.69132 0.490662 0.9 1.07992 
1.72292 0.37143 21.4088 1.69457 0.48461 0.925 1.07992 
1.72294 0.378674 19.33 1.698 0.478231 0.95 1.07992 
1.72297 0.386296 17.2512 1.70162 0.471525 0.975 1.07992 
1.72302 0.394297 15.1723 1.70544 0.464493 1 1.07992 

ZONE I=5, J=5
1.72291 0.364564 23.4412 1.69132 0.490662 0.9 1.07992 
1.72292 0.37143 21.384 1.69457 0.48461 0.925 1.07992 
1.72294 0.378674 19.3268 1.698 0.478231 0.95 1.07992 
1.72297 0.386296 17.2696 1.70162 0.471525 0.975 1.07992 
1.72302 0.394297 15.2124 1.70544 0.464493 1 1.07992 
1.73561 0.36464 23.5387 1.70656 0.482639 0.9 1.0881 
1.73563 0.371488 21.4815 1.70976 0.476582 0.925 1.0881 
1.73566 0.378714 19.4243 1.71314 0.470196 0.95 1.0881 
1.7357 0.386316 17.3671 1.71671 0.463483 0.975 1.0881 
1.73576 0.394297 15.3099 1.72046 0.456441 1 1.0881 
1.74827 0.364711 23.6362 1.72175 0.474385 0.9 1.09628 
1.74831 0.371547 21.579 1.72491 0.468321 0.925 1.09628 
1.74837 0.378757 19.5218 1.72825 0.461933 0.95 1.09628 
1.74843 0.38634 17.4646 1.73178 0.455219 0.975 1.09628 
1.74852 0.394297 15.4074 1.73549 0.44818 1 1.09628 
1.7609 0.364776 23.7337 1.73689 0.465899 0.9 1.10446 
1.76098 0.371609 21.6765 1.74002 0.459829 0.925 1.10446 
1.76107 0.378806 19.6193 1.74334 0.45344 0.95 1.10446 
1.76117 0.386369 17.5621 1.74684 0.446734 0.975 1.10446 
1.7613 0.394297 15.5049 1.75051 0.439709 1 1.10446 
1.7735 0.364837 23.8312 1.75197 0.457181 0.9 1.11265 
1.77362 0.371673 21.774 1.7551 0.451104 0.925 1.11265 
1.77376 0.378862 19.7168 1.75841 0.44472 0.95 1.11265 
1.77393 0.386403 17.6596 1.76189 0.438028 0.975 1.11265 
1.77411 0.394297 15.6024 1.76554 0.431029 1 1.11265 

ZONE I=5, J=5
1.7735 0.364837 23.5623 1.75197 0.457181 0.9 1.11265 
1.77362 0.371673 21.6301 1.7551 0.451104 0.925 1.11265 
1.77376 0.378862 19.6978 1.75841 0.44472 0.95 1.11265 
1.77393 0.386403 17.7655 1.76189 0.438028 0.975 1.11265 
1.77411 0.394297 15.8333 1.76554 0.431029 1 1.11265 
1.78613 0.364923 23.6666 1.76706 0.448252 0.9 1.12083 
1.78628 0.371741 21.7343 1.77016 0.442179 0.925 1.12083 
1.78645 0.378909 19.802 1.77343 0.435797 0.95 1.12083 
1.78663 0.386428 17.8698 1.77687 0.429107 0.975 1.12083 
1.78683 0.394297 15.9375 1.78047 0.422108 1 1.12083 
1.79867 0.36499 23.7708 1.78204 0.439085 0.9 1.12901 
1.79889 0.371805 21.8385 1.78514 0.433016 0.925 1.12901 
1.79912 0.378961 19.9062 1.78841 0.426646 0.95 1.12901 
1.79936 0.386458 17.974 1.79184 0.419973 0.975 1.12901 
1.79963 0.394297 16.0417 1.79543 0.412998 1 1.12901 
1.81113 0.365043 23.875 1.79689 0.429677 0.9 1.13719 
1.81144 0.371868 21.9427 1.80004 0.423616 0.925 1.13719 
1.81177 0.379018 20.0105 1.80335 0.417266 0.95 1.13719 
1.81212 0.386495 18.0782 1.8068 0.410627 0.975 1.13719 
1.81248 0.394297 16.1459 1.81041 0.403699 1 1.13719 
1.82349 0.365084 23.9792 1.81162 0.42003 0.9 1.14537 
1.82394 0.371931 22.0469 1.81486 0.413978 0.925 1.14537 
1.82441 0.379082 20.1147 1.81824 0.407657 0.95 1.14537 
1.8249 0.386538 18.1824 1.82176 0.401068 0.975 1.14537 
1.8254 0.394297 16.2501 1.82542 0.394211 1 1.14537 

ZONE I=5, J=5
1.82349 0.365084 23.18 1.81162 0.42003 0.9 1.14537 
1.82394 0.371931 21.625 1.81486 0.413978 0.925 1.14537 
1.82441 0.379082 20.07 1.81824 0.407657 0.95 1.14537 
1.8249 0.386538 18.5151 1.82176 0.401068 0.975 1.14537 
1.8254 0.394297 16.9601 1.82542 0.394211 1 1.14537 
1.83593 0.365146 23.2773 1.8264 0.410185 0.9 1.15355 
1.8365 0.372002 21.7223 1.82969 0.404146 0.925 1.15355 
1.83706 0.379145 20.1674 1.83311 0.397845 0.95 1.15355 
1.83763 0.386577 18.6124 1.83663 0.391279 0.975 1.15355 
1.83819 0.394297 17.0574 1.84028 0.384451 1 1.15355 
1.84822 0.36511 23.3746 1.84095 0.400149 0.9 1.16173 
1.84893 0.371979 21.8196 1.84434 0.394129 0.925 1.16173 
1.84963 0.379133 20.2647 1.84782 0.387844 0.95 1.16173 
1.85032 0.386572 18.7097 1.85142 0.381294 0.975 1.16173 
1.85101 0.394297 17.1548 1.85512 0.374478 1 1.16173 
1.86035 0.364982 23.4719 1.85529 0.389923 0.9 1.16991 
1.86123 0.371868 21.917 1.85878 0.383927 0.925 1.16991 
1.86211 0.379049 20.362 1.86239 0.377657 0.95 1.16991 
1.86298 0.386525 18.807 1.86611 0.371112 0.975 1.16991 
1.86384 0.394297 17.2521 1.86993 0.364292 1 1.16991 
1.87233 0.364766 23.5692 1.8694 0.379506 0.9 1.1781 
1.87341 0.371671 22.0143 1.87304 0.373539 0.925 1.1781 
1.8745 0.378895 20.4593 1.87681 0.367281 0.95 1.1781 
1.8756 0.386437 18.9044 1.88071 0.360733 0.975 1.1781 
1.8767 0.394297 17.3494 1.88473 0.353893 1 1.1781 

ZONE I=5, J=5
1.87233 0.364766 22.3374 1.8694 0.379506 0.9 1.1781 
1.87341 0.371671 21.3381 1.87304 0.373539 0.925 1.1781 
1.8745 0.378895 20.3388 1.87681 0.367281 0.95 1.1781 
1.8756 0.386437 19.3395 1.88071 0.360733 0.975 1.1781 
1.8767 0.394297 18.3402 1.88473 0.353893 1 1.1781 
1.88444 0.364278 22.43 1.88349 0.369198 0.9 1.18628 
1.88556 0.371214 21.4307 1.88712 0.363184 0.925 1.18628 
1.88669 0.378469 20.4314 1.89089 0.356883 0.95 1.18628 
1.88784 0.386041 19.4322 1.8948 0.350296 0.975 1.18628 
1.88901 0.393931 18.4329 1.89884 0.343422 1 1.18628 
1.89637 0.363421 22.5227 1.89722 0.358957 0.9 1.19446 
1.89755 0.370365 21.5234 1.90087 0.352935 0.925 1.19446 
1.89878 0.377621 20.5241 1.90468 0.346636 0.95 1.19446 
1.90003 0.385189 19.5248 1.90863 0.340059 0.975 1.19446 
1.90132 0.393069 18.5255 1.91272 0.333206 1 1.19446 
1.9081 0.362201 22.6153 1.91059 0.348785 0.9 1.20264 
1.9094 0.369127 21.6161 1.91431 0.342794 0.925 1.20264 
1.91076 0.376354 20.6168 1.91817 0.33654 0.95 1.20264 
1.91217 0.383882 19.6175 1.9222 0.330023 0.975 1.20264 
1.91363 0.391712 18.6182 1.92638 0.323245 1 1.20264 
1.91962 0.360624 22.708 1.92361 0.33868 0.9 1.21082 
1.92109 0.367505 21.7087 1.92741 0.332758 0.925 1.21082 
1.92263 0.374672 20.7094 1.93138 0.326594 0.95 1.21082 
1.92425 0.382124 19.7101 1.93552 0.320188 0.975 1.21082 
1.92593 0.389862 18.7109 1.93982 0.313539 1 1.21082 

ZONE I=5, J=5
1.91962 0.360624 22.0883 1.92361 0.33868 0.9 1.21082 
1.92109 0.367505 21.3825 1.92741 0.332758 0.925 1.21082 
1.92263 0.374672 20.6767 1.93138 0.326594 0.95 1.21082 
1.92425 0.382124 19.9709 1.93552 0.320188 0.975 1.21082 
1.92593 0.389862 19.2651 1.93982 0.313539 1 1.21082 
1.93116 0.358549 22.1949 1.93644 0.328861 0.9 1.219 
1.93278 0.365414 21.4891 1.94032 0.322974 0.925 1.219 
1.93447 0.372537 20.7833 1.94436 0.31687 0.95 1.219 
1.93623 0.379917 20.0775 1.94856 0.310548 0.975 1.219 
1.93807 0.387556 19.3717 1.95291 0.30401 1 1.219 
1.94255 0.356084 22.3015 1.94896 0.319167 0.9 1.22718 
1.94434 0.362907 21.5957 1.95294 0.313345 0.925 1.22718 
1.9462 0.369971 20.8899 1.95708 0.307322 0.95 1.22718 
1.94815 0.377274 20.1841 1.96136 0.301099 0.975 1.22718 
1.95016 0.384818 19.4783 1.96581 0.294676 1 1.22718 
1.95379 0.353231 22.4081 1.96117 0.309599 0.9 1.23536 
1.95577 0.359988 21.7023 1.96527 0.303871 0.925 1.23536 
1.95784 0.366977 20.9965 1.96952 0.297951 0.95 1.23536 
1.95999 0.374198 20.2907 1.97393 0.291841 0.975 1.23536 
1.96222 0.381649 19.5849 1.97849 0.285539 1 1.23536 
1.96486 0.349995 22.5147 1.97308 0.300155 0.9 1.24355 
1.96706 0.356662 21.8089 1.97732 0.294552 0.925 1.24355 
1.96936 0.36356 21.1031 1.98171 0.288758 0.95 1.24355 
1.97174 0.37069 20.3973 1.98626 0.282773 0.975 1.24355 
1.97422 0.378051 19.6915 1.99097 0.276597 1 1.24355 

ZONE I=5, J=5
1.96486 0.349995 22.3307 1.97308 0.300155 0.9 1.24355 
1.96706 0.356662 21.7096 1.97732 0.294552 0.925 1.24355 
1.96936 0.36356 21.0886 1.98171 0.288758 0.95 1.24355 
1.97174 0.37069 20.4676 1.98626 0.282773 0.975 1.24355 
1.97422 0.378051 19.8466 1.99097 0.276597 1 1.24355 
1.97583 0.346338 22.4327 1.98475 0.290921 0.9 1.25173 
1.97824 0.352933 21.8117 1.9891 0.285413 0.925 1.25173 
1.98073 0.359748 21.1907 1.99361 0.279726 0.95 1.25173 
1.98332 0.366781 20.5697 1.99827 0.27386 0.975 1.25173 
1.986 0.374032 19.9487 2.0031 0.267816 1 1.25173 
1.98664 0.342312 22.5348 1.99612 0.281817 0.9 1.25991 
1.98925 0.348822 21.9138 2.0006 0.276417 0.925 1.25991 
1.99195 0.355541 21.2928 2.00523 0.270846 0.95 1.25991 
1.99475 0.36247 20.6717 2.01001 0.265106 0.975 1.25991 
1.99765 0.369608 20.0507 2.01495 0.259196 1 1.25991 
1.99729 0.337922 22.6369 2.00721 0.272843 0.9 1.26809 
2.0001 0.344331 22.0158 2.01181 0.267563 0.925 1.26809 
2.00301 0.350944 21.3948 2.01656 0.262119 0.95 1.26809 
2.00603 0.357762 20.7738 2.02147 0.25651 0.975 1.26809 
2.00915 0.364783 20.1528 2.02654 0.250738 1 1.26809 
2.00776 0.333172 22.7389 2.01802 0.263999 0.9 1.27627 
2.01077 0.339466 22.1179 2.02273 0.258853 0.925 1.27627 
2.0139 0.345962 21.4969 2.02761 0.253544 0.95 1.27627 
2.01714 0.35266 20.8759 2.03265 0.248073 0.975 1.27627 
2.02048 0.359562 20.2549 2.03786 0.24244 1 1.27627 

ZONE I=5, J=5
2.00776 0.333172 22.7203 2.01802 0.263999 0.9 1.27627 
2.01077 0.339466 22.1078 2.02273 0.258853 0.925 1.27627 
2.0139 0.345962 21.4954 2.02761 0.253544 0.95 1.27627 
2.01714 0.35266 20.883 2.03265 0.248073 0.975 1.27627 
2.02048 0.359562 20.2706 2.03786 0.24244 1 1.27627 
2.01806 0.328055 22.8167 2.02854 0.255304 0.9 1.28445 
2.02127 0.334237 22.2042 2.03338 0.250282 0.925 1.28445 
2.0246 0.340614 21.5918 2.03837 0.245105 0.95 1.28445 
2.02805 0.347187 20.9794 2.04353 0.239773 0.975 1.28445 
2.03161 0.353955 20.367 2.04886 0.234286 1 1.28445 
2.02817 0.322595 22.913 2.03879 0.246725 0.9 1.29263 
2.03158 0.328657 22.3006 2.04373 0.241833 0.925 1.29263 
2.03511 0.334909 21.6882 2.04885 0.236792 0.95 1.29263 
2.03876 0.34135 21.0758 2.05412 0.231601 0.975 1.29263 
2.04253 0.347981 20.4634 2.05957 0.22626 1 1.29263 
2.03808 0.316798 23.0094 2.04875 0.238265 0.9 1.30081 
2.04169 0.322732 22.397 2.0538 0.233507 0.925 1.30081 
2.04541 0.328851 21.7846 2.05903 0.228603 0.95 1.30081 
2.04927 0.335155 21.1722 2.06442 0.223555 0.975 1.30081 
2.05324 0.341644 20.5598 2.06999 0.218362 1 1.30081 
2.0478 0.310667 23.1058 2.05843 0.229922 0.9 1.309 
2.05159 0.316465 22.4934 2.06359 0.225302 0.925 1.309 
2.05551 0.322445 21.881 2.06892 0.22054 0.95 1.309 
2.05955 0.328606 21.2686 2.07443 0.215636 0.975 1.309 
2.06373 0.33495 20.6562 2.08011 0.210591 1 1.309 

ZONE I=5, J=5
2.0478 0.310667 23.1451 2.05843 0.229922 0.9 1.309 
2.05159 0.316465 22.5146 2.06359 0.225302 0.925 1.309 
2.05551 0.322445 21.8841 2.06892 0.22054 0.95 1.309 
2.05955 0.328606 21.2536 2.07443 0.215636 0.975 1.309 
2.06373 0.33495 20.6231 2.08011 0.210591 1 1.309 
2.05729 0.304222 23.2342 2.06781 0.221696 0.9 1.31718 
2.06126 0.30988 22.6037 2.07307 0.217215 0.925 1.31718 
2.06536 0.315715 21.9732 2.07851 0.212597 0.95 1.31718 
2.06961 0.321726 21.3427 2.08413 0.207843 0.975 1.31718 
2.07399 0.327914 20.7122 2.08992 0.202952 1 1.31718 
2.06655 0.29747 23.3232 2.0769 0.213575 0.9 1.32536 
2.0707 0.302984 22.6927 2.08226 0.209233 0.925 1.32536 
2.07499 0.308669 22.0622 2.0878 0.20476 0.95 1.32536 
2.07941 0.314526 21.4318 2.09352 0.200155 0.975 1.32536 
2.08398 0.320555 20.8013 2.09942 0.195417 1 1.32536 
2.07559 0.290416 23.4123 2.0857 0.205558 0.9 1.33354 
2.0799 0.295782 22.7818 2.09116 0.201357 0.925 1.33354 
2.08436 0.301314 22.1513 2.09679 0.197029 0.95 1.33354 
2.08897 0.307014 21.5208 2.10261 0.192572 0.975 1.33354 
2.09373 0.31288 20.8903 2.10861 0.187988 1 1.33354 
2.08439 0.283067 23.5014 2.09422 0.197647 0.9 1.34172 
2.08887 0.28828 22.8709 2.09976 0.193587 0.925 1.34172 
2.09349 0.293655 22.2404 2.10549 0.189403 0.95 1.34172 
2.09827 0.299193 21.6099 2.1114 0.185095 0.975 1.34172 
2.1032 0.304894 20.9794 2.1175 0.180663 1 1.34172 

ZONE I=5, J=5
2.08439 0.283067 23.5575 2.09422 0.197647 0.9 1.34172 
2.08887 0.28828 22.9011 2.09976 0.193587 0.925 1.34172 
2.09349 0.293655 22.2447 2.10549 0.189403 0.95 1.34172 
2.09827 0.299193 21.5883 2.1114 0.185095 0.975 1.34172 
2.1032 0.304894 20.932 2.1175 0.180663 1 1.34172 
2.09293 0.275444 23.6377 2.10243 0.189822 0.9 1.3499 
2.09757 0.280498 22.9813 2.10806 0.185907 0.925 1.3499 
2.10236 0.285709 22.325 2.11388 0.181873 0.95 1.3499 
2.10731 0.291077 21.6686 2.11988 0.177719 0.975 1.3499 
2.11242 0.296604 21.0122 2.12608 0.173446 1 1.3499 
2.10123 0.267549 23.7179 2.11035 0.182083 0.9 1.35808 
2.10602 0.272441 23.0616 2.11607 0.178313 0.925 1.35808 
2.11097 0.277486 22.4052 2.12197 0.174427 0.95 1.35808 
2.11608 0.282683 21.7488 2.12806 0.170426 0.975 1.35808 
2.12135 0.288032 21.0924 2.13435 0.16631 1 1.35808 
2.10926 0.259388 23.7982 2.11798 0.17443 0.9 1.36626 
2.1142 0.264116 23.1418 2.12378 0.170803 0.925 1.36626 
2.1193 0.268992 22.4854 2.12976 0.167065 0.95 1.36626 
2.12457 0.274015 21.829 2.13594 0.163216 0.975 1.36626 
2.13 0.279185 21.1727 2.1423 0.159257 1 1.36626 
2.11704 0.250967 23.8784 2.12533 0.166863 0.9 1.37445 
2.12212 0.255529 23.222 2.13119 0.163379 0.925 1.37445 
2.12736 0.260233 22.5657 2.13725 0.159787 0.95 1.37445 
2.13277 0.26508 21.9093 2.1435 0.156089 0.975 1.37445 
2.13835 0.27007 21.2529 2.14995 0.152284 1 1.37445 

ZONE I=5, J=5
2.11704 0.250967 23.9355 2.12533 0.166863 0.9 1.37445 
2.12212 0.255529 23.2528 2.13119 0.163379 0.925 1.37445 
2.12736 0.260233 22.5701 2.13725 0.159787 0.95 1.37445 
2.13277 0.26508 21.8874 2.1435 0.156089 0.975 1.37445 
2.13835 0.27007 21.2047 2.14995 0.152284 1 1.37445 
2.12453 0.242319 24.0055 2.13236 0.159369 0.9 1.38263 
2.12974 0.246708 23.3228 2.1383 0.156031 0.925 1.38263 
2.13512 0.251234 22.6401 2.14443 0.152592 0.95 1.38263 
2.14068 0.255898 21.9574 2.15076 0.14905 0.975 1.38263 
2.14641 0.260698 21.2747 2.15729 0.145406 1 1.38263 
2.13175 0.233442 24.0755 2.1391 0.151946 0.9 1.39081 
2.13708 0.237656 23.3929 2.1451 0.148755 0.925 1.39081 
2.1426 0.242003 22.7102 2.15131 0.145466 0.95 1.39081 
2.14829 0.246481 22.0275 2.15771 0.142079 0.975 1.39081 
2.15416 0.251092 21.3448 2.16431 0.138594 1 1.39081 
2.13868 0.22434 24.1456 2.14554 0.144596 0.9 1.39899 
2.14413 0.228379 23.4629 2.15161 0.141549 0.925 1.39899 
2.14977 0.232545 22.7802 2.15788 0.138409 0.95 1.39899 
2.15559 0.236837 22.0975 2.16435 0.135175 0.975 1.39899 
2.1616 0.241256 21.4148 2.17102 0.131848 1 1.39899 
2.14532 0.215021 24.2156 2.15169 0.137317 0.9 1.40717 
2.15089 0.218884 23.5329 2.15782 0.134414 0.925 1.40717 
2.15665 0.222868 22.8502 2.16415 0.131421 0.95 1.40717 
2.16259 0.226973 22.1675 2.17068 0.128339 0.975 1.40717 
2.16872 0.231199 21.4848 2.17741 0.125167 1 1.40717 

ZONE I=5, J=5
2.14532 0.215021 24.267 2.15169 0.137317 0.9 1.40717 
2.15089 0.218884 23.5606 2.15782 0.134414 0.925 1.40717 
2.15665 0.222868 22.8542 2.16415 0.131421 0.95 1.40717 
2.16259 0.226973 22.1478 2.17068 0.128339 0.975 1.40717 
2.16872 0.231199 21.4413 2.17741 0.125167 1 1.40717 
2.15166 0.205512 24.3257 2.15754 0.130091 0.9 1.41535 
2.15734 0.209192 23.6193 2.16372 0.127335 0.925 1.41535 
2.16322 0.212987 22.9129 2.17011 0.124495 0.95 1.41535 
2.16928 0.216898 22.2065 2.1767 0.121569 0.975 1.41535 
2.17553 0.220925 21.5001 2.1835 0.118559 1 1.41535 
2.15771 0.19581 24.3845 2.16309 0.12292 0.9 1.42353 
2.16349 0.199306 23.678 2.16932 0.12031 0.925 1.42353 
2.16947 0.202912 22.9716 2.17576 0.117621 0.95 1.42353 
2.17564 0.206628 22.2652 2.18241 0.114851 0.975 1.42353 
2.18201 0.210454 21.5588 2.18927 0.112 1 1.42353 
2.16345 0.185922 24.4432 2.16834 0.115803 0.9 1.43171 
2.16934 0.189234 23.7368 2.17462 0.113339 0.925 1.43171 
2.17542 0.19265 23.0303 2.18112 0.110799 0.95 1.43171 
2.18169 0.19617 22.3239 2.18782 0.108182 0.975 1.43171 
2.18816 0.199795 21.6175 2.19473 0.10549 1 1.43171 
2.1689 0.175853 24.5019 2.17329 0.108742 0.9 1.4399 
2.17487 0.178981 23.7955 2.17963 0.106421 0.925 1.4399 
2.18104 0.182206 23.0891 2.18617 0.104028 0.95 1.4399 
2.18742 0.185531 22.3826 2.19292 0.101564 0.975 1.4399 
2.19399 0.188954 21.6762 2.19988 0.0990283 1 1.4399 

ZONE I=5, J=5
2.1689 0.175853 24.5449 2.17329 0.108742 0.9 1.4399 
2.17487 0.178981 23.8186 2.17963 0.106421 0.925 1.4399 
2.18104 0.182206 23.0924 2.18617 0.104028 0.95 1.4399 
2.18742 0.185531 22.3662 2.19292 0.101564 0.975 1.4399 
2.19399 0.188954 21.6399 2.19988 0.0990283 1 1.4399 
2.17402 0.16564 24.5914 2.17794 0.101724 0.9 1.44808 
2.18008 0.168578 23.8652 2.18432 0.0995503 0.925 1.44808 
2.18634 0.171608 23.1389 2.19091 0.0973098 0.95 1.44808 
2.19281 0.17473 22.4127 2.19771 0.0950021 0.975 1.44808 
2.19947 0.177945 21.6865 2.20472 0.0926273 1 1.44808 
2.17883 0.155278 24.6379 2.1823 0.0947487 0.9 1.45626 
2.18497 0.158025 23.9117 2.18871 0.0927215 0.925 1.45626 
2.19131 0.160859 23.1855 2.19534 0.0906317 0.95 1.45626 
2.19787 0.163779 22.4592 2.20218 0.0884791 0.975 1.45626 
2.20462 0.166787 21.733 2.20924 0.0862638 1 1.45626 
2.18332 0.144773 24.6845 2.18635 0.0878168 0.9 1.46444 
2.18953 0.14733 23.9582 2.1928 0.0859344 0.925 1.46444 
2.19596 0.149967 23.232 2.19947 0.0839938 0.95 1.46444 
2.20259 0.152685 22.5058 2.20635 0.0819949 0.975 1.46444 
2.20943 0.155484 21.7795 2.21345 0.0799378 1 1.46444 
2.18749 0.134133 24.731 2.1901 0.0809279 0.9 1.47262 
2.19377 0.136499 24.0048 2.19659 0.079189 0.925 1.47262 
2.20027 0.13894 23.2785 2.20329 0.0773963 0.95 1.47262 
2.20697 0.141456 22.5523 2.21021 0.0755497 0.975 1.47262 
2.21388 0.144046 21.8261 2.21734 0.0736492 1 1.47262 

ZONE I=5, J=5
2.18749 0.134133 24.764 2.1901 0.0809279 0.9 1.47262 
2.19377 0.136499 24.0226 2.19659 0.079189 0.925 1.47262 
2.20027 0.13894 23.2811 2.20329 0.0773963 0.95 1.47262 
2.20697 0.141456 22.5396 2.21021 0.0755497 0.975 1.47262 
2.21388 0.144046 21.7981 2.21734 0.0736492 1 1.47262 
2.19133 0.123381 24.7977 2.19355 0.0740672 0.9 1.4808 
2.19768 0.125552 24.0562 2.20007 0.0724751 0.925 1.4808 
2.20424 0.127792 23.3148 2.20681 0.0708336 0.95 1.4808 
2.21101 0.130101 22.5733 2.21376 0.0691427 0.975 1.4808 
2.218 0.132479 21.8318 2.22093 0.0674024 1 1.4808 
2.19485 0.112516 24.8314 2.19671 0.0672346 0.9 1.48898 
2.20126 0.114493 24.0899 2.20325 0.0657881 0.925 1.48898 
2.20788 0.116532 23.3485 2.21002 0.0642968 0.95 1.48898 
2.21471 0.118634 22.607 2.217 0.0627605 0.975 1.48898 
2.22176 0.120798 21.8655 2.2242 0.0611794 1 1.48898 
2.19804 0.101547 24.8651 2.19956 0.0604298 0.9 1.49716 
2.2045 0.103328 24.1236 2.20613 0.0591281 0.925 1.49716 
2.21118 0.105167 23.3821 2.21292 0.0577859 0.95 1.49716 
2.21807 0.107061 22.6407 2.21993 0.0564033 0.975 1.49716 
2.22517 0.109012 21.8992 2.22716 0.0549803 1 1.49716 
2.20091 0.0904792 24.8988 2.20211 0.0536531 0.9 1.50535 
2.20741 0.092066 24.1573 2.20871 0.052495 0.925 1.50535 
2.21413 0.0937031 23.4158 2.21552 0.051301 0.95 1.50535 
2.22107 0.0953905 22.6744 2.22256 0.050071 0.975 1.50535 
2.22823 0.0971281 21.9329 2.22981 0.048805 1 1.50535 

ZONE I=5, J=5
2.20091 0.0904792 24.9212 2.20211 0.0536531 0.9 1.50535 
2.20741 0.092066 24.1694 2.20871 0.052495 0.925 1.50535 
2.21413 0.0937031 23.4176 2.21552 0.051301 0.95 1.50535 
2.22107 0.0953905 22.6658 2.22256 0.050071 0.975 1.50535 
2.22823 0.0971281 21.914 2.22981 0.048805 1 1.50535 
2.20344 0.0793449 24.9416 2.20437 0.0468989 0.9 1.51353 
2.20998 0.080734 24.1898 2.21098 0.0458867 0.925 1.51353 
2.21675 0.0821672 23.438 2.21781 0.044843 0.95 1.51353 
2.22373 0.0836444 22.6862 2.22487 0.0437678 0.975 1.51353 
2.23093 0.0851657 21.9344 2.23215 0.0426612 1 1.51353 
2.20563 0.0681424 24.9619 2.20632 0.0401625 0.9 1.52171 
2.21221 0.0693338 24.2102 2.21295 0.0392954 0.925 1.52171 
2.21901 0.070563 23.4584 2.2198 0.0384014 0.95 1.52171 
2.22603 0.07183 22.7066 2.22688 0.0374804 0.975 1.52171 
2.23327 0.0731349 21.9548 2.23417 0.0365323 1 1.52171 
2.20749 0.0568789 24.9823 2.20797 0.0334438 0.9 1.52989 
2.2141 0.0578726 24.2306 2.21461 0.0327212 0.925 1.52989 
2.22093 0.0588979 23.4788 2.22148 0.0319762 0.95 1.52989 
2.22798 0.0599548 22.727 2.22857 0.0312086 0.975 1.52989 
2.23526 0.0610432 21.9752 2.23588 0.0304186 1 1.52989 
2.20901 0.0455615 25.0027 2.20932 0.0267428 0.9 1.53807 
2.21565 0.0463578 24.2509 2.21598 0.0261641 0.925 1.53807 
2.2225 0.0471793 23.4992 2.22286 0.0255674 0.95 1.53807 
2.22958 0.0480261 22.7474 2.22996 0.0249526 0.975 1.53807 
2.23688 0.0488982 21.9956 2.23728 0.0243199 1 1.53807 

ZONE I=5, J=5
2.20901 0.0455615 25.014 2.20932 0.0267428 0.9 1.53807 
2.21565 0.0463578 24.257 2.21598 0.0261641 0.925 1.53807 
2.2225 0.0471793 23.5001 2.22286 0.0255674 0.95 1.53807 
2.22958 0.0480261 22.7431 2.22996 0.0249526 0.975 1.53807 
2.23688 0.0488982 21.9861 2.23728 0.0243199 1 1.53807 
2.2102 0.0342085 25.0208 2.21037 0.0200514 0.9 1.54625 
2.21685 0.0348058 24.2639 2.21704 0.0196176 0.925 1.54625 
2.22373 0.035422 23.5069 2.22393 0.0191703 0.95 1.54625 
2.23083 0.0360572 22.7499 2.23104 0.0187096 0.975 1.54625 
2.23815 0.0367114 21.9929 2.23838 0.0182353 1 1.54625 
2.21104 0.0228244 25.0277 2.21112 0.0133638 0.9 1.55443 
2.21771 0.0232225 24.2707 2.2178 0.0130748 0.925 1.55443 
2.2246 0.0236334 23.5137 2.22469 0.0127768 0.95 1.55443 
2.23172 0.0240568 22.7567 2.23181 0.0124698 0.975 1.55443 
2.23905 0.024493 21.9997 2.23915 0.0121538 1 1.55443 
2.21155 0.0114164 25.0345 2.21157 0.00667997 0.9 1.56261 
2.21823 0.0116155 24.2775 2.21825 0.00653556 0.925 1.56261 
2.22513 0.0118208 23.5205 2.22515 0.00638665 0.95 1.56261 
2.23225 0.0120325 22.7635 2.23227 0.00623324 0.975 1.56261 
2.2396 0.0122505 22.0065 2.23962 0.00607533 1 1.56261 
2.21172 -8.12412e-06 25.0413 2.21172 0 0.9 1.5708 
2.2184 -8.14865e-06 24.2843 2.2184 0 0.925 1.5708 
2.2253 -8.174e-06 23.5273 2.2253 0 0.95 1.5708 
2.23243 -8.20017e-06 22.7703 2.23243 0 0.975 1.5708 
2.23978 -8.22716e-06 22.0133 2.23978 0 1 1.5708 

