ZONE I=5, J=5
0 0.360045 16.6757 0.360045 0 0.9 0 
0 0.368111 15.0884 0.368111 0 0.925 0 
0 0.376639 13.5011 0.376639 0 0.95 0 
0 0.385628 11.9139 0.385628 0 0.975 0 
0 0.395078 10.3266 0.395078 0 1 0 
0.0131397 0.360045 16.677 0.360141 0.0101937 0.9 0.00818126 
0.0131392 0.368112 15.0898 0.368207 0.0101272 0.925 0.00818126 
0.0131389 0.37664 13.5025 0.376734 0.0100571 0.95 0.00818126 
0.0131386 0.385628 11.9152 0.385723 0.00998331 0.975 0.00818126 
0.0131385 0.395078 10.328 0.395172 0.00990589 1 0.00818126 
0.0262766 0.360046 16.6784 0.360428 0.0203821 0.9 0.0163625 
0.0262756 0.368113 15.0911 0.368493 0.0202491 0.925 0.0163625 
0.0262749 0.37664 13.5039 0.37702 0.0201089 0.95 0.0163625 
0.0262744 0.385629 11.9166 0.386007 0.0199613 0.975 0.0163625 
0.0262741 0.395078 10.3293 0.395455 0.0198064 1 0.0163625 
0.0394132 0.360048 16.6798 0.360907 0.0305653 0.9 0.0245437 
0.0394117 0.368114 15.0925 0.36897 0.0303659 0.925 0.0245437 
0.0394105 0.376641 13.5052 0.377495 0.0301554 0.95 0.0245437 
0.0394097 0.385629 11.918 0.38648 0.029934 0.975 0.0245437 
0.0394092 0.395078 10.3307 0.395926 0.0297016 1 0.0245437 
0.052552 0.36005 16.6811 0.361577 0.0407433 0.9 0.0327249 
0.0525499 0.368116 15.0939 0.369638 0.0404773 0.925 0.0327249 
0.0525482 0.376642 13.5066 0.37816 0.0401967 0.95 0.0327249 
0.052547 0.38563 11.9193 0.387143 0.0399014 0.975 0.0327249 
0.0525461 0.395078 10.332 0.396586 0.0395914 1 0.0327249 

ZONE I=5, J=5
0.052552 0.36005 16.6832 0.361577 0.0407433 0.9 0.0327249 
0.0525499 0.368116 15.0951 0.369638 0.0404773 0.925 0.0327249 
0.0525482 0.376642 13.507 0.37816 0.0401967 0.95 0.0327249 
0.052547 0.38563 11.9189 0.387143 0.0399014 0.975 0.0327249 
0.0525461 0.395078 10.3308 0.396586 0.0395914 1 0.0327249 
0.0656909 0.360053 16.6865 0.362439 0.0509117 0.9 0.0409062 
0.0656884 0.368118 15.0984 0.370497 0.0505794 0.925 0.0409062 
0.0656865 0.376644 13.5102 0.379015 0.0502288 0.95 0.0409062 
0.0656852 0.385631 11.9221 0.387994 0.0498599 0.975 0.0409062 
0.0656844 0.395078 10.334 0.397434 0.0494728 1 0.0409062 
0.0788273 0.360057 16.6897 0.363491 0.0610652 0.9 0.0490874 
0.0788243 0.368121 15.1016 0.371545 0.0606665 0.925 0.0490874 
0.078822 0.376646 13.5135 0.38006 0.060246 0.95 0.0490874 
0.0788205 0.385632 11.9254 0.389035 0.0598035 0.975 0.0490874 
0.0788195 0.395078 10.3373 0.39847 0.059339 1 0.0490874 
0.0919636 0.360061 16.693 0.364735 0.0712038 0.9 0.0572686 
0.09196 0.368124 15.1049 0.372784 0.0707388 0.925 0.0572686 
0.0919573 0.376648 13.5168 0.381294 0.0702482 0.95 0.0572686 
0.0919553 0.385633 11.9287 0.390264 0.0697319 0.975 0.0572686 
0.0919541 0.395078 10.3406 0.399694 0.0691901 1 0.0572686 
0.105102 0.360066 16.6963 0.36617 0.0813277 0.9 0.0654498 
0.105098 0.368128 15.1082 0.374214 0.0807962 0.925 0.0654498 
0.105095 0.376651 13.5201 0.382718 0.0802355 0.95 0.0654498 
0.105092 0.385634 11.9319 0.391682 0.0796454 0.975 0.0654498 
0.10509 0.395078 10.3438 0.401105 0.079026 1 0.0654498 

ZONE I=5, J=5
0.105102 0.360066 16.7003 0.36617 0.0813277 0.9 0.0654498 
0.105098 0.368128 15.1105 0.374214 0.0807962 0.925 0.0654498 
0.105095 0.376651 13.5207 0.382718 0.0802355 0.95 0.0654498 
0.105092 0.385634 11.9309 0.391682 0.0796454 0.975 0.0654498 
0.10509 0.395078 10.3412 0.401105 0.079026 1 0.0654498 
0.11824 0.360072 16.7059 0.367795 0.091431 0.9 0.0736311 
0.118235 0.368133 15.1161 0.375833 0.0908335 0.925 0.073631 
0.118232 0.376654 13.5263 0.384331 0.0902032 0.95 0.0736311 
0.118229 0.385636 11.9365 0.393288 0.08954 0.975 0.0736311 
0.118228 0.395078 10.3467 0.402705 0.0888439 1 0.0736311 
0.131375 0.360079 16.7115 0.36961 0.10151 0.9 0.0818123 
0.13137 0.368138 15.1217 0.377642 0.100846 0.925 0.0818123 
0.131366 0.376657 13.5319 0.386133 0.100146 0.95 0.0818123 
0.131364 0.385637 11.9421 0.395083 0.0994098 0.975 0.0818123 
0.131362 0.395078 10.3523 0.404492 0.0986368 1 0.0818123 
0.144511 0.360086 16.7171 0.371616 0.111564 0.9 0.0899936 
0.144505 0.368143 15.1273 0.37964 0.110834 0.925 0.0899936 
0.144501 0.376661 13.5375 0.388123 0.110065 0.95 0.0899936 
0.144498 0.385639 11.9477 0.397065 0.109255 0.975 0.0899935 
0.144496 0.395078 10.3579 0.406465 0.108405 1 0.0899936 
0.157648 0.360093 16.7227 0.373811 0.121594 0.9 0.0981748 
0.157642 0.368149 15.1329 0.381828 0.120798 0.925 0.0981748 
0.157637 0.376665 13.5431 0.390302 0.119958 0.95 0.0981748 
0.157633 0.385641 11.9533 0.399235 0.119075 0.975 0.0981748 
0.157631 0.395078 10.3635 0.408626 0.118147 1 0.0981748 

ZONE I=5, J=5
0.157648 0.360093 16.7284 0.373811 0.121594 0.9 0.0981748 
0.157642 0.368149 15.1361 0.381828 0.120798 0.925 0.0981748 
0.157637 0.376665 13.5438 0.390302 0.119958 0.95 0.0981748 
0.157633 0.385641 11.9515 0.399235 0.119075 0.975 0.0981748 
0.157631 0.395078 10.3592 0.408626 0.118147 1 0.0981748 
0.170784 0.360102 16.7363 0.376197 0.131592 0.9 0.106356 
0.170778 0.368155 15.144 0.384204 0.130731 0.925 0.106356 
0.170773 0.376669 13.5517 0.392669 0.129822 0.95 0.106356 
0.170769 0.385644 11.9594 0.401593 0.128866 0.975 0.106356 
0.170767 0.395078 10.367 0.410974 0.127862 1 0.106356 
0.183918 0.360111 16.7442 0.37877 0.141557 0.9 0.114537 
0.183911 0.368162 15.1519 0.386769 0.14063 0.925 0.114537 
0.183906 0.376674 13.5595 0.395224 0.139652 0.95 0.114537 
0.183902 0.385646 11.9672 0.404137 0.138623 0.975 0.114537 
0.1839 0.395078 10.3749 0.413507 0.137543 1 0.114537 
0.197052 0.36012 16.752 0.381533 0.151487 0.9 0.122718 
0.197044 0.36817 15.1597 0.389521 0.150495 0.925 0.122718 
0.197038 0.376679 13.5674 0.397966 0.149447 0.95 0.122718 
0.197034 0.385649 11.9751 0.406867 0.148345 0.975 0.122718 
0.197032 0.395078 10.3828 0.416226 0.147188 1 0.122718 
0.210189 0.360131 16.7599 0.384485 0.161384 0.9 0.1309 
0.21018 0.368178 15.1676 0.392462 0.160325 0.925 0.1309 
0.210174 0.376684 13.5753 0.400895 0.159208 0.95 0.1309 
0.210169 0.385651 11.983 0.409785 0.158033 0.975 0.1309 
0.210165 0.395078 10.3907 0.41913 0.156799 1 0.1309 

ZONE I=5, J=5
0.210189 0.360131 16.7674 0.384485 0.161384 0.9 0.1309 
0.21018 0.368178 15.1717 0.392462 0.160325 0.925 0.1309 
0.210174 0.376684 13.5761 0.400895 0.159208 0.95 0.1309 
0.210169 0.385651 11.9804 0.409785 0.158033 0.975 0.1309 
0.210165 0.395078 10.3847 0.41913 0.156799 1 0.1309 
0.223322 0.360142 16.7776 0.387624 0.171238 0.9 0.139081 
0.223314 0.368186 15.1819 0.39559 0.170115 0.925 0.139081 
0.223307 0.37669 13.5863 0.404011 0.168929 0.95 0.139081 
0.223302 0.385654 11.9906 0.412888 0.167682 0.975 0.139081 
0.2233 0.395078 10.3949 0.42222 0.166373 1 0.139081 
0.236454 0.360153 16.7878 0.39095 0.181049 0.9 0.147262 
0.236445 0.368195 15.1921 0.398904 0.17986 0.925 0.147262 
0.236438 0.376697 13.5965 0.407312 0.178606 0.95 0.147262 
0.236433 0.385658 12.0008 0.416175 0.177287 0.975 0.147262 
0.236431 0.395078 10.4051 0.425494 0.175902 1 0.147262 
0.249586 0.360166 16.798 0.394463 0.190816 0.9 0.155443 
0.249576 0.368205 15.2023 0.402404 0.189562 0.925 0.155443 
0.249569 0.376703 13.6066 0.410799 0.188239 0.95 0.155443 
0.249563 0.385661 12.011 0.419648 0.186847 0.975 0.155443 
0.24956 0.395078 10.4153 0.428951 0.185386 1 0.155443 
0.262721 0.360179 16.8082 0.398164 0.20054 0.9 0.163625 
0.26271 0.368214 15.2125 0.406091 0.199221 0.925 0.163625 
0.262702 0.37671 13.6168 0.414471 0.197828 0.95 0.163625 
0.262695 0.385664 12.0212 0.423305 0.196364 0.975 0.163625 
0.262691 0.395078 10.4255 0.432592 0.194826 1 0.163625 

ZONE I=5, J=5
0.262721 0.360179 16.8174 0.398164 0.20054 0.9 0.163625 
0.26271 0.368214 15.2175 0.406091 0.199221 0.925 0.163625 
0.262702 0.37671 13.6177 0.414471 0.197828 0.95 0.163625 
0.262695 0.385664 12.0178 0.423305 0.196364 0.975 0.163625 
0.262691 0.395078 10.4179 0.432592 0.194826 1 0.163625 
0.275851 0.360192 16.8299 0.402049 0.210211 0.9 0.171806 
0.275841 0.368225 15.23 0.409962 0.208827 0.925 0.171806 
0.275833 0.376717 13.6302 0.418328 0.207368 0.95 0.171806 
0.275827 0.385668 12.0303 0.427146 0.205832 0.975 0.171806 
0.275824 0.395078 10.4304 0.436417 0.204219 1 0.171806 
0.28898 0.360207 16.8424 0.40612 0.219829 0.9 0.179987 
0.288969 0.368236 15.2425 0.414018 0.218381 0.925 0.179987 
0.288961 0.376725 13.6427 0.422368 0.216853 0.95 0.179987 
0.288955 0.385672 12.0428 0.43117 0.215246 0.975 0.179987 
0.288952 0.395078 10.4429 0.440423 0.213559 1 0.179987 
0.302109 0.360221 16.8549 0.410375 0.229394 0.9 0.188168 
0.302098 0.368247 15.255 0.418258 0.227881 0.925 0.188168 
0.302089 0.376732 13.6552 0.426591 0.226285 0.95 0.188168 
0.302083 0.385676 12.0553 0.435376 0.224606 0.975 0.188168 
0.302079 0.395078 10.4554 0.444611 0.222843 1 0.188168 
0.315242 0.360237 16.8674 0.414816 0.238906 0.9 0.19635 
0.315229 0.368259 15.2675 0.422682 0.237328 0.925 0.19635 
0.315219 0.37674 13.6677 0.430998 0.235664 0.95 0.19635 
0.315212 0.38568 12.0678 0.439764 0.233912 0.975 0.19635 
0.315207 0.395078 10.4679 0.448981 0.232074 1 0.19635 

ZONE I=5, J=5
0.315242 0.360237 16.8785 0.414816 0.238906 0.9 0.19635 
0.315229 0.368259 15.2735 0.422682 0.237328 0.925 0.19635 
0.315219 0.37674 13.6686 0.430998 0.235664 0.95 0.19635 
0.315212 0.38568 12.0637 0.439764 0.233912 0.975 0.19635 
0.315207 0.395078 10.4588 0.448981 0.232074 1 0.19635 
0.32837 0.360253 16.8933 0.419439 0.248355 0.9 0.204531 
0.328357 0.368272 15.2884 0.427288 0.246714 0.925 0.204531 
0.328348 0.376749 13.6834 0.435586 0.244983 0.95 0.204531 
0.328341 0.385685 12.0785 0.444334 0.243161 0.975 0.204531 
0.328337 0.395078 10.4736 0.453531 0.241249 1 0.204531 
0.341495 0.36027 16.9081 0.424244 0.257741 0.9 0.212712 
0.341482 0.368285 15.3032 0.432076 0.256037 0.925 0.212712 
0.341473 0.376758 13.6983 0.440356 0.254239 0.95 0.212712 
0.341466 0.385689 12.0933 0.449084 0.252346 0.975 0.212712 
0.341462 0.395078 10.4884 0.45826 0.25036 1 0.212712 
0.354621 0.360288 16.9229 0.429231 0.267065 0.9 0.220893 
0.354607 0.368298 15.318 0.437044 0.265297 0.925 0.220893 
0.354597 0.376767 13.7131 0.445305 0.263431 0.95 0.220893 
0.354589 0.385694 12.1082 0.454013 0.261468 0.975 0.220893 
0.354585 0.395078 10.5032 0.463168 0.259407 1 0.220893 
0.367749 0.360306 16.9378 0.434401 0.276326 0.9 0.229074 
0.367735 0.368313 15.3328 0.442195 0.274493 0.925 0.229074 
0.367723 0.376777 13.7279 0.450435 0.27256 0.95 0.229074 
0.367714 0.385699 12.123 0.459122 0.270525 0.975 0.229074 
0.367708 0.395078 10.5181 0.468255 0.26839 1 0.229074 

ZONE I=5, J=5
0.367749 0.360306 16.9507 0.434401 0.276326 0.9 0.229074 
0.367735 0.368313 15.3398 0.442195 0.274493 0.925 0.229074 
0.367723 0.376777 13.729 0.450435 0.27256 0.95 0.229074 
0.367714 0.385699 12.1181 0.459122 0.270525 0.975 0.229074 
0.367708 0.395078 10.5073 0.468255 0.26839 1 0.229074 
0.380874 0.360325 16.9678 0.43975 0.285515 0.9 0.237256 
0.38086 0.368327 15.357 0.447525 0.28362 0.925 0.237256 
0.380848 0.376787 13.7461 0.455745 0.281621 0.95 0.237256 
0.380841 0.385704 12.1353 0.46441 0.279518 0.975 0.237256 
0.380836 0.395078 10.5244 0.473521 0.27731 1 0.237256 
0.393996 0.360344 16.985 0.445278 0.294632 0.9 0.245437 
0.393982 0.368342 15.3741 0.453033 0.292675 0.925 0.245437 
0.39397 0.376797 13.7633 0.461232 0.290609 0.95 0.245437 
0.393963 0.385709 12.1524 0.469875 0.288436 0.975 0.245437 
0.393958 0.395078 10.5416 0.478962 0.286155 1 0.245437 
0.407118 0.360364 17.0021 0.450986 0.303677 0.9 0.253618 
0.407103 0.368357 15.3913 0.458719 0.301656 0.925 0.253618 
0.407091 0.376808 13.7804 0.466896 0.299525 0.95 0.253618 
0.407083 0.385714 12.1696 0.475516 0.297282 0.975 0.253618 
0.407077 0.395078 10.5588 0.484579 0.294927 1 0.253618 
0.420243 0.360385 17.0193 0.456872 0.312649 0.9 0.261799 
0.420226 0.368373 15.4085 0.464584 0.310565 0.925 0.261799 
0.420213 0.376818 13.7976 0.472738 0.308367 0.95 0.261799 
0.420203 0.38572 12.1868 0.481333 0.306053 0.975 0.261799 
0.420196 0.395078 10.5759 0.490371 0.303625 1 0.261799 

ZONE I=5, J=5
0.420243 0.360385 17.0341 0.456872 0.312649 0.9 0.261799 
0.420226 0.368373 15.4164 0.464584 0.310565 0.925 0.261799 
0.420213 0.376818 13.7988 0.472738 0.308367 0.95 0.261799 
0.420203 0.38572 12.1811 0.481333 0.306053 0.975 0.261799 
0.420196 0.395078 10.5635 0.490371 0.303625 1 0.261799 
0.433363 0.360407 17.0536 0.462935 0.32154 0.9 0.269981 
0.433347 0.36839 15.4359 0.470625 0.319395 0.925 0.269981 
0.433334 0.37683 13.8183 0.478756 0.317132 0.95 0.269981 
0.433325 0.385726 12.2007 0.487327 0.314751 0.975 0.269981 
0.43332 0.395078 10.583 0.496339 0.312251 1 0.269981 
0.446481 0.360429 17.0731 0.469173 0.330349 0.9 0.278162 
0.446465 0.368407 15.4555 0.47684 0.328143 0.925 0.278162 
0.446452 0.376841 13.8378 0.484947 0.325815 0.95 0.278162 
0.446443 0.385732 12.2202 0.493493 0.323365 0.975 0.278162 
0.446438 0.395078 10.6025 0.502479 0.320794 1 0.278162 
0.459599 0.360451 17.0926 0.475587 0.339077 0.9 0.286343 
0.459582 0.368424 15.475 0.48323 0.336809 0.925 0.286343 
0.459568 0.376853 13.8573 0.491312 0.334415 0.95 0.286343 
0.459559 0.385738 12.2397 0.499832 0.331897 0.975 0.286343 
0.459553 0.395078 10.6221 0.508791 0.329253 1 0.286343 
0.472719 0.360475 17.1121 0.482176 0.347724 0.9 0.294524 
0.472701 0.368442 15.4945 0.489795 0.345393 0.925 0.294524 
0.472686 0.376866 13.8769 0.497851 0.342934 0.95 0.294524 
0.472674 0.385744 12.2592 0.506344 0.340346 0.975 0.294524 
0.472667 0.395078 10.6416 0.515274 0.337629 1 0.294524 

ZONE I=5, J=5
0.472719 0.360475 17.1288 0.482176 0.347724 0.9 0.294524 
0.472701 0.368442 15.5035 0.489795 0.345393 0.925 0.294524 
0.472686 0.376866 13.8782 0.497851 0.342934 0.95 0.294524 
0.472674 0.385744 12.2529 0.506344 0.340346 0.975 0.294524 
0.472667 0.395078 10.6276 0.515274 0.337629 1 0.294524 
0.485834 0.360499 17.1507 0.488937 0.356279 0.9 0.302706 
0.485816 0.368461 15.5254 0.496532 0.353888 0.925 0.302706 
0.485802 0.376878 13.9001 0.504563 0.351366 0.95 0.302706 
0.485792 0.385751 12.2748 0.513029 0.348711 0.975 0.302706 
0.485786 0.395078 10.6495 0.52193 0.345925 1 0.302706 
0.498947 0.360523 17.1726 0.49587 0.364744 0.9 0.310887 
0.498929 0.36848 15.5473 0.50344 0.362293 0.925 0.310887 
0.498915 0.376891 13.922 0.511444 0.359706 0.95 0.310887 
0.498905 0.385757 12.2967 0.519882 0.356985 0.975 0.310887 
0.4989 0.395078 10.6714 0.528754 0.354128 1 0.310887 
0.51206 0.360548 17.1945 0.502975 0.373118 0.9 0.319068 
0.512041 0.368499 15.5692 0.510518 0.370606 0.925 0.319068 
0.512026 0.376904 13.9439 0.518495 0.367955 0.95 0.319068 
0.512016 0.385764 12.3186 0.526904 0.365166 0.975 0.319068 
0.512009 0.395078 10.6933 0.535746 0.362238 1 0.319068 
0.525176 0.360574 17.2164 0.51025 0.381402 0.9 0.327249 
0.525155 0.368519 15.5911 0.517767 0.378829 0.925 0.327249 
0.525138 0.376918 13.9658 0.525715 0.376113 0.95 0.327249 
0.525126 0.385771 12.3405 0.534094 0.373256 0.975 0.327249 
0.525117 0.395078 10.7152 0.542905 0.370256 1 0.327249 

ZONE I=5, J=5
0.525176 0.360574 17.2349 0.51025 0.381402 0.9 0.327249 
0.525155 0.368519 15.6011 0.517767 0.378829 0.925 0.327249 
0.525138 0.376918 13.9672 0.525715 0.376113 0.95 0.327249 
0.525126 0.385771 12.3333 0.534094 0.373256 0.975 0.327249 
0.525117 0.395078 10.6995 0.542905 0.370256 1 0.327249 
0.538285 0.360601 17.2593 0.517694 0.389585 0.9 0.335431 
0.538265 0.36854 15.6254 0.525184 0.386953 0.925 0.335431 
0.53825 0.376932 13.9915 0.533104 0.384175 0.95 0.335431 
0.538239 0.385778 12.3577 0.541454 0.381253 0.975 0.335431 
0.538232 0.395078 10.7238 0.550233 0.378185 1 0.335431 
0.551392 0.360628 17.2836 0.525305 0.397668 0.9 0.343612 
0.551372 0.36856 15.6497 0.532768 0.394977 0.925 0.343612 
0.551357 0.376946 14.0158 0.540658 0.392137 0.95 0.343612 
0.551346 0.385785 12.382 0.548977 0.389149 0.975 0.343612 
0.55134 0.395078 10.7481 0.557724 0.386013 1 0.343612 
0.5645 0.360655 17.3079 0.533083 0.405652 0.9 0.351793 
0.564479 0.368581 15.674 0.540517 0.402902 0.925 0.351793 
0.564462 0.376961 14.0402 0.548377 0.399999 0.95 0.351793 
0.564451 0.385793 12.4063 0.556665 0.396944 0.975 0.351793 
0.564444 0.395078 10.7724 0.565379 0.393738 1 0.351793 
0.577609 0.360683 17.3322 0.541029 0.413537 0.9 0.359974 
0.577587 0.368603 15.6983 0.548433 0.410726 0.925 0.359974 
0.577569 0.376975 14.0645 0.556262 0.40776 0.95 0.359974 
0.577555 0.3858 12.4306 0.564517 0.404639 0.975 0.359974 
0.577546 0.395078 10.7967 0.573196 0.401362 1 0.359974 

ZONE I=5, J=5
0.577609 0.360683 17.3527 0.541029 0.413537 0.9 0.359974 
0.577587 0.368603 15.7094 0.548433 0.410726 0.925 0.359974 
0.577569 0.376975 14.066 0.556262 0.40776 0.95 0.359974 
0.577555 0.3858 12.4227 0.564517 0.404639 0.975 0.359974 
0.577546 0.395078 10.7794 0.573196 0.401362 1 0.359974 
0.590712 0.360713 17.3794 0.549137 0.421312 0.9 0.368156 
0.590691 0.368626 15.7361 0.556512 0.418443 0.925 0.368156 
0.590674 0.376991 14.0928 0.564311 0.415417 0.95 0.368156 
0.590662 0.385809 12.4494 0.572533 0.412232 0.975 0.368156 
0.590654 0.395078 10.8061 0.581179 0.408889 1 0.368156 
0.603813 0.360742 17.4062 0.557407 0.428978 0.9 0.376337 
0.603791 0.368648 15.7629 0.564752 0.426052 0.925 0.376337 
0.603775 0.377006 14.1195 0.572519 0.422965 0.95 0.376337 
0.603763 0.385816 12.4762 0.580708 0.419716 0.975 0.376337 
0.603756 0.395078 10.8329 0.58932 0.416306 1 0.376337 
0.616914 0.360772 17.4329 0.56584 0.436537 0.9 0.384518 
0.616891 0.368671 15.7896 0.573154 0.433552 0.925 0.384518 
0.616874 0.377022 14.1463 0.580889 0.430404 0.95 0.384518 
0.616861 0.385824 12.503 0.589043 0.42709 0.975 0.384518 
0.616853 0.395078 10.8596 0.597618 0.423612 1 0.384518 
0.630018 0.360803 17.4597 0.574435 0.443987 0.9 0.392699 
0.629993 0.368695 15.8164 0.581718 0.440944 0.925 0.392699 
0.629973 0.377038 14.173 0.589418 0.437733 0.95 0.392699 
0.629958 0.385833 12.5297 0.597537 0.434354 0.975 0.392699 
0.629948 0.395078 10.8864 0.606075 0.430807 1 0.392699 

ZONE I=5, J=5
0.630018 0.360803 17.4821 0.574435 0.443987 0.9 0.392699 
0.629993 0.368695 15.8284 0.581718 0.440944 0.925 0.392699 
0.629973 0.377038 14.1747 0.589418 0.437733 0.95 0.392699 
0.629958 0.385833 12.521 0.597537 0.434354 0.975 0.392699 
0.629948 0.395078 10.8673 0.606075 0.430807 1 0.392699 
0.643114 0.360834 17.5114 0.583188 0.451318 0.9 0.400881 
0.64309 0.368719 15.8577 0.590439 0.448219 0.925 0.400881 
0.643072 0.377055 14.204 0.598107 0.44495 0.95 0.400881 
0.643059 0.385841 12.5503 0.606191 0.441509 0.975 0.400881 
0.643051 0.395078 10.8965 0.614693 0.437897 1 0.400881 
0.656207 0.360866 17.5406 0.592098 0.458533 0.9 0.409062 
0.656184 0.368744 15.8869 0.599317 0.455378 0.925 0.409062 
0.656166 0.377072 14.2332 0.60695 0.452048 0.95 0.409062 
0.656153 0.38585 12.5795 0.614999 0.448545 0.975 0.409062 
0.656145 0.395078 10.9258 0.623463 0.444868 1 0.409062 
0.669301 0.360898 17.5698 0.601165 0.465631 0.9 0.417243 
0.669277 0.368768 15.9161 0.60835 0.462419 0.925 0.417243 
0.669258 0.377088 14.2624 0.615949 0.45903 0.95 0.417243 
0.669244 0.385858 12.6087 0.623961 0.455463 0.975 0.417243 
0.669235 0.395078 10.955 0.632386 0.451719 1 0.417243 
0.682397 0.360931 17.599 0.61039 0.472612 0.9 0.425424 
0.682371 0.368794 15.9453 0.61754 0.469343 0.925 0.425424 
0.68235 0.377106 14.2916 0.625103 0.465893 0.95 0.425424 
0.682334 0.385867 12.6379 0.633077 0.462263 0.975 0.425424 
0.682323 0.395078 10.9842 0.641462 0.458452 1 0.425424 

ZONE I=5, J=5
0.682397 0.360931 17.6235 0.61039 0.472612 0.9 0.425424 
0.682371 0.368794 15.9585 0.61754 0.469343 0.925 0.425424 
0.68235 0.377106 14.2935 0.625103 0.465893 0.95 0.425424 
0.682334 0.385867 12.6285 0.633077 0.462263 0.975 0.425424 
0.682323 0.395078 10.9634 0.641462 0.458452 1 0.425424 
0.695484 0.360965 17.6552 0.619765 0.479465 0.9 0.433605 
0.695459 0.36882 15.9902 0.626882 0.476141 0.925 0.433605 
0.695439 0.377124 14.3252 0.634409 0.472635 0.95 0.433605 
0.695425 0.385877 12.6602 0.642346 0.468944 0.975 0.433605 
0.695417 0.395078 10.9952 0.650692 0.465071 1 0.433605 
0.70857 0.360999 17.6869 0.629292 0.486193 0.9 0.441786 
0.708545 0.368846 16.0219 0.636375 0.482815 0.925 0.441786 
0.708525 0.377142 14.3569 0.643866 0.47925 0.95 0.441786 
0.708511 0.385886 12.6919 0.651764 0.4755 0.975 0.441786 
0.708503 0.395078 11.0269 0.66007 0.471562 1 0.441786 
0.721656 0.361034 17.7187 0.638972 0.492797 0.9 0.449967 
0.72163 0.368873 16.0537 0.646019 0.489364 0.925 0.449967 
0.721609 0.37716 14.3886 0.653472 0.485741 0.95 0.449967 
0.721595 0.385895 12.7236 0.661331 0.481928 0.975 0.449967 
0.721586 0.395078 11.0586 0.669596 0.477926 1 0.449967 
0.734746 0.36107 17.7504 0.648803 0.499276 0.9 0.458149 
0.734717 0.3689 16.0854 0.655814 0.495788 0.925 0.458149 
0.734695 0.377179 14.4204 0.663229 0.492106 0.95 0.458149 
0.734678 0.385905 12.7554 0.671047 0.488231 0.975 0.458149 
0.734666 0.395078 11.0904 0.679269 0.484163 1 0.458149 

ZONE I=5, J=5
0.734746 0.36107 17.7769 0.648803 0.499276 0.9 0.458149 
0.734717 0.3689 16.0996 0.655814 0.495788 0.925 0.458149 
0.734695 0.377179 14.4224 0.663229 0.492106 0.95 0.458149 
0.734678 0.385905 12.7451 0.671047 0.488231 0.975 0.458149 
0.734666 0.395078 11.0678 0.679269 0.484163 1 0.458149 
0.747824 0.361106 17.8112 0.658779 0.505618 0.9 0.46633 
0.747797 0.368928 16.1339 0.665754 0.502076 0.925 0.46633 
0.747776 0.377198 14.4566 0.673131 0.498339 0.95 0.46633 
0.747761 0.385915 12.7794 0.68091 0.494407 0.975 0.46633 
0.747752 0.395078 11.1021 0.689091 0.490278 1 0.46633 
0.760901 0.361142 17.8454 0.6689 0.511827 0.9 0.474511 
0.760874 0.368956 16.1682 0.675839 0.508232 0.925 0.474511 
0.760853 0.377217 14.4909 0.683177 0.504439 0.95 0.474511 
0.760838 0.385924 12.8137 0.690916 0.500448 0.975 0.474511 
0.76083 0.395078 11.1364 0.699054 0.496258 1 0.474511 
0.773978 0.361179 17.8797 0.679168 0.517903 0.9 0.482692 
0.77395 0.368985 16.2024 0.686069 0.514255 0.925 0.482692 
0.773929 0.377236 14.5252 0.693368 0.510406 0.95 0.482692 
0.773913 0.385934 12.8479 0.701064 0.506355 0.975 0.482692 
0.773903 0.395078 11.1707 0.709159 0.502102 1 0.482692 
0.787059 0.361217 17.914 0.689582 0.523848 0.9 0.490874 
0.787029 0.369014 16.2367 0.696444 0.520146 0.925 0.490874 
0.787005 0.377256 14.5595 0.703702 0.516239 0.95 0.490874 
0.786987 0.385944 12.8822 0.711356 0.512127 0.975 0.490874 
0.786974 0.395078 11.2049 0.719405 0.50781 1 0.490874 

ZONE I=5, J=5
0.787059 0.361217 17.9425 0.689582 0.523848 0.9 0.490874 
0.787029 0.369014 16.2521 0.696444 0.520146 0.925 0.490874 
0.787005 0.377256 14.5616 0.703702 0.516239 0.95 0.490874 
0.786987 0.385944 12.8711 0.711356 0.512127 0.975 0.490874 
0.786974 0.395078 11.1807 0.719405 0.50781 1 0.490874 
0.800128 0.361256 17.9794 0.700133 0.529645 0.9 0.499055 
0.800099 0.369044 16.2889 0.706958 0.525893 0.925 0.499055 
0.800077 0.377277 14.5985 0.714176 0.521933 0.95 0.499055 
0.800061 0.385955 12.908 0.721788 0.517765 0.975 0.499055 
0.800051 0.395078 11.2175 0.729794 0.51339 1 0.499055 
0.813195 0.361294 18.0163 0.710824 0.535303 0.9 0.507236 
0.813167 0.369073 16.3258 0.71761 0.531499 0.925 0.507236 
0.813144 0.377297 14.6353 0.724787 0.527485 0.95 0.507236 
0.813129 0.385965 12.9449 0.732357 0.52326 0.975 0.507236 
0.81312 0.395078 11.2544 0.740318 0.518826 1 0.507236 
0.826263 0.361333 18.0531 0.721655 0.54082 0.9 0.515417 
0.826233 0.369103 16.3627 0.728401 0.536965 0.925 0.515417 
0.82621 0.377317 14.6722 0.735537 0.532896 0.95 0.515417 
0.826194 0.385976 12.9817 0.743062 0.528614 0.975 0.515417 
0.826183 0.395078 11.2912 0.750976 0.524118 1 0.515417 
0.839334 0.361373 18.09 0.732626 0.546198 0.9 0.523599 
0.839302 0.369134 16.3995 0.739331 0.54229 0.925 0.523599 
0.839277 0.377339 14.709 0.746423 0.538165 0.95 0.523599 
0.839257 0.385987 13.0186 0.753903 0.533825 0.975 0.523599 
0.839244 0.395078 11.3281 0.76177 0.529267 1 0.523599 

ZONE I=5, J=5
0.839334 0.361373 18.1207 0.732626 0.546198 0.9 0.523599 
0.839302 0.369134 16.416 0.739331 0.54229 0.925 0.523599 
0.839277 0.377339 14.7113 0.746423 0.538165 0.95 0.523599 
0.839257 0.385987 13.0067 0.753903 0.533825 0.975 0.523599 
0.839244 0.395078 11.302 0.76177 0.529267 1 0.523599 
0.852393 0.361414 18.1602 0.743726 0.551421 0.9 0.53178 
0.852362 0.369166 16.4555 0.750392 0.547464 0.925 0.53178 
0.852338 0.37736 14.7508 0.757443 0.543288 0.95 0.53178 
0.852321 0.385998 13.0462 0.764879 0.538894 0.975 0.53178 
0.852311 0.395078 11.3415 0.7727 0.53428 1 0.53178 
0.865449 0.361455 18.1997 0.75496 0.556496 0.9 0.539961 
0.865419 0.369197 16.495 0.761585 0.55249 0.925 0.539961 
0.865396 0.377382 14.7903 0.768593 0.548262 0.95 0.539961 
0.865379 0.386009 13.0857 0.775984 0.543813 0.975 0.539961 
0.86537 0.395078 11.381 0.783759 0.539142 1 0.539961 
0.878507 0.361496 18.2392 0.766327 0.561423 0.9 0.548142 
0.878475 0.369229 16.5345 0.77291 0.557367 0.925 0.548142 
0.878451 0.377403 14.8298 0.779875 0.553087 0.95 0.548142 
0.878433 0.38602 13.1252 0.787219 0.548582 0.975 0.548142 
0.878422 0.395078 11.4205 0.794945 0.543852 1 0.548142 
0.891567 0.361539 18.2786 0.777827 0.566204 0.9 0.556324 
0.891534 0.369261 16.574 0.784368 0.562097 0.925 0.556324 
0.891506 0.377426 14.8693 0.791287 0.557763 0.95 0.556324 
0.891486 0.386031 13.1647 0.798584 0.553201 0.975 0.556324 
0.891472 0.395078 11.46 0.806259 0.548411 1 0.556324 

ZONE I=5, J=5
0.891567 0.361539 18.3115 0.777827 0.566204 0.9 0.556324 
0.891534 0.369261 16.5916 0.784368 0.562097 0.925 0.556324 
0.891506 0.377426 14.8718 0.791287 0.557763 0.95 0.556324 
0.891486 0.386031 13.1519 0.798584 0.553201 0.975 0.556324 
0.891472 0.395078 11.4321 0.806259 0.548411 1 0.556324 
0.904614 0.361582 18.3537 0.78945 0.570821 0.9 0.564505 
0.904582 0.369295 16.6338 0.795949 0.566668 0.925 0.564505 
0.904557 0.377448 14.914 0.802824 0.562284 0.95 0.564505 
0.904539 0.386043 13.1941 0.810076 0.557671 0.975 0.564505 
0.904528 0.395078 11.4742 0.817704 0.552828 1 0.564505 
0.917659 0.361624 18.3958 0.801198 0.575284 0.9 0.572686 
0.917627 0.369328 16.676 0.807655 0.571083 0.925 0.572686 
0.917603 0.377471 14.9561 0.814486 0.56665 0.95 0.572686 
0.917585 0.386054 13.2363 0.821691 0.561984 0.975 0.572686 
0.917575 0.395078 11.5164 0.829269 0.557085 1 0.572686 
0.930705 0.361668 18.438 0.813073 0.579592 0.9 0.580867 
0.930672 0.369361 16.7182 0.819487 0.575343 0.925 0.580867 
0.930646 0.377494 14.9983 0.826271 0.570859 0.95 0.580867 
0.930628 0.386066 13.2785 0.833427 0.566139 0.975 0.580867 
0.930616 0.395078 11.5586 0.840955 0.561184 1 0.580867 
0.943754 0.361712 18.4802 0.825074 0.583746 0.9 0.589049 
0.943719 0.369395 16.7603 0.831443 0.579448 0.925 0.589049 
0.94369 0.377517 15.0405 0.83818 0.574912 0.95 0.589049 
0.943668 0.386078 13.3206 0.845286 0.570138 0.975 0.589049 
0.943653 0.395078 11.6008 0.852761 0.565125 1 0.589049 

ZONE I=5, J=5
0.943754 0.361712 18.5153 0.825074 0.583746 0.9 0.589049 
0.943719 0.369395 16.7792 0.831443 0.579448 0.925 0.589049 
0.94369 0.377517 15.0431 0.83818 0.574912 0.95 0.589049 
0.943668 0.386078 13.307 0.845286 0.570138 0.975 0.589049 
0.943653 0.395078 11.571 0.852761 0.565125 1 0.589049 
0.956788 0.361757 18.5602 0.83719 0.587729 0.9 0.59723 
0.956755 0.36943 16.8241 0.843515 0.583387 0.925 0.59723 
0.956728 0.377541 15.088 0.850207 0.578804 0.95 0.59723 
0.956709 0.38609 13.352 0.857266 0.57398 0.975 0.59723 
0.956698 0.395078 11.6159 0.864692 0.568916 1 0.59723 
0.969821 0.361802 18.6051 0.849424 0.591551 0.9 0.605411 
0.969788 0.369464 16.869 0.855705 0.587163 0.925 0.605411 
0.969762 0.377565 15.1329 0.862351 0.582532 0.95 0.605411 
0.969744 0.386102 13.3969 0.869361 0.577658 0.975 0.605411 
0.969733 0.395078 11.6608 0.876735 0.572542 1 0.605411 
0.982854 0.361848 18.65 0.861777 0.595212 0.9 0.613592 
0.98282 0.369499 16.9139 0.868013 0.590778 0.925 0.613592 
0.982793 0.377588 15.1778 0.874611 0.586098 0.95 0.613592 
0.982773 0.386114 13.4418 0.88157 0.581173 0.975 0.613592 
0.982761 0.395078 11.7057 0.888892 0.576001 1 0.613592 
0.99589 0.361894 18.6949 0.874249 0.59871 0.9 0.621774 
0.995853 0.369535 16.9588 0.880438 0.59423 0.925 0.621774 
0.995823 0.377613 15.2228 0.886987 0.5895 0.95 0.621774 
0.995801 0.386127 13.4867 0.893894 0.584522 0.975 0.621774 
0.995785 0.395078 11.7506 0.901161 0.579296 1 0.621774 

ZONE I=5, J=5
0.99589 0.361894 18.7322 0.874249 0.59871 0.9 0.621774 
0.995853 0.369535 16.9789 0.880438 0.59423 0.925 0.621774 
0.995823 0.377613 15.2256 0.886987 0.5895 0.95 0.621774 
0.995801 0.386127 13.4722 0.893894 0.584522 0.975 0.621774 
0.995785 0.395078 11.7189 0.901161 0.579296 1 0.621774 
1.00891 0.361941 18.7799 0.886826 0.602032 0.9 0.629955 
1.00888 0.369572 17.0266 0.892971 0.597509 0.925 0.629955 
1.00885 0.377638 15.2733 0.899473 0.592735 0.95 0.629955 
1.00883 0.38614 13.5199 0.906332 0.58771 0.975 0.629955 
1.00882 0.395079 11.7666 0.913547 0.582434 1 0.629955 
1.02193 0.361988 18.8276 0.899515 0.605186 0.9 0.638136 
1.0219 0.369608 17.0743 0.905614 0.600619 0.925 0.638136 
1.02187 0.377662 15.321 0.912068 0.595799 0.95 0.638136 
1.02185 0.386153 13.5676 0.918876 0.590726 0.975 0.638136 
1.02184 0.395078 11.8143 0.926038 0.5854 1 0.638136 
1.03495 0.362036 18.8753 0.912314 0.608171 0.9 0.646317 
1.03491 0.369644 17.122 0.918366 0.60356 0.925 0.646317 
1.03488 0.377687 15.3687 0.92477 0.598694 0.95 0.646317 
1.03486 0.386165 13.6153 0.931526 0.593572 0.975 0.646317 
1.03485 0.395078 11.862 0.938633 0.588194 1 0.646317 
1.04797 0.362084 18.923 0.925224 0.610988 0.9 0.654498 
1.04793 0.369681 17.1697 0.931228 0.606333 0.925 0.654498 
1.0479 0.377713 15.4164 0.937581 0.601419 0.95 0.654498 
1.04788 0.386178 13.663 0.944282 0.596246 0.975 0.654498 
1.04786 0.395078 11.9097 0.951333 0.590815 1 0.654498 

ZONE I=5, J=5
1.04797 0.362084 18.9626 0.925224 0.610988 0.9 0.654498 
1.04793 0.369681 17.191 0.931228 0.606333 0.925 0.654498 
1.0479 0.377713 15.4193 0.937581 0.601419 0.95 0.654498 
1.04788 0.386178 13.6477 0.944282 0.596246 0.975 0.654498 
1.04786 0.395078 11.8761 0.951333 0.590815 1 0.654498 
1.06098 0.362133 19.0132 0.938233 0.613622 0.9 0.66268 
1.06094 0.369719 17.2415 0.944191 0.608926 0.925 0.66268 
1.06091 0.377739 15.4699 0.950496 0.60397 0.95 0.66268 
1.06089 0.386192 13.6982 0.957147 0.598753 0.975 0.66268 
1.06088 0.395079 11.9266 0.964145 0.593275 1 0.66268 
1.07398 0.362182 19.0637 0.951345 0.616081 0.9 0.670861 
1.07395 0.369757 17.2921 0.957256 0.611344 0.925 0.670861 
1.07392 0.377765 15.5204 0.96351 0.606344 0.95 0.670861 
1.0739 0.386205 13.7488 0.970109 0.601081 0.975 0.670861 
1.07389 0.395078 11.9772 0.977052 0.595556 1 0.670861 
1.08699 0.362232 19.1143 0.964559 0.618366 0.9 0.679042 
1.08695 0.369795 17.3426 0.970421 0.613587 0.925 0.679042 
1.08692 0.37779 15.571 0.976624 0.608543 0.95 0.679042 
1.0869 0.386218 13.7994 0.983169 0.603233 0.975 0.679042 
1.08688 0.395078 12.0277 0.990055 0.597658 1 0.679042 
1.09999 0.362282 19.1648 0.977875 0.620476 0.9 0.687223 
1.09995 0.369834 17.3932 0.983687 0.615655 0.925 0.687223 
1.09992 0.377817 15.6216 0.989838 0.610565 0.95 0.687223 
1.09989 0.386232 13.8499 0.996327 0.605208 0.975 0.687223 
1.09988 0.395078 12.0783 1.00315 0.599582 1 0.687223 

ZONE I=5, J=5
1.09999 0.362282 19.2068 0.977875 0.620476 0.9 0.687223 
1.09995 0.369834 17.4158 0.983687 0.615655 0.925 0.687223 
1.09992 0.377817 15.6247 0.989838 0.610565 0.95 0.687223 
1.09989 0.386232 13.8337 0.996327 0.605208 0.975 0.687223 
1.09988 0.395078 12.0426 1.00315 0.599582 1 0.687223 
1.11298 0.362333 19.2603 0.991281 0.622397 0.9 0.695405 
1.11295 0.369873 17.4692 0.997046 0.617537 0.925 0.695405 
1.11292 0.377844 15.6782 1.00315 0.612407 0.95 0.695405 
1.11289 0.386246 13.8871 1.00958 0.607008 0.975 0.695405 
1.11288 0.395079 12.0961 1.01636 0.601338 1 0.695405 
1.12597 0.362384 19.3137 1.00478 0.624137 0.9 0.703586 
1.12593 0.369912 17.5227 1.0105 0.619238 0.925 0.703586 
1.12591 0.377871 15.7316 1.01655 0.614067 0.95 0.703586 
1.12588 0.386259 13.9406 1.02293 0.608624 0.975 0.703586 
1.12587 0.395078 12.1495 1.02965 0.60291 1 0.703586 
1.13896 0.362435 19.3672 1.01838 0.625697 0.9 0.711767 
1.13892 0.369951 17.5762 1.02404 0.620759 0.925 0.711767 
1.13889 0.377897 15.7851 1.03004 0.615545 0.95 0.711767 
1.13887 0.386273 13.9941 1.03637 0.610058 0.975 0.711767 
1.13885 0.395078 12.203 1.04303 0.604296 1 0.711767 
1.15195 0.362487 19.4207 1.03206 0.627077 0.9 0.719948 
1.15191 0.369992 17.6296 1.03768 0.622098 0.925 0.719948 
1.15187 0.377925 15.8386 1.04362 0.616842 0.95 0.719948 
1.15185 0.386287 14.0475 1.04989 0.611309 0.975 0.719948 
1.15183 0.395078 12.2565 1.05649 0.605499 1 0.719948 

ZONE I=5, J=5
1.15195 0.362487 19.4651 1.03206 0.627077 0.9 0.719948 
1.15191 0.369992 17.6535 1.03768 0.622098 0.925 0.719948 
1.15187 0.377925 15.8419 1.04362 0.616842 0.95 0.719948 
1.15185 0.386287 14.0303 1.04989 0.611309 0.975 0.719948 
1.15183 0.395078 12.2188 1.05649 0.605499 1 0.719948 
1.16492 0.36254 19.5215 1.04583 0.628261 0.9 0.72813 
1.16488 0.370033 17.71 1.0514 0.623246 0.925 0.72813 
1.16485 0.377953 15.8984 1.05729 0.617952 0.95 0.72813 
1.16483 0.386302 14.0868 1.06351 0.612379 0.975 0.72813 
1.16482 0.395079 12.2752 1.07005 0.606528 1 0.72813 
1.17789 0.362593 19.578 1.05969 0.629259 0.9 0.736311 
1.17786 0.370073 17.7664 1.06521 0.624207 0.925 0.736311 
1.17783 0.377981 15.9548 1.07104 0.618874 0.95 0.736311 
1.1778 0.386316 14.1432 1.07721 0.613261 0.975 0.736311 
1.17779 0.395078 12.3317 1.08369 0.607367 1 0.736311 
1.19086 0.362646 19.6344 1.07363 0.630072 0.9 0.744492 
1.19082 0.370114 17.8229 1.07909 0.624982 0.925 0.744492 
1.19079 0.378008 16.0113 1.08488 0.619609 0.95 0.744492 
1.19077 0.38633 14.1997 1.09098 0.613954 0.975 0.744492 
1.19076 0.395078 12.3881 1.09741 0.608016 1 0.744492 
1.20384 0.3627 19.6909 1.08765 0.630698 0.9 0.752673 
1.20379 0.370155 17.8793 1.09307 0.62557 0.925 0.752673 
1.20376 0.378037 16.0677 1.0988 0.620157 0.95 0.752673 
1.20373 0.386344 14.2562 1.10484 0.614458 0.975 0.752673 
1.20371 0.395078 12.4446 1.1112 0.608474 1 0.752673 

ZONE I=5, J=5
1.20384 0.3627 19.7378 1.08765 0.630698 0.9 0.752673 
1.20379 0.370155 17.9045 1.09307 0.62557 0.925 0.752673 
1.20376 0.378037 16.0713 1.0988 0.620157 0.95 0.752673 
1.20373 0.386344 14.238 1.10484 0.614458 0.975 0.752673 
1.20371 0.395078 12.4048 1.1112 0.608474 1 0.752673 
1.21679 0.362755 19.7973 1.10175 0.631123 0.9 0.760855 
1.21675 0.370198 17.964 1.10711 0.625962 0.925 0.760855 
1.21672 0.378066 16.1308 1.11279 0.620513 0.95 0.760855 
1.2167 0.38636 14.2975 1.11878 0.614777 0.975 0.760855 
1.21668 0.395079 12.4643 1.12509 0.608755 1 0.760855 
1.22974 0.362809 19.8568 1.11592 0.631358 0.9 0.769036 
1.2297 0.370239 18.0235 1.12124 0.626162 0.925 0.769036 
1.22967 0.378094 16.1903 1.12686 0.620677 0.95 0.769036 
1.22965 0.386374 14.357 1.13279 0.614903 0.975 0.769036 
1.22964 0.395078 12.5238 1.13904 0.60884 1 0.769036 
1.24269 0.362864 19.9163 1.13017 0.631401 0.9 0.777217 
1.24265 0.370281 18.083 1.13543 0.62617 0.925 0.777217 
1.24262 0.378123 16.2498 1.141 0.620648 0.95 0.777217 
1.2426 0.386388 14.4165 1.14688 0.614834 0.975 0.777217 
1.24258 0.395078 12.5833 1.15306 0.60873 1 0.777217 
1.25565 0.362919 19.9758 1.1445 0.631254 0.9 0.785398 
1.2556 0.370324 18.1425 1.1497 0.625987 0.925 0.785398 
1.25557 0.378152 16.3093 1.15521 0.620426 0.95 0.785398 
1.25554 0.386404 14.476 1.16103 0.614572 0.975 0.785398 
1.25552 0.395078 12.6428 1.16715 0.608424 1 0.785398 

ZONE I=5, J=5
1.25565 0.362919 20.0252 1.1445 0.631254 0.9 0.785398 
1.2556 0.370324 18.1691 1.1497 0.625987 0.925 0.785398 
1.25557 0.378152 16.313 1.15521 0.620426 0.95 0.785398 
1.25554 0.386404 14.4569 1.16103 0.614572 0.975 0.785398 
1.25552 0.395078 12.6008 1.16715 0.608424 1 0.785398 
1.26858 0.362976 20.0878 1.15889 0.6309 0.9 0.79358 
1.26854 0.370368 18.2318 1.16404 0.625602 0.925 0.79358 
1.26851 0.378182 16.3757 1.1695 0.620008 0.95 0.79358 
1.26848 0.386419 14.5196 1.17526 0.614119 0.975 0.79358 
1.26847 0.395079 12.6635 1.18132 0.607935 1 0.79358 
1.28151 0.363032 20.1505 1.17334 0.630351 0.9 0.801761 
1.28147 0.370411 18.2944 1.17844 0.62502 0.925 0.801761 
1.28144 0.378212 16.4383 1.18384 0.619392 0.95 0.801761 
1.28142 0.386434 14.5822 1.18955 0.613468 0.975 0.801761 
1.2814 0.395078 12.7261 1.19555 0.607247 1 0.801761 
1.29444 0.363088 20.2131 1.18786 0.629606 0.9 0.809942 
1.2944 0.370454 18.357 1.19291 0.624242 0.925 0.809942 
1.29437 0.378241 16.5009 1.19826 0.618579 0.95 0.809942 
1.29434 0.386449 14.6449 1.2039 0.612618 0.975 0.809942 
1.29433 0.395078 12.7888 1.20984 0.606358 1 0.809942 
1.30738 0.363145 20.2758 1.20245 0.628666 0.9 0.818123 
1.30733 0.370498 18.4197 1.20744 0.623268 0.925 0.818123 
1.30729 0.378271 16.5636 1.21273 0.617569 0.95 0.818123 
1.30726 0.386465 14.7075 1.21831 0.61157 0.975 0.818123 
1.30724 0.395078 12.8514 1.22418 0.605269 1 0.818123 

ZONE I=5, J=5
1.30738 0.363145 20.3278 1.20245 0.628666 0.9 0.818123 
1.30733 0.370498 18.4476 1.20744 0.623268 0.925 0.818123 
1.30729 0.378271 16.5675 1.21273 0.617569 0.95 0.818123 
1.30726 0.386465 14.6874 1.21831 0.61157 0.975 0.818123 
1.30724 0.395078 12.8073 1.22418 0.605269 1 0.818123 
1.32029 0.363203 20.3936 1.21709 0.627514 0.9 0.826305 
1.32025 0.370543 18.5135 1.22203 0.622087 0.925 0.826305 
1.32021 0.378302 16.6334 1.22726 0.616358 0.95 0.826305 
1.32019 0.386481 14.7532 1.23279 0.610327 0.975 0.826305 
1.32017 0.395079 12.8731 1.2386 0.603993 1 0.826305 
1.3332 0.363261 20.4595 1.23179 0.626163 0.9 0.834486 
1.33316 0.370587 18.5793 1.23668 0.620706 0.925 0.834486 
1.33312 0.378332 16.6992 1.24185 0.614945 0.95 0.834486 
1.3331 0.386496 14.8191 1.24732 0.608881 0.975 0.834486 
1.33309 0.395078 12.939 1.25307 0.602512 1 0.834486 
1.34611 0.363319 20.5253 1.24654 0.624612 0.9 0.842667 
1.34606 0.370632 18.6452 1.25138 0.619124 0.925 0.842667 
1.34603 0.378362 16.7651 1.2565 0.613331 0.95 0.842667 
1.346 0.386511 14.885 1.2619 0.607232 0.975 0.842667 
1.34599 0.395078 13.0048 1.26759 0.600827 1 0.842667 
1.35902 0.363378 20.5912 1.26136 0.622861 0.9 0.850848 
1.35897 0.370677 18.7111 1.26613 0.617342 0.925 0.850848 
1.35893 0.378394 16.8309 1.27119 0.611515 0.95 0.850848 
1.3589 0.386527 14.9508 1.27653 0.60538 0.975 0.850848 
1.35888 0.395078 13.0707 1.28215 0.598938 1 0.850848 

ZONE I=5, J=5
1.35902 0.363378 20.6458 1.26136 0.622861 0.9 0.850848 
1.35897 0.370677 18.7404 1.26613 0.617342 0.925 0.850848 
1.35893 0.378394 16.8351 1.27119 0.611515 0.95 0.850848 
1.3589 0.386527 14.9297 1.27653 0.60538 0.975 0.850848 
1.35888 0.395078 13.0243 1.28215 0.598938 1 0.850848 
1.37191 0.363437 20.715 1.27621 0.620895 0.9 0.859029 
1.37186 0.370723 18.8096 1.28093 0.615349 0.925 0.859029 
1.37183 0.378425 16.9042 1.28594 0.609494 0.95 0.859029 
1.3718 0.386544 14.9988 1.29122 0.60333 0.975 0.859029 
1.37179 0.395079 13.0935 1.29678 0.596857 1 0.859029 
1.38479 0.363496 20.7841 1.29111 0.618725 0.9 0.86721 
1.38475 0.370769 18.8788 1.29578 0.613151 0.925 0.86721 
1.38471 0.378456 16.9734 1.30073 0.607267 0.95 0.86721 
1.38469 0.386559 15.068 1.30595 0.601073 0.975 0.86721 
1.38468 0.395078 13.1626 1.31145 0.594567 1 0.86721 
1.39768 0.363556 20.8533 1.30606 0.616351 0.9 0.875391 
1.39763 0.370814 18.9479 1.31067 0.610749 0.925 0.875391 
1.3976 0.378487 17.0425 1.31556 0.604835 0.95 0.875391 
1.39757 0.386575 15.1372 1.32072 0.598609 0.975 0.875391 
1.39755 0.395078 13.2318 1.32616 0.59207 1 0.875391 
1.41056 0.363616 20.9224 1.32106 0.613773 0.9 0.883573 
1.41052 0.370861 19.0171 1.32561 0.608142 0.925 0.883573 
1.41048 0.378519 17.1117 1.33044 0.602197 0.95 0.883573 
1.41045 0.386592 15.2063 1.33554 0.595938 0.975 0.883573 
1.41042 0.395078 13.3009 1.34091 0.589364 1 0.883573 

ZONE I=5, J=5
1.41056 0.363616 20.9797 1.32106 0.613773 0.9 0.883573 
1.41052 0.370861 19.0479 1.32561 0.608142 0.925 0.883573 
1.41048 0.378519 17.116 1.33044 0.602197 0.95 0.883573 
1.41045 0.386592 15.1842 1.33554 0.595938 0.975 0.883573 
1.41042 0.395078 13.2524 1.34091 0.589364 1 0.883573 
1.42343 0.363677 21.0523 1.33608 0.610977 0.9 0.891754 
1.42338 0.370908 19.1204 1.34059 0.605322 0.925 0.891754 
1.42335 0.378552 17.1886 1.34536 0.599351 0.95 0.891754 
1.42332 0.386609 15.2568 1.3504 0.593065 0.975 0.891754 
1.4233 0.395079 13.3249 1.35571 0.586463 1 0.891754 
1.43629 0.363738 21.1248 1.35115 0.607973 0.9 0.899935 
1.43624 0.370954 19.193 1.3556 0.602293 0.925 0.899935 
1.43621 0.378583 17.2611 1.36031 0.596296 0.95 0.899935 
1.43618 0.386625 15.3293 1.36529 0.589981 0.975 0.899935 
1.43617 0.395078 13.3975 1.37054 0.58335 1 0.899935 
1.44915 0.363799 21.1973 1.36625 0.604762 0.9 0.908116 
1.4491 0.371001 19.2655 1.37065 0.599056 0.925 0.908116 
1.44907 0.378615 17.3337 1.3753 0.593031 0.95 0.908116 
1.44904 0.386641 15.4018 1.38022 0.586688 0.975 0.908116 
1.44902 0.395078 13.47 1.3854 0.580026 1 0.908116 
1.46201 0.36386 21.2699 1.38139 0.601343 0.9 0.916298 
1.46196 0.371049 19.3381 1.38573 0.595611 0.925 0.916298 
1.46192 0.378648 17.4062 1.39032 0.589558 0.95 0.916298 
1.46189 0.386658 15.4744 1.39518 0.583184 0.975 0.916298 
1.46186 0.395078 13.5426 1.40028 0.57649 1 0.916298 

ZONE I=5, J=5
1.46201 0.36386 21.3296 1.38139 0.601343 0.9 0.916298 
1.46196 0.371049 19.3702 1.38573 0.595611 0.925 0.916298 
1.46192 0.378648 17.4108 1.39032 0.589558 0.95 0.916298 
1.46189 0.386658 15.4514 1.39518 0.583184 0.975 0.916298 
1.46186 0.395078 13.4919 1.40028 0.57649 1 0.916298 
1.47484 0.363923 21.4056 1.39655 0.597704 0.9 0.924479 
1.4748 0.371097 19.4462 1.40084 0.591949 0.925 0.924479 
1.47476 0.378681 17.4868 1.40537 0.585873 0.95 0.924479 
1.47473 0.386675 15.5274 1.41017 0.579475 0.975 0.924479 
1.47472 0.395079 13.568 1.41521 0.572756 1 0.924479 
1.48768 0.363985 21.4817 1.41174 0.593853 0.9 0.93266 
1.48763 0.371145 19.5223 1.41597 0.588076 0.925 0.93266 
1.4876 0.378713 17.5629 1.42045 0.581975 0.95 0.93266 
1.48757 0.386691 15.6034 1.42518 0.575552 0.975 0.93266 
1.48756 0.395078 13.644 1.43016 0.568807 1 0.93266 
1.50051 0.364047 21.5577 1.42695 0.589792 0.9 0.940841 
1.50046 0.371192 19.5983 1.43113 0.583991 0.925 0.940841 
1.50043 0.378746 17.6389 1.43555 0.577866 0.95 0.940841 
1.5004 0.386708 15.6795 1.44022 0.571417 0.975 0.940841 
1.50038 0.395078 13.7201 1.44513 0.564643 1 0.940841 
1.51334 0.36411 21.6338 1.4422 0.585521 0.9 0.949023 
1.51329 0.371241 19.6744 1.44631 0.579696 0.925 0.949023 
1.51325 0.378779 17.7149 1.45067 0.573545 0.95 0.949023 
1.51322 0.386725 15.7555 1.45527 0.567068 0.975 0.949023 
1.5132 0.395078 13.7961 1.46012 0.560265 1 0.949023 

ZONE I=5, J=5
1.51334 0.36411 21.6953 1.4422 0.585521 0.9 0.949023 
1.51329 0.371241 19.7074 1.44631 0.579696 0.925 0.949023 
1.51325 0.378779 17.7196 1.45067 0.573545 0.95 0.949023 
1.51322 0.386725 15.7318 1.45527 0.567068 0.975 0.949023 
1.5132 0.395078 13.744 1.46012 0.560265 1 0.949023 
1.52615 0.364174 21.7749 1.45745 0.581026 0.9 0.957204 
1.5261 0.37129 19.7871 1.46151 0.575181 0.925 0.957204 
1.52607 0.378813 17.7993 1.46581 0.569009 0.95 0.957204 
1.52604 0.386743 15.8115 1.47036 0.562511 0.975 0.957204 
1.52602 0.395079 13.8237 1.47514 0.555686 1 0.957204 
1.53895 0.364237 21.8545 1.47272 0.576317 0.9 0.965385 
1.53891 0.371339 19.8667 1.47672 0.570452 0.925 0.965385 
1.53887 0.378847 17.8789 1.48097 0.564259 0.95 0.965385 
1.53885 0.38676 15.8911 1.48545 0.557738 0.975 0.965385 
1.53883 0.395078 13.9033 1.49017 0.55089 1 0.965385 
1.55175 0.3643 21.9342 1.488 0.571396 0.9 0.973566 
1.55171 0.371388 19.9464 1.49195 0.565509 0.925 0.973566 
1.55167 0.37888 17.9586 1.49614 0.559294 0.95 0.973566 
1.55164 0.386776 15.9708 1.50055 0.552749 0.975 0.973566 
1.55163 0.395078 13.983 1.50521 0.545876 1 0.973566 
1.56455 0.364365 22.0138 1.50331 0.566261 0.9 0.981748 
1.5645 0.371438 20.026 1.5072 0.560353 0.925 0.981748 
1.56447 0.378914 18.0382 1.51132 0.554114 0.95 0.981748 
1.56444 0.386794 16.0504 1.51567 0.547545 0.975 0.981748 
1.56441 0.395078 14.0626 1.52026 0.540646 1 0.981748 

ZONE I=5, J=5
1.56455 0.364365 22.075 1.50331 0.566261 0.9 0.981748 
1.5645 0.371438 20.0589 1.5072 0.560353 0.925 0.981748 
1.56447 0.378914 18.0429 1.51132 0.554114 0.95 0.981748 
1.56444 0.386794 16.0269 1.51567 0.547545 0.975 0.981748 
1.56441 0.395078 14.0109 1.52026 0.540646 1 0.981748 
1.57733 0.36443 22.1584 1.51861 0.5609 0.9 0.989929 
1.57729 0.371488 20.1423 1.52244 0.554974 0.925 0.989929 
1.57725 0.378949 18.1263 1.52651 0.548718 0.95 0.989929 
1.57723 0.386813 16.1103 1.5308 0.54213 0.975 0.989929 
1.57721 0.395079 14.0943 1.53533 0.535212 1 0.989929 
1.5901 0.364495 22.2417 1.53391 0.555324 0.9 0.99811 
1.59006 0.371538 20.2257 1.53769 0.54938 0.925 0.99811 
1.59002 0.378983 18.2097 1.5417 0.543105 0.95 0.99811 
1.59 0.38683 16.1937 1.54593 0.536498 0.975 0.99811 
1.58999 0.395078 14.1776 1.55039 0.529559 1 0.99811 
1.60287 0.364559 22.3251 1.54923 0.549533 0.9 1.00629 
1.60282 0.371588 20.3091 1.55295 0.543571 0.925 1.00629 
1.60279 0.379017 18.2931 1.5569 0.537276 0.95 1.00629 
1.60277 0.386847 16.277 1.56107 0.530649 0.975 1.00629 
1.60276 0.395078 14.261 1.56546 0.52369 1 1.00629 
1.61563 0.364625 22.4085 1.56454 0.543526 0.9 1.01447 
1.61558 0.371639 20.3925 1.56821 0.537545 0.925 1.01447 
1.61555 0.379053 18.3764 1.57209 0.531231 0.95 1.01447 
1.61552 0.386866 16.3604 1.5762 0.524583 0.975 1.01447 
1.61551 0.395078 14.3444 1.58052 0.517602 1 1.01447 

ZONE I=5, J=5
1.61563 0.364625 22.4628 1.56454 0.543526 0.9 1.01447 
1.61558 0.371639 20.4218 1.56821 0.537545 0.925 1.01447 
1.61555 0.379053 18.3807 1.57209 0.531231 0.95 1.01447 
1.61552 0.386866 16.3396 1.5762 0.524583 0.975 1.01447 
1.61551 0.395078 14.2986 1.58052 0.517602 1 1.01447 
1.62838 0.364692 22.5502 1.57986 0.537288 0.9 1.02266 
1.62834 0.371692 20.5091 1.58347 0.531292 0.925 1.02266 
1.62831 0.379089 18.468 1.5873 0.524963 0.95 1.02266 
1.62829 0.386885 16.427 1.59134 0.518299 0.975 1.02266 
1.62828 0.395079 14.3859 1.59561 0.511301 1 1.02266 
1.64112 0.364758 22.6375 1.59516 0.530833 0.9 1.03084 
1.64108 0.371743 20.5965 1.59872 0.524823 0.925 1.03084 
1.64106 0.379124 18.5554 1.60249 0.518478 0.95 1.03084 
1.64104 0.386903 16.5143 1.60648 0.511798 0.975 1.03084 
1.64104 0.395078 14.4733 1.61068 0.504784 1 1.03084 
1.65385 0.364823 22.7249 1.61045 0.524162 0.9 1.03902 
1.65381 0.371795 20.6838 1.61396 0.518136 0.925 1.03902 
1.65379 0.379161 18.6427 1.61767 0.511775 0.95 1.03902 
1.65378 0.386922 16.6017 1.6216 0.50508 0.975 1.03902 
1.65378 0.395077 14.5606 1.62573 0.498051 1 1.03902 
1.66656 0.364889 22.8122 1.62573 0.517275 0.9 1.0472 
1.66653 0.371848 20.7711 1.62919 0.511233 0.925 1.0472 
1.66651 0.379199 18.7301 1.63284 0.504856 0.95 1.0472 
1.6665 0.386943 16.689 1.63671 0.498146 0.975 1.0472 
1.66651 0.395078 14.6479 1.64078 0.491102 1 1.0472 

ZONE I=5, J=5
1.66656 0.364889 22.8406 1.62573 0.517275 0.9 1.0472 
1.66653 0.371848 20.7865 1.62919 0.511233 0.925 1.0472 
1.66651 0.379199 18.7324 1.63284 0.504856 0.95 1.0472 
1.6665 0.386943 16.6783 1.63671 0.498146 0.975 1.0472 
1.66651 0.395078 14.6242 1.64078 0.491102 1 1.0472 
1.67927 0.364961 22.9322 1.641 0.51016 0.9 1.05538 
1.67924 0.371903 20.8781 1.6444 0.504107 0.925 1.05538 
1.67923 0.379236 18.8241 1.648 0.497719 0.95 1.05538 
1.67923 0.386962 16.77 1.65181 0.490996 0.975 1.05538 
1.67924 0.395079 14.7159 1.65582 0.483938 1 1.05538 
1.69196 0.365029 23.0239 1.65624 0.502823 0.9 1.06356 
1.69194 0.371957 20.9698 1.65959 0.496759 0.925 1.06356 
1.69194 0.379275 18.9157 1.66314 0.49036 0.95 1.06356 
1.69194 0.386982 16.8616 1.66689 0.483627 0.975 1.06356 
1.69196 0.395078 14.8075 1.67084 0.47656 1 1.06356 
1.70463 0.365095 23.1155 1.67146 0.495265 0.9 1.07174 
1.70462 0.372012 21.0614 1.67476 0.489188 0.925 1.07174 
1.70463 0.379315 19.0073 1.67826 0.48278 0.95 1.07174 
1.70465 0.387004 16.9533 1.68196 0.476039 0.975 1.07174 
1.70469 0.395078 14.8992 1.68586 0.468967 1 1.07174 
1.71729 0.36516 23.2071 1.68664 0.487484 0.9 1.07992 
1.7173 0.37207 21.1531 1.68991 0.481395 0.925 1.07992 
1.71732 0.37936 19.099 1.69337 0.474978 0.95 1.07992 
1.71736 0.387029 17.0449 1.69702 0.468233 0.975 1.07992 
1.71741 0.395078 14.9908 1.70086 0.46116 1 1.07992 

ZONE I=5, J=5
1.71729 0.36516 23.1542 1.68664 0.487484 0.9 1.07992 
1.7173 0.37207 21.1248 1.68991 0.481395 0.925 1.07992 
1.71732 0.37936 19.0954 1.69337 0.474978 0.95 1.07992 
1.71736 0.387029 17.0659 1.69702 0.468233 0.975 1.07992 
1.71741 0.395078 15.0365 1.70086 0.46116 1 1.07992 
1.72995 0.365238 23.2511 1.70183 0.479482 0.9 1.0881 
1.72997 0.37213 21.2217 1.70504 0.473387 0.925 1.0881 
1.73 0.3794 19.1923 1.70845 0.466963 0.95 1.0881 
1.73005 0.38705 17.1629 1.71204 0.46021 0.975 1.0881 
1.73011 0.395078 15.1334 1.71583 0.453128 1 1.0881 
1.74257 0.365309 23.348 1.71695 0.471247 0.9 1.09628 
1.74261 0.37219 21.3186 1.72014 0.465147 0.925 1.09628 
1.74267 0.379445 19.2892 1.7235 0.458721 0.95 1.09628 
1.74275 0.387074 17.2598 1.72706 0.451968 0.975 1.09628 
1.74284 0.395078 15.2304 1.73079 0.444889 1 1.09628 
1.75516 0.365375 23.445 1.73203 0.462781 0.9 1.10446 
1.75524 0.372252 21.4155 1.73519 0.456675 0.925 1.10446 
1.75534 0.379495 19.3861 1.73853 0.45025 0.95 1.10446 
1.75545 0.387104 17.3567 1.74206 0.443506 0.975 1.10446 
1.75559 0.395078 15.3273 1.74576 0.436443 1 1.10446 
1.76771 0.365437 23.5419 1.74704 0.454084 0.9 1.11265 
1.76784 0.372318 21.5125 1.7502 0.447971 0.925 1.11265 
1.768 0.379552 19.483 1.75354 0.441551 0.95 1.11265 
1.76817 0.387139 17.4536 1.75705 0.434823 0.975 1.11265 
1.76836 0.395078 15.4242 1.76074 0.427788 1 1.11265 

ZONE I=5, J=5
1.76771 0.365437 23.2564 1.74704 0.454084 0.9 1.11265 
1.76784 0.372318 21.3597 1.7502 0.447971 0.925 1.11265 
1.768 0.379552 19.4629 1.75354 0.441551 0.95 1.11265 
1.76817 0.387139 17.5662 1.75705 0.434823 0.975 1.11265 
1.76836 0.395078 15.6694 1.76074 0.427788 1 1.11265 
1.78031 0.365523 23.3601 1.76208 0.445178 0.9 1.12083 
1.78047 0.372387 21.4633 1.76521 0.439069 0.925 1.12083 
1.78065 0.3796 19.5666 1.76851 0.432651 0.95 1.12083 
1.78085 0.387164 17.6698 1.77197 0.425926 0.975 1.12083 
1.78106 0.395078 15.7731 1.77561 0.418892 1 1.12083 
1.7928 0.36559 23.4637 1.77699 0.436033 0.9 1.12901 
1.79304 0.372451 21.567 1.78013 0.429929 0.925 1.12901 
1.79328 0.379653 19.6702 1.78343 0.423524 0.95 1.12901 
1.79354 0.387195 17.7735 1.78689 0.416818 0.975 1.12901 
1.79382 0.395078 15.8767 1.79051 0.409809 1 1.12901 
1.80521 0.365642 23.5673 1.79177 0.426648 0.9 1.13719 
1.80554 0.372513 21.6706 1.79496 0.420553 0.925 1.13719 
1.80589 0.37971 19.7738 1.7983 0.41417 0.95 1.13719 
1.80626 0.387231 17.8771 1.8018 0.407498 0.975 1.13719 
1.80664 0.395078 15.9803 1.80544 0.400538 1 1.13719 
1.81752 0.36568 23.671 1.80643 0.417024 0.9 1.14537 
1.818 0.372575 21.7742 1.80971 0.41094 0.925 1.14537 
1.81849 0.379773 19.8775 1.81313 0.404588 0.95 1.14537 
1.81901 0.387274 17.9807 1.8167 0.397968 0.975 1.14537 
1.81954 0.395078 16.084 1.82041 0.39108 1 1.14537 

ZONE I=5, J=5
1.81752 0.36568 22.8412 1.80643 0.417024 0.9 1.14537 
1.818 0.372575 21.3365 1.80971 0.41094 0.925 1.14537 
1.81849 0.379773 19.8317 1.81313 0.404588 0.95 1.14537 
1.81901 0.387274 18.327 1.8167 0.397968 0.975 1.14537 
1.81954 0.395078 16.8222 1.82041 0.39108 1 1.14537 
1.82991 0.365736 22.9363 1.82113 0.407205 0.9 1.15355 
1.83051 0.372644 21.4315 1.82448 0.401134 0.925 1.15355 
1.83111 0.379837 19.9268 1.82795 0.394801 0.95 1.15355 
1.83171 0.387315 18.422 1.83152 0.388207 0.975 1.15355 
1.83231 0.395079 16.9173 1.83521 0.38135 1 1.15355 
1.84215 0.365685 23.0313 1.83561 0.397205 0.9 1.16173 
1.8429 0.372607 21.5266 1.83905 0.391153 0.925 1.16173 
1.84363 0.379813 20.0218 1.84259 0.384835 0.95 1.16173 
1.84436 0.387303 18.5171 1.84624 0.378252 0.975 1.16173 
1.84507 0.395078 17.0123 1.84999 0.371402 1 1.16173 
1.85423 0.365532 23.1264 1.84986 0.387025 0.9 1.16991 
1.85514 0.372469 21.6216 1.85341 0.380997 0.925 1.16991 
1.85606 0.379705 20.1168 1.85707 0.374689 0.95 1.16991 
1.85696 0.387242 18.6121 1.86085 0.368103 0.975 1.16991 
1.85785 0.395078 17.1073 1.86473 0.361237 1 1.16991 
1.86615 0.365281 23.2214 1.86389 0.376665 0.9 1.1781 
1.86726 0.372233 21.7166 1.86757 0.370666 0.925 1.1781 
1.86838 0.379517 20.2119 1.87139 0.364364 0.95 1.1781 
1.8695 0.387132 18.7071 1.87535 0.35776 0.975 1.1781 
1.87064 0.395078 17.2024 1.87944 0.350853 1 1.1781 

ZONE I=5, J=5
1.86615 0.365281 22.0042 1.86389 0.376665 0.9 1.1781 
1.86726 0.372233 21.0468 1.86757 0.370666 0.925 1.1781 
1.86838 0.379517 20.0894 1.87139 0.364364 0.95 1.1781 
1.8695 0.387132 19.1319 1.87535 0.35776 0.975 1.1781 
1.87064 0.395078 18.1745 1.87944 0.350853 1 1.1781 
1.87821 0.364726 22.1 1.87788 0.366443 0.9 1.18628 
1.87934 0.371712 21.1426 1.88154 0.360391 0.925 1.18628 
1.88049 0.379019 20.1852 1.88536 0.354051 0.95 1.18628 
1.88167 0.386646 19.2277 1.88931 0.347423 0.975 1.18628 
1.88288 0.394593 18.2703 1.8934 0.340507 1 1.18628 
1.89008 0.363799 22.1958 1.89151 0.356293 0.9 1.19446 
1.89128 0.370792 21.2384 1.8952 0.350233 0.925 1.19446 
1.89253 0.378094 20.281 1.89904 0.343899 0.95 1.19446 
1.89381 0.385705 19.3236 1.90303 0.337293 0.975 1.19446 
1.89513 0.393624 18.3661 1.90717 0.330414 1 1.19446 
1.90174 0.362505 22.2916 1.90478 0.346215 0.9 1.20264 
1.90308 0.369477 21.3342 1.90853 0.340189 0.925 1.20264 
1.90446 0.376746 20.3768 1.91244 0.333907 0.95 1.20264 
1.9059 0.38431 19.4194 1.91651 0.327369 0.975 1.20264 
1.9074 0.39217 18.462 1.92073 0.320574 1 1.20264 
1.91321 0.360851 22.3874 1.91769 0.336208 0.9 1.21082 
1.91472 0.367773 21.43 1.92154 0.330262 0.925 1.21082 
1.9163 0.374977 20.4726 1.92556 0.324076 0.95 1.21082 
1.91795 0.382464 19.5152 1.92974 0.317651 0.975 1.21082 
1.91967 0.390233 18.5578 1.93409 0.310987 1 1.21082 

ZONE I=5, J=5
1.91321 0.360851 21.8033 1.91769 0.336208 0.9 1.21082 
1.91472 0.367773 21.1211 1.92154 0.330262 0.925 1.21082 
1.9163 0.374977 20.4389 1.92556 0.324076 0.95 1.21082 
1.91795 0.382464 19.7566 1.92974 0.317651 0.975 1.21082 
1.91967 0.390233 19.0744 1.93409 0.310987 1 1.21082 
1.92469 0.358706 21.9086 1.93042 0.326484 0.9 1.219 
1.92635 0.365608 21.2264 1.93435 0.320576 0.925 1.219 
1.92808 0.372767 20.5441 1.93845 0.314453 0.95 1.219 
1.92989 0.380182 19.8619 1.9427 0.308115 0.975 1.219 
1.93177 0.387854 19.1797 1.94711 0.301562 1 1.219 
1.93602 0.356173 22.0139 1.94284 0.316883 0.9 1.22718 
1.93786 0.363032 21.3317 1.94688 0.311042 0.925 1.22718 
1.93977 0.370131 20.6494 1.95107 0.305003 0.95 1.22718 
1.94176 0.377468 19.9672 1.95542 0.298765 0.975 1.22718 
1.94383 0.385044 19.285 1.95992 0.292329 1 1.22718 
1.9472 0.353258 22.1192 1.95496 0.307405 0.9 1.23536 
1.94923 0.360049 21.4369 1.95912 0.301661 0.925 1.23536 
1.95135 0.367072 20.7547 1.96343 0.295727 0.95 1.23536 
1.95355 0.374324 20.0725 1.96789 0.289603 0.975 1.23536 
1.95583 0.381807 19.3903 1.97251 0.283288 1 1.23536 
1.95822 0.349964 22.2244 1.96679 0.29805 0.9 1.24355 
1.96047 0.356663 21.5422 1.97107 0.292432 0.925 1.24355 
1.96282 0.363593 20.86 1.97552 0.286624 0.95 1.24355 
1.96525 0.370753 20.1778 1.98013 0.280626 0.975 1.24355 
1.96778 0.378144 19.4956 1.9849 0.27444 1 1.24355 

ZONE I=5, J=5
1.95822 0.349964 22.054 1.96679 0.29805 0.9 1.24355 
1.96047 0.356663 21.4504 1.97107 0.292432 0.925 1.24355 
1.96282 0.363593 20.8469 1.97552 0.286624 0.95 1.24355 
1.96525 0.370753 20.2433 1.98013 0.280626 0.975 1.24355 
1.96778 0.378144 19.6397 1.9849 0.27444 1 1.24355 
1.96913 0.346253 22.155 1.97836 0.2889 0.9 1.25173 
1.97159 0.352879 21.5514 1.98277 0.283379 0.925 1.25173 
1.97414 0.359723 20.9478 1.98734 0.27768 0.95 1.25173 
1.97678 0.366784 20.3443 1.99206 0.271804 0.975 1.25173 
1.97951 0.374064 19.7407 1.99694 0.26575 1 1.25173 
1.97989 0.342177 22.2559 1.98965 0.279878 0.9 1.25991 
1.98254 0.348715 21.6523 1.99418 0.274467 0.925 1.25991 
1.9853 0.355462 21.0488 1.99887 0.268886 0.95 1.25991 
1.98815 0.362418 20.4452 2.00371 0.263137 0.975 1.25991 
1.99111 0.369583 19.8417 2.00872 0.257218 1 1.25991 
1.99047 0.337741 22.3569 2.00066 0.270985 0.9 1.26809 
1.99334 0.344177 21.7533 2.00531 0.265695 0.925 1.26809 
1.9963 0.350816 21.1497 2.01012 0.260241 0.95 1.26809 
1.99937 0.357659 20.5462 2.01509 0.254625 0.975 1.26809 
2.00255 0.364705 19.9426 2.02022 0.248844 1 1.26809 
2.00089 0.332948 22.4578 2.01138 0.262219 0.9 1.27627 
2.00395 0.339267 21.8543 2.01615 0.257063 0.925 1.27627 
2.00713 0.345787 21.2507 2.02108 0.251746 0.95 1.27627 
2.01042 0.35251 20.6471 2.02618 0.246268 0.975 1.27627 
2.01382 0.359435 20.0436 2.03145 0.240628 1 1.27627 

ZONE I=5, J=5
2.00089 0.332948 22.4435 2.01138 0.262219 0.9 1.27627 
2.00395 0.339267 21.8466 2.01615 0.257063 0.925 1.27627 
2.00713 0.345787 21.2496 2.02108 0.251746 0.95 1.27627 
2.01042 0.35251 20.6527 2.02618 0.246268 0.975 1.27627 
2.01382 0.359435 20.0557 2.03145 0.240628 1 1.27627 
2.01113 0.327792 22.5388 2.02182 0.253598 0.9 1.28445 
2.01439 0.333998 21.9419 2.02671 0.248569 0.925 1.28445 
2.01778 0.340398 21.3449 2.03176 0.243385 0.95 1.28445 
2.02128 0.346993 20.748 2.03698 0.238047 0.975 1.28445 
2.02489 0.353783 20.151 2.04237 0.232554 1 1.28445 
2.02118 0.322298 22.6342 2.03199 0.245092 0.9 1.29263 
2.02464 0.328381 22.0372 2.03699 0.240194 0.925 1.29263 
2.02823 0.334654 21.4403 2.04216 0.235146 0.95 1.29263 
2.03193 0.341117 20.8433 2.04749 0.22995 0.975 1.29263 
2.03576 0.347768 20.2464 2.053 0.224604 1 1.29263 
2.03104 0.316468 22.7295 2.04187 0.236703 0.9 1.30081 
2.03469 0.322423 22.1325 2.04698 0.231939 0.925 1.30081 
2.03847 0.328562 21.5356 2.05226 0.22703 0.95 1.30081 
2.04238 0.334886 20.9386 2.05771 0.221977 0.975 1.30081 
2.04641 0.341394 20.3417 2.06333 0.216779 1 1.30081 
2.0407 0.310309 22.8248 2.05147 0.228429 0.9 1.309 
2.04453 0.316126 22.2279 2.05669 0.223803 0.925 1.309 
2.0485 0.322125 21.6309 2.06208 0.219037 0.95 1.309 
2.05261 0.328305 21.034 2.06764 0.214129 0.975 1.309 
2.05684 0.334667 20.437 2.07337 0.20908 1 1.309 

ZONE I=5, J=5
2.0407 0.310309 22.8651 2.05147 0.228429 0.9 1.309 
2.04453 0.316126 22.2496 2.05669 0.223803 0.925 1.309 
2.0485 0.322125 21.6341 2.06208 0.219037 0.95 1.309 
2.05261 0.328305 21.0185 2.06764 0.214129 0.975 1.309 
2.05684 0.334667 20.403 2.07337 0.20908 1 1.309 
2.05012 0.303839 22.9531 2.06078 0.220269 0.9 1.31718 
2.05415 0.309516 22.3376 2.0661 0.215784 0.925 1.31718 
2.05831 0.315368 21.7221 2.07159 0.211162 0.95 1.31718 
2.0626 0.321396 21.1066 2.07726 0.206404 0.975 1.31718 
2.06703 0.327601 20.4911 2.08311 0.20151 1 1.31718 
2.05933 0.297066 23.0412 2.0698 0.212213 0.9 1.32536 
2.06353 0.302597 22.4257 2.07521 0.207867 0.925 1.32536 
2.06787 0.308299 21.8102 2.08081 0.203391 0.95 1.32536 
2.07235 0.314172 21.1947 2.08658 0.198782 0.975 1.32536 
2.07697 0.320216 20.5791 2.09254 0.194042 1 1.32536 
2.06831 0.289994 23.1293 2.07853 0.204259 0.9 1.33354 
2.07268 0.295375 22.5137 2.08404 0.200055 0.925 1.33354 
2.07719 0.300923 21.8982 2.08973 0.195723 0.95 1.33354 
2.08185 0.306638 21.2827 2.0956 0.191264 0.975 1.33354 
2.08666 0.312519 20.6672 2.10166 0.186677 1 1.33354 
2.07706 0.282629 23.2173 2.08698 0.196409 0.9 1.34172 
2.08159 0.287857 22.6018 2.09257 0.192345 0.925 1.34172 
2.08626 0.293247 21.9863 2.09835 0.188159 0.95 1.34172 
2.09109 0.298799 21.3708 2.10432 0.183848 0.975 1.34172 
2.09608 0.304514 20.7553 2.11047 0.179415 1 1.34172 

ZONE I=5, J=5
2.07706 0.282629 23.2732 2.08698 0.196409 0.9 1.34172 
2.08159 0.287857 22.6319 2.09257 0.192345 0.925 1.34172 
2.08626 0.293247 21.9906 2.09835 0.188159 0.95 1.34172 
2.09109 0.298799 21.3492 2.10432 0.183848 0.975 1.34172 
2.09608 0.304514 20.7079 2.11047 0.179415 1 1.34172 
2.08555 0.274994 23.3525 2.09512 0.188643 0.9 1.3499 
2.09023 0.280062 22.7112 2.10081 0.184725 0.925 1.3499 
2.09508 0.285287 22.0699 2.10668 0.180688 0.95 1.3499 
2.10008 0.290669 21.4285 2.11274 0.176533 0.975 1.3499 
2.10524 0.296208 20.7872 2.11898 0.172258 1 1.3499 
2.09379 0.26709 23.4318 2.10298 0.180961 0.9 1.35808 
2.09863 0.271996 22.7905 2.10875 0.177188 0.925 1.35808 
2.10363 0.277053 22.1491 2.1147 0.173301 0.95 1.35808 
2.10879 0.282262 21.5078 2.12085 0.169298 0.975 1.35808 
2.11411 0.287624 20.8665 2.12719 0.165182 1 1.35808 
2.10178 0.258923 23.5111 2.11056 0.173364 0.9 1.36626 
2.10676 0.263664 22.8698 2.1164 0.169735 0.925 1.36626 
2.11191 0.268551 22.2284 2.12243 0.165995 0.95 1.36626 
2.11722 0.273586 21.5871 2.12866 0.162145 0.975 1.36626 
2.12271 0.278768 20.9457 2.13508 0.158185 1 1.36626 
2.1095 0.250498 23.5904 2.11784 0.165852 0.9 1.37445 
2.11462 0.255072 22.9491 2.12375 0.162365 0.925 1.37445 
2.11991 0.259787 22.3077 2.12986 0.158772 0.95 1.37445 
2.12537 0.264645 21.6664 2.13617 0.155073 0.975 1.37445 
2.13101 0.269646 21.025 2.14267 0.151268 1 1.37445 

ZONE I=5, J=5
2.1095 0.250498 23.647 2.11784 0.165852 0.9 1.37445 
2.11462 0.255072 22.9795 2.12375 0.162365 0.925 1.37445 
2.11991 0.259787 22.3121 2.12986 0.158772 0.95 1.37445 
2.12537 0.264645 21.6447 2.13617 0.155073 0.975 1.37445 
2.13101 0.269646 20.9772 2.14267 0.151268 1 1.37445 
2.11694 0.24185 23.7161 2.12482 0.15841 0.9 1.38263 
2.1222 0.24625 23.0487 2.1308 0.155071 0.925 1.38263 
2.12763 0.250786 22.3813 2.13698 0.15163 0.95 1.38263 
2.13323 0.25546 21.7138 2.14337 0.148087 0.975 1.38263 
2.13901 0.26027 21.0464 2.14994 0.144443 1 1.38263 
2.12411 0.232975 23.7853 2.1315 0.151038 0.9 1.39081 
2.12949 0.237199 23.1179 2.13755 0.147846 0.925 1.39081 
2.13505 0.241555 22.4505 2.1438 0.144555 0.95 1.39081 
2.14079 0.246043 21.783 2.15026 0.141168 0.975 1.39081 
2.14671 0.250663 21.1156 2.15691 0.137683 1 1.39081 
2.13099 0.223877 23.8545 2.13789 0.143738 0.9 1.39899 
2.13649 0.227926 23.1871 2.14401 0.14069 0.925 1.39899 
2.14218 0.232101 22.5196 2.15032 0.137549 0.95 1.39899 
2.14805 0.236402 21.8522 2.15684 0.134315 0.975 1.39899 
2.1541 0.240829 21.1848 2.16356 0.130987 1 1.39899 
2.13759 0.214565 23.9237 2.14399 0.136508 0.9 1.40717 
2.14321 0.218437 23.2562 2.15016 0.133603 0.925 1.40717 
2.14901 0.222429 22.5888 2.15654 0.13061 0.95 1.40717 
2.155 0.226542 21.9214 2.16312 0.127528 0.975 1.40717 
2.16118 0.230776 21.2539 2.1699 0.124356 1 1.40717 

ZONE I=5, J=5
2.13759 0.214565 23.9745 2.14399 0.136508 0.9 1.40717 
2.14321 0.218437 23.2836 2.15016 0.133603 0.925 1.40717 
2.14901 0.222429 22.5927 2.15654 0.13061 0.95 1.40717 
2.155 0.226542 21.9018 2.16312 0.127528 0.975 1.40717 
2.16118 0.230776 21.2109 2.1699 0.124356 1 1.40717 
2.14389 0.205065 24.0325 2.14979 0.129329 0.9 1.41535 
2.14962 0.208753 23.3416 2.15602 0.126573 0.925 1.41535 
2.15553 0.212556 22.6507 2.16245 0.123732 0.95 1.41535 
2.16164 0.216474 21.9598 2.16909 0.120806 0.975 1.41535 
2.16794 0.220508 21.2689 2.17594 0.117796 1 1.41535 
2.14989 0.195374 24.0905 2.15529 0.122204 0.9 1.42353 
2.15572 0.198877 23.3996 2.16157 0.119594 0.925 1.42353 
2.16175 0.202491 22.7087 2.16806 0.116904 0.95 1.42353 
2.16797 0.206214 22.0178 2.17476 0.114134 0.975 1.42353 
2.17438 0.210046 21.3269 2.18167 0.111284 1 1.42353 
2.1556 0.185498 24.1485 2.1605 0.115133 0.9 1.43171 
2.16153 0.188817 23.4576 2.16683 0.112668 0.925 1.43171 
2.16765 0.19224 22.7667 2.17337 0.110128 0.95 1.43171 
2.17398 0.195767 22.0758 2.18012 0.107512 0.975 1.43171 
2.1805 0.199398 21.3849 2.18708 0.10482 1 1.43171 
2.161 0.175445 24.2065 2.16542 0.108116 0.9 1.4399 
2.16702 0.178579 23.5156 2.17179 0.105795 0.925 1.4399 
2.17324 0.181811 22.8247 2.17838 0.103402 0.95 1.4399 
2.17966 0.185141 22.1338 2.18518 0.100938 0.975 1.4399 
2.18628 0.18857 21.4429 2.19219 0.0984029 1 1.4399 

ZONE I=5, J=5
2.161 0.175445 24.2489 2.16542 0.108116 0.9 1.4399 
2.16702 0.178579 23.5384 2.17179 0.105795 0.925 1.4399 
2.17324 0.181811 22.828 2.17838 0.103402 0.95 1.4399 
2.17966 0.185141 22.1175 2.18518 0.100938 0.975 1.4399 
2.18628 0.18857 21.407 2.19219 0.0984029 1 1.4399 
2.16609 0.165249 24.2949 2.17003 0.101142 0.9 1.44808 
2.17219 0.168192 23.5844 2.17645 0.0989678 0.925 1.44808 
2.1785 0.171228 22.8739 2.18308 0.0967273 0.95 1.44808 
2.18501 0.174356 22.1634 2.18993 0.0944198 0.975 1.44808 
2.19173 0.177576 21.453 2.19698 0.0920455 1 1.44808 
2.17086 0.154905 24.3408 2.17434 0.0942092 0.9 1.45626 
2.17705 0.157658 23.6303 2.1808 0.0921818 0.925 1.45626 
2.18344 0.160497 22.9199 2.18748 0.0900919 0.95 1.45626 
2.19004 0.163422 22.2094 2.19437 0.0879396 0.975 1.45626 
2.19684 0.166434 21.4989 2.20147 0.0857248 1 1.45626 
2.17532 0.14442 24.3868 2.17836 0.0873191 0.9 1.46444 
2.18158 0.146982 23.6763 2.18486 0.0854366 0.925 1.46444 
2.18805 0.149624 22.9658 2.19157 0.083496 0.95 1.46444 
2.19473 0.152347 22.2553 2.1985 0.0814974 0.975 1.46444 
2.20161 0.15515 21.5449 2.20564 0.0794408 1 1.46444 
2.17946 0.133801 24.4327 2.18208 0.0804712 0.9 1.47262 
2.18579 0.136172 23.7222 2.18861 0.0787322 0.925 1.47262 
2.19233 0.138617 23.0118 2.19536 0.0769396 0.95 1.47262 
2.19908 0.141137 22.3013 2.20232 0.0750933 0.975 1.47262 
2.20604 0.143732 21.5908 2.2095 0.0731934 1 1.47262 

ZONE I=5, J=5
2.17946 0.133801 24.4653 2.18208 0.0804712 0.9 1.47262 
2.18579 0.136172 23.7398 2.18861 0.0787322 0.925 1.47262 
2.19233 0.138617 23.0143 2.19536 0.0769396 0.95 1.47262 
2.19908 0.141137 22.2887 2.20232 0.0750933 0.975 1.47262 
2.20604 0.143732 21.5632 2.2095 0.0731934 1 1.47262 
2.18328 0.123072 24.4986 2.18551 0.0736509 0.9 1.4808 
2.18967 0.125248 23.7731 2.19207 0.0720587 0.925 1.4808 
2.19628 0.127492 23.0475 2.19885 0.0704173 0.95 1.4808 
2.20309 0.129804 22.322 2.20584 0.0687267 0.975 1.4808 
2.21012 0.132185 21.5965 2.21306 0.0669869 1 1.4808 
2.18678 0.112232 24.5318 2.18863 0.066858 0.9 1.48898 
2.19323 0.114212 23.8063 2.19522 0.0654115 0.925 1.48898 
2.19989 0.116255 23.0808 2.20203 0.0639203 0.95 1.48898 
2.20677 0.11836 22.3553 2.20906 0.0623844 0.975 1.48898 
2.21386 0.120527 21.6297 2.21631 0.0608038 1 1.48898 
2.18995 0.101288 24.5651 2.19146 0.0600926 0.9 1.49716 
2.19645 0.103072 23.8396 2.19808 0.0587908 0.925 1.49716 
2.20316 0.104914 23.114 2.20491 0.0574488 0.95 1.49716 
2.2101 0.106811 22.3885 2.21197 0.0560665 0.975 1.49716 
2.21725 0.108765 21.663 2.21924 0.0546439 1 1.49716 
2.19279 0.0902463 24.5984 2.194 0.0533545 0.9 1.50535 
2.19934 0.091836 23.8728 2.20063 0.0521964 0.925 1.50535 
2.2061 0.0934757 23.1473 2.20749 0.0510026 0.95 1.50535 
2.21308 0.0951657 22.4218 2.21457 0.0497729 0.975 1.50535 
2.22028 0.0969058 21.6962 2.22187 0.0485074 1 1.50535 

ZONE I=5, J=5
2.19279 0.0902463 24.6205 2.194 0.0533545 0.9 1.50535 
2.19934 0.091836 23.8847 2.20063 0.0521964 0.925 1.50535 
2.2061 0.0934757 23.149 2.20749 0.0510026 0.95 1.50535 
2.21308 0.0951657 22.4133 2.21457 0.0497729 0.975 1.50535 
2.22028 0.0969058 21.6776 2.22187 0.0485074 1 1.50535 
2.1953 0.0791391 24.6406 2.19623 0.0466386 0.9 1.51353 
2.20189 0.0805307 23.9049 2.20289 0.0456264 0.925 1.51353 
2.20869 0.0819663 23.1692 2.20977 0.0445828 0.95 1.51353 
2.21572 0.0834458 22.4334 2.21687 0.0435079 0.975 1.51353 
2.22297 0.0849692 21.6977 2.22419 0.0424017 1 1.51353 
2.19748 0.0679645 24.6607 2.19817 0.0399401 0.9 1.52171 
2.2041 0.069158 23.925 2.20484 0.039073 0.925 1.52171 
2.21094 0.0703893 23.1893 2.21174 0.0381791 0.95 1.52171 
2.21801 0.0716582 22.4536 2.21885 0.0372583 0.975 1.52171 
2.22529 0.0729649 21.7179 2.22619 0.0363107 1 1.52171 
2.19932 0.0567296 24.6809 2.1998 0.033259 0.9 1.52989 
2.20598 0.0577251 23.9451 2.20649 0.0325364 0.925 1.52989 
2.21285 0.058752 23.2094 2.2134 0.0317915 0.95 1.52989 
2.21995 0.0598105 22.4737 2.22054 0.0310242 0.975 1.52989 
2.22727 0.0609004 21.738 2.22789 0.0302344 1 1.52989 
2.20084 0.0454415 24.701 2.20114 0.0265953 0.9 1.53807 
2.20751 0.0462391 23.9653 2.20784 0.0260166 0.925 1.53807 
2.21441 0.0470619 23.2296 2.21477 0.0254199 0.95 1.53807 
2.22153 0.04791 22.4938 2.22191 0.0248054 0.975 1.53807 
2.22888 0.0487833 21.7581 2.22928 0.0241729 1 1.53807 

ZONE I=5, J=5
2.20084 0.0454415 24.7121 2.20114 0.0265953 0.9 1.53807 
2.20751 0.0462391 23.9713 2.20784 0.0260166 0.925 1.53807 
2.21441 0.0470619 23.2304 2.21477 0.0254199 0.95 1.53807 
2.22153 0.04791 22.4896 2.22191 0.0248054 0.975 1.53807 
2.22888 0.0487833 21.7487 2.22928 0.0241729 1 1.53807 
2.20201 0.034118 24.7189 2.20219 0.0199409 0.9 1.54625 
2.20871 0.0347164 23.978 2.2089 0.0195071 0.925 1.54625 
2.21563 0.0353336 23.2372 2.21583 0.0190599 0.95 1.54625 
2.22277 0.0359697 22.4963 2.22298 0.0185993 0.975 1.54625 
2.23014 0.0366248 21.7555 2.23036 0.0181252 1 1.54625 
2.20285 0.0227639 24.7256 2.20293 0.0132902 0.9 1.55443 
2.20956 0.0231627 23.9847 2.20965 0.0130012 0.925 1.55443 
2.2165 0.0235742 23.2439 2.21659 0.0127032 0.95 1.55443 
2.22365 0.0239983 22.503 2.22375 0.0123963 0.975 1.55443 
2.23103 0.024435 21.7622 2.23114 0.0120805 1 1.55443 
2.20336 0.0113861 24.7323 2.20338 0.00664323 0.9 1.56261 
2.21008 0.0115855 23.9915 2.2101 0.00649882 0.925 1.56261 
2.21702 0.0117912 23.2506 2.21704 0.00634994 0.95 1.56261 
2.22418 0.0120032 22.5098 2.22421 0.00619657 0.975 1.56261 
2.23157 0.0122215 21.7689 2.2316 0.00603873 1 1.56261 
2.20353 -8.09401e-06 24.7391 2.20353 0 0.9 1.5708 
2.21025 -8.1187e-06 23.9982 2.21025 0 0.925 1.5708 
2.21719 -8.1442e-06 23.2574 2.21719 0 0.95 1.5708 
2.22436 -8.17053e-06 22.5165 2.22436 0 0.975 1.5708 
2.23175 -8.19769e-06 21.7756 2.23175 0 1 1.5708 

