ZONE I=5, J=5
0 0.359408 16.9429 0.359408 0 0.9 0 
0 0.36741 15.3334 0.36741 0 0.925 0 
0 0.375869 13.7239 0.375869 0 0.95 0 
0 0.384786 12.1144 0.384786 0 0.975 0 
0 0.39416 10.5049 0.39416 0 1 0 
0.0131927 0.359408 16.9442 0.359504 0.0102519 0.9 0.00818126 
0.0131922 0.36741 15.3348 0.367506 0.010186 0.925 0.00818126 
0.0131919 0.37587 13.7253 0.375965 0.0101164 0.95 0.00818126 
0.0131917 0.384786 12.1158 0.384881 0.0100432 0.975 0.00818126 
0.0131916 0.39416 10.5063 0.394255 0.00996643 1 0.00818126 
0.0263826 0.359409 16.9456 0.359793 0.0204985 0.9 0.0163625 
0.0263817 0.367411 15.3361 0.367794 0.0203666 0.925 0.0163625 
0.0263809 0.37587 13.7267 0.376252 0.0202275 0.95 0.0163625 
0.0263804 0.384787 12.1172 0.385167 0.0200811 0.975 0.0163625 
0.0263802 0.39416 10.5077 0.394539 0.0199275 1 0.0163625 
0.0395722 0.359411 16.947 0.360274 0.0307399 0.9 0.0245437 
0.0395708 0.367412 15.3375 0.368273 0.0305421 0.925 0.0245437 
0.0395696 0.375871 13.728 0.376729 0.0303333 0.95 0.0245437 
0.0395688 0.384787 12.1185 0.385642 0.0301137 0.975 0.0245437 
0.0395683 0.39416 10.5091 0.395012 0.0298832 1 0.0245437 
0.052764 0.359413 16.9484 0.360947 0.0409761 0.9 0.0327249 
0.0527619 0.367414 15.3389 0.368944 0.0407122 0.925 0.0327249 
0.0527603 0.375872 13.7294 0.377397 0.0404339 0.95 0.0327249 
0.0527591 0.384788 12.1199 0.386308 0.0401409 0.975 0.0327249 
0.0527582 0.39416 10.5104 0.395675 0.0398334 1 0.0327249 

ZONE I=5, J=5
0.052764 0.359413 16.9505 0.360947 0.0409761 0.9 0.0327249 
0.0527619 0.367414 15.3402 0.368944 0.0407122 0.925 0.0327249 
0.0527603 0.375872 13.7298 0.377397 0.0404339 0.95 0.0327249 
0.0527591 0.384788 12.1195 0.386308 0.0401409 0.975 0.0327249 
0.0527582 0.39416 10.5091 0.395675 0.0398334 1 0.0327249 
0.0659559 0.359417 16.9538 0.361813 0.0512025 0.9 0.0409062 
0.0659535 0.367417 15.3434 0.369806 0.0508729 0.925 0.0409062 
0.0659516 0.375874 13.7331 0.378257 0.0505252 0.95 0.0409062 
0.0659503 0.384788 12.1228 0.387164 0.0501593 0.975 0.0409062 
0.0659495 0.39416 10.5124 0.396527 0.0497752 1 0.0409062 
0.0791453 0.35942 16.9571 0.362871 0.0614141 0.9 0.0490874 
0.0791424 0.367419 15.3467 0.37086 0.0610187 0.925 0.0490874 
0.0791402 0.375876 13.7364 0.379306 0.0606015 0.95 0.0490874 
0.0791386 0.384789 12.1261 0.388209 0.0601625 0.975 0.0490874 
0.0791377 0.39416 10.5157 0.397568 0.0597018 1 0.0490874 
0.0923346 0.359424 16.9604 0.36412 0.0716107 0.9 0.0572686 
0.0923311 0.367423 15.35 0.372105 0.0711494 0.925 0.0572686 
0.0923284 0.375878 13.7397 0.380546 0.0706628 0.95 0.0572686 
0.0923264 0.384791 12.1294 0.389444 0.0701507 0.975 0.0572686 
0.0923252 0.39416 10.519 0.398798 0.0696132 1 0.0572686 
0.105526 0.359429 16.9637 0.365561 0.0817925 0.9 0.0654498 
0.105522 0.367426 15.3533 0.373541 0.0812653 0.925 0.0654498 
0.105519 0.375881 13.743 0.381977 0.080709 0.95 0.0654498 
0.105516 0.384792 12.1327 0.390869 0.0801237 0.975 0.0654498 
0.105515 0.39416 10.5223 0.400217 0.0795093 1 0.0654498 

ZONE I=5, J=5
0.105526 0.359429 16.9678 0.365561 0.0817925 0.9 0.0654498 
0.105522 0.367426 15.3557 0.373541 0.0812653 0.925 0.0654498 
0.105519 0.375881 13.7437 0.381977 0.080709 0.95 0.0654498 
0.105516 0.384792 12.1317 0.390869 0.0801237 0.975 0.0654498 
0.105515 0.39416 10.5196 0.400217 0.0795093 1 0.0654498 
0.118717 0.359435 16.9734 0.367194 0.0919535 0.9 0.0736311 
0.118712 0.367431 15.3614 0.375168 0.0913609 0.925 0.073631 
0.118709 0.375884 13.7493 0.383598 0.0907357 0.95 0.0736311 
0.118707 0.384793 12.1373 0.392483 0.0900778 0.975 0.0736311 
0.118705 0.39416 10.5253 0.401825 0.0893873 1 0.0736311 
0.131905 0.359441 16.979 0.369018 0.10209 0.9 0.0818123 
0.1319 0.367436 15.367 0.376986 0.101432 0.925 0.0818123 
0.131897 0.375887 13.755 0.385408 0.100738 0.95 0.0818123 
0.131894 0.384795 12.1429 0.394287 0.100007 0.975 0.0818123 
0.131892 0.39416 10.5309 0.40362 0.0992401 1 0.0818123 
0.145093 0.359448 16.9847 0.371033 0.112202 0.9 0.0899936 
0.145088 0.367441 15.3726 0.378993 0.111478 0.925 0.0899936 
0.145084 0.375891 13.7606 0.387408 0.110715 0.95 0.0899936 
0.145081 0.384797 12.1486 0.396279 0.109911 0.975 0.0899935 
0.145079 0.39416 10.5365 0.405604 0.109068 1 0.0899936 
0.158284 0.359456 16.9903 0.373239 0.122289 0.9 0.0981748 
0.158278 0.367447 15.3783 0.381191 0.1215 0.925 0.0981748 
0.158273 0.375894 13.7663 0.389598 0.120667 0.95 0.0981748 
0.158269 0.384799 12.1542 0.398459 0.11979 0.975 0.0981748 
0.158267 0.39416 10.5422 0.407775 0.11887 1 0.0981748 

ZONE I=5, J=5
0.158284 0.359456 16.9961 0.373239 0.122289 0.9 0.0981748 
0.158278 0.367447 15.3815 0.381191 0.1215 0.925 0.0981748 
0.158273 0.375894 13.7669 0.389598 0.120667 0.95 0.0981748 
0.158269 0.384799 12.1524 0.398459 0.11979 0.975 0.0981748 
0.158267 0.39416 10.5378 0.407775 0.11887 1 0.0981748 
0.171473 0.359464 17.0041 0.375636 0.132345 0.9 0.106356 
0.171466 0.367453 15.3895 0.383579 0.13149 0.925 0.106356 
0.171462 0.375899 13.7749 0.391977 0.130589 0.95 0.106356 
0.171458 0.384801 12.1603 0.400828 0.12964 0.975 0.106356 
0.171456 0.39416 10.5458 0.410134 0.128645 1 0.106356 
0.184659 0.359473 17.012 0.378222 0.142367 0.9 0.114537 
0.184653 0.36746 15.3975 0.386156 0.141447 0.925 0.114537 
0.184647 0.375904 13.7829 0.394543 0.140477 0.95 0.114537 
0.184644 0.384804 12.1683 0.403385 0.139456 0.975 0.114537 
0.184642 0.39416 10.5537 0.41268 0.138385 1 0.114537 
0.197846 0.359482 17.02 0.380997 0.152354 0.9 0.122718 
0.197839 0.367467 15.4054 0.388921 0.151369 0.925 0.122718 
0.197833 0.375909 13.7908 0.397298 0.15033 0.95 0.122718 
0.197829 0.384806 12.1763 0.406129 0.149237 0.975 0.122718 
0.197827 0.39416 10.5617 0.415412 0.148089 1 0.122718 
0.211036 0.359493 17.028 0.383963 0.162308 0.9 0.1309 
0.211028 0.367475 15.4134 0.391876 0.161257 0.925 0.1309 
0.211021 0.375914 13.7988 0.400242 0.160149 0.95 0.1309 
0.211016 0.384809 12.1842 0.40906 0.158983 0.975 0.1309 
0.211013 0.39416 10.5696 0.418331 0.157759 1 0.1309 

ZONE I=5, J=5
0.211036 0.359493 17.0355 0.383963 0.162308 0.9 0.1309 
0.211028 0.367475 15.4175 0.391876 0.161257 0.925 0.1309 
0.211021 0.375914 13.7996 0.400242 0.160149 0.95 0.1309 
0.211016 0.384809 12.1816 0.40906 0.158983 0.975 0.1309 
0.211013 0.39416 10.5636 0.418331 0.157759 1 0.1309 
0.224223 0.359504 17.0458 0.387117 0.172218 0.9 0.139081 
0.224214 0.367484 15.4278 0.395019 0.171104 0.925 0.139081 
0.224208 0.37592 13.8098 0.403372 0.169928 0.95 0.139081 
0.224203 0.384812 12.1919 0.412178 0.168691 0.975 0.139081 
0.2242 0.39416 10.5739 0.421436 0.167392 1 0.139081 
0.237407 0.359515 17.0561 0.390459 0.182085 0.9 0.147262 
0.237398 0.367492 15.4381 0.398348 0.180906 0.925 0.147262 
0.237391 0.375926 13.8201 0.40669 0.179662 0.95 0.147262 
0.237387 0.384815 12.2022 0.415482 0.178353 0.975 0.147262 
0.237384 0.39416 10.5842 0.424725 0.17698 1 0.147262 
0.250592 0.359527 17.0664 0.393988 0.191909 0.9 0.155443 
0.250582 0.367502 15.4484 0.401865 0.190665 0.925 0.155443 
0.250575 0.375932 13.8304 0.410193 0.189353 0.95 0.155443 
0.25057 0.384818 12.2124 0.418971 0.187972 0.975 0.155443 
0.250567 0.39416 10.5945 0.4282 0.186522 1 0.155443 
0.26378 0.35954 17.0767 0.397706 0.201689 0.9 0.163625 
0.263769 0.367512 15.4587 0.40557 0.20038 0.925 0.163625 
0.263761 0.375939 13.8407 0.413883 0.198999 0.95 0.163625 
0.263755 0.384822 12.2227 0.422646 0.197546 0.975 0.163625 
0.26375 0.39416 10.6048 0.431859 0.196021 1 0.163625 

ZONE I=5, J=5
0.26378 0.35954 17.086 0.397706 0.201689 0.9 0.163625 
0.263769 0.367512 15.4638 0.40557 0.20038 0.925 0.163625 
0.263761 0.375939 13.8415 0.413883 0.198999 0.95 0.163625 
0.263755 0.384822 12.2193 0.422646 0.197546 0.975 0.163625 
0.26375 0.39416 10.5971 0.431859 0.196021 1 0.163625 
0.276963 0.359554 17.0986 0.40161 0.211415 0.9 0.171806 
0.276953 0.367522 15.4764 0.40946 0.210043 0.925 0.171806 
0.276945 0.375946 13.8542 0.417758 0.208595 0.95 0.171806 
0.276939 0.384825 12.2319 0.426506 0.207071 0.975 0.171806 
0.276936 0.39416 10.6097 0.435703 0.205472 1 0.171806 
0.290145 0.359568 17.1112 0.4057 0.221089 0.9 0.179987 
0.290134 0.367533 15.489 0.413535 0.219653 0.925 0.179987 
0.290126 0.375953 13.8668 0.421818 0.218137 0.95 0.179987 
0.29012 0.384829 12.2446 0.430549 0.216543 0.975 0.179987 
0.290117 0.39416 10.6223 0.439729 0.214869 1 0.179987 
0.303327 0.359582 17.1239 0.409975 0.230709 0.9 0.188168 
0.303315 0.367544 15.5016 0.417795 0.229209 0.925 0.188168 
0.303307 0.375961 13.8794 0.426061 0.227626 0.95 0.188168 
0.3033 0.384833 12.2572 0.434776 0.22596 0.975 0.188168 
0.303297 0.39416 10.6349 0.443937 0.224211 1 0.188168 
0.316512 0.359598 17.1365 0.414437 0.240276 0.9 0.19635 
0.3165 0.367556 15.5143 0.42224 0.238711 0.925 0.19635 
0.31649 0.375969 13.892 0.430489 0.23706 0.95 0.19635 
0.316482 0.384837 12.2698 0.439185 0.235323 0.975 0.19635 
0.316477 0.39416 10.6476 0.448328 0.233499 1 0.19635 

ZONE I=5, J=5
0.316512 0.359598 17.1477 0.414437 0.240276 0.9 0.19635 
0.3165 0.367556 15.5203 0.42224 0.238711 0.925 0.19635 
0.31649 0.375969 13.893 0.430489 0.23706 0.95 0.19635 
0.316482 0.384837 12.2656 0.439185 0.235323 0.975 0.19635 
0.316477 0.39416 10.6383 0.448328 0.233499 1 0.19635 
0.329692 0.359614 17.1626 0.419081 0.24978 0.9 0.204531 
0.32968 0.367569 15.5353 0.426868 0.248152 0.925 0.204531 
0.329671 0.375978 13.9079 0.4351 0.246435 0.95 0.204531 
0.329664 0.384842 12.2806 0.443778 0.244628 0.975 0.204531 
0.32966 0.39416 10.6532 0.452901 0.242731 1 0.204531 
0.34287 0.359631 17.1776 0.423909 0.259221 0.9 0.212712 
0.342858 0.367581 15.5502 0.431678 0.25753 0.925 0.212712 
0.342848 0.375987 13.9229 0.439892 0.255746 0.95 0.212712 
0.342842 0.384846 12.2955 0.44855 0.253869 0.975 0.212712 
0.342838 0.39416 10.6682 0.457654 0.251899 1 0.212712 
0.356049 0.359648 17.1926 0.42892 0.268598 0.9 0.220893 
0.356036 0.367595 15.5652 0.436671 0.266844 0.925 0.220893 
0.356025 0.375996 13.9379 0.444865 0.264994 0.95 0.220893 
0.356018 0.384851 12.3105 0.453504 0.263046 0.975 0.220893 
0.356013 0.39416 10.6832 0.462586 0.261002 1 0.220893 
0.36923 0.359666 17.2075 0.434113 0.277913 0.9 0.229074 
0.369215 0.367608 15.5802 0.441845 0.276096 0.925 0.229074 
0.369204 0.376005 13.9528 0.45002 0.274178 0.95 0.229074 
0.369195 0.384856 12.3255 0.458637 0.272159 0.975 0.229074 
0.369189 0.39416 10.6981 0.467698 0.270041 1 0.229074 

ZONE I=5, J=5
0.36923 0.359666 17.2206 0.434113 0.277913 0.9 0.229074 
0.369215 0.367608 15.5872 0.441845 0.276096 0.925 0.229074 
0.369204 0.376005 13.9539 0.45002 0.274178 0.95 0.229074 
0.369195 0.384856 12.3205 0.458637 0.272159 0.975 0.229074 
0.369189 0.39416 10.6872 0.467698 0.270041 1 0.229074 
0.382407 0.359685 17.2379 0.439488 0.287156 0.9 0.237256 
0.382393 0.367623 15.6045 0.447201 0.285276 0.925 0.237256 
0.382382 0.376015 13.9712 0.455355 0.283293 0.95 0.237256 
0.382374 0.384861 12.3379 0.463951 0.281207 0.975 0.237256 
0.38237 0.39416 10.7045 0.472989 0.279016 1 0.237256 
0.395582 0.359704 17.2552 0.445042 0.296326 0.9 0.245437 
0.395568 0.367638 15.6219 0.452735 0.294384 0.925 0.245437 
0.395557 0.376025 13.9885 0.460869 0.292336 0.95 0.245437 
0.395549 0.384866 12.3552 0.469443 0.29018 0.975 0.245437 
0.395545 0.39416 10.7219 0.478457 0.287917 1 0.245437 
0.408757 0.359723 17.2725 0.450777 0.305424 0.9 0.253618 
0.408742 0.367653 15.6392 0.458449 0.303419 0.925 0.253618 
0.40873 0.376035 14.0059 0.46656 0.301305 0.95 0.253618 
0.408722 0.384871 12.3725 0.475111 0.29908 0.975 0.253618 
0.408716 0.39416 10.7392 0.484101 0.296744 1 0.253618 
0.421934 0.359744 17.2899 0.45669 0.314448 0.9 0.261799 
0.421918 0.367669 15.6565 0.464341 0.312382 0.925 0.261799 
0.421904 0.376046 14.0232 0.47243 0.310201 0.95 0.261799 
0.421894 0.384877 12.3898 0.480957 0.307905 0.975 0.261799 
0.421888 0.39416 10.7565 0.489922 0.305496 1 0.261799 

ZONE I=5, J=5
0.421934 0.359744 17.3048 0.45669 0.314448 0.9 0.261799 
0.421918 0.367669 15.6646 0.464341 0.312382 0.925 0.261799 
0.421904 0.376046 14.0244 0.47243 0.310201 0.95 0.261799 
0.421894 0.384877 12.3842 0.480957 0.307905 0.975 0.261799 
0.421888 0.39416 10.744 0.489922 0.305496 1 0.261799 
0.435107 0.359765 17.3245 0.462782 0.323391 0.9 0.269981 
0.435091 0.367685 15.6843 0.47041 0.321264 0.925 0.269981 
0.435078 0.376058 14.0441 0.478476 0.319019 0.95 0.269981 
0.435069 0.384883 12.4039 0.486979 0.316656 0.975 0.269981 
0.435064 0.39416 10.7637 0.495919 0.314177 1 0.269981 
0.448277 0.359787 17.3442 0.469049 0.332253 0.9 0.278162 
0.448261 0.367702 15.704 0.476655 0.330064 0.925 0.278162 
0.448248 0.376069 14.0638 0.484697 0.327754 0.95 0.278162 
0.44824 0.384888 12.4236 0.493176 0.325324 0.975 0.278162 
0.448235 0.39416 10.7834 0.50209 0.322773 1 0.278162 
0.461447 0.359809 17.3639 0.475493 0.341032 0.9 0.286343 
0.46143 0.367719 15.7237 0.483076 0.338782 0.925 0.286343 
0.461417 0.376081 14.0835 0.491093 0.336407 0.95 0.286343 
0.461408 0.384894 12.4433 0.499545 0.333909 0.975 0.286343 
0.461402 0.39416 10.8031 0.508432 0.331286 1 0.286343 
0.47462 0.359832 17.3836 0.482113 0.349729 0.9 0.294524 
0.474602 0.367737 15.7434 0.489671 0.347417 0.925 0.294524 
0.474587 0.376093 14.1032 0.497663 0.344977 0.95 0.294524 
0.474576 0.384901 12.463 0.506089 0.34241 0.975 0.294524 
0.474568 0.39416 10.8228 0.514948 0.339715 1 0.294524 

ZONE I=5, J=5
0.47462 0.359832 17.4004 0.482113 0.349729 0.9 0.294524 
0.474602 0.367737 15.7525 0.489671 0.347417 0.925 0.294524 
0.474587 0.376093 14.1045 0.497663 0.344977 0.95 0.294524 
0.474576 0.384901 12.4565 0.506089 0.34241 0.975 0.294524 
0.474568 0.39416 10.8086 0.514948 0.339715 1 0.294524 
0.487788 0.359856 17.4225 0.488906 0.358335 0.9 0.302706 
0.48777 0.367755 15.7746 0.496441 0.355963 0.925 0.302706 
0.487756 0.376105 14.1266 0.504407 0.353461 0.95 0.302706 
0.487746 0.384907 12.4786 0.512806 0.350828 0.975 0.302706 
0.48774 0.39416 10.8307 0.521636 0.348063 1 0.302706 
0.500953 0.35988 17.4446 0.495872 0.36685 0.9 0.310887 
0.500935 0.367774 15.7967 0.503381 0.364418 0.925 0.310887 
0.500921 0.376118 14.1487 0.511321 0.361852 0.95 0.310887 
0.500911 0.384914 12.5008 0.519692 0.359153 0.975 0.310887 
0.500906 0.39416 10.8528 0.528494 0.356319 1 0.310887 
0.514118 0.359905 17.4667 0.503009 0.375274 0.9 0.319068 
0.514099 0.367793 15.8188 0.510493 0.372782 0.925 0.319068 
0.514085 0.376131 14.1708 0.518406 0.370152 0.95 0.319068 
0.514074 0.38492 12.5229 0.526748 0.367385 0.975 0.319068 
0.514068 0.39416 10.8749 0.53552 0.364481 1 0.319068 
0.527286 0.359931 17.4889 0.510319 0.383607 0.9 0.327249 
0.527265 0.367812 15.8409 0.517776 0.381054 0.925 0.327249 
0.527249 0.376144 14.1929 0.525661 0.37836 0.95 0.327249 
0.527237 0.384927 12.545 0.533974 0.375526 0.975 0.327249 
0.527228 0.39416 10.897 0.542714 0.37255 1 0.327249 

ZONE I=5, J=5
0.527286 0.359931 17.5076 0.510319 0.383607 0.9 0.327249 
0.527265 0.367812 15.851 0.517776 0.381054 0.925 0.327249 
0.527249 0.376144 14.1944 0.525661 0.37836 0.95 0.327249 
0.527237 0.384927 12.5378 0.533974 0.375526 0.975 0.327249 
0.527228 0.39416 10.8811 0.542714 0.37255 1 0.327249 
0.540447 0.359957 17.5322 0.517798 0.391838 0.9 0.335431 
0.540428 0.367833 15.8755 0.525229 0.389227 0.925 0.335431 
0.540412 0.376158 14.2189 0.533085 0.386472 0.95 0.335431 
0.540401 0.384934 12.5623 0.541369 0.383573 0.975 0.335431 
0.540395 0.39416 10.9057 0.550078 0.38053 1 0.335431 
0.553607 0.359983 17.5567 0.525445 0.39997 0.9 0.343612 
0.553587 0.367853 15.9001 0.532848 0.3973 0.925 0.343612 
0.553572 0.376172 14.2435 0.540676 0.394483 0.95 0.343612 
0.553561 0.384941 12.5868 0.548929 0.391519 0.975 0.343612 
0.553555 0.39416 10.9302 0.557606 0.388408 1 0.343612 
0.566766 0.360011 17.5812 0.533259 0.408002 0.9 0.351793 
0.566745 0.367874 15.9246 0.540634 0.405273 0.925 0.351793 
0.566729 0.376187 14.268 0.548432 0.402394 0.95 0.351793 
0.566718 0.384949 12.6114 0.556653 0.399364 0.975 0.351793 
0.566711 0.39416 10.9548 0.565298 0.396183 1 0.351793 
0.579928 0.360039 17.6058 0.541242 0.415934 0.9 0.359974 
0.579906 0.367895 15.9492 0.548587 0.413146 0.925 0.359974 
0.579888 0.376201 14.2925 0.556354 0.410204 0.95 0.359974 
0.579874 0.384956 12.6359 0.564543 0.407107 0.975 0.359974 
0.579865 0.39416 10.9793 0.573154 0.403856 1 0.359974 

ZONE I=5, J=5
0.579928 0.360039 17.6265 0.541242 0.415934 0.9 0.359974 
0.579906 0.367895 15.9603 0.548587 0.413146 0.925 0.359974 
0.579888 0.376201 14.2941 0.556354 0.410204 0.95 0.359974 
0.579874 0.384956 12.6279 0.564543 0.407107 0.975 0.359974 
0.579865 0.39416 10.9617 0.573154 0.403856 1 0.359974 
0.593083 0.360067 17.6535 0.549388 0.423756 0.9 0.368156 
0.593062 0.367918 15.9873 0.556705 0.42091 0.925 0.368156 
0.593045 0.376217 14.3211 0.564441 0.417908 0.95 0.368156 
0.593033 0.384964 12.6549 0.572599 0.414749 0.975 0.368156 
0.593026 0.39416 10.9887 0.581176 0.411432 1 0.368156 
0.606236 0.360096 17.6805 0.557697 0.431469 0.9 0.376337 
0.606214 0.36794 16.0143 0.564984 0.428566 0.925 0.376337 
0.606198 0.376232 14.3481 0.57269 0.425503 0.95 0.376337 
0.606186 0.384972 12.6819 0.580814 0.42228 0.975 0.376337 
0.606179 0.39416 11.0157 0.589357 0.418897 1 0.376337 
0.619389 0.360126 17.7075 0.56617 0.439073 0.9 0.384518 
0.619366 0.367963 16.0413 0.573426 0.436112 0.925 0.384518 
0.619349 0.376247 14.3751 0.581099 0.432989 0.95 0.384518 
0.619336 0.38498 12.7089 0.589189 0.429701 0.975 0.384518 
0.619329 0.39416 11.0427 0.597696 0.42625 1 0.384518 
0.632544 0.360156 17.7345 0.574805 0.446569 0.9 0.392699 
0.63252 0.367986 16.0683 0.58203 0.44355 0.925 0.392699 
0.6325 0.376263 14.4021 0.589669 0.440365 0.95 0.392699 
0.632486 0.384988 12.7359 0.597724 0.437012 0.975 0.392699 
0.632476 0.39416 11.0697 0.606194 0.433493 1 0.392699 

ZONE I=5, J=5
0.632544 0.360156 17.7572 0.574805 0.446569 0.9 0.392699 
0.63252 0.367986 16.0805 0.58203 0.44355 0.925 0.392699 
0.6325 0.376263 14.4038 0.589669 0.440365 0.95 0.392699 
0.632486 0.384988 12.7272 0.597724 0.437012 0.975 0.392699 
0.632476 0.39416 11.0505 0.606194 0.433493 1 0.392699 
0.645692 0.360187 17.7867 0.583599 0.453944 0.9 0.400881 
0.645669 0.36801 16.11 0.590792 0.45087 0.925 0.400881 
0.645651 0.37628 14.4333 0.598399 0.447627 0.95 0.400881 
0.645638 0.384997 12.7566 0.60642 0.444213 0.975 0.400881 
0.64563 0.39416 11.08 0.614854 0.44063 1 0.400881 
0.658838 0.360219 17.8162 0.592551 0.461203 0.9 0.409062 
0.658814 0.368034 16.1395 0.599712 0.458073 0.925 0.409062 
0.658796 0.376296 14.4628 0.607285 0.454771 0.95 0.409062 
0.658784 0.385005 12.7861 0.61527 0.451295 0.975 0.409062 
0.658776 0.39416 11.1095 0.623667 0.447647 1 0.409062 
0.671983 0.360251 17.8457 0.60166 0.468345 0.9 0.417243 
0.671959 0.368059 16.169 0.608789 0.465159 0.925 0.417243 
0.67194 0.376313 14.4923 0.616327 0.461796 0.95 0.417243 
0.671926 0.385013 12.8156 0.624275 0.458258 0.975 0.417243 
0.671918 0.39416 11.1389 0.632634 0.454544 1 0.417243 
0.685131 0.360283 17.8752 0.610928 0.47537 0.9 0.425424 
0.685105 0.368084 16.1985 0.618022 0.472127 0.925 0.425424 
0.685084 0.37633 14.5218 0.625525 0.468704 0.95 0.425424 
0.685068 0.385022 12.8451 0.633435 0.465102 0.975 0.425424 
0.685057 0.39416 11.1684 0.641754 0.461321 1 0.425424 

ZONE I=5, J=5
0.685131 0.360283 17.8999 0.610928 0.47537 0.9 0.425424 
0.685105 0.368084 16.2118 0.618022 0.472127 0.925 0.425424 
0.685084 0.37633 14.5237 0.625525 0.468704 0.95 0.425424 
0.685068 0.385022 12.8356 0.633435 0.465102 0.975 0.425424 
0.685057 0.39416 11.1474 0.641754 0.461321 1 0.425424 
0.69827 0.360317 17.9319 0.620347 0.482265 0.9 0.433605 
0.698245 0.36811 16.2438 0.627408 0.478968 0.925 0.433605 
0.698225 0.376348 14.5557 0.634875 0.475489 0.95 0.433605 
0.698211 0.385032 12.8676 0.642749 0.471828 0.975 0.433605 
0.698203 0.39416 11.1795 0.65103 0.467985 1 0.433605 
0.711407 0.360351 17.9639 0.629918 0.489035 0.9 0.441786 
0.711382 0.368136 16.2758 0.636945 0.485684 0.925 0.441786 
0.711363 0.376366 14.5877 0.644377 0.482147 0.95 0.441786 
0.711349 0.38504 12.8996 0.652213 0.478426 0.975 0.441786 
0.711341 0.39416 11.2115 0.660454 0.47452 1 0.441786 
0.724545 0.360385 17.996 0.639643 0.49568 0.9 0.449967 
0.724519 0.368162 16.3078 0.646635 0.492274 0.925 0.449967 
0.724499 0.376383 14.6197 0.654029 0.48868 0.95 0.449967 
0.724484 0.385049 12.9316 0.661826 0.484898 0.975 0.449967 
0.724475 0.39416 11.2435 0.670026 0.480927 1 0.449967 
0.737686 0.36042 18.028 0.649521 0.5022 0.9 0.458149 
0.737658 0.368189 16.3399 0.656476 0.498739 0.925 0.458149 
0.737635 0.376402 14.6517 0.663833 0.495087 0.95 0.458149 
0.737618 0.385059 12.9636 0.671589 0.491242 0.975 0.458149 
0.737607 0.39416 11.2755 0.679747 0.487207 1 0.458149 

ZONE I=5, J=5
0.737686 0.36042 18.0548 0.649521 0.5022 0.9 0.458149 
0.737658 0.368189 16.3543 0.656476 0.498739 0.925 0.458149 
0.737635 0.376402 14.6538 0.663833 0.495087 0.95 0.458149 
0.737618 0.385059 12.9533 0.671589 0.491242 0.975 0.458149 
0.737607 0.39416 11.2528 0.679747 0.487207 1 0.458149 
0.750815 0.360456 18.0894 0.659543 0.508582 0.9 0.46633 
0.750789 0.368217 16.3889 0.666463 0.505069 0.925 0.46633 
0.750768 0.376421 14.6883 0.673782 0.501361 0.95 0.46633 
0.750753 0.385069 12.9878 0.6815 0.49746 0.975 0.46633 
0.750744 0.39416 11.2873 0.689616 0.493364 1 0.46633 
0.763944 0.360492 18.1239 0.669712 0.51483 0.9 0.474511 
0.763917 0.368244 16.4234 0.676596 0.511264 0.925 0.474511 
0.763896 0.37644 14.7229 0.683876 0.507502 0.95 0.474511 
0.763882 0.385078 13.0224 0.691554 0.503542 0.975 0.474511 
0.763874 0.39416 11.3219 0.699628 0.499385 1 0.474511 
0.777072 0.360528 18.1585 0.680028 0.520946 0.9 0.482692 
0.777045 0.368272 16.458 0.686874 0.517327 0.925 0.482692 
0.777023 0.376459 14.7575 0.694115 0.513508 0.95 0.482692 
0.777008 0.385088 13.057 0.701751 0.509489 0.975 0.482692 
0.776998 0.39416 11.3565 0.709782 0.505269 1 0.482692 
0.790204 0.360566 18.1931 0.69049 0.526929 0.9 0.490874 
0.790175 0.368301 16.4926 0.697298 0.523256 0.925 0.490874 
0.790151 0.376479 14.7921 0.704499 0.51938 0.95 0.490874 
0.790133 0.385098 13.0916 0.712092 0.515301 0.975 0.490874 
0.79012 0.39416 11.3911 0.720078 0.511018 1 0.490874 

ZONE I=5, J=5
0.790204 0.360566 18.222 0.69049 0.526929 0.9 0.490874 
0.790175 0.368301 16.5081 0.697298 0.523256 0.925 0.490874 
0.790151 0.376479 14.7943 0.704499 0.51938 0.95 0.490874 
0.790133 0.385098 13.0804 0.712092 0.515301 0.975 0.490874 
0.79012 0.39416 11.3666 0.720078 0.511018 1 0.490874 
0.803324 0.360604 18.2592 0.70109 0.532764 0.9 0.499055 
0.803296 0.36833 16.5453 0.707861 0.529041 0.925 0.499055 
0.803274 0.376499 14.8315 0.715023 0.525112 0.95 0.499055 
0.803258 0.385109 13.1176 0.722575 0.520977 0.975 0.499055 
0.803248 0.39416 11.4038 0.730518 0.516637 1 0.499055 
0.816443 0.360642 18.2964 0.711831 0.538458 0.9 0.507236 
0.816415 0.36836 16.5825 0.718564 0.534685 0.925 0.507236 
0.816393 0.376519 14.8687 0.725685 0.530702 0.95 0.507236 
0.816377 0.385119 13.1548 0.733195 0.526511 0.975 0.507236 
0.816368 0.39416 11.441 0.741093 0.522111 1 0.507236 
0.829562 0.36068 18.3336 0.722713 0.544012 0.9 0.515417 
0.829533 0.368389 16.6197 0.729406 0.540187 0.925 0.515417 
0.82951 0.376539 14.9059 0.736485 0.53615 0.95 0.515417 
0.829493 0.385129 13.192 0.743952 0.531902 0.975 0.515417 
0.829483 0.39416 11.4781 0.751804 0.527442 1 0.515417 
0.842684 0.36072 18.3708 0.733735 0.549425 0.9 0.523599 
0.842653 0.36842 16.6569 0.740387 0.545548 0.925 0.523599 
0.842627 0.37656 14.9431 0.747424 0.541456 0.95 0.523599 
0.842608 0.38514 13.2292 0.754845 0.53715 0.975 0.523599 
0.842595 0.39416 11.5153 0.76265 0.532628 1 0.523599 

ZONE I=5, J=5
0.842684 0.36072 18.4018 0.733735 0.549425 0.9 0.523599 
0.842653 0.36842 16.6736 0.740387 0.545548 0.925 0.523599 
0.842627 0.37656 14.9454 0.747424 0.541456 0.95 0.523599 
0.842608 0.38514 13.2172 0.754845 0.53715 0.975 0.523599 
0.842595 0.39416 11.489 0.76265 0.532628 1 0.523599 
0.855793 0.36076 18.4417 0.744887 0.554683 0.9 0.53178 
0.855763 0.368451 16.7135 0.7515 0.550758 0.925 0.53178 
0.85574 0.376581 14.9853 0.758496 0.546615 0.95 0.53178 
0.855723 0.385151 13.257 0.765874 0.542255 0.975 0.53178 
0.855713 0.39416 11.5288 0.773634 0.537677 1 0.53178 
0.868901 0.360801 18.4815 0.756173 0.559793 0.9 0.539961 
0.868871 0.368482 16.7533 0.762746 0.555818 0.925 0.539961 
0.868848 0.376602 15.0251 0.7697 0.551624 0.95 0.539961 
0.868832 0.385162 13.2969 0.777033 0.547209 0.975 0.539961 
0.868822 0.39416 11.5687 0.784746 0.542575 1 0.539961 
0.882009 0.360841 18.5214 0.767593 0.564754 0.9 0.548142 
0.881978 0.368513 16.7932 0.774125 0.56073 0.925 0.548142 
0.881954 0.376624 15.065 0.781035 0.556483 0.95 0.548142 
0.881937 0.385173 13.3367 0.788322 0.552013 0.975 0.548142 
0.881926 0.39416 11.6085 0.795987 0.547321 1 0.548142 
0.89512 0.360883 18.5612 0.779147 0.569567 0.9 0.556324 
0.895087 0.368545 16.833 0.785636 0.565493 0.925 0.556324 
0.89506 0.376646 15.1048 0.792501 0.561192 0.95 0.556324 
0.89504 0.385184 13.3766 0.799741 0.556666 0.975 0.556324 
0.895026 0.39416 11.6484 0.807356 0.551914 1 0.556324 

ZONE I=5, J=5
0.89512 0.360883 18.5944 0.779147 0.569567 0.9 0.556324 
0.895087 0.368545 16.8509 0.785636 0.565493 0.925 0.556324 
0.89506 0.376646 15.1073 0.792501 0.561192 0.95 0.556324 
0.89504 0.385184 13.3637 0.799741 0.556666 0.975 0.556324 
0.895026 0.39416 11.6202 0.807356 0.551914 1 0.556324 
0.908218 0.360925 18.637 0.790823 0.574217 0.9 0.564505 
0.908186 0.368578 16.8934 0.797272 0.570096 0.925 0.564505 
0.908162 0.376668 15.1499 0.804094 0.565747 0.95 0.564505 
0.908144 0.385196 13.4063 0.811289 0.56117 0.975 0.564505 
0.908133 0.39416 11.6627 0.818857 0.556364 1 0.564505 
0.921313 0.360968 18.6796 0.802627 0.578711 0.9 0.572686 
0.921282 0.368611 16.936 0.809033 0.574543 0.925 0.572686 
0.921258 0.376691 15.1924 0.815811 0.570145 0.95 0.572686 
0.921241 0.385207 13.4488 0.822959 0.565515 0.975 0.572686 
0.921231 0.39416 11.7053 0.830478 0.560655 1 0.572686 
0.93441 0.361011 18.7221 0.814557 0.58305 0.9 0.580867 
0.934377 0.368644 16.9785 0.82092 0.578834 0.925 0.580867 
0.934352 0.376713 15.235 0.827652 0.574385 0.95 0.580867 
0.934334 0.385218 13.4914 0.834752 0.569703 0.975 0.580867 
0.934322 0.39416 11.7478 0.842221 0.564786 1 0.580867 
0.947509 0.361055 18.7647 0.826614 0.587233 0.9 0.589049 
0.947474 0.368677 17.0211 0.832933 0.58297 0.925 0.589049 
0.947446 0.376736 15.2775 0.839618 0.578469 0.95 0.589049 
0.947425 0.38523 13.534 0.846668 0.573732 0.975 0.589049 
0.94741 0.39416 11.7904 0.854085 0.568759 1 0.589049 

ZONE I=5, J=5
0.947509 0.361055 18.8001 0.826614 0.587233 0.9 0.589049 
0.947474 0.368677 17.0401 0.832933 0.58297 0.925 0.589049 
0.947446 0.376736 15.2802 0.839618 0.578469 0.95 0.589049 
0.947425 0.38523 13.5202 0.846668 0.573732 0.975 0.589049 
0.94741 0.39416 11.7603 0.854085 0.568759 1 0.589049 
0.960594 0.361099 18.8454 0.838785 0.591246 0.9 0.59723 
0.960561 0.368712 17.0855 0.845062 0.586938 0.925 0.59723 
0.960535 0.37676 15.3255 0.851702 0.582391 0.95 0.59723 
0.960516 0.385243 13.5655 0.858706 0.577605 0.975 0.59723 
0.960505 0.394161 11.8056 0.866074 0.57258 1 0.59723 
0.973677 0.361144 18.8907 0.851076 0.595097 0.9 0.605411 
0.973644 0.368746 17.1308 0.857309 0.590743 0.925 0.605411 
0.973619 0.376783 15.3708 0.863903 0.586149 0.95 0.605411 
0.973601 0.385254 13.6109 0.870859 0.581313 0.975 0.605411 
0.97359 0.39416 11.8509 0.878176 0.576236 1 0.605411 
0.98676 0.361188 18.936 0.863487 0.598785 0.9 0.613592 
0.986726 0.36878 17.1761 0.869674 0.594386 0.925 0.613592 
0.9867 0.376806 15.4161 0.876221 0.589742 0.95 0.613592 
0.98668 0.385266 13.6562 0.883127 0.584856 0.975 0.613592 
0.986668 0.39416 11.8962 0.890391 0.579725 1 0.613592 
0.999846 0.361234 18.9814 0.876017 0.602311 0.9 0.621774 
0.99981 0.368816 17.2214 0.882158 0.597865 0.925 0.621774 
0.999781 0.376831 15.4614 0.888656 0.593173 0.95 0.621774 
0.999758 0.385279 13.7015 0.89551 0.588233 0.975 0.621774 
0.999742 0.39416 11.9415 0.90272 0.583047 1 0.621774 

ZONE I=5, J=5
0.999846 0.361234 19.0191 0.876017 0.602311 0.9 0.621774 
0.99981 0.368816 17.2417 0.882158 0.597865 0.925 0.621774 
0.999781 0.376831 15.4643 0.888656 0.593173 0.95 0.621774 
0.999758 0.385279 13.6869 0.89551 0.588233 0.975 0.621774 
0.999742 0.39416 11.9095 0.90272 0.583047 1 0.621774 
1.01292 0.361281 19.0672 0.888653 0.605659 0.9 0.629955 
1.01288 0.368852 17.2898 0.89475 0.601171 0.925 0.629955 
1.01286 0.376855 15.5124 0.901202 0.596434 0.95 0.629955 
1.01284 0.385292 13.735 0.908007 0.591448 0.975 0.629955 
1.01282 0.394161 11.9576 0.915166 0.586213 1 0.629955 
1.02599 0.361327 19.1153 0.9014 0.608838 0.9 0.638136 
1.02595 0.368887 17.3379 0.907452 0.604307 0.925 0.638136 
1.02593 0.37688 15.5605 0.913856 0.599524 0.95 0.638136 
1.02591 0.385304 13.7831 0.920611 0.594491 0.975 0.638136 
1.0259 0.39416 12.0057 0.927718 0.589206 1 0.638136 
1.03906 0.361374 19.1635 0.914259 0.611848 0.9 0.646317 
1.03902 0.368923 17.3861 0.920264 0.607273 0.925 0.646317 
1.03899 0.376904 15.6087 0.926619 0.602444 0.95 0.646317 
1.03897 0.385316 13.8313 0.933322 0.597362 0.975 0.646317 
1.03896 0.39416 12.0539 0.940374 0.592026 1 0.646317 
1.05213 0.361422 19.2116 0.927229 0.614688 0.9 0.654498 
1.05209 0.36896 17.4342 0.933186 0.610069 0.925 0.654498 
1.05206 0.376929 15.6568 0.93949 0.605194 0.95 0.654498 
1.05203 0.385329 13.8794 0.94614 0.600061 0.975 0.654498 
1.05202 0.39416 12.102 0.953136 0.594672 1 0.654498 

ZONE I=5, J=5
1.05213 0.361422 19.2516 0.927229 0.614688 0.9 0.654498 
1.05209 0.36896 17.4557 0.933186 0.610069 0.925 0.654498 
1.05206 0.376929 15.6598 0.93949 0.605194 0.95 0.654498 
1.05203 0.385329 13.8639 0.94614 0.600061 0.975 0.654498 
1.05202 0.39416 12.068 0.953136 0.594672 1 0.654498 
1.06518 0.36147 19.3026 0.940298 0.617345 0.9 0.66268 
1.06515 0.368998 17.5067 0.94621 0.612686 0.925 0.66268 
1.06512 0.376955 15.7108 0.952466 0.607768 0.95 0.66268 
1.0651 0.385343 13.9149 0.959066 0.602592 0.975 0.66268 
1.06509 0.394161 12.119 0.966009 0.597157 1 0.66268 
1.07824 0.361519 19.3536 0.953471 0.619827 0.9 0.670861 
1.0782 0.369035 17.5577 0.959336 0.615127 0.925 0.670861 
1.07817 0.37698 15.7618 0.965542 0.610166 0.95 0.670861 
1.07815 0.385356 13.9659 0.97209 0.604944 0.975 0.670861 
1.07814 0.39416 12.17 0.978979 0.599461 1 0.670861 
1.09129 0.361568 19.4046 0.966746 0.622133 0.9 0.679042 
1.09125 0.369072 17.6087 0.972563 0.617391 0.925 0.679042 
1.09123 0.377006 15.8128 0.978718 0.612386 0.95 0.679042 
1.0912 0.385368 14.0169 0.985213 0.607118 0.975 0.679042 
1.09119 0.39416 12.221 0.992045 0.601586 1 0.679042 
1.10435 0.361617 19.4556 0.980124 0.624264 0.9 0.687223 
1.10431 0.369111 17.6597 0.985891 0.61948 0.925 0.687223 
1.10428 0.377032 15.8638 0.991994 0.61443 0.95 0.687223 
1.10425 0.385382 14.0679 0.998433 0.609114 0.975 0.687223 
1.10423 0.39416 12.272 1.00521 0.603532 1 0.687223 

ZONE I=5, J=5
1.10435 0.361617 19.4981 0.980124 0.624264 0.9 0.687223 
1.10431 0.369111 17.6825 0.985891 0.61948 0.925 0.687223 
1.10428 0.377032 15.867 0.991994 0.61443 0.95 0.687223 
1.10425 0.385382 14.0515 0.998433 0.609114 0.975 0.687223 
1.10423 0.39416 12.2359 1.00521 0.603532 1 0.687223 
1.11739 0.361668 19.552 0.993592 0.626205 0.9 0.695405 
1.11735 0.36915 17.7365 0.999313 0.621382 0.925 0.695405 
1.11732 0.377059 15.9209 1.00537 0.616292 0.95 0.695405 
1.1173 0.385396 14.1054 1.01175 0.610934 0.975 0.695405 
1.11729 0.394161 12.2899 1.01848 0.605309 1 0.695405 
1.13042 0.361718 19.6059 1.00716 0.627964 0.9 0.703586 
1.13039 0.369188 17.7904 1.01283 0.623103 0.925 0.703586 
1.13036 0.377085 15.9749 1.01883 0.617972 0.95 0.703586 
1.13034 0.385409 14.1593 1.02516 0.612571 0.975 0.703586 
1.13033 0.39416 12.3438 1.03183 0.6069 1 0.703586 
1.14346 0.361768 19.6599 1.02081 0.629542 0.9 0.711767 
1.14342 0.369227 17.8443 1.02644 0.624642 0.925 0.711767 
1.14339 0.377112 16.0288 1.03239 0.619469 0.95 0.711767 
1.14337 0.385423 14.2133 1.03866 0.614024 0.975 0.711767 
1.14336 0.39416 12.3977 1.04527 0.608306 1 0.711767 
1.1565 0.36182 19.7138 1.03456 0.630939 0.9 0.719948 
1.15646 0.369267 17.8983 1.04014 0.625998 0.925 0.719948 
1.15643 0.377139 16.0828 1.04603 0.620783 0.95 0.719948 
1.1564 0.385437 14.2672 1.05225 0.615292 0.975 0.719948 
1.15638 0.39416 12.4517 1.0588 0.609527 1 0.719948 

ZONE I=5, J=5
1.1565 0.36182 19.7587 1.03456 0.630939 0.9 0.719948 
1.15646 0.369267 17.9224 1.04014 0.625998 0.925 0.719948 
1.15643 0.377139 16.0861 1.04603 0.620783 0.95 0.719948 
1.1564 0.385437 14.2499 1.05225 0.615292 0.975 0.719948 
1.15638 0.39416 12.4136 1.0588 0.609527 1 0.719948 
1.16952 0.361872 19.8156 1.0484 0.63214 0.9 0.72813 
1.16949 0.369307 17.9794 1.05392 0.627163 0.925 0.72813 
1.16945 0.377167 16.1431 1.05977 0.62191 0.95 0.72813 
1.16943 0.385451 14.3068 1.06594 0.61638 0.975 0.72813 
1.16942 0.394161 12.4705 1.07243 0.610574 1 0.72813 
1.18254 0.361924 19.8726 1.06232 0.633153 0.9 0.736311 
1.18251 0.369347 18.0363 1.06779 0.62814 0.925 0.736311 
1.18248 0.377194 16.2 1.07358 0.622849 0.95 0.736311 
1.18245 0.385465 14.3638 1.0797 0.617278 0.975 0.736311 
1.18244 0.39416 12.5275 1.08613 0.611429 1 0.736311 
1.19556 0.361977 19.9295 1.07632 0.63398 0.9 0.744492 
1.19552 0.369387 18.0932 1.08174 0.62893 0.925 0.744492 
1.19549 0.377221 16.257 1.08748 0.623599 0.95 0.744492 
1.19547 0.385479 14.4207 1.09354 0.617987 0.975 0.744492 
1.19546 0.39416 12.5844 1.09992 0.612094 1 0.744492 
1.20858 0.36203 19.9865 1.09041 0.634621 0.9 0.752673 
1.20854 0.369428 18.1502 1.09578 0.629533 0.925 0.752673 
1.20851 0.377249 16.3139 1.10147 0.624161 0.95 0.752673 
1.20848 0.385493 14.4776 1.10747 0.618506 0.975 0.752673 
1.20846 0.39416 12.6414 1.11378 0.612568 1 0.752673 

ZONE I=5, J=5
1.20858 0.36203 20.0338 1.09041 0.634621 0.9 0.752673 
1.20854 0.369428 18.1757 1.09578 0.629533 0.925 0.752673 
1.20851 0.377249 16.3175 1.10147 0.624161 0.95 0.752673 
1.20848 0.385493 14.4593 1.10747 0.618506 0.975 0.752673 
1.20846 0.39416 12.6012 1.11378 0.612568 1 0.752673 
1.22159 0.362084 20.0939 1.10457 0.635059 0.9 0.760855 
1.22155 0.36947 18.2357 1.10989 0.629937 0.925 0.760855 
1.22152 0.377278 16.3775 1.11553 0.624531 0.95 0.760855 
1.22149 0.385508 14.5194 1.12147 0.618839 0.975 0.760855 
1.22148 0.394161 12.6612 1.12773 0.612862 1 0.760855 
1.23459 0.362137 20.1539 1.11881 0.635306 0.9 0.769036 
1.23455 0.369511 18.2957 1.12408 0.63015 0.925 0.769036 
1.23452 0.377306 16.4375 1.12966 0.624707 0.95 0.769036 
1.2345 0.385522 14.5794 1.13555 0.618977 0.975 0.769036 
1.23448 0.39416 12.7212 1.14175 0.61296 1 0.769036 
1.24759 0.362192 20.2139 1.13313 0.635361 0.9 0.777217 
1.24755 0.369553 18.3557 1.13834 0.630169 0.925 0.777217 
1.24751 0.377334 16.4976 1.14387 0.624689 0.95 0.777217 
1.24749 0.385537 14.6394 1.1497 0.61892 0.975 0.777217 
1.24748 0.39416 12.7812 1.15584 0.612862 1 0.777217 
1.26059 0.362247 20.2739 1.14752 0.635224 0.9 0.785398 
1.26054 0.369595 18.4158 1.15268 0.629997 0.925 0.785398 
1.26051 0.377363 16.5576 1.15815 0.624479 0.95 0.785398 
1.26048 0.385552 14.6994 1.16392 0.618669 0.975 0.785398 
1.26046 0.39416 12.8413 1.16999 0.612568 1 0.785398 

ZONE I=5, J=5
1.26059 0.362247 20.3239 1.14752 0.635224 0.9 0.785398 
1.26054 0.369595 18.4426 1.15268 0.629997 0.925 0.785398 
1.26051 0.377363 16.5614 1.15815 0.624479 0.95 0.785398 
1.26048 0.385552 14.6801 1.16392 0.618669 0.975 0.785398 
1.26046 0.39416 12.7989 1.16999 0.612568 1 0.785398 
1.27357 0.362302 20.387 1.16197 0.63488 0.9 0.79358 
1.27353 0.369638 18.5058 1.16709 0.629621 0.925 0.79358 
1.2735 0.377393 16.6246 1.1725 0.62407 0.95 0.79358 
1.27347 0.385567 14.7433 1.17822 0.618226 0.975 0.79358 
1.27346 0.394161 12.8621 1.18423 0.61209 1 0.79358 
1.28655 0.362358 20.4502 1.17649 0.634339 0.9 0.801761 
1.28651 0.36968 18.569 1.18156 0.629049 0.925 0.801761 
1.28648 0.377422 16.6877 1.18692 0.623464 0.95 0.801761 
1.28646 0.385582 14.8065 1.19257 0.617584 0.975 0.801761 
1.28644 0.39416 12.9252 1.19853 0.611411 1 0.801761 
1.29953 0.362413 20.5134 1.19108 0.633602 0.9 0.809942 
1.29949 0.369723 18.6322 1.19609 0.628279 0.925 0.809942 
1.29946 0.377451 16.7509 1.20139 0.622659 0.95 0.809942 
1.29943 0.385596 14.8697 1.20699 0.616743 0.975 0.809942 
1.29942 0.39416 12.9884 1.21289 0.61053 1 0.809942 
1.31251 0.36247 20.5766 1.20574 0.632668 0.9 0.818123 
1.31247 0.369767 18.6953 1.21069 0.627312 0.925 0.818123 
1.31243 0.377481 16.8141 1.21594 0.621656 0.95 0.818123 
1.3124 0.385612 14.9328 1.22147 0.615702 0.975 0.818123 
1.31238 0.39416 13.0516 1.2273 0.609449 1 0.818123 

ZONE I=5, J=5
1.31251 0.36247 20.6291 1.20574 0.632668 0.9 0.818123 
1.31247 0.369767 18.7236 1.21069 0.627312 0.925 0.818123 
1.31243 0.377481 16.8181 1.21594 0.621656 0.95 0.818123 
1.3124 0.385612 14.9126 1.22147 0.615702 0.975 0.818123 
1.31238 0.39416 13.007 1.2273 0.609449 1 0.818123 
1.32547 0.362527 20.6956 1.22044 0.631523 0.9 0.826305 
1.32543 0.369811 18.79 1.22535 0.626137 0.925 0.826305 
1.3254 0.377511 16.8845 1.23054 0.620451 0.95 0.826305 
1.32537 0.385628 14.979 1.23602 0.614466 0.975 0.826305 
1.32536 0.394161 13.0734 1.24179 0.60818 1 0.826305 
1.33843 0.362584 20.762 1.23521 0.630176 0.9 0.834486 
1.33839 0.369855 18.8564 1.24006 0.624761 0.925 0.834486 
1.33835 0.377541 16.9509 1.2452 0.619044 0.95 0.834486 
1.33833 0.385643 15.0454 1.25062 0.613025 0.975 0.834486 
1.33832 0.39416 13.1399 1.25633 0.606705 1 0.834486 
1.35138 0.362641 20.8284 1.25003 0.628629 0.9 0.842667 
1.35134 0.369899 18.9229 1.25483 0.623183 0.925 0.842667 
1.35131 0.377571 17.0173 1.25991 0.617434 0.95 0.842667 
1.35128 0.385658 15.1118 1.26527 0.611381 0.975 0.842667 
1.35127 0.39416 13.2063 1.27092 0.605025 1 0.842667 
1.36434 0.362699 20.8948 1.26491 0.626881 0.9 0.850848 
1.3643 0.369944 18.9893 1.26965 0.621404 0.925 0.850848 
1.36426 0.377602 17.0837 1.27467 0.615622 0.95 0.850848 
1.36423 0.385674 15.1782 1.27997 0.609533 0.975 0.850848 
1.36421 0.39416 13.2727 1.28555 0.603139 1 0.850848 

ZONE I=5, J=5
1.36434 0.362699 20.95 1.26491 0.626881 0.9 0.850848 
1.3643 0.369944 19.019 1.26965 0.621404 0.925 0.850848 
1.36426 0.377602 17.0879 1.27467 0.615622 0.95 0.850848 
1.36423 0.385674 15.1569 1.27997 0.609533 0.975 0.850848 
1.36421 0.39416 13.2259 1.28555 0.603139 1 0.850848 
1.37728 0.362758 21.0197 1.27983 0.624918 0.9 0.859029 
1.37723 0.369989 19.0887 1.28452 0.619414 0.925 0.859029 
1.3772 0.377633 17.1577 1.28949 0.613603 0.95 0.859029 
1.37718 0.38569 15.2266 1.29473 0.607486 0.975 0.859029 
1.37716 0.394161 13.2956 1.30025 0.601061 1 0.859029 
1.39021 0.362816 21.0895 1.2948 0.622749 0.9 0.86721 
1.39017 0.370034 19.1585 1.29944 0.617218 0.925 0.86721 
1.39013 0.377664 17.2274 1.30435 0.611378 0.95 0.86721 
1.39011 0.385706 15.2964 1.30953 0.60523 0.975 0.86721 
1.3901 0.39416 13.3653 1.31499 0.598774 1 0.86721 
1.40314 0.362875 21.1592 1.30982 0.620375 0.9 0.875391 
1.4031 0.370079 19.2282 1.3144 0.614816 0.925 0.875391 
1.40306 0.377694 17.2972 1.31925 0.608947 0.95 0.875391 
1.40304 0.385721 15.3661 1.32438 0.602767 0.975 0.875391 
1.40302 0.39416 13.4351 1.32977 0.596278 1 0.875391 
1.41608 0.362935 21.229 1.32489 0.617797 0.9 0.883573 
1.41603 0.370125 19.2979 1.32941 0.612209 0.925 0.883573 
1.41599 0.377726 17.3669 1.3342 0.606309 0.95 0.883573 
1.41596 0.385737 15.4359 1.33926 0.600097 0.975 0.883573 
1.41594 0.39416 13.5048 1.34459 0.593572 1 0.883573 

ZONE I=5, J=5
1.41608 0.362935 21.2868 1.32489 0.617797 0.9 0.883573 
1.41603 0.370125 19.3291 1.32941 0.612209 0.925 0.883573 
1.41599 0.377726 17.3713 1.3342 0.606309 0.95 0.883573 
1.41596 0.385737 15.4135 1.33926 0.600097 0.975 0.883573 
1.41594 0.39416 13.4558 1.34459 0.593572 1 0.883573 
1.42899 0.362995 21.36 1.33998 0.615 0.9 0.891754 
1.42894 0.370171 19.4022 1.34445 0.609387 0.925 0.891754 
1.42891 0.377758 17.4445 1.34919 0.603461 0.95 0.891754 
1.42888 0.385754 15.4867 1.35419 0.597223 0.975 0.891754 
1.42887 0.394161 13.5289 1.35946 0.59067 1 0.891754 
1.44189 0.363055 21.4332 1.35511 0.611994 0.9 0.899935 
1.44185 0.370217 19.4754 1.35953 0.606356 0.925 0.899935 
1.44182 0.377789 17.5176 1.36421 0.600404 0.95 0.899935 
1.44179 0.38577 15.5599 1.36915 0.594137 0.975 0.899935 
1.44178 0.39416 13.6021 1.37436 0.587556 1 0.899935 
1.4548 0.363115 21.5063 1.37029 0.608779 0.9 0.908116 
1.45476 0.370263 19.5485 1.37465 0.603116 0.925 0.908116 
1.45472 0.37782 17.5908 1.37927 0.597137 0.95 0.908116 
1.45469 0.385786 15.633 1.38415 0.590841 0.975 0.908116 
1.45468 0.39416 13.6753 1.38929 0.584229 1 0.908116 
1.46771 0.363176 21.5795 1.3855 0.605357 0.9 0.916298 
1.46766 0.37031 19.6217 1.3898 0.599667 0.925 0.916298 
1.46762 0.377853 17.6639 1.39436 0.593659 0.95 0.916298 
1.46759 0.385803 15.7062 1.39918 0.587333 0.975 0.916298 
1.46757 0.39416 13.7484 1.40425 0.580689 1 0.916298 

ZONE I=5, J=5
1.46771 0.363176 21.6398 1.3855 0.605357 0.9 0.916298 
1.46766 0.37031 19.6542 1.3898 0.599667 0.925 0.916298 
1.46762 0.377853 17.6686 1.39436 0.593659 0.95 0.916298 
1.46759 0.385803 15.6829 1.39918 0.587333 0.975 0.916298 
1.46757 0.39416 13.6973 1.40425 0.580689 1 0.916298 
1.48059 0.363238 21.7165 1.40073 0.601712 0.9 0.924479 
1.48055 0.370358 19.7309 1.40498 0.596 0.925 0.924479 
1.48051 0.377886 17.7452 1.40948 0.589969 0.95 0.924479 
1.48048 0.38582 15.7596 1.41424 0.583619 0.975 0.924479 
1.48047 0.394161 13.774 1.41925 0.57695 1 0.924479 
1.49347 0.363299 21.7932 1.41598 0.597855 0.9 0.93266 
1.49343 0.370405 19.8075 1.42018 0.592121 0.925 0.93266 
1.49339 0.377917 17.8219 1.42463 0.586066 0.95 0.93266 
1.49337 0.385836 15.8363 1.42932 0.579691 0.975 0.93266 
1.49335 0.39416 13.8506 1.43427 0.572996 1 0.93266 
1.50635 0.36336 21.8698 1.43127 0.593787 0.9 0.940841 
1.5063 0.370452 19.8842 1.43541 0.58803 0.925 0.940841 
1.50627 0.37795 17.8986 1.4398 0.58195 0.95 0.940841 
1.50624 0.385852 15.9129 1.44443 0.575549 0.975 0.940841 
1.50622 0.39416 13.9273 1.44931 0.568826 1 0.940841 
1.51923 0.363422 21.9465 1.44658 0.589508 0.9 0.949023 
1.51918 0.3705 19.9609 1.45067 0.583726 0.925 0.949023 
1.51914 0.377983 17.9752 1.45499 0.577621 0.95 0.949023 
1.51911 0.385869 15.9896 1.45956 0.571192 0.975 0.949023 
1.51908 0.39416 14.004 1.46437 0.56444 1 0.949023 

ZONE I=5, J=5
1.51923 0.363422 22.0087 1.44658 0.589508 0.9 0.949023 
1.51918 0.3705 19.9944 1.45067 0.583726 0.925 0.949023 
1.51914 0.377983 17.98 1.45499 0.577621 0.95 0.949023 
1.51911 0.385869 15.9657 1.45956 0.571192 0.975 0.949023 
1.51908 0.39416 13.9513 1.46437 0.56444 1 0.949023 
1.53208 0.363485 22.089 1.4619 0.585004 0.9 0.957204 
1.53203 0.370549 20.0747 1.46593 0.579202 0.925 0.957204 
1.532 0.378016 18.0603 1.4702 0.573077 0.95 0.957204 
1.53197 0.385887 16.046 1.47471 0.566627 0.975 0.957204 
1.53195 0.394161 14.0316 1.47946 0.559852 1 0.957204 
1.54493 0.363548 22.1693 1.47724 0.580286 0.9 0.965385 
1.54488 0.370597 20.155 1.48122 0.574464 0.925 0.965385 
1.54485 0.378049 18.1406 1.48543 0.568317 0.95 0.965385 
1.54482 0.385903 16.1263 1.48988 0.561844 0.975 0.965385 
1.54481 0.39416 14.1119 1.49456 0.555047 1 0.965385 
1.55778 0.36361 22.2496 1.4926 0.575353 0.9 0.973566 
1.55773 0.370645 20.2353 1.49652 0.56951 0.925 0.973566 
1.55769 0.378082 18.2209 1.50067 0.563341 0.95 0.973566 
1.55767 0.38592 16.2066 1.50505 0.556845 0.975 0.973566 
1.55765 0.39416 14.1922 1.50967 0.550023 1 0.973566 
1.57062 0.363674 22.3299 1.50797 0.570207 0.9 0.981748 
1.57057 0.370695 20.3156 1.51183 0.564342 0.925 0.981748 
1.57053 0.378116 18.3012 1.51592 0.55815 0.95 0.981748 
1.5705 0.385938 16.2869 1.52024 0.55163 0.975 0.981748 
1.57048 0.39416 14.2725 1.52479 0.544782 1 0.981748 

ZONE I=5, J=5
1.57062 0.363674 22.392 1.50797 0.570207 0.9 0.981748 
1.57057 0.370695 20.349 1.51183 0.564342 0.925 0.981748 
1.57053 0.378116 18.306 1.51592 0.55815 0.95 0.981748 
1.5705 0.385938 16.263 1.52024 0.55163 0.975 0.981748 
1.57048 0.39416 14.22 1.52479 0.544782 1 0.981748 
1.58345 0.363739 22.4761 1.52334 0.564833 0.9 0.989929 
1.5834 0.370745 20.4331 1.52715 0.558952 0.925 0.989929 
1.58337 0.37815 18.3901 1.53118 0.552741 0.95 0.989929 
1.58334 0.385956 16.3471 1.53544 0.546202 0.975 0.989929 
1.58333 0.394161 14.3041 1.53993 0.539335 1 0.989929 
1.59626 0.363802 22.5601 1.53872 0.559244 0.9 0.99811 
1.59622 0.370794 20.5171 1.54247 0.553344 0.925 0.99811 
1.59618 0.378184 18.4741 1.54645 0.547115 0.95 0.99811 
1.59616 0.385973 16.4311 1.55065 0.540557 0.975 0.99811 
1.59615 0.39416 14.3882 1.55507 0.533669 1 0.99811 
1.60907 0.363866 22.6442 1.5541 0.553438 0.9 1.00629 
1.60903 0.370843 20.6012 1.55779 0.54752 0.925 1.00629 
1.609 0.378218 18.5582 1.56171 0.541272 0.95 1.00629 
1.60897 0.38599 16.5152 1.56585 0.534694 0.975 1.00629 
1.60896 0.39416 14.4722 1.57021 0.527785 1 1.00629 
1.62188 0.36393 22.7282 1.56948 0.547416 0.9 1.01447 
1.62184 0.370894 20.6852 1.57312 0.541479 0.925 1.01447 
1.6218 0.378253 18.6423 1.57698 0.535211 0.95 1.01447 
1.62178 0.386008 16.5993 1.58105 0.528612 0.975 1.01447 
1.62176 0.39416 14.5563 1.58534 0.521682 1 1.01447 

ZONE I=5, J=5
1.62188 0.36393 22.7841 1.56948 0.547416 0.9 1.01447 
1.62184 0.370894 20.7153 1.57312 0.541479 0.925 1.01447 
1.6218 0.378253 18.6466 1.57698 0.535211 0.95 1.01447 
1.62178 0.386008 16.5779 1.58105 0.528612 0.975 1.01447 
1.62176 0.39416 14.5092 1.58534 0.521682 1 1.01447 
1.63468 0.363997 22.8721 1.58487 0.541161 0.9 1.02266 
1.63464 0.370945 20.8034 1.58845 0.53521 0.925 1.02266 
1.63461 0.378288 18.7347 1.59225 0.528927 0.95 1.02266 
1.63459 0.386027 16.666 1.59627 0.522312 0.975 1.02266 
1.63458 0.394161 14.5972 1.6005 0.515364 1 1.02266 
1.64746 0.364062 22.9601 1.60024 0.534689 0.9 1.03084 
1.64742 0.370996 20.8914 1.60377 0.528723 0.925 1.03084 
1.6474 0.378323 18.8227 1.60752 0.522424 0.95 1.03084 
1.64738 0.386045 16.754 1.61147 0.515793 0.975 1.03084 
1.64738 0.39416 14.6853 1.61564 0.50883 1 1.03084 
1.66023 0.364127 23.0482 1.6156 0.528 0.9 1.03902 
1.6602 0.371047 20.9795 1.61908 0.522018 0.925 1.03902 
1.66017 0.378359 18.9108 1.62277 0.515704 0.95 1.03902 
1.66016 0.386063 16.842 1.62667 0.509058 0.975 1.03902 
1.66016 0.39416 14.7733 1.63077 0.502079 1 1.03902 
1.673 0.364192 23.1362 1.63095 0.521094 0.9 1.0472 
1.67296 0.371099 21.0675 1.63438 0.515096 0.925 1.0472 
1.67294 0.378397 18.9988 1.63801 0.508766 0.95 1.0472 
1.67293 0.386084 16.9301 1.64184 0.502104 0.975 1.0472 
1.67293 0.39416 14.8614 1.64588 0.49511 1 1.0472 

ZONE I=5, J=5
1.673 0.364192 23.1677 1.63095 0.521094 0.9 1.0472 
1.67296 0.371099 21.0846 1.63438 0.515096 0.925 1.0472 
1.67294 0.378397 19.0014 1.63801 0.508766 0.95 1.0472 
1.67293 0.386084 16.9182 1.64184 0.502104 0.975 1.0472 
1.67293 0.39416 14.835 1.64588 0.49511 1 1.0472 
1.68575 0.364262 23.2601 1.64629 0.513959 0.9 1.05538 
1.68572 0.371153 21.1769 1.64966 0.50795 0.925 1.05538 
1.6857 0.378433 19.0937 1.65324 0.501608 0.95 1.05538 
1.6857 0.386102 17.0106 1.65702 0.494934 0.975 1.05538 
1.68571 0.394161 14.9274 1.66099 0.487926 1 1.05538 
1.69848 0.364329 23.3524 1.6616 0.506602 0.9 1.06356 
1.69846 0.371206 21.2692 1.66493 0.500581 0.925 1.06356 
1.69845 0.378471 19.1861 1.66845 0.494229 0.95 1.06356 
1.69846 0.386122 17.1029 1.67217 0.487544 0.975 1.06356 
1.69848 0.39416 15.0197 1.67609 0.480526 1 1.06356 
1.71119 0.364394 23.4448 1.67689 0.499022 0.9 1.07174 
1.71119 0.371261 21.3616 1.68017 0.492989 0.925 1.07174 
1.71119 0.378511 19.2784 1.68364 0.486626 0.95 1.07174 
1.71121 0.386144 17.1952 1.68731 0.479933 0.975 1.07174 
1.71124 0.39416 15.1121 1.69117 0.47291 1 1.07174 
1.7239 0.364459 23.5371 1.69215 0.49122 0.9 1.07992 
1.7239 0.371318 21.4539 1.69538 0.485174 0.925 1.07992 
1.72393 0.378554 19.3708 1.69881 0.478802 0.95 1.07992 
1.72396 0.386168 17.2876 1.70243 0.472104 0.975 1.07992 
1.72401 0.39416 15.2044 1.70625 0.465078 1 1.07992 

ZONE I=5, J=5
1.7239 0.364459 23.4919 1.69215 0.49122 0.9 1.07992 
1.7239 0.371318 21.4298 1.69538 0.485174 0.925 1.07992 
1.72393 0.378554 19.3677 1.69881 0.478802 0.95 1.07992 
1.72396 0.386168 17.3056 1.70243 0.472104 0.975 1.07992 
1.72401 0.39416 15.2435 1.70625 0.465078 1 1.07992 
1.7366 0.364536 23.5895 1.7074 0.483194 0.9 1.0881 
1.73662 0.371376 21.5274 1.71059 0.477143 0.925 1.0881 
1.73665 0.378593 19.4653 1.71396 0.470764 0.95 1.0881 
1.73669 0.386188 17.4032 1.71753 0.464057 0.975 1.0881 
1.73675 0.39416 15.3411 1.72128 0.457023 1 1.0881 
1.74927 0.364606 23.6871 1.72259 0.474936 0.9 1.09628 
1.74931 0.371435 21.625 1.72575 0.468879 0.925 1.09628 
1.74937 0.378637 19.5629 1.72909 0.462497 0.95 1.09628 
1.74943 0.386212 17.5008 1.73261 0.45579 0.975 1.09628 
1.74952 0.39416 15.4387 1.73631 0.448757 1 1.09628 
1.76191 0.364671 23.7847 1.73774 0.466446 0.9 1.10446 
1.76198 0.371496 21.7226 1.74087 0.460382 0.925 1.10446 
1.76207 0.378686 19.6605 1.74419 0.454001 0.95 1.10446 
1.76218 0.386241 17.5984 1.74768 0.447301 0.975 1.10446 
1.7623 0.39416 15.5363 1.75135 0.440283 1 1.10446 
1.77451 0.364732 23.8823 1.75283 0.457725 0.9 1.11265 
1.77464 0.371561 21.8202 1.75596 0.451654 0.925 1.11265 
1.77478 0.378741 19.7581 1.75926 0.445276 0.95 1.11265 
1.77494 0.386274 17.696 1.76274 0.438591 0.975 1.11265 
1.77512 0.39416 15.6339 1.76639 0.431598 1 1.11265 

ZONE I=5, J=5
1.77451 0.364732 23.6163 1.75283 0.457725 0.9 1.11265 
1.77464 0.371561 21.6778 1.75596 0.451654 0.925 1.11265 
1.77478 0.378741 19.7393 1.75926 0.445276 0.95 1.11265 
1.77494 0.386274 17.8008 1.76274 0.438591 0.975 1.11265 
1.77512 0.39416 15.8623 1.76639 0.431598 1 1.11265 
1.78716 0.364818 23.7206 1.76794 0.448792 0.9 1.12083 
1.7873 0.371628 21.7821 1.77103 0.442725 0.925 1.12083 
1.78747 0.378788 19.8436 1.7743 0.436349 0.95 1.12083 
1.78765 0.386299 17.9051 1.77773 0.429665 0.975 1.12083 
1.78785 0.39416 15.9666 1.78132 0.422673 1 1.12083 
1.79971 0.364885 23.8249 1.78292 0.439621 0.9 1.12901 
1.79992 0.371692 21.8864 1.78603 0.433558 0.925 1.12901 
1.80015 0.37884 19.9479 1.78929 0.427194 0.95 1.12901 
1.80039 0.386329 18.0094 1.79271 0.420527 0.975 1.12901 
1.80065 0.39416 16.0709 1.79629 0.413558 1 1.12901 
1.81217 0.364938 23.9293 1.79779 0.430209 0.9 1.13719 
1.81248 0.371755 21.9908 1.80093 0.424154 0.925 1.13719 
1.8128 0.378897 20.0522 1.80423 0.417809 0.95 1.13719 
1.81315 0.386366 18.1137 1.80768 0.411176 0.975 1.13719 
1.81351 0.39416 16.1752 1.81128 0.404254 1 1.13719 
1.82454 0.36498 24.0336 1.81254 0.420558 0.9 1.14537 
1.82498 0.371818 22.0951 1.81576 0.414511 0.925 1.14537 
1.82545 0.378961 20.1566 1.81913 0.408196 0.95 1.14537 
1.82593 0.386409 18.2181 1.82265 0.401613 0.975 1.14537 
1.82643 0.39416 16.2795 1.8263 0.39476 1 1.14537 

ZONE I=5, J=5
1.82454 0.36498 23.2396 1.81254 0.420558 0.9 1.14537 
1.82498 0.371818 21.6759 1.81576 0.414511 0.925 1.14537 
1.82545 0.378961 20.1121 1.81913 0.408196 0.95 1.14537 
1.82593 0.386409 18.5483 1.82265 0.401613 0.975 1.14537 
1.82643 0.39416 16.9846 1.8263 0.39476 1 1.14537 
1.83699 0.365042 23.3374 1.82732 0.410708 0.9 1.15355 
1.83755 0.371889 21.7736 1.83061 0.404675 0.925 1.15355 
1.83811 0.379024 20.2098 1.83401 0.398379 0.95 1.15355 
1.83867 0.386448 18.6461 1.83753 0.391819 0.975 1.15355 
1.83923 0.39416 17.0823 1.84117 0.384995 1 1.15355 
1.84929 0.365009 23.4351 1.84189 0.400666 0.9 1.16173 
1.84999 0.371869 21.8714 1.84526 0.394652 0.925 1.16173 
1.85069 0.379014 20.3076 1.84874 0.388373 0.95 1.16173 
1.85137 0.386444 18.7438 1.85233 0.381828 0.975 1.16173 
1.85205 0.39416 17.18 1.85602 0.375018 1 1.16173 
1.86143 0.364885 23.5329 1.85624 0.390431 0.9 1.16991 
1.8623 0.371762 21.9691 1.85973 0.384441 0.925 1.16991 
1.86317 0.378934 20.4053 1.86333 0.378178 0.95 1.16991 
1.86404 0.3864 18.8416 1.86703 0.37164 0.975 1.16991 
1.86489 0.39416 17.2778 1.87085 0.364829 1 1.16991 
1.87342 0.364675 23.6306 1.87037 0.380004 0.9 1.1781 
1.87449 0.371573 22.0668 1.874 0.374044 0.925 1.1781 
1.87558 0.378786 20.5031 1.87776 0.367794 0.95 1.1781 
1.87667 0.386315 18.9393 1.88165 0.361255 0.975 1.1781 
1.87776 0.39416 17.3755 1.88567 0.354427 1 1.1781 

ZONE I=5, J=5
1.87342 0.364675 22.3962 1.87037 0.380004 0.9 1.1781 
1.87449 0.371573 21.3895 1.874 0.374044 0.925 1.1781 
1.87558 0.378786 20.3829 1.87776 0.367794 0.95 1.1781 
1.87667 0.386315 19.3763 1.88165 0.361255 0.975 1.1781 
1.87776 0.39416 18.3696 1.88567 0.354427 1 1.1781 
1.88554 0.364199 22.4883 1.88447 0.369681 0.9 1.18628 
1.88665 0.371127 21.4816 1.8881 0.363674 0.925 1.18628 
1.88777 0.378372 20.475 1.89186 0.357381 0.95 1.18628 
1.88892 0.385935 19.4683 1.89576 0.3508 0.975 1.18628 
1.89009 0.393815 18.4617 1.8998 0.343933 1 1.18628 
1.89747 0.363355 22.5803 1.89822 0.359425 0.9 1.19446 
1.89866 0.37029 21.5737 1.90187 0.35341 0.925 1.19446 
1.89987 0.377538 20.5671 1.90567 0.347117 0.95 1.19446 
1.90113 0.385098 19.5604 1.90961 0.340545 0.975 1.19446 
1.90241 0.392972 18.5538 1.9137 0.333696 1 1.19446 
1.90921 0.362148 22.6724 1.91162 0.349236 0.9 1.20264 
1.91051 0.369065 21.6658 1.91532 0.343251 0.925 1.20264 
1.91187 0.376285 20.6591 1.91918 0.337002 0.95 1.20264 
1.91327 0.383808 19.6525 1.9232 0.330489 0.975 1.20264 
1.91473 0.391632 18.6458 1.92738 0.323713 1 1.20264 
1.92075 0.360585 22.7645 1.92465 0.339114 0.9 1.21082 
1.92221 0.367459 21.7579 1.92845 0.333197 0.925 1.21082 
1.92375 0.374619 20.7512 1.93241 0.327036 0.95 1.21082 
1.92535 0.382065 19.7446 1.93653 0.320633 0.975 1.21082 
1.92703 0.389797 18.7379 1.94082 0.313987 1 1.21082 

ZONE I=5, J=5
1.92075 0.360585 22.1387 1.92465 0.339114 0.9 1.21082 
1.92221 0.367459 21.4287 1.92845 0.333197 0.925 1.21082 
1.92375 0.374619 20.7187 1.93241 0.327036 0.95 1.21082 
1.92535 0.382065 20.0087 1.93653 0.320633 0.975 1.21082 
1.92703 0.389797 19.2987 1.94082 0.313987 1 1.21082 
1.9323 0.358522 22.2455 1.9375 0.329278 0.9 1.219 
1.93391 0.36538 21.5355 1.94137 0.323395 0.925 1.219 
1.93559 0.372496 20.8255 1.9454 0.317294 0.95 1.219 
1.93734 0.379871 20.1155 1.94959 0.310975 0.975 1.219 
1.93917 0.387504 19.4056 1.95393 0.304439 1 1.219 
1.9437 0.356068 22.3523 1.95003 0.319568 0.9 1.22718 
1.94548 0.362885 21.6423 1.954 0.313749 0.925 1.22718 
1.94733 0.369943 20.9324 1.95813 0.307729 0.95 1.22718 
1.94927 0.37724 20.2224 1.96241 0.301509 0.975 1.22718 
1.95128 0.384779 19.5124 1.96684 0.295089 1 1.22718 
1.95494 0.353226 22.4591 1.96226 0.309984 0.9 1.23536 
1.95692 0.359978 21.7492 1.96635 0.304258 0.925 1.23536 
1.95898 0.366961 21.0392 1.97059 0.298342 0.95 1.23536 
1.96112 0.374176 20.3292 1.97499 0.292234 0.975 1.23536 
1.96334 0.381622 19.6192 1.97954 0.285934 1 1.23536 
1.96602 0.350001 22.566 1.97419 0.300525 0.9 1.24355 
1.96822 0.356662 21.856 1.97841 0.294924 0.925 1.24355 
1.97051 0.363554 21.146 1.98279 0.289132 0.95 1.24355 
1.97288 0.370679 20.436 1.98733 0.283149 0.975 1.24355 
1.97535 0.378035 19.726 1.99203 0.276976 1 1.24355 

ZONE I=5, J=5
1.96602 0.350001 22.3795 1.97419 0.300525 0.9 1.24355 
1.96822 0.356662 21.7554 1.97841 0.294924 0.925 1.24355 
1.97051 0.363554 21.1313 1.98279 0.289132 0.95 1.24355 
1.97288 0.370679 20.5072 1.98733 0.283149 0.975 1.24355 
1.97535 0.378035 19.8831 1.99203 0.276976 1 1.24355 
1.97701 0.346353 22.4818 1.98587 0.291276 0.9 1.25173 
1.9794 0.352943 21.8577 1.99021 0.28577 0.925 1.25173 
1.98189 0.359752 21.2336 1.99471 0.280085 0.95 1.25173 
1.98447 0.36678 20.6095 1.99936 0.274221 0.975 1.25173 
1.98714 0.374027 19.9854 2.00418 0.268179 1 1.25173 
1.98783 0.342336 22.584 1.99726 0.282158 0.9 1.25991 
1.99043 0.348841 21.9599 2.00172 0.276759 0.925 1.25991 
1.99312 0.355555 21.3358 2.00634 0.27119 0.95 1.25991 
1.99591 0.362479 20.7117 2.01112 0.265452 0.975 1.25991 
1.9988 0.369613 20.0876 2.01605 0.259544 1 1.25991 
1.99849 0.337954 22.6863 2.00837 0.27317 0.9 1.26809 
2.00129 0.344358 22.0622 2.01295 0.267891 0.925 1.26809 
2.00419 0.350967 21.4381 2.01769 0.262448 0.95 1.26809 
2.0072 0.35778 20.814 2.02259 0.256841 0.975 1.26809 
2.01031 0.364797 20.1899 2.02765 0.25107 1 1.26809 
2.00896 0.333212 22.7886 2.01918 0.264312 0.9 1.27627 
2.01197 0.339501 22.1644 2.02389 0.259167 0.925 1.27627 
2.01509 0.345992 21.5403 2.02876 0.25386 0.95 1.27627 
2.01832 0.352687 20.9162 2.03379 0.24839 0.975 1.27627 
2.02165 0.359584 20.2921 2.03898 0.242758 1 1.27627 

ZONE I=5, J=5
2.00896 0.333212 22.7691 2.01918 0.264312 0.9 1.27627 
2.01197 0.339501 22.154 2.02389 0.259167 0.925 1.27627 
2.01509 0.345992 21.5388 2.02876 0.25386 0.95 1.27627 
2.01832 0.352687 20.9237 2.03379 0.24839 0.975 1.27627 
2.02165 0.359584 20.3085 2.03898 0.242758 1 1.27627 
2.01927 0.328101 22.8657 2.02972 0.255603 0.9 1.28445 
2.02248 0.334279 22.2506 2.03455 0.250583 0.925 1.28445 
2.0258 0.340652 21.6354 2.03953 0.245407 0.95 1.28445 
2.02924 0.347221 21.0203 2.04468 0.240077 0.975 1.28445 
2.03279 0.353985 20.4051 2.05 0.23459 1 1.28445 
2.02939 0.322648 22.9623 2.03998 0.247012 0.9 1.29263 
2.0328 0.328706 22.3471 2.04492 0.242121 0.925 1.29263 
2.03632 0.334954 21.732 2.05002 0.237081 0.95 1.29263 
2.03996 0.341391 21.1168 2.05529 0.231891 0.975 1.29263 
2.04372 0.348018 20.5017 2.06072 0.226551 1 1.29263 
2.03932 0.316856 23.0589 2.04996 0.238539 0.9 1.30081 
2.04291 0.322786 22.4437 2.055 0.233782 0.925 1.30081 
2.04663 0.328902 21.8286 2.06022 0.228879 0.95 1.30081 
2.05047 0.335202 21.2134 2.0656 0.223832 0.975 1.30081 
2.05444 0.341688 20.5983 2.07115 0.218639 1 1.30081 
2.04905 0.31073 23.1555 2.05965 0.230184 0.9 1.309 
2.05283 0.316525 22.5403 2.0648 0.225565 0.925 1.309 
2.05673 0.322501 21.9252 2.07012 0.220804 0.95 1.309 
2.06077 0.328659 21.31 2.07562 0.215901 0.975 1.309 
2.06495 0.334999 20.6949 2.08129 0.210856 1 1.309 

ZONE I=5, J=5
2.04905 0.31073 23.1945 2.05965 0.230184 0.9 1.309 
2.05283 0.316525 22.5614 2.0648 0.225565 0.925 1.309 
2.05673 0.322501 21.9282 2.07012 0.220804 0.95 1.309 
2.06077 0.328659 21.2951 2.07562 0.215901 0.975 1.309 
2.06495 0.334999 20.6619 2.08129 0.210856 1 1.309 
2.05854 0.304289 23.2838 2.06904 0.221946 0.9 1.31718 
2.06251 0.309944 22.6506 2.0743 0.217466 0.925 1.31718 
2.0666 0.315776 22.0175 2.07973 0.212849 0.95 1.31718 
2.07084 0.321784 21.3843 2.08533 0.208096 0.975 1.31718 
2.07521 0.327968 20.7512 2.09111 0.203205 1 1.31718 
2.06782 0.297541 23.373 2.07814 0.213813 0.9 1.32536 
2.07196 0.303052 22.7399 2.0835 0.209473 0.925 1.32536 
2.07624 0.308735 22.1067 2.08903 0.205001 0.95 1.32536 
2.08066 0.314589 21.4736 2.09474 0.200396 0.975 1.32536 
2.08522 0.320614 20.8404 2.10063 0.195659 1 1.32536 
2.07686 0.290491 23.4623 2.08696 0.205786 0.9 1.33354 
2.08117 0.295853 22.8292 2.09241 0.201586 0.925 1.33354 
2.08562 0.301383 22.196 2.09803 0.197258 0.95 1.33354 
2.09022 0.30708 21.5628 2.10384 0.192802 0.975 1.33354 
2.09497 0.312943 20.9297 2.10983 0.188218 1 1.33354 
2.08568 0.283144 23.5516 2.09549 0.197864 0.9 1.34172 
2.09014 0.288354 22.9184 2.10102 0.193805 0.925 1.34172 
2.09476 0.293727 22.2853 2.10674 0.189621 0.95 1.34172 
2.09953 0.299262 21.6521 2.11264 0.185314 0.975 1.34172 
2.10445 0.30496 21.019 2.11873 0.180882 1 1.34172 

ZONE I=5, J=5
2.08568 0.283144 23.6077 2.09549 0.197864 0.9 1.34172 
2.09014 0.288354 22.9486 2.10102 0.193805 0.925 1.34172 
2.09476 0.293727 22.2896 2.10674 0.189621 0.95 1.34172 
2.09953 0.299262 21.6305 2.11264 0.185314 0.975 1.34172 
2.10445 0.30496 20.9715 2.11873 0.180882 1 1.34172 
2.09423 0.275523 23.6881 2.10371 0.190029 0.9 1.3499 
2.09886 0.280574 23.029 2.10933 0.186115 0.925 1.3499 
2.10364 0.285783 22.37 2.11514 0.182081 0.95 1.3499 
2.10858 0.291149 21.7109 2.12114 0.177927 0.975 1.3499 
2.11368 0.296673 21.0519 2.12732 0.173654 1 1.3499 
2.10253 0.26763 23.7685 2.11164 0.18228 0.9 1.35808 
2.10731 0.272519 23.1094 2.11735 0.17851 0.925 1.35808 
2.11225 0.277562 22.4504 2.12324 0.174625 0.95 1.35808 
2.11736 0.282756 21.7913 2.12933 0.170624 0.975 1.35808 
2.12262 0.288104 21.1323 2.1356 0.166509 1 1.35808 
2.11058 0.25947 23.8489 2.11929 0.174617 0.9 1.36626 
2.11551 0.264196 23.1898 2.12507 0.17099 0.925 1.36626 
2.1206 0.269069 22.5308 2.13105 0.167253 0.95 1.36626 
2.12585 0.27409 21.8717 2.13721 0.163404 0.975 1.36626 
2.13128 0.279259 21.2127 2.14357 0.159445 1 1.36626 
2.11837 0.251049 23.9293 2.12664 0.167041 0.9 1.37445 
2.12343 0.255609 23.2702 2.1325 0.163556 0.925 1.37445 
2.12866 0.260311 22.6112 2.13855 0.159965 0.95 1.37445 
2.13407 0.265157 21.9521 2.14479 0.156267 0.975 1.37445 
2.13964 0.270144 21.2931 2.15123 0.152463 1 1.37445 

ZONE I=5, J=5
2.11837 0.251049 23.9864 2.12664 0.167041 0.9 1.37445 
2.12343 0.255609 23.301 2.1325 0.163556 0.925 1.37445 
2.12866 0.260311 22.6156 2.13855 0.159965 0.95 1.37445 
2.13407 0.265157 21.9302 2.14479 0.156267 0.975 1.37445 
2.13964 0.270144 21.2448 2.15123 0.152463 1 1.37445 
2.12587 0.242402 24.0566 2.13369 0.159537 0.9 1.38263 
2.13107 0.246789 23.3712 2.13961 0.1562 0.925 1.38263 
2.13644 0.251313 22.6858 2.14574 0.152761 0.95 1.38263 
2.14199 0.255975 22.0004 2.15206 0.149219 0.975 1.38263 
2.14771 0.260774 21.315 2.15858 0.145575 1 1.38263 
2.13309 0.233524 24.1268 2.14043 0.152105 0.9 1.39081 
2.13841 0.237737 23.4414 2.14643 0.148914 0.925 1.39081 
2.14392 0.242081 22.756 2.15262 0.145625 0.95 1.39081 
2.1496 0.246558 22.0706 2.15902 0.142239 0.975 1.39081 
2.15547 0.251167 21.3852 2.16561 0.138754 1 1.39081 
2.14003 0.224422 24.197 2.14689 0.144746 0.9 1.39899 
2.14547 0.228459 23.5116 2.15295 0.1417 0.925 1.39899 
2.1511 0.232623 22.8262 2.15921 0.138559 0.95 1.39899 
2.15692 0.236914 22.1408 2.16567 0.135326 0.975 1.39899 
2.16291 0.241331 21.4554 2.17233 0.131998 1 1.39899 
2.14668 0.215102 24.2671 2.15304 0.137459 0.9 1.40717 
2.15224 0.218963 23.5817 2.15916 0.134556 0.925 1.40717 
2.15799 0.222945 22.8963 2.16548 0.131563 0.95 1.40717 
2.16392 0.227049 22.211 2.172 0.128481 0.975 1.40717 
2.17004 0.231273 21.5256 2.17873 0.125309 1 1.40717 

ZONE I=5, J=5
2.14668 0.215102 24.3187 2.15304 0.137459 0.9 1.40717 
2.15224 0.218963 23.6095 2.15916 0.134556 0.925 1.40717 
2.15799 0.222945 22.9003 2.16548 0.131563 0.95 1.40717 
2.16392 0.227049 22.1911 2.172 0.128481 0.975 1.40717 
2.17004 0.231273 21.482 2.17873 0.125309 1 1.40717 
2.15303 0.205591 24.3775 2.1589 0.130225 0.9 1.41535 
2.1587 0.209269 23.6683 2.16507 0.127469 0.925 1.41535 
2.16456 0.213063 22.9592 2.17145 0.124629 0.95 1.41535 
2.17062 0.216973 22.25 2.17804 0.121703 0.975 1.41535 
2.17686 0.220998 21.5408 2.18483 0.118693 1 1.41535 
2.15908 0.195887 24.4364 2.16445 0.123045 0.9 1.42353 
2.16486 0.199382 23.7272 2.17068 0.120436 0.925 1.42353 
2.17083 0.202986 23.018 2.17712 0.117746 0.95 1.42353 
2.17699 0.206701 22.3088 2.18376 0.114976 0.975 1.42353 
2.18335 0.210526 21.5997 2.19061 0.112126 1 1.42353 
2.16483 0.185996 24.4952 2.16971 0.115921 0.9 1.43171 
2.17071 0.189307 23.786 2.17599 0.113456 0.925 1.43171 
2.17678 0.192722 23.0769 2.18248 0.110916 0.95 1.43171 
2.18305 0.196241 22.3677 2.18917 0.1083 0.975 1.43171 
2.18951 0.199864 21.6585 2.19608 0.105607 1 1.43171 
2.17028 0.175925 24.5541 2.17468 0.108851 0.9 1.4399 
2.17625 0.179051 23.8449 2.181 0.106531 0.925 1.4399 
2.18241 0.182276 23.1357 2.18753 0.104138 0.95 1.4399 
2.18878 0.185599 22.4265 2.19428 0.101674 0.975 1.4399 
2.19534 0.189021 21.7174 2.20123 0.099138 1 1.4399 

ZONE I=5, J=5
2.17028 0.175925 24.5971 2.17468 0.108851 0.9 1.4399 
2.17625 0.179051 23.8681 2.181 0.106531 0.925 1.4399 
2.18241 0.182276 23.1391 2.18753 0.104138 0.95 1.4399 
2.18878 0.185599 22.41 2.19428 0.101674 0.975 1.4399 
2.19534 0.189021 21.681 2.20123 0.099138 1 1.4399 
2.17541 0.165709 24.6437 2.17933 0.101826 0.9 1.44808 
2.18146 0.168645 23.9147 2.1857 0.0996524 0.925 1.44808 
2.18772 0.171674 23.1857 2.19228 0.097412 0.95 1.44808 
2.19417 0.174796 22.4567 2.19907 0.0951043 0.975 1.44808 
2.20083 0.17801 21.7277 2.20607 0.0927294 1 1.44808 
2.18022 0.155344 24.6904 2.18369 0.0948433 0.9 1.45626 
2.18636 0.15809 23.9614 2.1901 0.0928162 0.925 1.45626 
2.1927 0.160923 23.2323 2.19672 0.0907263 0.95 1.45626 
2.19924 0.163842 22.5033 2.20355 0.0885737 0.975 1.45626 
2.20599 0.166849 21.7743 2.2106 0.0863583 1 1.45626 
2.18472 0.144835 24.737 2.18775 0.087904 0.9 1.46444 
2.19093 0.147391 24.008 2.19419 0.0860218 0.925 1.46444 
2.19734 0.150028 23.279 2.20085 0.0840812 0.95 1.46444 
2.20397 0.152745 22.5499 2.20773 0.0820822 0.975 1.46444 
2.2108 0.155543 21.8209 2.21482 0.080025 1 1.46444 
2.1889 0.134191 24.7837 2.19151 0.081008 0.9 1.47262 
2.19517 0.136556 24.0546 2.19799 0.0792692 0.925 1.47262 
2.20166 0.138997 23.3256 2.20468 0.0774764 0.95 1.47262 
2.20835 0.141512 22.5966 2.21159 0.0756298 0.975 1.47262 
2.21526 0.144101 21.8676 2.21872 0.0737292 1 1.47262 

ZONE I=5, J=5
2.1889 0.134191 24.8168 2.19151 0.081008 0.9 1.47262 
2.19517 0.136556 24.0725 2.19799 0.0792692 0.925 1.47262 
2.20166 0.138997 23.3282 2.20468 0.0774764 0.95 1.47262 
2.20835 0.141512 22.5839 2.21159 0.0756298 0.975 1.47262 
2.21526 0.144101 21.8396 2.21872 0.0737292 1 1.47262 
2.19275 0.123435 24.8505 2.19497 0.0741402 0.9 1.4808 
2.19909 0.125606 24.1062 2.20147 0.0725481 0.925 1.4808 
2.20564 0.127845 23.3619 2.2082 0.0709066 0.95 1.4808 
2.2124 0.130153 22.6176 2.21515 0.0692156 0.975 1.4808 
2.21938 0.13253 21.8733 2.22231 0.0674753 1 1.4808 
2.19627 0.112566 24.8843 2.19812 0.0673006 0.9 1.48898 
2.20267 0.114542 24.14 2.20466 0.0658542 0.925 1.48898 
2.20928 0.116581 23.3957 2.21142 0.0643628 0.95 1.48898 
2.21611 0.118682 22.6514 2.21839 0.0628265 0.975 1.48898 
2.22315 0.120846 21.9071 2.22558 0.0612453 1 1.48898 
2.19947 0.101592 24.918 2.20098 0.060489 0.9 1.49716 
2.20592 0.103373 24.1737 2.20754 0.0591872 0.925 1.49716 
2.21258 0.105211 23.4295 2.21433 0.0578451 0.95 1.49716 
2.21946 0.107105 22.6852 2.22133 0.0564624 0.975 1.49716 
2.22656 0.109056 21.9409 2.22855 0.0550393 1 1.49716 
2.20233 0.0905202 24.9518 2.20354 0.0537054 0.9 1.50535 
2.20883 0.0921065 24.2075 2.21013 0.0525474 0.925 1.50535 
2.21554 0.0937431 23.4632 2.21693 0.0513533 0.95 1.50535 
2.22247 0.09543 22.7189 2.22396 0.0501233 0.975 1.50535 
2.22962 0.0971671 21.9746 2.2312 0.0488572 1 1.50535 

ZONE I=5, J=5
2.20233 0.0905202 24.9742 2.20354 0.0537054 0.9 1.50535 
2.20883 0.0921065 24.2196 2.21013 0.0525474 0.925 1.50535 
2.21554 0.0937431 23.465 2.21693 0.0513533 0.95 1.50535 
2.22247 0.09543 22.7103 2.22396 0.0501233 0.975 1.50535 
2.22962 0.0971671 21.9557 2.2312 0.0488572 1 1.50535 
2.20486 0.0793811 24.9947 2.20579 0.0469446 0.9 1.51353 
2.2114 0.0807697 24.2401 2.2124 0.0459323 0.925 1.51353 
2.21816 0.0822025 23.4854 2.21923 0.0448886 0.95 1.51353 
2.22513 0.0836793 22.7308 2.22627 0.0438134 0.975 1.51353 
2.23233 0.0852003 21.9761 2.23354 0.0427067 1 1.51353 
2.20706 0.0681737 25.0151 2.20775 0.0402015 0.9 1.52171 
2.21363 0.0693647 24.2605 2.21437 0.0393344 0.925 1.52171 
2.22043 0.0705935 23.5059 2.22122 0.0384404 0.95 1.52171 
2.22744 0.0718602 22.7512 2.22828 0.0375193 0.975 1.52171 
2.23467 0.0731647 21.9966 2.23557 0.0365712 1 1.52171 
2.20892 0.0569051 25.0356 2.2094 0.0334762 0.9 1.52989 
2.21553 0.0578986 24.2809 2.21604 0.0327536 0.925 1.52989 
2.22235 0.0589236 23.5263 2.2229 0.0320086 0.95 1.52989 
2.22939 0.0599801 22.7717 2.22998 0.031241 0.975 1.52989 
2.23666 0.0610682 22.017 2.23729 0.0304509 1 1.52989 
2.21045 0.0455826 25.056 2.21076 0.0267687 0.9 1.53807 
2.21708 0.0463786 24.3014 2.21741 0.02619 0.925 1.53807 
2.22392 0.0471999 23.5467 2.22428 0.0255932 0.95 1.53807 
2.231 0.0480465 22.7921 2.23137 0.0249785 0.975 1.53807 
2.23829 0.0489184 22.0375 2.23869 0.0243457 1 1.53807 

ZONE I=5, J=5
2.21045 0.0455826 25.0673 2.21076 0.0267687 0.9 1.53807 
2.21708 0.0463786 24.3075 2.21741 0.02619 0.925 1.53807 
2.22392 0.0471999 23.5476 2.22428 0.0255932 0.95 1.53807 
2.231 0.0480465 22.7878 2.23137 0.0249785 0.975 1.53807 
2.23829 0.0489184 22.0279 2.23869 0.0243457 1 1.53807 
2.21163 0.0342244 25.0742 2.21181 0.0200708 0.9 1.54625 
2.21828 0.0348215 24.3143 2.21847 0.019637 0.925 1.54625 
2.22515 0.0354375 23.5545 2.22535 0.0191897 0.95 1.54625 
2.23224 0.0360726 22.7946 2.23245 0.0187289 0.975 1.54625 
2.23955 0.0367266 22.0348 2.23978 0.0182546 1 1.54625 
2.21248 0.022835 25.081 2.21256 0.0133767 0.9 1.55443 
2.21914 0.023233 24.3211 2.21923 0.0130877 0.925 1.55443 
2.22603 0.0236438 23.5613 2.22612 0.0127897 0.95 1.55443 
2.23313 0.0240671 22.8014 2.23323 0.0124826 0.975 1.55443 
2.24046 0.0245031 22.0416 2.24056 0.0121666 1 1.55443 
2.21299 0.0114217 25.0878 2.21301 0.00668641 0.9 1.56261 
2.21966 0.0116207 24.328 2.21968 0.006542 0.925 1.56261 
2.22655 0.011826 23.5681 2.22657 0.00639309 0.95 1.56261 
2.23367 0.0120377 22.8083 2.23369 0.00623967 0.975 1.56261 
2.241 0.0122556 22.0484 2.24103 0.00608175 1 1.56261 
2.21316 -8.1294e-06 25.0946 2.21316 0 0.9 1.5708 
2.21983 -8.15391e-06 24.3348 2.21983 0 0.925 1.5708 
2.22673 -8.17923e-06 23.575 2.22673 0 0.95 1.5708 
2.23384 -8.20537e-06 22.8151 2.23384 0 0.975 1.5708 
2.24118 -8.23233e-06 22.0553 2.24118 0 1 1.5708 

