ZONE I=5, J=5
0 0.357096 17.9555 0.357096 0 0.9 0 
0 0.364866 16.2617 0.364866 0 0.925 0 
0 0.37308 14.5679 0.37308 0 0.95 0 
0 0.381738 12.8741 0.381738 0 0.975 0 
0 0.39084 11.1803 0.39084 0 1 0 
0.0133883 0.357096 17.9569 0.357194 0.0104664 0.9 0.00818126 
0.0133879 0.364866 16.2631 0.364964 0.0104024 0.925 0.00818126 
0.0133876 0.37308 14.5693 0.373177 0.0103349 0.95 0.00818126 
0.0133874 0.381738 12.8755 0.381835 0.0102639 0.975 0.00818126 
0.0133873 0.39084 11.1817 0.390936 0.0101893 1 0.00818126 
0.0267738 0.357097 17.9584 0.357488 0.0209275 0.9 0.0163625 
0.026773 0.364867 16.2646 0.365256 0.0207995 0.925 0.0163625 
0.0267723 0.373081 14.5708 0.373469 0.0206644 0.95 0.0163625 
0.0267718 0.381738 12.877 0.382125 0.0205223 0.975 0.0163625 
0.0267715 0.39084 11.1832 0.391226 0.0203731 1 0.0163625 
0.040159 0.357099 17.9598 0.357977 0.0313833 0.9 0.0245437 
0.0401576 0.364868 16.266 0.365744 0.0311912 0.925 0.0245437 
0.0401565 0.373082 14.5722 0.373955 0.0309886 0.95 0.0245437 
0.0401557 0.381739 12.8784 0.382609 0.0307753 0.975 0.0245437 
0.0401552 0.39084 11.1846 0.391708 0.0305514 1 0.0245437 
0.0535464 0.357101 17.9612 0.358662 0.0418337 0.9 0.0327249 
0.0535445 0.36487 16.2674 0.366427 0.0415776 0.925 0.0327249 
0.0535429 0.373083 14.5736 0.374635 0.0413073 0.95 0.0327249 
0.0535417 0.381739 12.8798 0.383287 0.0410229 0.975 0.0327249 
0.0535409 0.39084 11.186 0.392382 0.0407243 1 0.0327249 

ZONE I=5, J=5
0.0535464 0.357101 17.9634 0.358662 0.0418337 0.9 0.0327249 
0.0535445 0.36487 16.2687 0.366427 0.0415776 0.925 0.0327249 
0.0535429 0.373083 14.574 0.374635 0.0413073 0.95 0.0327249 
0.0535417 0.381739 12.8794 0.383287 0.0410229 0.975 0.0327249 
0.0535409 0.39084 11.1847 0.392382 0.0407243 1 0.0327249 
0.0669339 0.357104 17.9668 0.359543 0.0522743 0.9 0.0409062 
0.0669316 0.364872 16.2721 0.367304 0.0519543 0.925 0.0409062 
0.0669299 0.373084 14.5775 0.375509 0.0516167 0.95 0.0409062 
0.0669286 0.38174 12.8828 0.384158 0.0512614 0.975 0.0409062 
0.0669278 0.39084 11.1881 0.39325 0.0508885 1 0.0409062 
0.0803188 0.357108 17.9702 0.360619 0.0626996 0.9 0.0490874 
0.0803161 0.364875 16.2756 0.368376 0.0623158 0.925 0.0490874 
0.080314 0.373086 14.5809 0.376578 0.0619108 0.95 0.0490874 
0.0803125 0.381741 12.8862 0.385222 0.0614846 0.975 0.0490874 
0.0803116 0.39084 11.1915 0.39431 0.0610372 1 0.0490874 
0.0937036 0.357112 17.9737 0.36189 0.0731099 0.9 0.0572686 
0.0937003 0.364878 16.279 0.369643 0.0726621 0.925 0.0572686 
0.0936978 0.373088 14.5843 0.37784 0.0721896 0.95 0.0572686 
0.0936959 0.381742 12.8896 0.386479 0.0716924 0.975 0.0572686 
0.0936947 0.39084 11.1949 0.395562 0.0711705 1 0.0572686 
0.107091 0.357116 17.9771 0.363356 0.083505 0.9 0.0654498 
0.107087 0.364882 16.2824 0.371104 0.0829932 0.925 0.0654498 
0.107084 0.373091 14.5877 0.379295 0.0824531 0.95 0.0654498 
0.107081 0.381743 12.893 0.387929 0.0818848 0.975 0.0654498 
0.10708 0.39084 11.1983 0.397006 0.0812882 1 0.0654498 

ZONE I=5, J=5
0.107091 0.357116 17.9813 0.363356 0.083505 0.9 0.0654498 
0.107087 0.364882 16.2849 0.371104 0.0829932 0.925 0.0654498 
0.107084 0.373091 14.5884 0.379295 0.0824531 0.95 0.0654498 
0.107081 0.381743 12.892 0.387929 0.0818848 0.975 0.0654498 
0.10708 0.39084 11.1955 0.397006 0.0812882 1 0.0654498 
0.120477 0.357122 17.9872 0.365017 0.093879 0.9 0.0736311 
0.120473 0.364886 16.2907 0.37276 0.0933037 0.925 0.073631 
0.12047 0.373094 14.5942 0.380945 0.0926967 0.95 0.0736311 
0.120467 0.381745 12.8978 0.389573 0.0920579 0.975 0.0736311 
0.120466 0.39084 11.2013 0.398643 0.0913874 1 0.0736311 
0.133861 0.357128 17.993 0.366873 0.104228 0.9 0.0818123 
0.133856 0.364891 16.2965 0.374609 0.103589 0.925 0.0818123 
0.133853 0.373097 14.6001 0.382787 0.102915 0.95 0.0818123 
0.13385 0.381746 12.9036 0.391408 0.102206 0.975 0.0818123 
0.133849 0.39084 11.2072 0.400471 0.101461 1 0.0818123 
0.147244 0.357134 17.9988 0.368922 0.114552 0.9 0.0899936 
0.147239 0.364896 16.3024 0.376652 0.113849 0.925 0.0899936 
0.147235 0.3731 14.6059 0.384823 0.113108 0.95 0.0899936 
0.147232 0.381748 12.9095 0.393435 0.112328 0.975 0.0899935 
0.14723 0.39084 11.213 0.40249 0.111509 1 0.0899936 
0.160631 0.357142 18.0047 0.371167 0.124851 0.9 0.0981748 
0.160625 0.364901 16.3082 0.378888 0.124085 0.925 0.0981748 
0.16062 0.373104 14.6117 0.387051 0.123276 0.95 0.0981748 
0.160616 0.38175 12.9153 0.395655 0.122425 0.975 0.0981748 
0.160614 0.39084 11.2188 0.404701 0.121531 1 0.0981748 

ZONE I=5, J=5
0.160631 0.357142 18.0107 0.371167 0.124851 0.9 0.0981748 
0.160625 0.364901 16.3116 0.378888 0.124085 0.925 0.0981748 
0.16062 0.373104 14.6125 0.387051 0.123276 0.95 0.0981748 
0.160616 0.38175 12.9134 0.395655 0.122425 0.975 0.0981748 
0.160614 0.39084 11.2143 0.404701 0.121531 1 0.0981748 
0.174014 0.35715 18.0189 0.373604 0.135118 0.9 0.106356 
0.174008 0.364907 16.3198 0.381317 0.134288 0.925 0.106356 
0.174004 0.373108 14.6207 0.389471 0.133413 0.95 0.106356 
0.174 0.381752 12.9216 0.398066 0.132492 0.975 0.106356 
0.173998 0.39084 11.2225 0.407102 0.131525 1 0.106356 
0.187396 0.357158 18.0272 0.376235 0.14535 0.9 0.114537 
0.18739 0.364914 16.3281 0.383939 0.144457 0.925 0.114537 
0.187385 0.373113 14.629 0.392084 0.143515 0.95 0.114537 
0.187382 0.381755 12.9298 0.400669 0.142524 0.975 0.114537 
0.187379 0.39084 11.2307 0.409694 0.141484 1 0.114537 
0.200778 0.357167 18.0354 0.379059 0.155547 0.9 0.122718 
0.200772 0.364921 16.3363 0.386753 0.154591 0.925 0.122718 
0.200766 0.373117 14.6372 0.394887 0.153583 0.95 0.122718 
0.200762 0.381757 12.9381 0.403461 0.152521 0.975 0.122718 
0.20076 0.39084 11.239 0.412476 0.151407 1 0.122718 
0.214164 0.357177 18.0437 0.382075 0.16571 0.9 0.1309 
0.214156 0.364928 16.3445 0.389759 0.164691 0.925 0.1309 
0.214149 0.373122 14.6454 0.397882 0.163615 0.95 0.1309 
0.214145 0.38176 12.9463 0.406445 0.162483 0.975 0.1309 
0.214141 0.39084 11.2472 0.415447 0.161294 1 0.1309 

ZONE I=5, J=5
0.214164 0.357177 18.0515 0.382075 0.16571 0.9 0.1309 
0.214156 0.364928 16.3489 0.389759 0.164691 0.925 0.1309 
0.214149 0.373122 14.6462 0.397882 0.163615 0.95 0.1309 
0.214145 0.38176 12.9436 0.406445 0.162483 0.975 0.1309 
0.214141 0.39084 11.2409 0.415447 0.161294 1 0.1309 
0.227545 0.357187 18.0622 0.385284 0.17583 0.9 0.139081 
0.227537 0.364936 16.3595 0.392957 0.174748 0.925 0.139081 
0.227531 0.373128 14.6569 0.401068 0.173606 0.95 0.139081 
0.227527 0.381763 12.9542 0.409619 0.172405 0.975 0.139081 
0.227524 0.39084 11.2516 0.418608 0.171144 1 0.139081 
0.240924 0.357198 18.0728 0.388683 0.185905 0.9 0.147262 
0.240916 0.364945 16.3702 0.396344 0.18476 0.925 0.147262 
0.24091 0.373134 14.6675 0.404444 0.183552 0.95 0.147262 
0.240905 0.381765 12.9649 0.412982 0.182281 0.975 0.147262 
0.240903 0.39084 11.2622 0.421957 0.180947 1 0.147262 
0.254304 0.35721 18.0835 0.392274 0.195935 0.9 0.155443 
0.254295 0.364954 16.3808 0.399923 0.194728 0.925 0.155443 
0.254288 0.37314 14.6782 0.408009 0.193454 0.95 0.155443 
0.254283 0.381769 12.9755 0.416533 0.192113 0.975 0.155443 
0.25428 0.39084 11.2728 0.425495 0.190705 1 0.155443 
0.267687 0.357222 18.0941 0.396056 0.205921 0.9 0.163625 
0.267677 0.364963 16.3914 0.403692 0.204651 0.925 0.163625 
0.267669 0.373146 14.6888 0.411764 0.20331 0.95 0.163625 
0.267663 0.381772 12.9861 0.420274 0.201899 0.975 0.163625 
0.267659 0.39084 11.2835 0.42922 0.200418 1 0.163625 

ZONE I=5, J=5
0.267687 0.357222 18.1039 0.396056 0.205921 0.9 0.163625 
0.267677 0.364963 16.3968 0.403692 0.204651 0.925 0.163625 
0.267669 0.373146 14.6897 0.411764 0.20331 0.95 0.163625 
0.267663 0.381772 12.9826 0.420274 0.201899 0.975 0.163625 
0.267659 0.39084 11.2755 0.42922 0.200418 1 0.163625 
0.281065 0.357235 18.1169 0.400027 0.215854 0.9 0.171806 
0.281055 0.364973 16.4098 0.40765 0.214521 0.925 0.171806 
0.281048 0.373153 14.7027 0.415708 0.213115 0.95 0.171806 
0.281042 0.381775 12.9956 0.424202 0.211636 0.975 0.171806 
0.281039 0.39084 11.2886 0.433133 0.210083 1 0.171806 
0.294441 0.357249 18.13 0.404188 0.225732 0.9 0.179987 
0.294432 0.364983 16.4229 0.411796 0.224337 0.925 0.179987 
0.294424 0.37316 14.7158 0.419839 0.222866 0.95 0.179987 
0.294418 0.381779 13.0087 0.428318 0.221318 0.975 0.179987 
0.294415 0.39084 11.3016 0.437231 0.219692 1 0.179987 
0.307818 0.357263 18.143 0.408537 0.235555 0.9 0.188168 
0.307808 0.364994 16.4359 0.41613 0.234099 0.925 0.188168 
0.307799 0.373168 14.7288 0.424157 0.232562 0.95 0.188168 
0.307793 0.381783 13.0218 0.432619 0.230944 0.975 0.188168 
0.30779 0.39084 11.3147 0.441516 0.229246 1 0.188168 
0.321198 0.357277 18.1561 0.413075 0.245325 0.9 0.19635 
0.321187 0.365005 16.449 0.420652 0.243806 0.925 0.19635 
0.321177 0.373175 14.7419 0.428663 0.242203 0.95 0.19635 
0.32117 0.381787 13.0348 0.437108 0.240516 0.975 0.19635 
0.321165 0.39084 11.3277 0.445986 0.238744 1 0.19635 

ZONE I=5, J=5
0.321198 0.357277 18.1678 0.413075 0.245325 0.9 0.19635 
0.321187 0.365005 16.4553 0.420652 0.243806 0.925 0.19635 
0.321177 0.373175 14.7429 0.428663 0.242203 0.95 0.19635 
0.32117 0.381787 13.0305 0.437108 0.240516 0.975 0.19635 
0.321165 0.39084 11.318 0.445986 0.238744 1 0.19635 
0.334573 0.357293 18.1832 0.4178 0.25503 0.9 0.204531 
0.334562 0.365017 16.4708 0.425361 0.25345 0.925 0.204531 
0.334553 0.373184 14.7584 0.433355 0.251783 0.95 0.204531 
0.334546 0.381791 13.046 0.441782 0.250028 0.975 0.204531 
0.334542 0.39084 11.3335 0.450642 0.248186 1 0.204531 
0.347946 0.357309 18.1987 0.422711 0.264672 0.9 0.212712 
0.347934 0.36503 16.4863 0.430255 0.26303 0.925 0.212712 
0.347925 0.373192 14.7739 0.438232 0.261298 0.95 0.212712 
0.347918 0.381795 13.0614 0.44664 0.259476 0.975 0.212712 
0.347915 0.39084 11.349 0.45548 0.257562 1 0.212712 
0.361318 0.357325 18.2142 0.427808 0.274249 0.9 0.220893 
0.361306 0.365042 16.5018 0.435335 0.272546 0.925 0.220893 
0.361296 0.3732 14.7893 0.443293 0.270749 0.95 0.220893 
0.361289 0.3818 13.0769 0.451681 0.268858 0.975 0.220893 
0.361285 0.39084 11.3645 0.460501 0.266873 1 0.220893 
0.374694 0.357342 18.2297 0.433091 0.283762 0.9 0.229074 
0.37468 0.365055 16.5172 0.4406 0.281997 0.925 0.229074 
0.374669 0.373209 14.8048 0.448538 0.280135 0.95 0.229074 
0.37466 0.381804 13.0924 0.456907 0.278175 0.975 0.229074 
0.374655 0.39084 11.38 0.465705 0.276117 1 0.229074 

ZONE I=5, J=5
0.374694 0.357342 18.2433 0.433091 0.283762 0.9 0.229074 
0.37468 0.365055 16.5246 0.4406 0.281997 0.925 0.229074 
0.374669 0.373209 14.8059 0.448538 0.280135 0.95 0.229074 
0.37466 0.381804 13.0873 0.456907 0.278175 0.975 0.229074 
0.374655 0.39084 11.3686 0.465705 0.276117 1 0.229074 
0.388065 0.35736 18.2612 0.438559 0.293202 0.9 0.237256 
0.388052 0.365069 16.5425 0.446049 0.291377 0.925 0.237256 
0.388041 0.373219 14.8239 0.453968 0.289451 0.95 0.237256 
0.388034 0.381809 13.1052 0.462315 0.287425 0.975 0.237256 
0.388029 0.39084 11.3865 0.471092 0.285298 1 0.237256 
0.401434 0.357378 18.2791 0.444209 0.302567 0.9 0.245437 
0.40142 0.365083 16.5604 0.45168 0.300682 0.925 0.245437 
0.40141 0.373229 14.8418 0.459578 0.298693 0.95 0.245437 
0.401403 0.381814 13.1231 0.467904 0.2966 0.975 0.245437 
0.401398 0.39084 11.4044 0.476659 0.294402 1 0.245437 
0.414802 0.357397 18.297 0.450042 0.31186 0.9 0.253618 
0.414788 0.365098 16.5784 0.457492 0.309914 0.925 0.253618 
0.414777 0.373238 14.8597 0.46537 0.30786 0.95 0.253618 
0.414769 0.381819 13.141 0.473674 0.3057 0.975 0.253618 
0.414764 0.39084 11.4224 0.482405 0.303431 1 0.253618 
0.428173 0.357417 18.3149 0.456058 0.321078 0.9 0.261799 
0.428158 0.365113 16.5963 0.463487 0.319071 0.925 0.261799 
0.428145 0.373249 14.8776 0.471343 0.316953 0.95 0.261799 
0.428136 0.381824 13.1589 0.479624 0.314724 0.975 0.261799 
0.428129 0.39084 11.4403 0.48833 0.312384 1 0.261799 

ZONE I=5, J=5
0.428173 0.357417 18.3305 0.456058 0.321078 0.9 0.261799 
0.428158 0.365113 16.6047 0.463487 0.319071 0.925 0.261799 
0.428145 0.373249 14.8789 0.471343 0.316953 0.95 0.261799 
0.428136 0.381824 13.153 0.479624 0.314724 0.975 0.261799 
0.428129 0.39084 11.4272 0.48833 0.312384 1 0.261799 
0.44154 0.357437 18.3509 0.462254 0.330213 0.9 0.269981 
0.441525 0.365129 16.6251 0.469663 0.328147 0.925 0.269981 
0.441513 0.37326 14.8992 0.477496 0.325967 0.95 0.269981 
0.441505 0.38183 13.1734 0.485754 0.323673 0.975 0.269981 
0.441499 0.39084 11.4476 0.494436 0.321264 1 0.269981 
0.454904 0.357458 18.3713 0.468629 0.339264 0.9 0.278162 
0.454889 0.365145 16.6454 0.476016 0.337139 0.925 0.278162 
0.454877 0.37327 14.9196 0.483827 0.334896 0.95 0.278162 
0.454868 0.381836 13.1938 0.49206 0.332536 0.975 0.278162 
0.454864 0.39084 11.468 0.500717 0.330059 1 0.278162 
0.468267 0.357479 18.3917 0.475184 0.348232 0.9 0.286343 
0.468251 0.365161 16.6658 0.482549 0.346047 0.925 0.286343 
0.468239 0.373282 14.94 0.490335 0.343742 0.95 0.286343 
0.46823 0.381841 13.2142 0.498543 0.341315 0.975 0.286343 
0.468224 0.39084 11.4883 0.507174 0.338768 1 0.286343 
0.481633 0.357501 18.412 0.481918 0.357117 0.9 0.294524 
0.481616 0.365178 16.6862 0.489259 0.354872 0.925 0.294524 
0.481602 0.373293 14.9604 0.497021 0.352503 0.95 0.294524 
0.481591 0.381847 13.2345 0.505203 0.35001 0.975 0.294524 
0.481584 0.39084 11.5087 0.513807 0.347392 1 0.294524 

ZONE I=5, J=5
0.481633 0.357501 18.4296 0.481918 0.357117 0.9 0.294524 
0.481616 0.365178 16.6957 0.489259 0.354872 0.925 0.294524 
0.481602 0.373293 14.9618 0.497021 0.352503 0.95 0.294524 
0.481591 0.381847 13.2279 0.505203 0.35001 0.975 0.294524 
0.481584 0.39084 11.4939 0.513807 0.347392 1 0.294524 
0.494994 0.357524 18.4525 0.488828 0.365909 0.9 0.302706 
0.494977 0.365195 16.7185 0.496146 0.363606 0.925 0.302706 
0.494964 0.373305 14.9846 0.503883 0.361176 0.95 0.302706 
0.494955 0.381853 13.2507 0.51204 0.358619 0.975 0.302706 
0.494949 0.39084 11.5168 0.520616 0.355934 1 0.302706 
0.508352 0.357547 18.4753 0.495914 0.374609 0.9 0.310887 
0.508336 0.365213 16.7414 0.503207 0.372247 0.925 0.310887 
0.508322 0.373317 15.0075 0.510919 0.369756 0.95 0.310887 
0.508313 0.38186 13.2736 0.519049 0.367134 0.975 0.310887 
0.508308 0.39084 11.5397 0.527597 0.364382 1 0.310887 
0.52171 0.357571 18.4982 0.503175 0.383215 0.9 0.319068 
0.521693 0.365231 16.7643 0.510443 0.380796 0.925 0.319068 
0.521679 0.37333 15.0304 0.518128 0.378242 0.95 0.319068 
0.521669 0.381866 13.2964 0.52623 0.375555 0.975 0.319068 
0.521662 0.39084 11.5625 0.534749 0.372734 1 0.319068 
0.535071 0.357595 18.521 0.51061 0.39173 0.9 0.327249 
0.535052 0.36525 16.7871 0.517853 0.389251 0.925 0.327249 
0.535036 0.373342 15.0532 0.525511 0.386635 0.95 0.327249 
0.535024 0.381872 13.3193 0.533584 0.383882 0.975 0.327249 
0.535016 0.39084 11.5854 0.542073 0.380991 1 0.327249 

ZONE I=5, J=5
0.535071 0.357595 18.5406 0.51061 0.39173 0.9 0.327249 
0.535052 0.36525 16.7977 0.517853 0.389251 0.925 0.327249 
0.535036 0.373342 15.0547 0.525511 0.386635 0.95 0.327249 
0.535024 0.381872 13.3118 0.533584 0.383882 0.975 0.327249 
0.535016 0.39084 11.5689 0.542073 0.380991 1 0.327249 
0.548425 0.35762 18.566 0.518218 0.400141 0.9 0.335431 
0.548407 0.36527 16.8231 0.525435 0.397605 0.925 0.335431 
0.548392 0.373356 15.0801 0.533066 0.39493 0.95 0.335431 
0.548382 0.381879 13.3372 0.541111 0.392114 0.975 0.335431 
0.548375 0.39084 11.5943 0.54957 0.389158 1 0.335431 
0.561777 0.357646 18.5914 0.525996 0.40845 0.9 0.343612 
0.561758 0.365289 16.8484 0.533187 0.405858 0.925 0.343612 
0.561744 0.373369 15.1055 0.540789 0.403122 0.95 0.343612 
0.561734 0.381886 13.3626 0.548805 0.400243 0.975 0.343612 
0.561728 0.39084 11.6196 0.557233 0.397221 1 0.343612 
0.575129 0.357671 18.6167 0.533945 0.416659 0.9 0.351793 
0.575109 0.365309 16.8738 0.541108 0.414009 0.925 0.351793 
0.575094 0.373383 15.1309 0.548682 0.411212 0.95 0.351793 
0.575083 0.381893 13.3879 0.556667 0.408269 0.975 0.351793 
0.575076 0.39084 11.645 0.565064 0.40518 1 0.351793 
0.588482 0.357698 18.6421 0.542065 0.424765 0.9 0.359974 
0.588461 0.365329 16.8992 0.5492 0.422057 0.925 0.359974 
0.588444 0.373397 15.1562 0.556744 0.4192 0.95 0.359974 
0.588431 0.3819 13.4133 0.564698 0.416192 0.975 0.359974 
0.588422 0.39084 11.6704 0.573061 0.413034 1 0.359974 

ZONE I=5, J=5
0.588482 0.357698 18.6637 0.542065 0.424765 0.9 0.359974 
0.588461 0.365329 16.9108 0.5492 0.422057 0.925 0.359974 
0.588444 0.373397 15.1579 0.556744 0.4192 0.95 0.359974 
0.588431 0.3819 13.405 0.564698 0.416192 0.975 0.359974 
0.588422 0.39084 11.6521 0.573061 0.413034 1 0.359974 
0.60183 0.357726 18.6916 0.550351 0.432759 0.9 0.368156 
0.60181 0.365351 16.9387 0.557458 0.429996 0.925 0.368156 
0.601794 0.373411 15.1858 0.564973 0.42708 0.95 0.368156 
0.601782 0.381908 13.4329 0.572896 0.424012 0.975 0.368156 
0.601775 0.39084 11.68 0.581227 0.42079 1 0.368156 
0.615174 0.357753 18.7196 0.558803 0.440642 0.9 0.376337 
0.615154 0.365372 16.9667 0.565881 0.437824 0.925 0.376337 
0.615138 0.373426 15.2137 0.573366 0.434849 0.95 0.376337 
0.615127 0.381915 13.4608 0.581257 0.431719 0.975 0.376337 
0.615121 0.39084 11.7079 0.589555 0.428433 1 0.376337 
0.628519 0.357782 18.7475 0.567421 0.448415 0.9 0.384518 
0.628498 0.365394 16.9946 0.57447 0.445541 0.925 0.384518 
0.628481 0.373441 15.2417 0.581923 0.442507 0.95 0.384518 
0.628469 0.381923 13.4888 0.589781 0.439314 0.975 0.384518 
0.628461 0.39084 11.7359 0.598044 0.435962 1 0.384518 
0.641865 0.357811 18.7754 0.576205 0.456078 0.9 0.392699 
0.641843 0.365416 17.0225 0.583223 0.453147 0.925 0.392699 
0.641824 0.373456 15.2696 0.590644 0.450053 0.95 0.392699 
0.64181 0.381931 13.5167 0.598468 0.446796 0.975 0.392699 
0.6418 0.39084 11.7638 0.606695 0.443378 1 0.392699 

ZONE I=5, J=5
0.641865 0.357811 18.7991 0.576205 0.456078 0.9 0.392699 
0.641843 0.365416 17.0352 0.583223 0.453147 0.925 0.392699 
0.641824 0.373456 15.2714 0.590644 0.450053 0.95 0.392699 
0.64181 0.381931 13.5076 0.598468 0.446796 0.975 0.392699 
0.6418 0.39084 11.7437 0.606695 0.443378 1 0.392699 
0.655205 0.35784 18.8296 0.58515 0.463619 0.9 0.400881 
0.655183 0.365439 17.0657 0.592138 0.460633 0.925 0.400881 
0.655166 0.373472 15.3019 0.599527 0.457483 0.95 0.400881 
0.655153 0.381939 13.5381 0.607318 0.454167 0.975 0.400881 
0.655145 0.39084 11.7742 0.61551 0.450687 1 0.400881 
0.668541 0.35787 18.86 0.594256 0.47104 0.9 0.409062 
0.668519 0.365462 17.0962 0.601212 0.468001 0.925 0.409062 
0.668502 0.373487 15.3324 0.608569 0.464793 0.95 0.409062 
0.66849 0.381947 13.5685 0.616325 0.461417 0.975 0.409062 
0.668483 0.39084 11.8047 0.624482 0.457873 1 0.409062 
0.681878 0.357901 18.8905 0.603522 0.478343 0.9 0.417243 
0.681855 0.365485 17.1267 0.610446 0.475248 0.925 0.417243 
0.681837 0.373503 15.3629 0.617769 0.471983 0.95 0.417243 
0.681824 0.381955 13.599 0.62549 0.468546 0.975 0.417243 
0.681816 0.39084 11.8352 0.633609 0.464938 1 0.417243 
0.695216 0.357932 18.921 0.612948 0.485526 0.9 0.425424 
0.695192 0.365509 17.1572 0.61984 0.482377 0.925 0.425424 
0.695172 0.37352 15.3934 0.627128 0.479052 0.95 0.425424 
0.695156 0.381963 13.6295 0.634812 0.475554 0.975 0.425424 
0.695146 0.39084 11.8657 0.642893 0.471881 1 0.425424 

ZONE I=5, J=5
0.695216 0.357932 18.9468 0.612948 0.485526 0.9 0.425424 
0.695192 0.365509 17.1711 0.61984 0.482377 0.925 0.425424 
0.695172 0.37352 15.3953 0.627128 0.479052 0.95 0.425424 
0.695156 0.381963 13.6196 0.634812 0.475554 0.975 0.425424 
0.695146 0.39084 11.8439 0.642893 0.471881 1 0.425424 
0.708546 0.357964 18.9799 0.622529 0.492578 0.9 0.433605 
0.708522 0.365534 17.2042 0.629388 0.489376 0.925 0.433605 
0.708503 0.373537 15.4284 0.636643 0.485997 0.95 0.433605 
0.70849 0.381972 13.6527 0.644292 0.482441 0.975 0.433605 
0.708482 0.39084 11.877 0.652336 0.478707 1 0.433605 
0.721873 0.357996 19.013 0.632265 0.499503 0.9 0.441786 
0.721849 0.365559 17.2373 0.639091 0.496248 0.925 0.441786 
0.721831 0.373554 15.4615 0.646311 0.492813 0.95 0.441786 
0.721818 0.381981 13.6858 0.653923 0.489198 0.975 0.441786 
0.72181 0.39084 11.9101 0.661929 0.485404 1 0.441786 
0.735201 0.358029 19.0461 0.642156 0.5063 0.9 0.449967 
0.735176 0.365584 17.2704 0.648949 0.502992 0.925 0.449967 
0.735157 0.373571 15.4946 0.656132 0.499501 0.95 0.449967 
0.735143 0.381989 13.7189 0.663707 0.495827 0.975 0.449967 
0.735134 0.39084 11.9432 0.671672 0.49197 1 0.449967 
0.748532 0.358062 19.0792 0.652203 0.512971 0.9 0.458149 
0.748505 0.36561 17.3035 0.658961 0.509609 0.925 0.458149 
0.748484 0.373588 15.5277 0.666107 0.506061 0.95 0.458149 
0.748467 0.381998 13.752 0.673643 0.502326 0.975 0.458149 
0.748456 0.39084 11.9763 0.681567 0.498406 1 0.458149 

ZONE I=5, J=5
0.748532 0.358062 19.1071 0.652203 0.512971 0.9 0.458149 
0.748505 0.36561 17.3185 0.658961 0.509609 0.925 0.458149 
0.748484 0.373588 15.5299 0.666107 0.506061 0.95 0.458149 
0.748467 0.381998 13.7412 0.673643 0.502326 0.975 0.458149 
0.748456 0.39084 11.9526 0.681567 0.498406 1 0.458149 
0.761851 0.358097 19.1429 0.662397 0.5195 0.9 0.46633 
0.761826 0.365636 17.3542 0.669121 0.516088 0.925 0.46633 
0.761806 0.373607 15.5656 0.676231 0.512486 0.95 0.46633 
0.761792 0.382008 13.777 0.683729 0.508696 0.975 0.46633 
0.761783 0.39084 11.9883 0.691614 0.504717 1 0.46633 
0.775169 0.358131 19.1786 0.672741 0.525894 0.9 0.474511 
0.775144 0.365663 17.39 0.679429 0.52243 0.925 0.474511 
0.775124 0.373625 15.6014 0.686502 0.518775 0.95 0.474511 
0.77511 0.382017 13.8127 0.693961 0.514928 0.975 0.474511 
0.775102 0.39084 12.0241 0.701805 0.51089 1 0.474511 
0.788487 0.358166 19.2144 0.683233 0.532153 0.9 0.482692 
0.788461 0.365689 17.4257 0.689885 0.528638 0.925 0.482692 
0.78844 0.373643 15.6371 0.69692 0.524928 0.95 0.482692 
0.788425 0.382026 13.8485 0.704339 0.521023 0.975 0.482692 
0.788416 0.39084 12.0598 0.712141 0.516924 1 0.482692 
0.801808 0.358201 19.2501 0.693875 0.538276 0.9 0.490874 
0.80178 0.365717 17.4615 0.70049 0.534709 0.925 0.490874 
0.801757 0.373662 15.6728 0.707486 0.530944 0.95 0.490874 
0.801739 0.382036 13.8842 0.714863 0.52698 0.975 0.490874 
0.801727 0.39084 12.0956 0.722622 0.522819 1 0.490874 

ZONE I=5, J=5
0.801808 0.358201 19.2802 0.693875 0.538276 0.9 0.490874 
0.80178 0.365717 17.4777 0.70049 0.534709 0.925 0.490874 
0.801757 0.373662 15.6751 0.707486 0.530944 0.95 0.490874 
0.801739 0.382036 13.8726 0.714863 0.52698 0.975 0.490874 
0.801727 0.39084 12.0701 0.722622 0.522819 1 0.490874 
0.815117 0.358238 19.3187 0.704657 0.54425 0.9 0.499055 
0.81509 0.365745 17.5161 0.711236 0.540634 0.925 0.499055 
0.815069 0.373681 15.7136 0.718194 0.536817 0.95 0.499055 
0.815054 0.382046 13.911 0.725531 0.5328 0.975 0.499055 
0.815044 0.39084 12.1085 0.733248 0.528583 1 0.499055 
0.828423 0.358274 19.3571 0.715582 0.550081 0.9 0.507236 
0.828397 0.365773 17.5546 0.722123 0.546415 0.925 0.507236 
0.828376 0.3737 15.752 0.729042 0.542546 0.95 0.507236 
0.828362 0.382056 13.9495 0.736339 0.538474 0.975 0.507236 
0.828353 0.39084 12.1469 0.744013 0.5342 1 0.507236 
0.841731 0.358311 19.3955 0.726649 0.555768 0.9 0.515417 
0.841703 0.365801 17.593 0.733153 0.552052 0.925 0.515417 
0.841682 0.373719 15.7905 0.740031 0.548131 0.95 0.515417 
0.841666 0.382065 13.9879 0.747286 0.544003 0.975 0.515417 
0.841656 0.39084 12.1854 0.754915 0.53967 1 0.515417 
0.855041 0.358349 19.434 0.73786 0.561313 0.9 0.523599 
0.855011 0.36583 17.6314 0.744324 0.557546 0.925 0.523599 
0.854987 0.373739 15.8289 0.751161 0.553571 0.95 0.523599 
0.854968 0.382076 14.0264 0.758372 0.549386 0.975 0.523599 
0.854955 0.39084 12.2238 0.765955 0.544993 1 0.523599 

ZONE I=5, J=5
0.855041 0.358349 19.4663 0.73786 0.561313 0.9 0.523599 
0.855011 0.36583 17.6488 0.744324 0.557546 0.925 0.523599 
0.854987 0.373739 15.8314 0.751161 0.553571 0.95 0.523599 
0.854968 0.382076 14.0139 0.758372 0.549386 0.975 0.523599 
0.854955 0.39084 12.1964 0.765955 0.544993 1 0.523599 
0.868338 0.358387 19.5075 0.749203 0.566699 0.9 0.53178 
0.86831 0.36586 17.69 0.755629 0.562885 0.925 0.53178 
0.868288 0.37376 15.8725 0.762427 0.558861 0.95 0.53178 
0.868271 0.382086 14.0551 0.769595 0.554624 0.975 0.53178 
0.868261 0.39084 12.2376 0.777135 0.550177 1 0.53178 
0.881633 0.358426 19.5486 0.760682 0.571935 0.9 0.539961 
0.881605 0.36589 17.7312 0.767069 0.568073 0.925 0.539961 
0.881583 0.37378 15.9137 0.773826 0.563998 0.95 0.539961 
0.881568 0.382097 14.0962 0.780951 0.559709 0.975 0.539961 
0.881558 0.39084 12.2788 0.788446 0.555206 1 0.539961 
0.894929 0.358465 19.5898 0.772297 0.577019 0.9 0.548142 
0.8949 0.365919 17.7724 0.778645 0.57311 0.925 0.548142 
0.894877 0.3738 15.9549 0.785359 0.568984 0.95 0.548142 
0.89486 0.382107 14.1374 0.79244 0.564641 0.975 0.548142 
0.894849 0.39084 12.32 0.799888 0.560081 1 0.548142 
0.908227 0.358505 19.631 0.784048 0.581953 0.9 0.556324 
0.908196 0.36595 17.8135 0.790355 0.577995 0.925 0.556324 
0.90817 0.373821 15.9961 0.797025 0.573817 0.95 0.556324 
0.90815 0.382118 14.1786 0.80406 0.569419 0.975 0.556324 
0.908137 0.39084 12.3611 0.81146 0.564801 1 0.556324 

ZONE I=5, J=5
0.908227 0.358505 19.6656 0.784048 0.581953 0.9 0.556324 
0.908196 0.36595 17.8321 0.790355 0.577995 0.925 0.556324 
0.90817 0.373821 15.9987 0.797025 0.573817 0.95 0.556324 
0.90815 0.382118 14.1652 0.80406 0.569419 0.975 0.556324 
0.908137 0.39084 12.3318 0.81146 0.564801 1 0.556324 
0.921511 0.358545 19.7095 0.795924 0.586722 0.9 0.564505 
0.921482 0.365981 17.8761 0.802191 0.582718 0.925 0.564505 
0.921458 0.373843 16.0427 0.80882 0.578492 0.95 0.564505 
0.921441 0.382129 14.2092 0.815812 0.574045 0.975 0.564505 
0.92143 0.39084 12.3758 0.823166 0.569375 1 0.564505 
0.934794 0.358585 19.7535 0.807929 0.591332 0.9 0.572686 
0.934764 0.366012 17.9201 0.814155 0.587282 0.925 0.572686 
0.934741 0.373864 16.0866 0.820742 0.583008 0.95 0.572686 
0.934725 0.38214 14.2532 0.827688 0.57851 0.975 0.572686 
0.934715 0.39084 12.4197 0.834995 0.573787 1 0.572686 
0.948076 0.358626 19.7975 0.820063 0.595783 0.9 0.580867 
0.948046 0.366044 17.964 0.826247 0.591688 0.925 0.580867 
0.948022 0.373885 16.1306 0.832789 0.587365 0.95 0.580867 
0.948004 0.38215 14.2971 0.839689 0.582814 0.975 0.580867 
0.947993 0.39084 12.4637 0.846947 0.578037 1 0.580867 
0.961362 0.358668 19.8414 0.832326 0.600077 0.9 0.589049 
0.961329 0.366076 18.008 0.838467 0.595934 0.925 0.589049 
0.961302 0.373907 16.1746 0.844964 0.591561 0.95 0.589049 
0.961281 0.382162 14.3411 0.851815 0.586958 0.975 0.589049 
0.961266 0.39084 12.5077 0.859023 0.582124 1 0.589049 

ZONE I=5, J=5
0.961362 0.358668 19.8783 0.832326 0.600077 0.9 0.589049 
0.961329 0.366076 18.0278 0.838467 0.595934 0.925 0.589049 
0.961302 0.373907 16.1774 0.844964 0.591561 0.95 0.589049 
0.961281 0.382162 14.3269 0.851815 0.586958 0.975 0.589049 
0.961266 0.39084 12.4764 0.859023 0.582124 1 0.589049 
0.974632 0.358711 19.9251 0.844705 0.604198 0.9 0.59723 
0.974601 0.366109 18.0747 0.850805 0.600011 0.925 0.59723 
0.974576 0.37393 16.2242 0.857258 0.595593 0.95 0.59723 
0.974558 0.382174 14.3737 0.864065 0.590942 0.975 0.59723 
0.974547 0.39084 12.5232 0.871225 0.586059 1 0.59723 
0.987901 0.358753 19.9719 0.857206 0.608153 0.9 0.605411 
0.98787 0.366142 18.1215 0.863263 0.603923 0.925 0.605411 
0.987846 0.373952 16.271 0.869672 0.599458 0.95 0.605411 
0.987828 0.382185 14.4205 0.876432 0.594758 0.975 0.605411 
0.987818 0.39084 12.57 0.883542 0.589824 1 0.605411 
1.00117 0.358796 20.0187 0.869828 0.611943 0.9 0.613592 
1.00114 0.366174 18.1683 0.875842 0.607668 0.925 0.613592 
1.00111 0.373975 16.3178 0.882204 0.603156 0.95 0.613592 
1.00109 0.382196 14.4673 0.888916 0.598407 0.975 0.613592 
1.00108 0.39084 12.6168 0.895975 0.59342 1 0.613592 
1.01444 0.35884 20.0656 0.882571 0.615568 0.9 0.621774 
1.01441 0.366208 18.2151 0.88854 0.611248 0.925 0.621774 
1.01438 0.373998 16.3646 0.894855 0.606688 0.95 0.621774 
1.01436 0.382208 14.5141 0.901517 0.601888 0.975 0.621774 
1.01434 0.39084 12.6636 0.908524 0.596847 1 0.621774 

ZONE I=5, J=5
1.01444 0.35884 20.1048 0.882571 0.615568 0.9 0.621774 
1.01441 0.366208 18.2362 0.88854 0.611248 0.925 0.621774 
1.01438 0.373998 16.3676 0.894855 0.606688 0.95 0.621774 
1.01436 0.382208 14.4989 0.901517 0.601888 0.975 0.621774 
1.01434 0.39084 12.6303 0.908524 0.596847 1 0.621774 
1.0277 0.358884 20.1545 0.895422 0.619012 0.9 0.629955 
1.02766 0.366243 18.2859 0.901349 0.614651 0.925 0.629955 
1.02764 0.374021 16.4173 0.907619 0.610048 0.95 0.629955 
1.02762 0.382221 14.5486 0.914234 0.605202 0.975 0.629955 
1.02761 0.39084 12.68 0.921192 0.600115 1 0.629955 
1.04095 0.358929 20.2042 0.908387 0.622285 0.9 0.638136 
1.04092 0.366277 18.3356 0.914269 0.617881 0.925 0.638136 
1.04089 0.374044 16.467 0.920494 0.613234 0.95 0.638136 
1.04087 0.382232 14.5984 0.927059 0.608342 0.975 0.638136 
1.04086 0.39084 12.7297 0.933967 0.603206 1 0.638136 
1.0542 0.358973 20.2539 0.921464 0.625385 0.9 0.646317 
1.05417 0.366311 18.3853 0.927302 0.620939 0.925 0.646317 
1.05414 0.374068 16.5167 0.933478 0.616247 0.95 0.646317 
1.05412 0.382244 14.6481 0.939994 0.611307 0.975 0.646317 
1.05411 0.390839 12.7794 0.946848 0.606121 1 0.646317 
1.06746 0.359019 20.3036 0.934655 0.628314 0.9 0.654498 
1.06742 0.366346 18.435 0.940446 0.623825 0.925 0.654498 
1.06739 0.374092 16.5664 0.946573 0.619086 0.95 0.654498 
1.06737 0.382257 14.6978 0.953037 0.614098 0.975 0.654498 
1.06735 0.39084 12.8291 0.959837 0.608859 1 0.654498 

ZONE I=5, J=5
1.06746 0.359019 20.3453 0.934655 0.628314 0.9 0.654498 
1.06742 0.366346 18.4574 0.940446 0.623825 0.925 0.654498 
1.06739 0.374092 16.5695 0.946573 0.619086 0.95 0.654498 
1.06737 0.382257 14.6817 0.953037 0.614098 0.975 0.654498 
1.06735 0.39084 12.7938 0.959837 0.608859 1 0.654498 
1.0807 0.359065 20.3979 0.947947 0.631055 0.9 0.66268 
1.08066 0.366382 18.5101 0.953694 0.626527 0.925 0.66268 
1.08064 0.374117 16.6222 0.959775 0.621747 0.95 0.66268 
1.08062 0.382269 14.7343 0.96619 0.616716 0.975 0.66268 
1.0806 0.39084 12.8465 0.972939 0.611433 1 0.66268 
1.09393 0.359111 20.4506 0.961343 0.633619 0.9 0.670861 
1.0939 0.366417 18.5627 0.967045 0.62905 0.925 0.670861 
1.09387 0.374141 16.6749 0.973078 0.624229 0.95 0.670861 
1.09386 0.382282 14.787 0.979443 0.619153 0.975 0.670861 
1.09384 0.39084 12.8991 0.986139 0.613824 1 0.670861 
1.10717 0.359158 20.5033 0.974844 0.636003 0.9 0.679042 
1.10714 0.366453 18.6154 0.980499 0.631395 0.925 0.679042 
1.10711 0.374165 16.7275 0.986483 0.62653 0.95 0.679042 
1.10709 0.382294 14.8397 0.992796 0.621409 0.975 0.679042 
1.10707 0.390839 12.9518 0.999437 0.616032 1 0.679042 
1.12041 0.359206 20.5559 0.988449 0.63821 0.9 0.687223 
1.12037 0.36649 18.6681 0.994056 0.63356 0.925 0.687223 
1.12034 0.37419 16.7802 0.999989 0.628651 0.95 0.687223 
1.12032 0.382307 14.8923 1.00625 0.623484 0.975 0.687223 
1.1203 0.39084 13.0045 1.01283 0.618057 1 0.687223 

ZONE I=5, J=5
1.12041 0.359206 20.6 0.988449 0.63821 0.9 0.687223 
1.12037 0.36649 18.6918 0.994056 0.63356 0.925 0.687223 
1.12034 0.37419 16.7835 0.999989 0.628651 0.95 0.687223 
1.12032 0.382307 14.8753 1.00625 0.623484 0.975 0.687223 
1.1203 0.39084 12.9671 1.01283 0.618057 1 0.687223 
1.13363 0.359254 20.6557 1.00215 0.640223 0.9 0.695405 
1.1336 0.366527 18.7475 1.00771 0.635536 0.925 0.695405 
1.13357 0.374216 16.8392 1.01359 0.630589 0.95 0.695405 
1.13355 0.38232 14.931 1.0198 0.62538 0.975 0.695405 
1.13353 0.39084 13.0228 1.02634 0.619911 1 0.695405 
1.14685 0.359302 20.7114 1.01594 0.642052 0.9 0.703586 
1.14682 0.366564 18.8032 1.02145 0.637327 0.925 0.703586 
1.14679 0.374241 16.8949 1.02729 0.63234 0.95 0.703586 
1.14677 0.382333 14.9867 1.03345 0.62709 0.975 0.703586 
1.14676 0.39084 13.0784 1.03993 0.621577 1 0.703586 
1.16007 0.35935 20.7671 1.02983 0.643697 0.9 0.711767 
1.16003 0.366601 18.8588 1.0353 0.638933 0.925 0.711767 
1.16 0.374266 16.9506 1.04108 0.633905 0.95 0.711767 
1.15998 0.382346 15.0424 1.04718 0.628612 0.975 0.711767 
1.15997 0.390839 13.1341 1.05361 0.623054 1 0.711767 
1.17329 0.359399 20.8228 1.04381 0.645157 0.9 0.719948 
1.17325 0.366639 18.9145 1.04923 0.640355 0.925 0.719948 
1.17322 0.374292 17.0063 1.05496 0.635284 0.95 0.719948 
1.17319 0.382359 15.098 1.06101 0.629947 0.975 0.719948 
1.17318 0.39084 13.1898 1.06738 0.624342 1 0.719948 

ZONE I=5, J=5
1.17329 0.359399 20.8694 1.04381 0.645157 0.9 0.719948 
1.17325 0.366639 18.9396 1.04923 0.640355 0.925 0.719948 
1.17322 0.374292 17.0098 1.05496 0.635284 0.95 0.719948 
1.17319 0.382359 15.0801 1.06101 0.629947 0.975 0.719948 
1.17318 0.39084 13.1503 1.06738 0.624342 1 0.719948 
1.18649 0.359449 20.9282 1.05788 0.646418 0.9 0.72813 
1.18646 0.366677 18.9984 1.06325 0.64158 0.925 0.72813 
1.18643 0.374319 17.0686 1.06894 0.636474 0.95 0.72813 
1.18641 0.382373 15.1388 1.07493 0.631098 0.975 0.72813 
1.18639 0.39084 13.2091 1.08124 0.625453 1 0.72813 
1.19969 0.359499 20.987 1.07204 0.647489 0.9 0.736311 
1.19966 0.366715 19.0572 1.07736 0.642616 0.925 0.736311 
1.19963 0.374344 17.1274 1.08299 0.637471 0.95 0.736311 
1.19961 0.382386 15.1976 1.08894 0.632056 0.975 0.736311 
1.1996 0.39084 13.2678 1.09519 0.626369 1 0.736311 
1.21289 0.359548 21.0457 1.08628 0.64837 0.9 0.744492 
1.21285 0.366754 19.116 1.09155 0.64346 0.925 0.744492 
1.21282 0.374371 17.1862 1.09713 0.638277 0.95 0.744492 
1.2128 0.382399 15.2564 1.10302 0.632821 0.975 0.744492 
1.21279 0.390839 13.3266 1.10922 0.627092 1 0.744492 
1.22609 0.359599 21.1045 1.10061 0.649061 0.9 0.752673 
1.22605 0.366793 19.1747 1.10583 0.644115 0.925 0.752673 
1.22602 0.374397 17.2449 1.11136 0.638892 0.95 0.752673 
1.22599 0.382413 15.3152 1.11719 0.633394 0.975 0.752673 
1.22597 0.39084 13.3854 1.12333 0.62762 1 0.752673 

ZONE I=5, J=5
1.22609 0.359599 21.1537 1.10061 0.649061 0.9 0.752673 
1.22605 0.366793 19.2012 1.10583 0.644115 0.925 0.752673 
1.22602 0.374397 17.2487 1.11136 0.638892 0.95 0.752673 
1.22599 0.382413 15.2962 1.11719 0.633394 0.975 0.752673 
1.22597 0.39084 13.3437 1.12333 0.62762 1 0.752673 
1.23928 0.359651 21.2157 1.11501 0.649547 0.9 0.760855 
1.23924 0.366833 19.2632 1.12018 0.644568 0.925 0.760855 
1.23921 0.374425 17.3106 1.12566 0.639311 0.95 0.760855 
1.23919 0.382427 15.3581 1.13144 0.633777 0.975 0.760855 
1.23917 0.39084 13.4056 1.13752 0.627966 1 0.760855 
1.25245 0.359702 21.2776 1.12949 0.649838 0.9 0.769036 
1.25242 0.366872 19.3251 1.13461 0.644825 0.925 0.769036 
1.25239 0.374452 17.3726 1.14004 0.639533 0.95 0.769036 
1.25237 0.382441 15.4201 1.14576 0.633962 0.975 0.769036 
1.25235 0.39084 13.4676 1.15179 0.628112 1 0.769036 
1.26563 0.359754 21.3396 1.14404 0.649934 0.9 0.777217 
1.26559 0.366912 19.387 1.14912 0.644887 0.925 0.777217 
1.26556 0.374479 17.4345 1.15449 0.639559 0.95 0.777217 
1.26554 0.382454 15.482 1.16016 0.633949 0.975 0.777217 
1.26553 0.390839 13.5295 1.16613 0.628058 1 0.777217 
1.27881 0.359806 21.4015 1.15868 0.649835 0.9 0.785398 
1.27877 0.366952 19.449 1.1637 0.644753 0.925 0.785398 
1.27874 0.374506 17.4965 1.16902 0.639387 0.95 0.785398 
1.27871 0.382469 15.544 1.17463 0.633738 0.975 0.785398 
1.27869 0.39084 13.5914 1.18054 0.627805 1 0.785398 

ZONE I=5, J=5
1.27881 0.359806 21.4534 1.15868 0.649835 0.9 0.785398 
1.27877 0.366952 19.4769 1.1637 0.644753 0.925 0.785398 
1.27874 0.374506 17.5004 1.16902 0.639387 0.95 0.785398 
1.27871 0.382469 15.524 1.17463 0.633738 0.975 0.785398 
1.27869 0.39084 13.5475 1.18054 0.627805 1 0.785398 
1.29197 0.35986 21.5185 1.17338 0.649526 0.9 0.79358 
1.29193 0.366993 19.5421 1.17835 0.644413 0.925 0.79358 
1.2919 0.374535 17.5656 1.18362 0.639015 0.95 0.79358 
1.29188 0.382484 15.5891 1.18918 0.633333 0.975 0.79358 
1.29187 0.39084 13.6127 1.19503 0.627365 1 0.79358 
1.30513 0.359912 21.5837 1.18814 0.649017 0.9 0.801761 
1.30509 0.367034 19.6073 1.19307 0.643873 0.925 0.801761 
1.30506 0.374562 17.6308 1.19828 0.638442 0.95 0.801761 
1.30504 0.382498 15.6543 1.20378 0.632724 0.975 0.801761 
1.30503 0.39084 13.6779 1.20958 0.62672 1 0.801761 
1.31829 0.359965 21.6489 1.20298 0.648308 0.9 0.809942 
1.31825 0.367075 19.6724 1.20785 0.643131 0.925 0.809942 
1.31821 0.37459 17.696 1.21301 0.637667 0.95 0.809942 
1.31819 0.382512 15.7195 1.21845 0.631913 0.975 0.809942 
1.31818 0.390839 13.7431 1.22419 0.625872 1 0.809942 
1.33144 0.36002 21.7141 1.21788 0.647399 0.9 0.818123 
1.3314 0.367116 19.7376 1.2227 0.64219 0.925 0.818123 
1.33136 0.374619 17.7612 1.2278 0.63669 0.95 0.818123 
1.33134 0.382526 15.7847 1.23319 0.6309 0.975 0.818123 
1.33132 0.39084 13.8082 1.23886 0.624818 1 0.818123 

ZONE I=5, J=5
1.33144 0.36002 21.7686 1.21788 0.647399 0.9 0.818123 
1.3314 0.367116 19.767 1.2227 0.64219 0.925 0.818123 
1.33136 0.374619 17.7653 1.2278 0.63669 0.95 0.818123 
1.33134 0.382526 15.7637 1.23319 0.6309 0.975 0.818123 
1.33132 0.39084 13.762 1.23886 0.624818 1 0.818123 
1.34458 0.360074 21.8371 1.23283 0.646275 0.9 0.826305 
1.34454 0.367159 19.8355 1.2376 0.641037 0.925 0.826305 
1.34451 0.374648 17.8338 1.24266 0.635508 0.95 0.826305 
1.34448 0.382542 15.8322 1.24799 0.629687 0.975 0.826305 
1.34447 0.39084 13.8305 1.2536 0.623573 1 0.826305 
1.35771 0.360128 21.9057 1.24785 0.644946 0.9 0.834486 
1.35767 0.3672 19.904 1.25257 0.63968 0.925 0.834486 
1.35764 0.374676 17.9023 1.25756 0.63412 0.95 0.834486 
1.35762 0.382556 15.9007 1.26284 0.628266 0.975 0.834486 
1.35761 0.39084 13.899 1.26839 0.622119 1 0.834486 
1.37084 0.360183 21.9742 1.26292 0.643414 0.9 0.842667 
1.3708 0.367242 19.9725 1.26759 0.638118 0.925 0.842667 
1.37077 0.374704 17.9709 1.27253 0.632526 0.95 0.842667 
1.37075 0.38257 15.9692 1.27775 0.626639 0.975 0.842667 
1.37073 0.390839 13.9676 1.28324 0.620456 1 0.842667 
1.38398 0.360239 22.0427 1.27805 0.641677 0.9 0.850848 
1.38393 0.367285 20.041 1.28266 0.636351 0.925 0.850848 
1.3839 0.374734 18.0394 1.28755 0.630727 0.95 0.850848 
1.38387 0.382586 16.0377 1.2927 0.624805 0.975 0.850848 
1.38385 0.39084 14.0361 1.29813 0.618585 1 0.850848 

ZONE I=5, J=5
1.38398 0.360239 22.1 1.27805 0.641677 0.9 0.850848 
1.38393 0.367285 20.0719 1.28266 0.636351 0.925 0.850848 
1.3839 0.374734 18.0438 1.28755 0.630727 0.95 0.850848 
1.38387 0.382586 16.0156 1.2927 0.624805 0.975 0.850848 
1.38385 0.39084 13.9875 1.29813 0.618585 1 0.850848 
1.39709 0.360295 22.1719 1.29322 0.639722 0.9 0.859029 
1.39705 0.367328 20.1438 1.29778 0.634369 0.925 0.859029 
1.39701 0.374764 18.1157 1.30262 0.628717 0.95 0.859029 
1.39699 0.382601 16.0876 1.30772 0.622767 0.975 0.859029 
1.39697 0.39084 14.0595 1.31309 0.616518 1 0.859029 
1.41019 0.36035 22.2438 1.30844 0.637558 0.9 0.86721 
1.41015 0.367371 20.2157 1.31295 0.632178 0.925 0.86721 
1.41012 0.374793 18.1876 1.31773 0.626498 0.95 0.86721 
1.4101 0.382616 16.1595 1.32277 0.620518 0.975 0.86721 
1.41009 0.39084 14.1314 1.32808 0.614238 1 0.86721 
1.4233 0.360406 22.3157 1.32371 0.635186 0.9 0.875391 
1.42326 0.367414 20.2876 1.32817 0.629778 0.925 0.875391 
1.42323 0.374822 18.2595 1.33289 0.624069 0.95 0.875391 
1.4232 0.38263 16.2314 1.33788 0.618058 0.975 0.875391 
1.42318 0.390839 14.2033 1.34312 0.611745 1 0.875391 
1.43641 0.360463 22.3876 1.33903 0.632605 0.9 0.883573 
1.43636 0.367458 20.3595 1.34344 0.62717 0.925 0.883573 
1.43633 0.374852 18.3314 1.3481 0.62143 0.95 0.883573 
1.4363 0.382646 16.3033 1.35302 0.615387 0.975 0.883573 
1.43627 0.39084 14.2752 1.3582 0.60904 1 0.883573 

ZONE I=5, J=5
1.43641 0.360463 22.4477 1.33903 0.632605 0.9 0.883573 
1.43636 0.367458 20.3919 1.34344 0.62717 0.925 0.883573 
1.43633 0.374852 18.336 1.3481 0.62143 0.95 0.883573 
1.4363 0.382646 16.2802 1.35302 0.615387 0.975 0.883573 
1.43627 0.39084 14.2244 1.3582 0.60904 1 0.883573 
1.44949 0.360521 22.5231 1.35438 0.629802 0.9 0.891754 
1.44945 0.367503 20.4673 1.35873 0.624343 0.925 0.891754 
1.44942 0.374883 18.4115 1.36334 0.618578 0.95 0.891754 
1.44939 0.382662 16.3556 1.36821 0.612509 0.975 0.891754 
1.44937 0.39084 14.2998 1.37333 0.606135 1 0.891754 
1.46257 0.360578 22.5986 1.36977 0.626787 0.9 0.899935 
1.46253 0.367546 20.5427 1.37407 0.621303 0.925 0.899935 
1.4625 0.374913 18.4869 1.37862 0.615513 0.95 0.899935 
1.46247 0.382677 16.4311 1.38343 0.609416 0.975 0.899935 
1.46246 0.39084 14.3752 1.38849 0.603013 1 0.899935 
1.47565 0.360635 22.674 1.3852 0.62356 0.9 0.908116 
1.47561 0.36759 20.6181 1.38944 0.618051 0.925 0.908116 
1.47557 0.374943 18.5623 1.39394 0.612234 0.95 0.908116 
1.47555 0.382692 16.5065 1.39869 0.606109 0.975 0.908116 
1.47553 0.390839 14.4506 1.40369 0.599676 1 0.908116 
1.48873 0.360694 22.7494 1.40066 0.620122 0.9 0.916298 
1.48868 0.367635 20.6936 1.40485 0.614587 0.925 0.916298 
1.48864 0.374974 18.6377 1.40929 0.608742 0.95 0.916298 
1.48861 0.382708 16.5819 1.41397 0.602587 0.975 0.916298 
1.48859 0.39084 14.5261 1.41891 0.596123 1 0.916298 

ZONE I=5, J=5
1.48873 0.360694 22.8121 1.40066 0.620122 0.9 0.916298 
1.48868 0.367635 20.7273 1.40485 0.614587 0.925 0.916298 
1.48864 0.374974 18.6426 1.40929 0.608742 0.95 0.916298 
1.48861 0.382708 16.5578 1.41397 0.602587 0.975 0.916298 
1.48859 0.39084 14.473 1.41891 0.596123 1 0.916298 
1.50178 0.360753 22.8911 1.41615 0.616457 0.9 0.924479 
1.50174 0.367681 20.8064 1.42028 0.610901 0.925 0.924479 
1.5017 0.375005 18.7216 1.42467 0.605033 0.95 0.924479 
1.50168 0.382725 16.6368 1.4293 0.598855 0.975 0.924479 
1.50166 0.39084 14.5521 1.43417 0.592366 1 0.924479 
1.51483 0.360811 22.9702 1.43166 0.612578 0.9 0.93266 
1.51479 0.367726 20.8854 1.43574 0.606999 0.925 0.93266 
1.51476 0.375035 18.8006 1.44007 0.601108 0.95 0.93266 
1.51473 0.38274 16.7158 1.44464 0.594905 0.975 0.93266 
1.51472 0.39084 14.6311 1.44945 0.588391 1 0.93266 
1.52788 0.360869 23.0492 1.4472 0.608484 0.9 0.940841 
1.52784 0.367771 20.9644 1.45123 0.602882 0.925 0.940841 
1.5278 0.375066 18.8796 1.4555 0.596967 0.95 0.940841 
1.52778 0.382755 16.7949 1.46001 0.590738 0.975 0.940841 
1.52776 0.390839 14.7101 1.46476 0.584196 1 0.940841 
1.54093 0.360929 23.1282 1.46277 0.604175 0.9 0.949023 
1.54088 0.367817 21.0434 1.46674 0.59855 0.925 0.949023 
1.54084 0.375098 18.9587 1.47095 0.592609 0.95 0.949023 
1.54081 0.382772 16.8739 1.4754 0.586353 0.975 0.949023 
1.54079 0.39084 14.7891 1.48008 0.579782 1 0.949023 

ZONE I=5, J=5
1.54093 0.360929 23.1931 1.46277 0.604175 0.9 0.949023 
1.54088 0.367817 21.0784 1.46674 0.59855 0.925 0.949023 
1.54084 0.375098 18.9637 1.47095 0.592609 0.95 0.949023 
1.54081 0.382772 16.849 1.4754 0.586353 0.975 0.949023 
1.54079 0.39084 14.7343 1.48008 0.579782 1 0.949023 
1.55395 0.360989 23.2758 1.47835 0.599638 0.9 0.957204 
1.55391 0.367863 21.1611 1.48227 0.593993 0.925 0.957204 
1.55387 0.37513 19.0464 1.48642 0.588032 0.95 0.957204 
1.55385 0.382789 16.9317 1.49081 0.581755 0.975 0.957204 
1.55383 0.39084 14.817 1.49544 0.575163 1 0.957204 
1.56697 0.361049 23.3586 1.49394 0.594883 0.9 0.965385 
1.56693 0.367909 21.2439 1.49781 0.589218 0.925 0.965385 
1.56689 0.375161 19.1292 1.50191 0.583236 0.95 0.965385 
1.56687 0.382804 17.0145 1.50624 0.576938 0.975 0.965385 
1.56685 0.39084 14.8998 1.5108 0.570322 1 0.965385 
1.57998 0.361108 23.4413 1.50955 0.589911 0.9 0.973566 
1.57994 0.367955 21.3266 1.51337 0.584225 0.925 0.973566 
1.57991 0.375192 19.2119 1.51741 0.578221 0.95 0.973566 
1.57988 0.38282 17.0972 1.52168 0.571899 0.975 0.973566 
1.57986 0.390839 14.9825 1.52617 0.565259 1 0.973566 
1.593 0.361169 23.524 1.52518 0.584721 0.9 0.981748 
1.59295 0.368002 21.4093 1.52894 0.579014 0.925 0.981748 
1.59291 0.375225 19.2947 1.53292 0.572987 0.95 0.981748 
1.59288 0.382837 17.18 1.53713 0.566641 0.975 0.981748 
1.59286 0.39084 15.0653 1.54156 0.559975 1 0.981748 

ZONE I=5, J=5
1.593 0.361169 23.5895 1.52518 0.584721 0.9 0.981748 
1.59295 0.368002 21.4446 1.52894 0.579014 0.925 0.981748 
1.59291 0.375225 19.2997 1.53292 0.572987 0.95 0.981748 
1.59288 0.382837 17.1549 1.53713 0.566641 0.975 0.981748 
1.59286 0.39084 15.01 1.54156 0.559975 1 0.981748 
1.60599 0.361231 23.6761 1.54081 0.5793 0.9 0.989929 
1.60595 0.36805 21.5312 1.54452 0.573576 0.925 0.989929 
1.60591 0.375257 19.3863 1.54844 0.567532 0.95 0.989929 
1.60589 0.382854 17.2415 1.55259 0.561168 0.975 0.989929 
1.60587 0.39084 15.0966 1.55696 0.554483 1 0.989929 
1.61897 0.361292 23.7626 1.55644 0.57366 0.9 0.99811 
1.61893 0.368096 21.6178 1.5601 0.567919 0.925 0.99811 
1.6189 0.375289 19.4729 1.56397 0.561856 0.95 0.99811 
1.61888 0.38287 17.328 1.56806 0.555472 0.975 0.99811 
1.61886 0.39084 15.1832 1.57236 0.548767 1 0.99811 
1.63195 0.361352 23.8492 1.57208 0.567801 0.9 1.00629 
1.63191 0.368143 21.7044 1.57568 0.562041 0.925 1.00629 
1.63187 0.375321 19.5595 1.57949 0.555959 0.95 1.00629 
1.63185 0.382887 17.4146 1.58352 0.549556 0.975 1.00629 
1.63184 0.390839 15.2698 1.58776 0.54283 1 1.00629 
1.64492 0.361414 23.9358 1.58772 0.561722 0.9 1.01447 
1.64488 0.368192 21.7909 1.59126 0.555944 0.925 1.01447 
1.64485 0.375355 19.6461 1.59502 0.549842 0.95 1.01447 
1.64482 0.382904 17.5012 1.59898 0.543417 0.975 1.01447 
1.6448 0.39084 15.3563 1.60316 0.536669 1 1.01447 

ZONE I=5, J=5
1.64492 0.361414 23.997 1.58772 0.561722 0.9 1.01447 
1.64488 0.368192 21.824 1.59126 0.555944 0.925 1.01447 
1.64485 0.375355 19.6509 1.59502 0.549842 0.95 1.01447 
1.64482 0.382904 17.4778 1.59898 0.543417 0.975 1.01447 
1.6448 0.39084 15.3048 1.60316 0.536669 1 1.01447 
1.65789 0.361478 24.0876 1.60336 0.555406 0.9 1.02266 
1.65785 0.368241 21.9146 1.60685 0.549613 0.925 1.02266 
1.65782 0.375389 19.7415 1.61055 0.543497 0.95 1.02266 
1.6578 0.382922 17.5685 1.61446 0.537056 0.975 1.02266 
1.65778 0.390841 15.3954 1.61858 0.530292 1 1.02266 
1.67084 0.36154 24.1783 1.619 0.548871 0.9 1.03084 
1.6708 0.368289 22.0052 1.62243 0.543063 0.925 1.03084 
1.67077 0.375422 19.8322 1.62608 0.53693 0.95 1.03084 
1.67075 0.382939 17.6591 1.62993 0.530474 0.975 1.03084 
1.67075 0.39084 15.4861 1.63398 0.523693 1 1.03084 
1.68377 0.361601 24.2689 1.63461 0.542115 0.9 1.03902 
1.68374 0.368337 22.0958 1.638 0.536291 0.925 1.03902 
1.68371 0.375455 19.9228 1.64159 0.530143 0.95 1.03902 
1.6837 0.382956 17.7497 1.64538 0.52367 0.975 1.03902 
1.68369 0.390839 15.5767 1.64937 0.516873 1 1.03902 
1.6967 0.361664 24.3595 1.65022 0.535138 0.9 1.0472 
1.69667 0.368387 22.1865 1.65355 0.529298 0.925 1.0472 
1.69665 0.375491 20.0134 1.65708 0.523134 0.95 1.0472 
1.69663 0.382975 17.8404 1.66081 0.516645 0.975 1.0472 
1.69663 0.39084 15.6673 1.66474 0.509832 1 1.0472 

ZONE I=5, J=5
1.6967 0.361664 24.4021 1.65022 0.535138 0.9 1.0472 
1.69667 0.368387 22.2095 1.65355 0.529298 0.925 1.0472 
1.69665 0.375491 20.0169 1.65708 0.523134 0.95 1.0472 
1.69663 0.382975 17.8243 1.66081 0.516645 0.975 1.0472 
1.69663 0.39084 15.6316 1.66474 0.509832 1 1.0472 
1.70962 0.36173 24.4971 1.66581 0.527929 0.9 1.05538 
1.70959 0.368438 22.3044 1.66909 0.522078 0.925 1.05538 
1.70957 0.375525 20.1118 1.67257 0.515902 0.95 1.05538 
1.70956 0.382993 17.9192 1.67624 0.5094 0.975 1.05538 
1.70956 0.39084 15.7266 1.68011 0.502573 1 1.05538 
1.72252 0.361794 24.592 1.68138 0.520495 0.9 1.06356 
1.72249 0.368488 22.3994 1.68461 0.514632 0.925 1.06356 
1.72248 0.375561 20.2068 1.68804 0.508444 0.95 1.06356 
1.72248 0.383011 18.0142 1.69166 0.501931 0.975 1.06356 
1.72249 0.39084 15.8215 1.69547 0.495093 1 1.06356 
1.7354 0.361856 24.687 1.69693 0.512836 0.9 1.07174 
1.73539 0.368539 22.4943 1.70011 0.506961 0.925 1.07174 
1.73538 0.375597 20.3017 1.70349 0.500762 0.95 1.07174 
1.73539 0.383031 18.1091 1.70705 0.494239 0.975 1.07174 
1.73541 0.390839 15.9165 1.71081 0.487393 1 1.07174 
1.74827 0.361918 24.7819 1.71245 0.504952 0.9 1.07992 
1.74827 0.368592 22.5893 1.71559 0.499064 0.925 1.07992 
1.74828 0.375637 20.3967 1.71892 0.492854 0.95 1.07992 
1.7483 0.383053 18.204 1.72243 0.486323 0.975 1.07992 
1.74833 0.39084 16.0114 1.72613 0.479471 1 1.07992 

ZONE I=5, J=5
1.74827 0.361918 24.7641 1.71245 0.504952 0.9 1.07992 
1.74827 0.368592 22.5799 1.71559 0.499064 0.925 1.07992 
1.74828 0.375637 20.3957 1.71892 0.492854 0.95 1.07992 
1.7483 0.383053 18.2115 1.72243 0.486323 0.975 1.07992 
1.74833 0.39084 16.0274 1.72613 0.479471 1 1.07992 
1.76114 0.36199 24.8641 1.72795 0.49684 0.9 1.0881 
1.76115 0.368647 22.68 1.73104 0.490945 0.925 1.0881 
1.76116 0.375674 20.4958 1.73432 0.484727 0.95 1.0881 
1.76119 0.383072 18.3116 1.73778 0.478187 0.975 1.0881 
1.76123 0.39084 16.1274 1.74142 0.471325 1 1.0881 
1.77398 0.362056 24.9642 1.74341 0.488494 0.9 1.09628 
1.774 0.368701 22.78 1.74646 0.482592 0.925 1.09628 
1.77404 0.375714 20.5959 1.7497 0.476369 0.95 1.09628 
1.77408 0.383093 18.4117 1.75311 0.469826 0.975 1.09628 
1.77414 0.39084 16.2275 1.7567 0.462963 1 1.09628 
1.7868 0.362119 25.0643 1.75882 0.479915 0.9 1.10446 
1.78684 0.368758 22.8801 1.76185 0.474005 0.925 1.10446 
1.7869 0.375758 20.6959 1.76505 0.46778 0.95 1.10446 
1.78698 0.383119 18.5117 1.76843 0.46124 0.975 1.10446 
1.78707 0.39084 16.3276 1.77198 0.454384 1 1.10446 
1.79958 0.362179 25.1644 1.77419 0.471103 0.9 1.11265 
1.79967 0.368818 22.9802 1.7772 0.465184 0.925 1.11265 
1.79977 0.375808 20.796 1.78038 0.458959 0.95 1.11265 
1.79988 0.383149 18.6118 1.78373 0.452428 0.975 1.11265 
1.80002 0.39084 16.4276 1.78725 0.44559 1 1.11265 

ZONE I=5, J=5
1.79958 0.362179 24.9676 1.77419 0.471103 0.9 1.11265 
1.79967 0.368818 22.8748 1.7772 0.465184 0.925 1.11265 
1.79977 0.375808 20.7821 1.78038 0.458959 0.95 1.11265 
1.79988 0.383149 18.6894 1.78373 0.452428 0.975 1.11265 
1.80002 0.39084 16.5966 1.78725 0.44559 1 1.11265 
1.8124 0.36226 25.0744 1.78955 0.462074 0.9 1.12083 
1.8125 0.36888 22.9817 1.79253 0.456157 0.925 1.12083 
1.81262 0.37585 20.8889 1.79566 0.449932 0.95 1.12083 
1.81275 0.38317 18.7962 1.79897 0.443398 0.975 1.12083 
1.8129 0.39084 16.7034 1.80244 0.436557 1 1.12083 
1.82513 0.362328 25.1813 1.80482 0.452804 0.9 1.12901 
1.82528 0.368943 23.0885 1.80778 0.446889 0.925 1.12901 
1.82545 0.375899 20.9958 1.8109 0.440671 0.95 1.12901 
1.82563 0.383198 18.903 1.81419 0.43415 0.975 1.12901 
1.82583 0.39084 16.8103 1.81764 0.427327 1 1.12901 
1.83779 0.362386 25.2881 1.81997 0.443293 0.9 1.13719 
1.83802 0.369007 23.1953 1.82296 0.43738 0.925 1.13719 
1.83827 0.375956 21.1026 1.82611 0.431177 0.95 1.13719 
1.83853 0.383234 19.0099 1.8294 0.424684 0.975 1.13719 
1.83881 0.39084 16.9171 1.83285 0.4179 1 1.13719 
1.85038 0.362436 25.3949 1.83503 0.43354 0.9 1.14537 
1.85072 0.369076 23.3022 1.83807 0.427631 0.925 1.14537 
1.85107 0.376023 21.2094 1.84126 0.42145 0.95 1.14537 
1.85145 0.383277 19.1167 1.8446 0.414999 0.975 1.14537 
1.85186 0.39084 17.0239 1.84809 0.408276 1 1.14537 

ZONE I=5, J=5
1.85038 0.362436 24.7281 1.83503 0.43354 0.9 1.14537 
1.85072 0.369076 22.9481 1.83807 0.427631 0.925 1.14537 
1.85107 0.376023 21.1681 1.84126 0.42145 0.95 1.14537 
1.85145 0.383277 19.3881 1.8446 0.414999 0.975 1.14537 
1.85186 0.39084 17.6081 1.84809 0.408276 1 1.14537 
1.86306 0.362517 24.8376 1.85013 0.423582 0.9 1.15355 
1.86347 0.369149 23.0576 1.8532 0.417686 0.925 1.15355 
1.86389 0.37608 21.2776 1.85639 0.41152 0.95 1.15355 
1.86432 0.38331 19.4976 1.85971 0.405084 0.975 1.15355 
1.86476 0.390839 17.7176 1.86317 0.398379 1 1.15355 
1.87558 0.362544 24.9471 1.86504 0.413387 0.9 1.16173 
1.87612 0.369185 23.1671 1.86817 0.407509 0.925 1.16173 
1.87667 0.376115 21.3871 1.87143 0.401368 0.95 1.16173 
1.87721 0.383333 19.6071 1.8748 0.394961 0.975 1.16173 
1.87776 0.39084 17.8271 1.87829 0.388291 1 1.16173 
1.88795 0.362524 25.0566 1.87973 0.402954 0.9 1.16991 
1.88867 0.369188 23.2766 1.883 0.397102 0.925 1.16991 
1.8894 0.376128 21.4966 1.88638 0.390994 0.95 1.16991 
1.89012 0.383346 19.7166 1.88986 0.384631 0.975 1.16991 
1.89084 0.39084 17.9366 1.89345 0.378011 1 1.16991 
1.90016 0.36246 25.1661 1.89423 0.392284 0.9 1.1781 
1.90112 0.36916 23.3861 1.89768 0.386464 0.925 1.1781 
1.90209 0.376123 21.6061 1.90124 0.3804 0.95 1.1781 
1.90305 0.38335 19.8261 1.90489 0.374092 0.975 1.1781 
1.90401 0.39084 18.0461 1.90865 0.36754 1 1.1781 

ZONE I=5, J=5
1.90016 0.36246 23.8749 1.89423 0.392284 0.9 1.1781 
1.90112 0.36916 22.6865 1.89768 0.386464 0.925 1.1781 
1.90209 0.376123 21.4981 1.90124 0.3804 0.95 1.1781 
1.90305 0.38335 20.3097 1.90489 0.374092 0.975 1.1781 
1.90401 0.39084 19.1213 1.90865 0.36754 1 1.1781 
1.91252 0.36227 23.9497 1.90875 0.381588 0.9 1.18628 
1.91354 0.368992 22.7613 1.91223 0.375741 0.925 1.18628 
1.91457 0.376021 21.5729 1.91582 0.369613 0.95 1.18628 
1.91561 0.383355 20.3845 1.91953 0.363203 0.975 1.18628 
1.91665 0.390995 19.1961 1.92336 0.356512 1 1.18628 
1.92469 0.361729 24.0245 1.92294 0.37094 0.9 1.19446 
1.92579 0.36846 22.8361 1.92644 0.365085 0.925 1.19446 
1.92692 0.375517 21.6477 1.93007 0.358934 0.95 1.19446 
1.92806 0.3829 20.4593 1.93385 0.352488 0.975 1.19446 
1.92922 0.390608 19.2708 1.93776 0.345746 1 1.19446 
1.93668 0.360843 24.0992 1.93677 0.360338 0.9 1.20264 
1.93788 0.367569 22.9108 1.94031 0.354495 0.925 1.20264 
1.93911 0.374617 21.7224 1.944 0.348365 0.95 1.20264 
1.94039 0.381987 20.534 1.94785 0.341948 0.975 1.20264 
1.94171 0.389681 19.3456 1.95184 0.335244 1 1.20264 
1.94847 0.359617 24.174 1.95026 0.349785 0.9 1.21082 
1.94978 0.366323 22.9856 1.95385 0.343971 0.925 1.21082 
1.95116 0.373324 21.7972 1.9576 0.337904 0.95 1.21082 
1.9526 0.380622 20.6088 1.96152 0.331581 0.975 1.21082 
1.95411 0.388216 19.4204 1.96561 0.325004 1 1.21082 

ZONE I=5, J=5
1.94847 0.359617 23.4018 1.95026 0.349785 0.9 1.21082 
1.94978 0.366323 22.5874 1.95385 0.343971 0.925 1.21082 
1.95116 0.373324 21.773 1.9576 0.337904 0.95 1.21082 
1.9526 0.380622 20.9585 1.96152 0.331581 0.975 1.21082 
1.95411 0.388216 20.1441 1.96561 0.325004 1 1.21082 
1.96027 0.357863 23.5145 1.96352 0.339534 0.9 1.219 
1.9617 0.36456 22.7001 1.96717 0.333741 0.925 1.219 
1.9632 0.371521 21.8856 1.97098 0.327723 0.95 1.219 
1.96477 0.378748 21.0712 1.97494 0.321479 0.975 1.219 
1.9664 0.386239 20.2568 1.97906 0.31501 1 1.219 
1.97191 0.355698 23.6272 1.97647 0.329419 0.9 1.22718 
1.97349 0.362361 22.8127 1.9802 0.32368 0.925 1.22718 
1.97515 0.369269 21.9983 1.98409 0.317734 0.95 1.22718 
1.97688 0.376422 21.1839 1.98813 0.311583 0.975 1.22718 
1.97869 0.383818 20.3694 1.99232 0.305227 1 1.22718 
1.98339 0.353126 23.7398 1.98909 0.319441 0.9 1.23536 
1.98516 0.359731 22.9254 1.99294 0.313788 0.925 1.23536 
1.98701 0.366571 22.111 1.99694 0.307939 0.95 1.23536 
1.98894 0.373645 21.2965 2.00109 0.301894 0.975 1.23536 
1.99095 0.380955 20.4821 2.00539 0.295653 1 1.23536 
1.99469 0.350151 23.8525 2.00139 0.309599 0.9 1.24355 
1.99669 0.356672 23.038 2.00538 0.304066 0.925 1.24355 
1.99877 0.363429 22.2236 2.00952 0.298337 0.95 1.24355 
2.00094 0.370421 21.4092 2.01382 0.292411 0.975 1.24355 
2.00319 0.37765 20.5947 2.01827 0.286289 1 1.24355 

ZONE I=5, J=5
1.99469 0.350151 23.6073 2.00139 0.309599 0.9 1.24355 
1.99669 0.356672 22.905 2.00538 0.304066 0.925 1.24355 
1.99877 0.363429 22.2028 2.00952 0.298337 0.95 1.24355 
2.00094 0.370421 21.5005 2.01382 0.292411 0.975 1.24355 
2.00319 0.37765 20.7983 2.01827 0.286289 1 1.24355 
2.00593 0.346734 23.7143 2.01345 0.299986 0.9 1.25173 
2.00812 0.353194 23.0121 2.01755 0.294538 0.925 1.25173 
2.01039 0.359876 22.3098 2.02181 0.288907 0.95 1.25173 
2.01275 0.366778 21.6076 2.02622 0.283094 0.975 1.25173 
2.0152 0.373902 20.9054 2.03078 0.277098 1 1.25173 
2.017 0.342933 23.8214 2.02521 0.290511 0.9 1.25991 
2.01938 0.349316 23.1192 2.02944 0.285164 0.925 1.25991 
2.02186 0.35591 22.4169 2.03381 0.279643 0.95 1.25991 
2.02443 0.362716 21.7147 2.03834 0.273949 0.975 1.25991 
2.02709 0.369732 21.0124 2.04302 0.268083 1 1.25991 
2.0279 0.338752 23.9285 2.03668 0.281176 0.9 1.26809 
2.03048 0.345041 23.2262 2.04102 0.275943 0.925 1.26809 
2.03317 0.351536 22.524 2.04552 0.270544 0.95 1.26809 
2.03595 0.358237 21.8217 2.05018 0.264977 0.975 1.26809 
2.03883 0.365144 21.1195 2.05498 0.259243 1 1.26809 
2.03862 0.334195 24.0355 2.04785 0.271979 0.9 1.27627 
2.04141 0.340374 23.3333 2.05232 0.266878 0.925 1.27627 
2.04431 0.346758 22.631 2.05695 0.26161 0.95 1.27627 
2.04732 0.353347 21.9288 2.06173 0.256177 0.975 1.27627 
2.05043 0.360141 21.2265 2.06668 0.250578 1 1.27627 

ZONE I=5, J=5
2.03862 0.334195 23.9976 2.04785 0.271979 0.9 1.27627 
2.04141 0.340374 23.3128 2.05232 0.266878 0.925 1.27627 
2.04431 0.346758 22.6279 2.05695 0.26161 0.95 1.27627 
2.04732 0.353347 21.9431 2.06173 0.256177 0.975 1.27627 
2.05043 0.360141 21.2582 2.06668 0.250578 1 1.27627 
2.04918 0.329251 24.0988 2.05874 0.262946 0.9 1.28445 
2.05217 0.335327 23.414 2.06332 0.257964 0.925 1.28445 
2.05527 0.341599 22.7291 2.06807 0.252823 0.95 1.28445 
2.05849 0.348068 22.0443 2.07298 0.247525 0.975 1.28445 
2.06181 0.354735 21.3594 2.07805 0.242068 1 1.28445 
2.05955 0.323949 24.2 2.06933 0.25404 0.9 1.29263 
2.06274 0.329912 23.5152 2.07404 0.249182 0.925 1.29263 
2.06604 0.336065 22.8303 2.0789 0.244173 0.95 1.29263 
2.06946 0.342409 22.1455 2.08393 0.239011 0.975 1.29263 
2.07299 0.348944 21.4606 2.08912 0.233697 1 1.29263 
2.06972 0.318295 24.3012 2.07964 0.24526 0.9 1.30081 
2.0731 0.324135 23.6164 2.08446 0.240533 0.925 1.30081 
2.0766 0.330162 22.9315 2.08944 0.235658 0.95 1.30081 
2.08022 0.336374 22.2467 2.09458 0.230636 0.975 1.30081 
2.08396 0.342773 21.5618 2.09989 0.225466 1 1.30081 
2.07969 0.312292 24.4025 2.08966 0.236607 0.9 1.309 
2.08326 0.318001 23.7176 2.09458 0.232015 0.925 1.309 
2.08695 0.323893 23.0327 2.09967 0.22728 0.95 1.309 
2.09077 0.329969 22.3479 2.10493 0.222399 0.975 1.309 
2.09472 0.336228 21.663 2.11036 0.217375 1 1.309 

ZONE I=5, J=5
2.07969 0.312292 24.4372 2.08966 0.236607 0.9 1.309 
2.08326 0.318001 23.7363 2.09458 0.232015 0.925 1.309 
2.08695 0.323893 23.0355 2.09967 0.22728 0.95 1.309 
2.09077 0.329969 22.3346 2.10493 0.222399 0.975 1.309 
2.09472 0.336228 21.6337 2.11036 0.217375 1 1.309 
2.08943 0.305957 24.5309 2.09936 0.228082 0.9 1.31718 
2.09319 0.311532 23.83 2.10439 0.223627 0.925 1.31718 
2.09707 0.317285 23.1292 2.1096 0.219032 0.95 1.31718 
2.10108 0.323216 22.4283 2.11497 0.214298 0.975 1.31718 
2.10523 0.329324 21.7274 2.12051 0.209425 1 1.31718 
2.09895 0.299301 24.6246 2.10877 0.219671 0.9 1.32536 
2.10288 0.304738 23.9237 2.11391 0.215352 0.925 1.32536 
2.10695 0.310347 23.2229 2.11921 0.210899 0.95 1.32536 
2.11115 0.316128 22.522 2.12469 0.206312 0.975 1.32536 
2.11548 0.322082 21.8211 2.13034 0.20159 1 1.32536 
2.10824 0.29233 24.7183 2.11789 0.211373 0.9 1.33354 
2.11234 0.297622 24.0174 2.12312 0.207192 0.925 1.33354 
2.11658 0.303083 23.3166 2.12852 0.202881 0.95 1.33354 
2.12096 0.308711 22.6157 2.1341 0.19844 0.975 1.33354 
2.12548 0.314507 21.9148 2.13986 0.193869 1 1.33354 
2.11729 0.285048 24.812 2.1267 0.203188 0.9 1.34172 
2.12155 0.290192 24.1111 2.13202 0.199146 0.925 1.34172 
2.12596 0.2955 23.4103 2.13752 0.194978 0.95 1.34172 
2.13051 0.300971 22.7094 2.1432 0.190684 0.975 1.34172 
2.13521 0.306607 22.0085 2.14906 0.186263 1 1.34172 

ZONE I=5, J=5
2.11729 0.285048 24.8687 2.1267 0.203188 0.9 1.34172 
2.12155 0.290192 24.1417 2.13202 0.199146 0.925 1.34172 
2.12596 0.2955 23.4147 2.13752 0.194978 0.95 1.34172 
2.13051 0.300971 22.6876 2.1432 0.190684 0.975 1.34172 
2.13521 0.306607 21.9606 2.14906 0.186263 1 1.34172 
2.12607 0.277479 24.9533 2.13521 0.195098 0.9 1.3499 
2.1305 0.282468 24.2262 2.14062 0.191199 0.925 1.3499 
2.13507 0.287616 23.4992 2.14621 0.187179 0.95 1.3499 
2.1398 0.292922 22.7722 2.15199 0.183037 0.975 1.3499 
2.14468 0.298387 22.0451 2.15794 0.178774 1 1.3499 
2.1346 0.269624 25.0378 2.14341 0.187102 0.9 1.35808 
2.13918 0.274456 24.3108 2.14891 0.183345 0.925 1.35808 
2.14392 0.279441 23.5837 2.15459 0.179472 0.95 1.35808 
2.14881 0.28458 22.8567 2.16046 0.175482 0.975 1.35808 
2.15386 0.289872 22.1297 2.16651 0.171374 1 1.35808 
2.14288 0.261491 25.1224 2.15132 0.179198 0.9 1.36626 
2.1476 0.266162 24.3953 2.1569 0.175584 0.925 1.36626 
2.15249 0.270982 23.6683 2.16266 0.171857 0.95 1.36626 
2.15753 0.275951 22.9412 2.16861 0.168017 0.975 1.36626 
2.16274 0.281068 22.2142 2.17475 0.164064 1 1.36626 
2.15088 0.253084 25.2069 2.15893 0.171388 0.9 1.37445 
2.15575 0.257593 24.4799 2.16458 0.167915 0.925 1.37445 
2.16078 0.262246 23.7528 2.17042 0.164333 0.95 1.37445 
2.16597 0.267042 23.0258 2.17645 0.160642 0.975 1.37445 
2.17133 0.271981 22.2987 2.18267 0.156843 1 1.37445 

ZONE I=5, J=5
2.15088 0.253084 25.2663 2.15893 0.171388 0.9 1.37445 
2.15575 0.257593 24.5119 2.16458 0.167915 0.925 1.37445 
2.16078 0.262246 23.7575 2.17042 0.164333 0.95 1.37445 
2.16597 0.267042 23.0031 2.17645 0.160642 0.975 1.37445 
2.17133 0.271981 22.2487 2.18267 0.156843 1 1.37445 
2.15859 0.24444 25.3402 2.16622 0.163657 0.9 1.38263 
2.1636 0.248779 24.5858 2.17194 0.16033 0.925 1.38263 
2.16877 0.253256 23.8314 2.17786 0.156899 0.95 1.38263 
2.17411 0.257872 23.077 2.18397 0.153364 0.975 1.38263 
2.17962 0.262626 22.3226 2.19027 0.149724 1 1.38263 
2.16602 0.235553 25.414 2.1732 0.156004 0.9 1.39081 
2.17115 0.239722 24.6596 2.17899 0.152822 0.925 1.39081 
2.17646 0.244023 23.9052 2.18498 0.14954 0.95 1.39081 
2.18194 0.248457 23.1509 2.19117 0.146159 0.975 1.39081 
2.18759 0.253024 22.3965 2.19755 0.142678 1 1.39081 
2.17316 0.226432 25.4879 2.17988 0.14843 0.9 1.39899 
2.17841 0.230428 24.7335 2.18574 0.145391 0.925 1.39899 
2.18385 0.234552 23.9791 2.19179 0.142257 0.95 1.39899 
2.18946 0.238803 23.2247 2.19805 0.139028 0.975 1.39899 
2.19525 0.243181 22.4703 2.2045 0.135703 1 1.39899 
2.18001 0.217083 25.5618 2.18625 0.140933 0.9 1.40717 
2.18538 0.220905 24.8074 2.19217 0.138037 0.925 1.40717 
2.19093 0.22485 24.053 2.19829 0.135049 0.95 1.40717 
2.19666 0.228916 23.2986 2.20461 0.131971 0.975 1.40717 
2.20257 0.233105 22.5442 2.21113 0.128801 1 1.40717 

ZONE I=5, J=5
2.18001 0.217083 25.6158 2.18625 0.140933 0.9 1.40717 
2.18538 0.220905 24.8365 2.19217 0.138037 0.925 1.40717 
2.19093 0.22485 24.0572 2.19829 0.135049 0.95 1.40717 
2.19666 0.228916 23.2779 2.20461 0.131971 0.975 1.40717 
2.20257 0.233105 22.4986 2.21113 0.128801 1 1.40717 
2.18654 0.207533 25.6778 2.19231 0.133494 0.9 1.41535 
2.19202 0.211175 24.8985 2.19829 0.130745 0.925 1.41535 
2.19769 0.214934 24.1192 2.20447 0.127909 0.95 1.41535 
2.20354 0.218809 23.3399 2.21085 0.124987 0.975 1.41535 
2.20958 0.222801 22.5606 2.21743 0.121978 1 1.41535 
2.19277 0.197781 25.7399 2.19806 0.126115 0.9 1.42353 
2.19836 0.201243 24.9606 2.20409 0.123511 0.925 1.42353 
2.20414 0.204815 24.1813 2.21033 0.120825 0.95 1.42353 
2.2101 0.208497 23.402 2.21677 0.118058 0.975 1.42353 
2.21626 0.212291 22.6227 2.22342 0.115208 1 1.42353 
2.1987 0.187834 25.8019 2.2035 0.118795 0.9 1.43171 
2.20438 0.191113 25.0226 2.20959 0.116336 0.925 1.43171 
2.21026 0.194498 24.2433 2.21588 0.113799 0.95 1.43171 
2.21633 0.197988 23.464 2.22238 0.111184 0.975 1.43171 
2.2226 0.201583 22.6847 2.22908 0.108492 1 1.43171 
2.20431 0.177697 25.8639 2.20864 0.111535 0.9 1.4399 
2.21009 0.180795 25.0846 2.21478 0.109218 0.925 1.4399 
2.21606 0.183992 24.3053 2.22112 0.106829 0.95 1.4399 
2.22223 0.187288 23.526 2.22766 0.104366 0.975 1.4399 
2.22859 0.190683 22.7467 2.23442 0.10183 1 1.4399 

ZONE I=5, J=5
2.20431 0.177697 25.9092 2.20864 0.111535 0.9 1.4399 
2.21009 0.180795 25.109 2.21478 0.109218 0.925 1.4399 
2.21606 0.183992 24.3089 2.22112 0.106829 0.95 1.4399 
2.22223 0.187288 23.5087 2.22766 0.104366 0.975 1.4399 
2.22859 0.190683 22.7085 2.23442 0.10183 1 1.4399 
2.20959 0.167409 25.9584 2.21346 0.104323 0.9 1.44808 
2.21545 0.170318 25.1582 2.21964 0.102153 0.925 1.44808 
2.22152 0.173321 24.3581 2.22603 0.0999151 0.95 1.44808 
2.22778 0.176418 23.5579 2.23263 0.0976085 0.975 1.44808 
2.23425 0.179608 22.7577 2.23943 0.0952334 1 1.44808 
2.21455 0.156963 26.0076 2.21798 0.0971574 0.9 1.45626 
2.22049 0.159685 25.2074 2.2242 0.0951334 0.925 1.45626 
2.22664 0.162494 24.4073 2.23063 0.0930455 0.95 1.45626 
2.233 0.16539 23.6071 2.23727 0.0908936 0.975 1.45626 
2.23955 0.168375 22.8069 2.24412 0.0886779 1 1.45626 
2.21918 0.146368 26.0568 2.22218 0.0900386 0.9 1.46444 
2.2252 0.148901 25.2566 2.22844 0.0881589 0.925 1.46444 
2.23143 0.151516 24.4564 2.23491 0.0862199 0.95 1.46444 
2.23786 0.154212 23.6563 2.24159 0.0842215 0.975 1.46444 
2.2445 0.15699 22.8561 2.24848 0.0821636 1 1.46444 
2.22348 0.13563 26.106 2.22607 0.0829664 0.9 1.47262 
2.22958 0.137975 25.3058 2.23236 0.0812298 0.925 1.47262 
2.23587 0.140395 24.5056 2.23887 0.0794383 0.95 1.47262 
2.24238 0.142891 23.7055 2.24559 0.077592 0.975 1.47262 
2.24909 0.145463 22.9053 2.25252 0.0756907 1 1.47262 

ZONE I=5, J=5
2.22348 0.13563 26.1409 2.22607 0.0829664 0.9 1.47262 
2.22958 0.137975 25.3246 2.23236 0.0812298 0.925 1.47262 
2.23587 0.140395 24.5084 2.23887 0.0794383 0.95 1.47262 
2.24238 0.142891 23.6921 2.24559 0.077592 0.975 1.47262 
2.24909 0.145463 22.8758 2.25252 0.0756907 1 1.47262 
2.22745 0.124774 26.1765 2.22965 0.0759254 0.9 1.4808 
2.23361 0.126926 25.3603 2.23597 0.0743353 0.925 1.4808 
2.23997 0.129148 24.544 2.24251 0.0726947 0.95 1.4808 
2.24655 0.131439 23.7277 2.24927 0.0710039 0.975 1.4808 
2.25333 0.133799 22.9115 2.25624 0.0692628 1 1.4808 
2.23108 0.113801 26.2121 2.23292 0.0689149 0.9 1.48898 
2.2373 0.11576 25.3959 2.23927 0.0674702 0.925 1.48898 
2.24372 0.117783 24.5796 2.24584 0.0659796 0.95 1.48898 
2.25036 0.119869 23.7634 2.25263 0.0644433 0.975 1.48898 
2.25721 0.122018 22.9471 2.25963 0.0628613 1 1.48898 
2.23438 0.102718 26.2478 2.23588 0.0619349 0.9 1.49716 
2.24064 0.104484 25.4315 2.24226 0.0606346 0.925 1.49716 
2.24713 0.106307 24.6152 2.24886 0.059293 0.95 1.49716 
2.25382 0.108188 23.799 2.25567 0.0579103 0.975 1.49716 
2.26073 0.110125 22.9827 2.2627 0.0564863 1 1.49716 
2.23733 0.0915312 26.2834 2.23853 0.0549853 0.9 1.50535 
2.24365 0.0931045 25.4671 2.24493 0.0538284 0.925 1.50535 
2.25018 0.0947286 24.6509 2.25155 0.0526349 0.95 1.50535 
2.25692 0.0964035 23.8346 2.25839 0.0514046 0.975 1.50535 
2.26388 0.0981291 23.0183 2.26545 0.0501377 1 1.50535 

ZONE I=5, J=5
2.23733 0.0915312 26.3071 2.23853 0.0549853 0.9 1.50535 
2.24365 0.0931045 25.4799 2.24493 0.0538284 0.925 1.50535 
2.25018 0.0947286 24.6528 2.25155 0.0526349 0.95 1.50535 
2.25692 0.0964035 23.8256 2.25839 0.0514046 0.975 1.50535 
2.26388 0.0981291 22.9984 2.26545 0.0501377 1 1.50535 
2.23994 0.0802742 26.3287 2.24086 0.0480604 0.9 1.51353 
2.2463 0.0816516 25.5015 2.24729 0.0470492 0.925 1.51353 
2.25287 0.0830735 24.6743 2.25393 0.0460058 0.95 1.51353 
2.25966 0.0845399 23.8472 2.26079 0.0449304 0.975 1.51353 
2.26666 0.0860507 23.02 2.26787 0.0438229 1 1.51353 
2.2422 0.0689457 26.3503 2.24289 0.0411548 0.9 1.52171 
2.2486 0.0701271 25.5231 2.24933 0.0402885 0.925 1.52171 
2.25521 0.0713467 24.6959 2.25599 0.0393947 0.95 1.52171 
2.26204 0.0726045 23.8687 2.26287 0.0384734 0.975 1.52171 
2.26908 0.0739005 23.0416 2.26997 0.0375246 1 1.52171 
2.24412 0.057553 26.3718 2.2446 0.0342683 0.9 1.52989 
2.25055 0.0585385 25.5447 2.25106 0.0335464 0.925 1.52989 
2.25719 0.0595559 24.7175 2.25774 0.0328015 0.95 1.52989 
2.26405 0.0606051 23.8903 2.26463 0.0320337 0.975 1.52989 
2.27113 0.0616861 23.0632 2.27175 0.031243 1 1.52989 
2.2457 0.0461038 26.3934 2.246 0.0274011 0.9 1.53807 
2.25214 0.0468935 25.5662 2.25247 0.0268229 0.925 1.53807 
2.25881 0.0477087 24.7391 2.25916 0.0262263 0.95 1.53807 
2.2657 0.0485494 23.9119 2.26607 0.0256113 0.975 1.53807 
2.2728 0.0494157 23.0847 2.2732 0.024978 1 1.53807 

ZONE I=5, J=5
2.2457 0.0461038 26.4054 2.246 0.0274011 0.9 1.53807 
2.25214 0.0468935 25.5727 2.25247 0.0268229 0.925 1.53807 
2.25881 0.0477087 24.74 2.25916 0.0262263 0.95 1.53807 
2.2657 0.0485494 23.9074 2.26607 0.0256113 0.975 1.53807 
2.2728 0.0494157 23.0747 2.2732 0.024978 1 1.53807 
2.24692 0.0346169 26.4126 2.24709 0.0205444 0.9 1.54625 
2.25339 0.0352092 25.5799 2.25357 0.020111 0.925 1.54625 
2.26007 0.0358207 24.7472 2.26027 0.0196638 0.95 1.54625 
2.26698 0.0364514 23.9146 2.26719 0.0192029 0.975 1.54625 
2.27411 0.0371013 23.0819 2.27433 0.0187281 1 1.54625 
2.24779 0.0230976 26.4198 2.24787 0.013692 0.9 1.55443 
2.25428 0.0234925 25.5871 2.25436 0.0134032 0.925 1.55443 
2.26098 0.0239001 24.7545 2.26107 0.0131053 0.95 1.55443 
2.2679 0.0243206 23.9218 2.26799 0.0127982 0.975 1.55443 
2.27504 0.0247538 23.0891 2.27514 0.0124819 1 1.55443 
2.24832 0.0115534 26.427 2.24834 0.00684387 0.9 1.56261 
2.25481 0.0117508 25.5943 2.25483 0.00669957 0.925 1.56261 
2.26152 0.0119546 24.7617 2.26154 0.00655069 0.95 1.56261 
2.26845 0.0121647 23.929 2.26847 0.00639722 0.975 1.56261 
2.2756 0.0123813 23.0963 2.27563 0.00623916 1 1.56261 
2.24849 -8.25918e-06 26.4342 2.24849 0 0.9 1.5708 
2.25499 -8.28303e-06 25.6015 2.25499 0 0.925 1.5708 
2.2617 -8.30769e-06 24.7689 2.2617 0 0.95 1.5708 
2.26863 -8.33316e-06 23.9362 2.26863 0 0.975 1.5708 
2.27579 -8.35943e-06 23.1035 2.27579 0 1 1.5708 

