ZONE I=5, J=5
0 0.360856 16.3422 0.360856 0 0.9 0 
0 0.369006 14.7827 0.369006 0 0.925 0 
0 0.377621 13.2231 0.377621 0 0.95 0 
0 0.386703 11.6635 0.386703 0 0.975 0 
0 0.39625 10.104 0.39625 0 1 0 
0.0130727 0.360857 16.3436 0.360952 0.01012 0.9 0.00818126 
0.0130722 0.369006 14.784 0.369101 0.0100528 0.925 0.00818126 
0.0130718 0.377622 13.2244 0.377716 0.009982 0.95 0.00818126 
0.0130716 0.386703 11.6649 0.386797 0.00990747 0.975 0.00818126 
0.0130715 0.39625 10.1053 0.396344 0.00982925 1 0.00818126 
0.0261426 0.360858 16.3449 0.361237 0.0202348 0.9 0.0163625 
0.0261416 0.369007 14.7854 0.369386 0.0201005 0.925 0.0163625 
0.0261408 0.377622 13.2258 0.378 0.0199588 0.95 0.0163625 
0.0261403 0.386703 11.6662 0.387079 0.0198097 0.975 0.0163625 
0.02614 0.39625 10.1066 0.396625 0.0196532 1 0.0163625 
0.0392122 0.36086 16.3463 0.361713 0.0303444 0.9 0.0245437 
0.0392106 0.369009 14.7867 0.36986 0.0301429 0.925 0.0245437 
0.0392094 0.377623 13.2271 0.378472 0.0299303 0.95 0.0245437 
0.0392086 0.386704 11.6676 0.38755 0.0297066 0.975 0.0245437 
0.0392081 0.39625 10.108 0.397093 0.0294718 1 0.0245437 
0.0522839 0.360862 16.3476 0.36238 0.0404489 0.9 0.0327249 
0.0522818 0.36901 14.7881 0.370524 0.0401801 0.925 0.0327249 
0.0522801 0.377625 13.2285 0.379133 0.0398966 0.95 0.0327249 
0.0522788 0.386704 11.6689 0.388208 0.0395982 0.975 0.0327249 
0.052278 0.39625 10.1093 0.397748 0.0392851 1 0.0327249 

ZONE I=5, J=5
0.0522839 0.360862 16.3497 0.36238 0.0404489 0.9 0.0327249 
0.0522818 0.36901 14.7893 0.370524 0.0401801 0.925 0.0327249 
0.0522801 0.377625 13.2289 0.379133 0.0398966 0.95 0.0327249 
0.0522788 0.386704 11.6685 0.388208 0.0395982 0.975 0.0327249 
0.052278 0.39625 10.1081 0.397748 0.0392851 1 0.0327249 
0.0653559 0.360865 16.3529 0.363236 0.0505437 0.9 0.0409062 
0.0653533 0.369013 14.7925 0.371377 0.050208 0.925 0.0409062 
0.0653514 0.377626 13.2321 0.379983 0.0498538 0.95 0.0409062 
0.06535 0.386705 11.6717 0.389054 0.0494811 0.975 0.0409062 
0.0653492 0.39625 10.1113 0.398591 0.04909 1 0.0409062 
0.0784252 0.360869 16.3561 0.364282 0.0606238 0.9 0.0490874 
0.0784222 0.369016 14.7957 0.372419 0.060221 0.925 0.0490874 
0.0784199 0.377628 13.2353 0.381021 0.0597961 0.95 0.0490874 
0.0784183 0.386706 11.6749 0.390088 0.059349 0.975 0.0490874 
0.0784174 0.39625 10.1145 0.39962 0.0588798 1 0.0490874 
0.0914945 0.360873 16.3594 0.365519 0.0706891 0.9 0.0572686 
0.0914909 0.369019 14.799 0.373651 0.0702193 0.925 0.0572686 
0.0914881 0.377631 13.2386 0.382248 0.0697236 0.95 0.0572686 
0.0914861 0.386708 11.6782 0.39131 0.069202 0.975 0.0572686 
0.0914849 0.39625 10.1178 0.400837 0.0686546 1 0.0572686 
0.104566 0.360878 16.3626 0.366945 0.0807397 0.9 0.0654498 
0.104562 0.369023 14.8022 0.375072 0.0802028 0.925 0.0654498 
0.104558 0.377633 13.2418 0.383663 0.0796362 0.95 0.0654498 
0.104556 0.386709 11.6814 0.392719 0.0790401 0.975 0.0654498 
0.104554 0.39625 10.121 0.40224 0.0784144 1 0.0654498 

ZONE I=5, J=5
0.104566 0.360878 16.3666 0.366945 0.0807397 0.9 0.0654498 
0.104562 0.369023 14.8045 0.375072 0.0802028 0.925 0.0654498 
0.104558 0.377633 13.2425 0.383663 0.0796362 0.95 0.0654498 
0.104556 0.386709 11.6804 0.392719 0.0790401 0.975 0.0654498 
0.104554 0.39625 10.1184 0.40224 0.0784144 1 0.0654498 
0.117637 0.360884 16.3721 0.36856 0.0907699 0.9 0.0736311 
0.117632 0.369028 14.81 0.376681 0.0901663 0.925 0.073631 
0.117629 0.377636 13.248 0.385266 0.0895294 0.95 0.0736311 
0.117626 0.386711 11.6859 0.394316 0.0888594 0.975 0.0736311 
0.117625 0.39625 10.1239 0.403829 0.0881562 1 0.0736311 
0.130705 0.360891 16.3776 0.370365 0.100776 0.9 0.0818123 
0.1307 0.369033 14.8156 0.378479 0.100105 0.925 0.0818123 
0.130696 0.37764 13.2535 0.387057 0.0993981 0.95 0.0818123 
0.130694 0.386712 11.6915 0.396099 0.098654 0.975 0.0818123 
0.130692 0.39625 10.1294 0.405605 0.0978731 1 0.0818123 
0.143774 0.360898 16.3831 0.372359 0.110757 0.9 0.0899936 
0.143768 0.369038 14.8211 0.380465 0.11002 0.925 0.0899936 
0.143764 0.377643 13.259 0.389036 0.109242 0.95 0.0899936 
0.143761 0.386714 11.697 0.398069 0.108424 0.975 0.0899935 
0.143759 0.39625 10.1349 0.407566 0.107565 1 0.0899936 
0.156845 0.360906 16.3887 0.374541 0.120714 0.9 0.0981748 
0.156838 0.369044 14.8266 0.38264 0.11991 0.925 0.0981748 
0.156833 0.377647 13.2646 0.391201 0.119062 0.95 0.0981748 
0.156829 0.386716 11.7025 0.400226 0.118169 0.975 0.0981748 
0.156827 0.39625 10.1404 0.409714 0.117232 1 0.0981748 

ZONE I=5, J=5
0.156845 0.360906 16.3943 0.374541 0.120714 0.9 0.0981748 
0.156838 0.369044 14.8298 0.38264 0.11991 0.925 0.0981748 
0.156833 0.377647 13.2652 0.391201 0.119062 0.95 0.0981748 
0.156829 0.386716 11.7007 0.400226 0.118169 0.975 0.0981748 
0.156827 0.39625 10.1362 0.409714 0.117232 1 0.0981748 
0.169913 0.360914 16.4021 0.376912 0.13064 0.9 0.106356 
0.169907 0.369051 14.8376 0.385002 0.12977 0.925 0.106356 
0.169902 0.377652 13.273 0.393554 0.128852 0.95 0.106356 
0.169898 0.386719 11.7085 0.402569 0.127886 0.975 0.106356 
0.169896 0.39625 10.144 0.412046 0.126872 1 0.106356 
0.18298 0.360923 16.4099 0.379471 0.140532 0.9 0.114537 
0.182973 0.369058 14.8454 0.387551 0.139596 0.925 0.114537 
0.182968 0.377657 13.2808 0.396093 0.138608 0.95 0.114537 
0.182964 0.386721 11.7163 0.405097 0.137568 0.975 0.114537 
0.182962 0.39625 10.1518 0.414564 0.136477 1 0.114537 
0.196047 0.360933 16.4177 0.382217 0.150391 0.9 0.122718 
0.19604 0.369065 14.8531 0.390287 0.149388 0.925 0.122718 
0.196034 0.377662 13.2886 0.398818 0.14833 0.95 0.122718 
0.196029 0.386724 11.7241 0.407811 0.147216 0.975 0.122718 
0.196027 0.39625 10.1595 0.417266 0.146047 1 0.122718 
0.209117 0.360944 16.4255 0.385151 0.160216 0.9 0.1309 
0.209109 0.369073 14.8609 0.39321 0.159146 0.925 0.1309 
0.209102 0.377667 13.2964 0.40173 0.158017 0.95 0.1309 
0.209097 0.386726 11.7319 0.410711 0.15683 0.975 0.1309 
0.209093 0.39625 10.1673 0.420152 0.155583 1 0.1309 

ZONE I=5, J=5
0.209117 0.360944 16.4328 0.385151 0.160216 0.9 0.1309 
0.209109 0.369073 14.865 0.39321 0.159146 0.925 0.1309 
0.209102 0.377667 13.2971 0.40173 0.158017 0.95 0.1309 
0.209097 0.386726 11.7293 0.410711 0.15683 0.975 0.1309 
0.209093 0.39625 10.1615 0.420152 0.155583 1 0.1309 
0.222184 0.360955 16.4429 0.388271 0.169998 0.9 0.139081 
0.222175 0.369082 14.8751 0.396319 0.168863 0.925 0.139081 
0.222169 0.377673 13.3072 0.404826 0.167665 0.95 0.139081 
0.222164 0.38673 11.7394 0.413794 0.166405 0.975 0.139081 
0.222161 0.39625 10.1715 0.423223 0.165082 1 0.139081 
0.235248 0.360967 16.453 0.391578 0.179738 0.9 0.147262 
0.235239 0.369091 14.8851 0.399613 0.178537 0.925 0.147262 
0.235233 0.37768 13.3173 0.408108 0.177269 0.95 0.147262 
0.235228 0.386733 11.7494 0.417062 0.175936 0.975 0.147262 
0.235225 0.39625 10.1816 0.426476 0.174537 1 0.147262 
0.248314 0.360979 16.463 0.39507 0.189434 0.9 0.155443 
0.248304 0.369101 14.8952 0.403092 0.188167 0.925 0.155443 
0.248296 0.377686 13.3274 0.411573 0.18683 0.95 0.155443 
0.248291 0.386736 11.7595 0.420513 0.185424 0.975 0.155443 
0.248288 0.39625 10.1917 0.429912 0.183948 1 0.155443 
0.261382 0.360992 16.4731 0.398749 0.199087 0.9 0.163625 
0.261371 0.369111 14.9053 0.406757 0.197754 0.925 0.163625 
0.261363 0.377693 13.3374 0.415223 0.196347 0.95 0.163625 
0.261356 0.38674 11.7696 0.424148 0.194867 0.975 0.163625 
0.261352 0.39625 10.2017 0.433531 0.193314 1 0.163625 

ZONE I=5, J=5
0.261382 0.360992 16.4822 0.398749 0.199087 0.9 0.163625 
0.261371 0.369111 14.9102 0.406757 0.197754 0.925 0.163625 
0.261363 0.377693 13.3382 0.415223 0.196347 0.95 0.163625 
0.261356 0.38674 11.7663 0.424148 0.194867 0.975 0.163625 
0.261352 0.39625 10.1943 0.433531 0.193314 1 0.163625 
0.274446 0.361006 16.4946 0.402611 0.208687 0.9 0.171806 
0.274435 0.369122 14.9226 0.410605 0.207289 0.925 0.171806 
0.274427 0.377701 13.3506 0.419056 0.205814 0.95 0.171806 
0.274421 0.386743 11.7786 0.427965 0.204263 0.975 0.171806 
0.274418 0.39625 10.2066 0.437331 0.202634 1 0.171806 
0.287508 0.361021 16.5069 0.406658 0.218235 0.9 0.179987 
0.287497 0.369133 14.9349 0.414636 0.216772 0.925 0.179987 
0.287488 0.377708 13.363 0.423072 0.215228 0.95 0.179987 
0.287483 0.386747 11.791 0.431964 0.213604 0.975 0.179987 
0.287479 0.39625 10.219 0.441313 0.2119 1 0.179987 
0.300571 0.361036 16.5193 0.410888 0.22773 0.9 0.188168 
0.300559 0.369144 14.9473 0.418851 0.226202 0.925 0.188168 
0.30055 0.377716 13.3753 0.42727 0.224589 0.95 0.188168 
0.300543 0.386751 11.8033 0.436144 0.222893 0.975 0.188168 
0.30054 0.39625 10.2313 0.445474 0.221112 1 0.188168 
0.313636 0.361052 16.5316 0.415302 0.237172 0.9 0.19635 
0.313624 0.369156 14.9596 0.423248 0.235578 0.925 0.19635 
0.313613 0.377724 13.3877 0.43165 0.233897 0.95 0.19635 
0.313606 0.386756 11.8157 0.440506 0.232127 0.975 0.19635 
0.313601 0.39625 10.2437 0.449817 0.23027 1 0.19635 

ZONE I=5, J=5
0.313636 0.361052 16.5425 0.415302 0.237172 0.9 0.19635 
0.313624 0.369156 14.9655 0.423248 0.235578 0.925 0.19635 
0.313613 0.377724 13.3886 0.43165 0.233897 0.95 0.19635 
0.313606 0.386756 11.8116 0.440506 0.232127 0.975 0.19635 
0.313601 0.39625 10.2346 0.449817 0.23027 1 0.19635 
0.326697 0.361068 16.5572 0.419897 0.246552 0.9 0.204531 
0.326685 0.369169 14.9802 0.427827 0.244894 0.925 0.204531 
0.326675 0.377733 13.4032 0.43621 0.243145 0.95 0.204531 
0.326668 0.38676 11.8263 0.445048 0.241305 0.975 0.204531 
0.326664 0.39625 10.2493 0.454339 0.239373 1 0.204531 
0.339756 0.361085 16.5718 0.424674 0.255869 0.9 0.212712 
0.339743 0.369182 14.9948 0.432586 0.254147 0.925 0.212712 
0.339733 0.377742 13.4179 0.44095 0.252331 0.95 0.212712 
0.339726 0.386765 11.8409 0.449768 0.250419 0.975 0.212712 
0.339723 0.39625 10.2639 0.459039 0.248413 1 0.212712 
0.352815 0.361103 16.5865 0.429631 0.265125 0.9 0.220893 
0.352802 0.369196 15.0095 0.437525 0.263338 0.925 0.220893 
0.352791 0.377751 13.4325 0.44587 0.261453 0.95 0.220893 
0.352783 0.386769 11.8556 0.454667 0.25947 0.975 0.220893 
0.352779 0.39625 10.2786 0.463916 0.257388 1 0.220893 
0.365877 0.361122 16.6011 0.43477 0.274317 0.9 0.229074 
0.365862 0.36921 15.0241 0.442644 0.272466 0.925 0.229074 
0.36585 0.377761 13.4472 0.450969 0.270513 0.95 0.229074 
0.365841 0.386774 11.8702 0.459745 0.268457 0.975 0.229074 
0.365835 0.39625 10.2932 0.468971 0.2663 1 0.229074 

ZONE I=5, J=5
0.365877 0.361122 16.6138 0.43477 0.274317 0.9 0.229074 
0.365862 0.36921 15.031 0.442644 0.272466 0.925 0.229074 
0.36585 0.377761 13.4482 0.450969 0.270513 0.95 0.229074 
0.365841 0.386774 11.8654 0.459745 0.268457 0.975 0.229074 
0.365835 0.39625 10.2826 0.468971 0.2663 1 0.229074 
0.378935 0.361141 16.6308 0.440088 0.283439 0.9 0.237256 
0.378921 0.369225 15.048 0.447942 0.281525 0.925 0.237256 
0.378909 0.377772 13.4652 0.456246 0.279505 0.95 0.237256 
0.378901 0.38678 11.8824 0.465 0.27738 0.975 0.237256 
0.378897 0.39625 10.2996 0.474204 0.275149 1 0.237256 
0.391991 0.361161 16.6477 0.445583 0.292489 0.9 0.245437 
0.391976 0.36924 15.0649 0.453417 0.290511 0.925 0.245437 
0.391965 0.377782 13.4821 0.4617 0.288425 0.95 0.245437 
0.391957 0.386785 11.8993 0.470431 0.286229 0.975 0.245437 
0.391952 0.39625 10.3165 0.479612 0.283925 1 0.245437 
0.405047 0.361181 16.6647 0.451257 0.301467 0.9 0.253618 
0.405031 0.369256 15.0819 0.459069 0.299425 0.925 0.253618 
0.405019 0.377792 13.4991 0.46733 0.297272 0.95 0.253618 
0.40501 0.38679 11.9163 0.476038 0.295006 0.975 0.253618 
0.405005 0.39625 10.3335 0.485193 0.292627 1 0.253618 
0.418105 0.361202 16.6817 0.457108 0.310373 0.9 0.261799 
0.418088 0.369272 15.0989 0.464899 0.308268 0.925 0.261799 
0.418074 0.377804 13.5161 0.473136 0.306046 0.95 0.261799 
0.418064 0.386796 11.9332 0.481819 0.303709 0.975 0.261799 
0.418058 0.39625 10.3504 0.490949 0.301256 1 0.261799 

ZONE I=5, J=5
0.418105 0.361202 16.6962 0.457108 0.310373 0.9 0.261799 
0.418088 0.369272 15.1067 0.464899 0.308268 0.925 0.261799 
0.418074 0.377804 13.5172 0.473136 0.306046 0.95 0.261799 
0.418064 0.386796 11.9277 0.481819 0.303709 0.975 0.261799 
0.418058 0.39625 10.3382 0.490949 0.301256 1 0.261799 
0.431159 0.361224 16.7155 0.463135 0.319198 0.9 0.269981 
0.431142 0.369289 15.126 0.470903 0.317031 0.925 0.269981 
0.43113 0.377815 13.5365 0.479117 0.314744 0.95 0.269981 
0.43112 0.386802 11.947 0.487776 0.312339 0.975 0.269981 
0.431115 0.39625 10.3575 0.49688 0.309813 1 0.269981 
0.444211 0.361246 16.7348 0.469336 0.327942 0.9 0.278162 
0.444194 0.369306 15.1453 0.477081 0.325712 0.925 0.278162 
0.444181 0.377827 13.5558 0.485271 0.32336 0.95 0.278162 
0.444172 0.386808 11.9663 0.493905 0.320886 0.975 0.278162 
0.444167 0.39625 10.3768 0.502982 0.318288 1 0.278162 
0.457262 0.361269 16.7541 0.475711 0.336605 0.9 0.286343 
0.457245 0.369324 15.1646 0.483433 0.334313 0.925 0.286343 
0.457231 0.377839 13.5751 0.491598 0.331895 0.95 0.286343 
0.457221 0.386814 11.9856 0.500205 0.32935 0.975 0.286343 
0.457215 0.39625 10.3961 0.509255 0.32668 1 0.286343 
0.470316 0.361293 16.7734 0.482261 0.345187 0.9 0.294524 
0.470297 0.369342 15.1839 0.489958 0.342832 0.925 0.294524 
0.470282 0.377851 13.5944 0.498097 0.340347 0.95 0.294524 
0.47027 0.386821 12.0049 0.506676 0.337733 0.975 0.294524 
0.470263 0.39625 10.4154 0.515698 0.334988 1 0.294524 

ZONE I=5, J=5
0.470316 0.361293 16.7898 0.482261 0.345187 0.9 0.294524 
0.470297 0.369342 15.1927 0.489958 0.342832 0.925 0.294524 
0.470282 0.377851 13.5956 0.498097 0.340347 0.95 0.294524 
0.47027 0.386821 11.9986 0.506676 0.337733 0.975 0.294524 
0.470263 0.39625 10.4015 0.515698 0.334988 1 0.294524 
0.483365 0.361318 16.8114 0.488983 0.353678 0.9 0.302706 
0.483347 0.369361 15.2143 0.496655 0.351263 0.925 0.302706 
0.483332 0.377864 13.6173 0.504768 0.348714 0.95 0.302706 
0.483322 0.386827 12.0202 0.51332 0.346032 0.975 0.302706 
0.483316 0.39625 10.4232 0.522312 0.343218 1 0.302706 
0.496412 0.361342 16.833 0.495875 0.362079 0.9 0.310887 
0.496393 0.36938 15.236 0.503521 0.359603 0.925 0.310887 
0.496379 0.377877 13.6389 0.511607 0.35699 0.95 0.310887 
0.496369 0.386834 12.0419 0.520131 0.354241 0.975 0.310887 
0.496363 0.39625 10.4448 0.529094 0.351355 1 0.310887 
0.509459 0.361368 16.8547 0.502937 0.370391 0.9 0.319068 
0.509439 0.3694 15.2576 0.510557 0.367853 0.925 0.319068 
0.509424 0.377891 13.6606 0.518615 0.365175 0.95 0.319068 
0.509413 0.386841 12.0635 0.52711 0.362357 0.975 0.319068 
0.509407 0.39625 10.4665 0.536042 0.3594 1 0.319068 
0.522508 0.361394 16.8763 0.51017 0.378612 0.9 0.327249 
0.522487 0.36942 15.2793 0.517763 0.376013 0.925 0.327249 
0.52247 0.377905 13.6822 0.525792 0.373269 0.95 0.327249 
0.522457 0.386848 12.0852 0.534256 0.370383 0.975 0.327249 
0.522449 0.39625 10.4881 0.543157 0.367352 1 0.327249 

ZONE I=5, J=5
0.522508 0.361394 16.8946 0.51017 0.378612 0.9 0.327249 
0.522487 0.36942 15.2891 0.517763 0.376013 0.925 0.327249 
0.52247 0.377905 13.6836 0.525792 0.373269 0.95 0.327249 
0.522457 0.386848 12.0782 0.534256 0.370383 0.975 0.327249 
0.522449 0.39625 10.4727 0.543157 0.367352 1 0.327249 
0.535552 0.361421 16.9186 0.517569 0.386733 0.9 0.335431 
0.535531 0.369441 15.3132 0.525135 0.384074 0.925 0.335431 
0.535515 0.377919 13.7077 0.533136 0.381269 0.95 0.335431 
0.535504 0.386855 12.1022 0.54157 0.378316 0.975 0.335431 
0.535497 0.39625 10.4967 0.550439 0.375217 1 0.335431 
0.548593 0.361448 16.9427 0.525135 0.394756 0.9 0.343612 
0.548572 0.369462 15.3372 0.532673 0.392037 0.925 0.343612 
0.548557 0.377933 13.7317 0.540644 0.389168 0.95 0.343612 
0.548546 0.386863 12.1262 0.549048 0.38615 0.975 0.343612 
0.548539 0.39625 10.5207 0.557884 0.382981 1 0.343612 
0.561634 0.361476 16.9667 0.532867 0.402679 0.9 0.351793 
0.561613 0.369483 15.3612 0.540376 0.3999 0.925 0.351793 
0.561596 0.377948 13.7557 0.548317 0.396968 0.95 0.351793 
0.561584 0.38687 12.1502 0.556688 0.393882 0.975 0.351793 
0.561577 0.39625 10.5448 0.565491 0.390644 1 0.351793 
0.574678 0.361505 16.9907 0.540765 0.410504 0.9 0.359974 
0.574655 0.369506 15.3852 0.548245 0.407665 0.925 0.359974 
0.574636 0.377963 13.7798 0.556154 0.404668 0.95 0.359974 
0.574623 0.386878 12.1743 0.564492 0.401515 0.975 0.359974 
0.574613 0.39625 10.5688 0.57326 0.398205 1 0.359974 

ZONE I=5, J=5
0.574678 0.361505 17.0109 0.540765 0.410504 0.9 0.359974 
0.574655 0.369506 15.3961 0.548245 0.407665 0.925 0.359974 
0.574636 0.377963 13.7813 0.556154 0.404668 0.95 0.359974 
0.574623 0.386878 12.1665 0.564492 0.401515 0.975 0.359974 
0.574613 0.39625 10.5517 0.57326 0.398205 1 0.359974 
0.587715 0.361535 17.0374 0.548825 0.41822 0.9 0.368156 
0.587693 0.369528 15.4225 0.556275 0.415322 0.925 0.368156 
0.587676 0.377979 13.8077 0.564153 0.412265 0.95 0.368156 
0.587664 0.386886 12.1929 0.572459 0.409047 0.975 0.368156 
0.587656 0.39625 10.5781 0.581193 0.40567 1 0.368156 
0.600751 0.361565 17.0638 0.557047 0.425827 0.9 0.376337 
0.600728 0.369551 15.449 0.564466 0.422871 0.925 0.376337 
0.600711 0.377994 13.8342 0.572312 0.419752 0.95 0.376337 
0.600699 0.386894 12.2194 0.580585 0.416471 0.975 0.376337 
0.600692 0.39625 10.6045 0.589283 0.413026 1 0.376337 
0.613786 0.361595 17.0902 0.56543 0.433328 0.9 0.384518 
0.613762 0.369575 15.4754 0.572818 0.430313 0.925 0.384518 
0.613744 0.37801 13.8606 0.580631 0.427132 0.95 0.384518 
0.613731 0.386902 12.2458 0.588869 0.423785 0.975 0.384518 
0.613724 0.39625 10.631 0.597531 0.420271 1 0.384518 
0.626823 0.361626 17.1167 0.573974 0.440721 0.9 0.392699 
0.626798 0.369599 15.5019 0.58133 0.437647 0.925 0.392699 
0.626778 0.378027 13.8871 0.589109 0.434403 0.95 0.392699 
0.626763 0.386911 12.2722 0.597311 0.43099 0.975 0.392699 
0.626753 0.39625 10.6574 0.605935 0.427406 1 0.392699 

ZONE I=5, J=5
0.626823 0.361626 17.1388 0.573974 0.440721 0.9 0.392699 
0.626798 0.369599 15.5138 0.58133 0.437647 0.925 0.392699 
0.626778 0.378027 13.8887 0.589109 0.434403 0.95 0.392699 
0.626763 0.386911 12.2637 0.597311 0.43099 0.975 0.392699 
0.626753 0.39625 10.6386 0.605935 0.427406 1 0.392699 
0.639854 0.361658 17.1677 0.582675 0.447995 0.9 0.400881 
0.63983 0.369624 15.5426 0.589999 0.444865 0.925 0.400881 
0.639811 0.378044 13.9176 0.597745 0.441562 0.95 0.400881 
0.639798 0.386919 12.2926 0.605911 0.438086 0.975 0.400881 
0.63979 0.39625 10.6675 0.614499 0.434437 1 0.400881 
0.652882 0.361691 17.1966 0.591532 0.455154 0.9 0.409062 
0.652858 0.369648 15.5715 0.598824 0.451966 0.925 0.409062 
0.65284 0.378061 13.9465 0.606535 0.448603 0.95 0.409062 
0.652827 0.386928 12.3214 0.614665 0.445064 0.975 0.409062 
0.652819 0.39625 10.6964 0.623215 0.44135 1 0.409062 
0.665911 0.361723 17.2255 0.600546 0.462196 0.9 0.417243 
0.665886 0.369674 15.6004 0.607804 0.458952 0.925 0.417243 
0.665866 0.378078 13.9754 0.615479 0.455528 0.95 0.417243 
0.665852 0.386937 12.3503 0.623572 0.451926 0.975 0.417243 
0.665844 0.39625 10.7253 0.632083 0.448144 1 0.417243 
0.678941 0.361757 17.2543 0.609715 0.469123 0.9 0.425424 
0.678914 0.369699 15.6293 0.616939 0.465821 0.925 0.425424 
0.678893 0.378096 14.0043 0.624578 0.462336 0.95 0.425424 
0.678877 0.386946 12.3792 0.632632 0.458669 0.975 0.425424 
0.678866 0.39625 10.7542 0.641102 0.454819 1 0.425424 

ZONE I=5, J=5
0.678941 0.361757 17.2784 0.609715 0.469123 0.9 0.425424 
0.678914 0.369699 15.6422 0.616939 0.465821 0.925 0.425424 
0.678893 0.378096 14.0061 0.624578 0.462336 0.95 0.425424 
0.678877 0.386946 12.3699 0.632632 0.458669 0.975 0.425424 
0.678866 0.39625 10.7337 0.641102 0.454819 1 0.425424 
0.691963 0.361792 17.3098 0.619035 0.475922 0.9 0.433605 
0.691937 0.369726 15.6736 0.626224 0.472565 0.925 0.433605 
0.691917 0.378114 14.0374 0.633828 0.469022 0.95 0.433605 
0.691903 0.386955 12.4012 0.641845 0.465295 0.975 0.433605 
0.691894 0.39625 10.7651 0.650276 0.461382 1 0.433605 
0.704983 0.361826 17.3412 0.628506 0.482597 0.9 0.441786 
0.704958 0.369753 15.705 0.63566 0.479185 0.925 0.441786 
0.704938 0.378132 14.0688 0.643227 0.475584 0.95 0.441786 
0.704924 0.386965 12.4326 0.651205 0.471795 0.975 0.441786 
0.704916 0.39625 10.7964 0.659596 0.467818 1 0.441786 
0.718004 0.361861 17.3725 0.638128 0.489149 0.9 0.449967 
0.717978 0.36978 15.7363 0.645247 0.485681 0.925 0.449967 
0.717957 0.378151 14.1001 0.652775 0.482021 0.95 0.449967 
0.717942 0.386974 12.464 0.660714 0.47817 0.975 0.449967 
0.717933 0.39625 10.8278 0.669062 0.474127 1 0.449967 
0.731029 0.361898 17.4039 0.647902 0.495577 0.9 0.458149 
0.731 0.369808 15.7677 0.654983 0.492052 0.925 0.458149 
0.730977 0.37817 14.1315 0.662473 0.488333 0.95 0.458149 
0.73096 0.386984 12.4953 0.67037 0.484419 0.975 0.458149 
0.730948 0.39625 10.8591 0.678676 0.48031 1 0.458149 

ZONE I=5, J=5
0.731029 0.361898 17.43 0.647902 0.495577 0.9 0.458149 
0.731 0.369808 15.7817 0.654983 0.492052 0.925 0.458149 
0.730977 0.37817 14.1335 0.662473 0.488333 0.95 0.458149 
0.73096 0.386984 12.4852 0.67037 0.484419 0.975 0.458149 
0.730948 0.39625 10.8369 0.678676 0.48031 1 0.458149 
0.744042 0.361934 17.4639 0.657818 0.501867 0.9 0.46633 
0.744015 0.369836 15.8156 0.664864 0.49829 0.925 0.46633 
0.743993 0.378189 14.1673 0.672315 0.494515 0.95 0.46633 
0.743978 0.386994 12.5191 0.680173 0.490542 0.975 0.46633 
0.743968 0.39625 10.8708 0.688437 0.486372 1 0.46633 
0.757054 0.361971 17.4977 0.66788 0.508026 0.9 0.474511 
0.757026 0.369864 15.8495 0.674889 0.504395 0.925 0.474511 
0.757005 0.378209 14.2012 0.682301 0.500564 0.95 0.474511 
0.75699 0.387004 12.553 0.690118 0.496532 0.975 0.474511 
0.756982 0.39625 10.9047 0.698338 0.4923 1 0.474511 
0.770067 0.362009 17.5316 0.678087 0.514053 0.9 0.482692 
0.770038 0.369893 15.8834 0.685058 0.510368 0.925 0.482692 
0.770016 0.378228 14.2351 0.69243 0.50648 0.95 0.482692 
0.77 0.387014 12.5868 0.700204 0.502388 0.975 0.482692 
0.76999 0.39625 10.9386 0.708381 0.498092 1 0.482692 
0.783083 0.362047 17.5655 0.68844 0.519949 0.9 0.490874 
0.783052 0.369923 15.9172 0.695371 0.51621 0.925 0.490874 
0.783027 0.378248 14.269 0.702702 0.512263 0.95 0.490874 
0.783009 0.387024 12.6207 0.710433 0.50811 0.975 0.490874 
0.782996 0.39625 10.9725 0.718563 0.50375 1 0.490874 

ZONE I=5, J=5
0.783083 0.362047 17.5937 0.68844 0.519949 0.9 0.490874 
0.783052 0.369923 15.9324 0.695371 0.51621 0.925 0.490874 
0.783027 0.378248 14.2711 0.702702 0.512263 0.95 0.490874 
0.783009 0.387024 12.6098 0.710433 0.50811 0.975 0.490874 
0.782996 0.39625 10.9485 0.718563 0.50375 1 0.490874 
0.796087 0.362087 17.6301 0.698929 0.525699 0.9 0.499055 
0.796057 0.369953 15.9688 0.705822 0.521908 0.925 0.499055 
0.796035 0.378269 14.3075 0.713113 0.517908 0.95 0.499055 
0.796018 0.387035 12.6462 0.720801 0.513699 0.975 0.499055 
0.796008 0.39625 10.985 0.728888 0.509279 1 0.499055 
0.809089 0.362126 17.6665 0.709556 0.53131 0.9 0.507236 
0.80906 0.369983 16.0053 0.71641 0.527467 0.925 0.507236 
0.809037 0.37829 14.344 0.72366 0.523413 0.95 0.507236 
0.809022 0.387045 12.6827 0.731306 0.519146 0.975 0.507236 
0.809012 0.39625 11.0214 0.739347 0.514666 1 0.507236 
0.822093 0.362166 17.703 0.720323 0.536781 0.9 0.515417 
0.822062 0.370014 16.0417 0.727137 0.532887 0.925 0.515417 
0.822039 0.378311 14.3804 0.734344 0.528777 0.95 0.515417 
0.822022 0.387056 12.7191 0.741945 0.524451 0.975 0.515417 
0.822011 0.39625 11.0578 0.74994 0.519911 1 0.515417 
0.835099 0.362206 17.7394 0.73123 0.542114 0.9 0.523599 
0.835067 0.370045 16.0781 0.738002 0.538166 0.925 0.523599 
0.835041 0.378332 14.4168 0.745166 0.534 0.95 0.523599 
0.835021 0.387067 12.7556 0.75272 0.529616 0.975 0.523599 
0.835007 0.39625 11.0943 0.760666 0.525013 1 0.523599 

ZONE I=5, J=5
0.835099 0.362206 17.7697 0.73123 0.542114 0.9 0.523599 
0.835067 0.370045 16.0944 0.738002 0.538166 0.925 0.523599 
0.835041 0.378332 14.4191 0.745166 0.534 0.95 0.523599 
0.835021 0.387067 12.7438 0.75272 0.529616 0.975 0.523599 
0.835007 0.39625 11.0685 0.760666 0.525013 1 0.523599 
0.848093 0.362248 17.8087 0.742265 0.547292 0.9 0.53178 
0.848062 0.370077 16.1334 0.748997 0.543295 0.925 0.53178 
0.848038 0.378354 14.4581 0.756119 0.539078 0.95 0.53178 
0.848021 0.387078 12.7829 0.76363 0.534639 0.975 0.53178 
0.84801 0.39625 11.1076 0.771529 0.529979 1 0.53178 
0.861085 0.362289 17.8478 0.753432 0.552324 0.9 0.539961 
0.861055 0.370109 16.1725 0.760124 0.548277 0.925 0.539961 
0.861031 0.378376 14.4972 0.767202 0.544007 0.95 0.539961 
0.861014 0.387089 12.8219 0.774667 0.539513 0.975 0.539961 
0.861004 0.39625 11.1466 0.78252 0.534795 1 0.539961 
0.874079 0.362331 17.8868 0.764732 0.557209 0.9 0.548142 
0.874047 0.370141 16.2115 0.771381 0.553112 0.925 0.548142 
0.874022 0.378398 14.5362 0.778415 0.548788 0.95 0.548142 
0.874004 0.387101 12.861 0.785834 0.544238 0.975 0.548142 
0.873993 0.39625 11.1857 0.793637 0.539461 1 0.548142 
0.887075 0.362374 17.9258 0.776165 0.561948 0.9 0.556324 
0.887041 0.370174 16.2506 0.782771 0.557799 0.925 0.556324 
0.887013 0.37842 14.5753 0.789759 0.553422 0.95 0.556324 
0.886992 0.387112 12.9 0.797129 0.548814 0.975 0.556324 
0.886978 0.39625 11.2247 0.804881 0.543977 1 0.556324 

ZONE I=5, J=5
0.887075 0.362374 17.9582 0.776165 0.561948 0.9 0.556324 
0.887041 0.370174 16.268 0.782771 0.557799 0.925 0.556324 
0.887013 0.37842 14.5777 0.789759 0.553422 0.95 0.556324 
0.886992 0.387112 12.8874 0.797129 0.548814 0.975 0.556324 
0.886978 0.39625 11.1972 0.804881 0.543977 1 0.556324 
0.900058 0.362418 17.9999 0.787719 0.566524 0.9 0.564505 
0.900025 0.370208 16.3097 0.794283 0.562329 0.925 0.564505 
0.9 0.378444 14.6194 0.801227 0.557901 0.95 0.564505 
0.899981 0.387124 12.9291 0.808551 0.553242 0.975 0.564505 
0.89997 0.39625 11.2389 0.816255 0.54835 1 0.564505 
0.913039 0.362461 18.0416 0.799398 0.570947 0.9 0.572686 
0.913006 0.370242 16.3514 0.805919 0.566704 0.925 0.572686 
0.912981 0.378466 14.6611 0.812818 0.562226 0.95 0.572686 
0.912964 0.387136 12.9708 0.820095 0.557513 0.975 0.572686 
0.912953 0.39625 11.2806 0.827749 0.552566 1 0.572686 
0.926021 0.362505 18.0833 0.811203 0.575217 0.9 0.580867 
0.925987 0.370275 16.3931 0.81768 0.570925 0.925 0.580867 
0.925961 0.378489 14.7028 0.824533 0.566396 0.95 0.580867 
0.925942 0.387148 13.0125 0.83176 0.561629 0.975 0.580867 
0.925931 0.39625 11.3223 0.839363 0.556624 1 0.580867 
0.939006 0.362551 18.125 0.823134 0.579332 0.9 0.589049 
0.93897 0.37031 16.4348 0.829566 0.574991 0.925 0.589049 
0.938941 0.378513 14.7445 0.83637 0.57041 0.95 0.589049 
0.938919 0.38716 13.0542 0.843547 0.565588 0.975 0.589049 
0.938904 0.39625 11.364 0.851097 0.560525 1 0.589049 

ZONE I=5, J=5
0.939006 0.362551 18.1596 0.823134 0.579332 0.9 0.589049 
0.93897 0.37031 16.4533 0.829566 0.574991 0.925 0.589049 
0.938941 0.378513 14.7471 0.83637 0.57041 0.95 0.589049 
0.938919 0.38716 13.0408 0.843547 0.565588 0.975 0.589049 
0.938904 0.39625 11.3346 0.851097 0.560525 1 0.589049 
0.951977 0.362596 18.204 0.835178 0.583279 0.9 0.59723 
0.951942 0.370346 16.4977 0.841566 0.578893 0.925 0.59723 
0.951916 0.378538 14.7915 0.848325 0.574264 0.95 0.59723 
0.951896 0.387173 13.0852 0.855454 0.569392 0.975 0.59723 
0.951885 0.39625 11.379 0.862954 0.564277 1 0.59723 
0.964946 0.362642 18.2484 0.84734 0.587064 0.9 0.605411 
0.964912 0.370381 16.5421 0.853684 0.582633 0.925 0.605411 
0.964885 0.378562 14.8359 0.860395 0.577955 0.95 0.605411 
0.964867 0.387185 13.1296 0.867475 0.573033 0.975 0.605411 
0.964856 0.39625 11.4234 0.874923 0.567865 1 0.605411 
0.977915 0.362688 18.2928 0.85962 0.59069 0.9 0.613592 
0.97788 0.370416 16.5865 0.865918 0.586211 0.925 0.613592 
0.977853 0.378586 14.8803 0.872582 0.581485 0.95 0.613592 
0.977833 0.387197 13.174 0.87961 0.57651 0.975 0.613592 
0.977821 0.39625 11.4678 0.887005 0.571287 1 0.613592 
0.990888 0.362736 18.3372 0.872019 0.594154 0.9 0.621774 
0.99085 0.370453 16.6309 0.87827 0.589629 0.925 0.621774 
0.99082 0.378611 14.9247 0.884883 0.584852 0.95 0.621774 
0.990797 0.38721 13.2184 0.89186 0.579825 0.975 0.621774 
0.990781 0.39625 11.5122 0.899199 0.574546 1 0.621774 

ZONE I=5, J=5
0.990888 0.362736 18.374 0.872019 0.594154 0.9 0.621774 
0.99085 0.370453 16.6507 0.87827 0.589629 0.925 0.621774 
0.99082 0.378611 14.9274 0.884883 0.584852 0.95 0.621774 
0.990797 0.38721 13.2042 0.89186 0.579825 0.975 0.621774 
0.990781 0.39625 11.4809 0.899199 0.574546 1 0.621774 
1.00385 0.362783 18.4211 0.884522 0.597443 0.9 0.629955 
1.00381 0.37049 16.6979 0.890728 0.592874 0.925 0.629955 
1.00378 0.378636 14.9746 0.897295 0.588052 0.95 0.629955 
1.00376 0.387223 13.2513 0.904222 0.582977 0.975 0.629955 
1.00375 0.39625 11.5281 0.911509 0.577649 1 0.629955 
1.0168 0.362831 18.4683 0.897136 0.600564 0.9 0.638136 
1.01677 0.370526 16.745 0.903296 0.595952 0.925 0.638136 
1.01674 0.378661 15.0218 0.909814 0.591084 0.95 0.638136 
1.01672 0.387236 13.2985 0.916689 0.58596 0.975 0.638136 
1.01671 0.39625 11.5752 0.923923 0.580581 1 0.638136 
1.02976 0.362879 18.5155 0.909861 0.603518 0.9 0.646317 
1.02972 0.370563 16.7922 0.915973 0.598861 0.925 0.646317 
1.02969 0.378686 15.0689 0.92244 0.593946 0.95 0.646317 
1.02967 0.387248 13.3457 0.929263 0.588773 0.975 0.646317 
1.02966 0.39625 11.6224 0.936441 0.583342 1 0.646317 
1.04271 0.362929 18.5626 0.922695 0.606305 0.9 0.654498 
1.04268 0.370601 16.8394 0.928758 0.601603 0.925 0.654498 
1.04264 0.378712 15.1161 0.935174 0.59664 0.95 0.654498 
1.04262 0.387262 13.3928 0.941942 0.591416 0.975 0.654498 
1.0426 0.39625 11.6696 0.949063 0.585932 1 0.654498 

ZONE I=5, J=5
1.04271 0.362929 18.6017 0.922695 0.606305 0.9 0.654498 
1.04268 0.370601 16.8604 0.928758 0.601603 0.925 0.654498 
1.04264 0.378712 15.119 0.935174 0.59664 0.95 0.654498 
1.04262 0.387262 13.3777 0.941942 0.591416 0.975 0.654498 
1.0426 0.39625 11.6363 0.949063 0.585932 1 0.654498 
1.05566 0.362978 18.6517 0.935628 0.60891 0.9 0.66268 
1.05562 0.37064 16.9104 0.941645 0.604167 0.925 0.66268 
1.05559 0.378739 15.169 0.948012 0.599161 0.95 0.66268 
1.05557 0.387276 13.4277 0.954729 0.593892 0.975 0.66268 
1.05556 0.39625 11.6863 0.961796 0.58836 1 0.66268 
1.0686 0.363028 18.7017 0.948662 0.611341 0.9 0.670861 
1.06856 0.370678 16.9603 0.954631 0.606556 0.925 0.670861 
1.06854 0.378765 15.219 0.960948 0.601507 0.95 0.670861 
1.06852 0.387289 13.4777 0.967612 0.596192 0.975 0.670861 
1.0685 0.39625 11.7363 0.974624 0.590612 1 0.670861 
1.08154 0.363078 18.7517 0.961799 0.613598 0.9 0.679042 
1.0815 0.370716 17.0103 0.967719 0.608772 0.925 0.679042 
1.08147 0.378791 15.269 0.973983 0.603677 0.95 0.679042 
1.08145 0.387302 13.5276 0.980593 0.598315 0.975 0.679042 
1.08144 0.39625 11.7863 0.987547 0.592685 1 0.679042 
1.09449 0.36313 18.8017 0.975037 0.615682 0.9 0.687223 
1.09445 0.370756 17.0603 0.980907 0.610813 0.925 0.687223 
1.09441 0.378818 15.319 0.987118 0.605673 0.95 0.687223 
1.09439 0.387316 13.5776 0.993671 0.600262 0.975 0.687223 
1.09437 0.39625 11.8363 1.00057 0.594581 1 0.687223 

ZONE I=5, J=5
1.09449 0.36313 18.8431 0.975037 0.615682 0.9 0.687223 
1.09445 0.370756 17.0826 0.980907 0.610813 0.925 0.687223 
1.09441 0.378818 15.3221 0.987118 0.605673 0.95 0.687223 
1.09439 0.387316 13.5616 0.993671 0.600262 0.975 0.687223 
1.09437 0.39625 11.8011 1.00057 0.594581 1 0.687223 
1.10741 0.363181 18.8959 0.988365 0.617578 0.9 0.695405 
1.10738 0.370796 17.1354 0.994187 0.61267 0.925 0.695405 
1.10735 0.378846 15.375 1.00035 0.607489 0.95 0.695405 
1.10732 0.38733 13.6145 1.00685 0.602036 0.975 0.695405 
1.10731 0.39625 11.854 1.01369 0.596311 1 0.695405 
1.12034 0.363233 18.9488 1.00179 0.619294 0.9 0.703586 
1.1203 0.370836 17.1883 1.00756 0.614347 0.925 0.703586 
1.12027 0.378873 15.4278 1.01367 0.609124 0.95 0.703586 
1.12025 0.387344 13.6673 1.02011 0.603628 0.975 0.703586 
1.12024 0.39625 11.9068 1.0269 0.597856 1 0.703586 
1.13327 0.363285 19.0017 1.0153 0.620831 0.9 0.711767 
1.13323 0.370876 17.2412 1.02102 0.615843 0.925 0.711767 
1.1332 0.3789 15.4807 1.02708 0.610579 0.95 0.711767 
1.13317 0.387358 13.7202 1.03347 0.605037 0.975 0.711767 
1.13316 0.39625 11.9597 1.04019 0.599219 1 0.711767 
1.14619 0.363338 19.0546 1.02891 0.622189 0.9 0.719948 
1.14615 0.370916 17.2941 1.03458 0.61716 0.925 0.719948 
1.14612 0.378928 15.5336 1.04058 0.611852 0.95 0.719948 
1.14609 0.387372 13.7731 1.04691 0.606265 0.975 0.719948 
1.14607 0.39625 12.0126 1.05357 0.600398 1 0.719948 

ZONE I=5, J=5
1.14619 0.363338 19.0984 1.02891 0.622189 0.9 0.719948 
1.14615 0.370916 17.3176 1.03458 0.61716 0.925 0.719948 
1.14612 0.378928 15.5369 1.04058 0.611852 0.95 0.719948 
1.14609 0.387372 13.7561 1.04691 0.606265 0.975 0.719948 
1.14607 0.39625 11.9754 1.05357 0.600398 1 0.719948 
1.15911 0.363392 19.1542 1.0426 0.623352 0.9 0.72813 
1.15907 0.370958 17.3734 1.04822 0.618287 0.925 0.72813 
1.15903 0.378956 15.5927 1.05417 0.612941 0.95 0.72813 
1.15901 0.387387 13.8119 1.06045 0.607313 0.975 0.72813 
1.159 0.39625 12.0312 1.06705 0.601404 1 0.72813 
1.17201 0.363445 19.21 1.05637 0.62433 0.9 0.736311 
1.17198 0.370999 17.4293 1.06194 0.619228 0.925 0.736311 
1.17194 0.378984 15.6485 1.06784 0.613843 0.95 0.736311 
1.17192 0.387401 13.8678 1.07406 0.608174 0.975 0.736311 
1.17191 0.39625 12.087 1.08061 0.602222 1 0.736311 
1.18492 0.363499 19.2659 1.07023 0.625124 0.9 0.744492 
1.18488 0.37104 17.4851 1.07575 0.619984 0.925 0.744492 
1.18485 0.379012 15.7044 1.08159 0.614559 0.95 0.744492 
1.18483 0.387416 13.9236 1.08775 0.608848 0.975 0.744492 
1.18481 0.39625 12.1429 1.09424 0.602851 1 0.744492 
1.19783 0.363554 19.3217 1.08417 0.625733 0.9 0.752673 
1.19779 0.371083 17.5409 1.08964 0.620555 0.925 0.752673 
1.19775 0.379041 15.7602 1.09542 0.615088 0.95 0.752673 
1.19773 0.387431 13.9794 1.10153 0.609334 0.975 0.752673 
1.19771 0.39625 12.1987 1.10795 0.603291 1 0.752673 

ZONE I=5, J=5
1.19783 0.363554 19.3679 1.08417 0.625733 0.9 0.752673 
1.19779 0.371083 17.5658 1.08964 0.620555 0.925 0.752673 
1.19775 0.379041 15.7637 1.09542 0.615088 0.95 0.752673 
1.19773 0.387431 13.9615 1.10153 0.609334 0.975 0.752673 
1.19771 0.39625 12.1594 1.10795 0.603291 1 0.752673 
1.21073 0.36361 19.4268 1.09819 0.626142 0.9 0.760855 
1.21069 0.371126 17.6247 1.1036 0.620929 0.925 0.760855 
1.21065 0.379071 15.8225 1.10934 0.615427 0.95 0.760855 
1.21063 0.387446 14.0204 1.11538 0.609635 0.975 0.760855 
1.21061 0.39625 12.2183 1.12175 0.603553 1 0.760855 
1.22362 0.363665 19.4856 1.11228 0.626361 0.9 0.769036 
1.22358 0.371168 17.6835 1.11764 0.621114 0.925 0.769036 
1.22355 0.3791 15.8814 1.12332 0.615575 0.95 0.769036 
1.22352 0.387461 14.0792 1.12931 0.609744 0.975 0.769036 
1.22351 0.39625 12.2771 1.13562 0.603622 1 0.769036 
1.23651 0.36372 19.5445 1.12645 0.62639 0.9 0.777217 
1.23647 0.371211 17.7424 1.13176 0.621107 0.925 0.777217 
1.23643 0.379129 15.9402 1.13738 0.615531 0.95 0.777217 
1.23641 0.387475 14.1381 1.14331 0.60966 0.975 0.777217 
1.23639 0.39625 12.336 1.14955 0.603496 1 0.777217 
1.2494 0.363777 19.6034 1.14069 0.626229 0.9 0.785398 
1.24935 0.371254 17.8012 1.14594 0.62091 0.925 0.785398 
1.24932 0.379159 15.9991 1.15151 0.615295 0.95 0.785398 
1.24929 0.387491 14.197 1.15738 0.609384 0.975 0.785398 
1.24927 0.39625 12.3948 1.16356 0.603176 1 0.785398 

ZONE I=5, J=5
1.2494 0.363777 19.6521 1.14069 0.626229 0.9 0.785398 
1.24935 0.371254 17.8274 1.14594 0.62091 0.925 0.785398 
1.24932 0.379159 16.0028 1.15151 0.615295 0.95 0.785398 
1.24929 0.387491 14.1781 1.15738 0.609384 0.975 0.785398 
1.24927 0.39625 12.3534 1.16356 0.603176 1 0.785398 
1.26227 0.363834 19.7141 1.15499 0.625864 0.9 0.79358 
1.26223 0.371298 17.8894 1.16019 0.620513 0.925 0.79358 
1.2622 0.379189 16.0647 1.1657 0.614864 0.95 0.79358 
1.26217 0.387507 14.24 1.17152 0.608918 0.975 0.79358 
1.26216 0.396251 12.4154 1.17764 0.602674 1 0.79358 
1.27514 0.363891 19.776 1.16936 0.625304 0.9 0.801761 
1.2751 0.371342 17.9514 1.17451 0.61992 0.925 0.801761 
1.27507 0.379219 16.1267 1.17997 0.614237 0.95 0.801761 
1.27505 0.387522 14.302 1.18572 0.608255 0.975 0.801761 
1.27503 0.39625 12.4773 1.19178 0.601973 1 0.801761 
1.28801 0.363948 19.838 1.1838 0.624549 0.9 0.809942 
1.28797 0.371386 18.0133 1.18889 0.619132 0.925 0.809942 
1.28794 0.379249 16.1886 1.19429 0.613414 0.95 0.809942 
1.28791 0.387537 14.364 1.19999 0.607395 0.975 0.809942 
1.2879 0.39625 12.5393 1.20599 0.601073 1 0.809942 
1.30088 0.364007 19.8999 1.1983 0.6236 0.9 0.818123 
1.30084 0.371431 18.0753 1.20334 0.618149 0.925 0.818123 
1.3008 0.37928 16.2506 1.20868 0.612395 0.95 0.818123 
1.30077 0.387553 14.4259 1.21431 0.606337 0.975 0.818123 
1.30075 0.39625 12.6012 1.22024 0.599975 1 0.818123 

ZONE I=5, J=5
1.30088 0.364007 19.9513 1.1983 0.6236 0.9 0.818123 
1.30084 0.371431 18.1029 1.20334 0.618149 0.925 0.818123 
1.3008 0.37928 16.2545 1.20868 0.612395 0.95 0.818123 
1.30077 0.387553 14.4061 1.21431 0.606337 0.975 0.818123 
1.30075 0.39625 12.5577 1.22024 0.599975 1 0.818123 
1.31374 0.364066 20.0164 1.21286 0.622441 0.9 0.826305 
1.31369 0.371477 18.168 1.21785 0.616961 0.925 0.826305 
1.31366 0.379311 16.3196 1.22313 0.611176 0.95 0.826305 
1.31363 0.387569 14.4712 1.22871 0.605085 0.975 0.826305 
1.31362 0.396251 12.6228 1.23458 0.59869 1 0.826305 
1.32659 0.364124 20.0816 1.22747 0.621083 0.9 0.834486 
1.32654 0.371522 18.2332 1.2324 0.615573 0.925 0.834486 
1.32651 0.379342 16.3848 1.23763 0.609756 0.95 0.834486 
1.32649 0.387584 14.5364 1.24315 0.603632 0.975 0.834486 
1.32647 0.39625 12.6879 1.24896 0.597202 1 0.834486 
1.33944 0.364183 20.1467 1.24214 0.619526 0.9 0.842667 
1.33939 0.371567 18.2983 1.24702 0.613985 0.925 0.842667 
1.33936 0.379372 16.4499 1.25219 0.608136 0.95 0.842667 
1.33933 0.3876 14.6015 1.25764 0.601977 0.975 0.842667 
1.33931 0.39625 12.7531 1.26339 0.59551 1 0.842667 
1.35228 0.364243 20.2118 1.25686 0.617771 0.9 0.850848 
1.35224 0.371613 18.3634 1.26169 0.612199 0.925 0.850848 
1.3522 0.379404 16.515 1.26679 0.606315 0.95 0.850848 
1.35217 0.387616 14.6666 1.27219 0.600121 0.975 0.850848 
1.35215 0.39625 12.8182 1.27786 0.593616 1 0.850848 

ZONE I=5, J=5
1.35228 0.364243 20.2658 1.25686 0.617771 0.9 0.850848 
1.35224 0.371613 18.3924 1.26169 0.612199 0.925 0.850848 
1.3522 0.379404 16.5191 1.26679 0.606315 0.95 0.850848 
1.35217 0.387616 14.6458 1.27219 0.600121 0.975 0.850848 
1.35215 0.39625 12.7725 1.27786 0.593616 1 0.850848 
1.36511 0.364303 20.3342 1.27163 0.615802 0.9 0.859029 
1.36507 0.37166 18.4609 1.2764 0.610202 0.925 0.859029 
1.36503 0.379436 16.5875 1.28145 0.604291 0.95 0.859029 
1.36501 0.387633 14.7142 1.28679 0.598067 0.975 0.859029 
1.36499 0.396251 12.8409 1.2924 0.591531 1 0.859029 
1.37794 0.364363 20.4026 1.28644 0.61363 0.9 0.86721 
1.3779 0.371706 18.5293 1.29116 0.608003 0.925 0.86721 
1.37786 0.379468 16.6559 1.29615 0.602062 0.95 0.86721 
1.37784 0.387649 14.7826 1.30143 0.595807 0.975 0.86721 
1.37782 0.39625 12.9093 1.30698 0.589239 1 0.86721 
1.39076 0.364424 20.471 1.30131 0.611256 0.9 0.875391 
1.39072 0.371752 18.5977 1.30597 0.6056 0.925 0.875391 
1.39068 0.379499 16.7244 1.3109 0.599629 0.95 0.875391 
1.39066 0.387665 14.851 1.31611 0.593342 0.975 0.875391 
1.39064 0.39625 12.9777 1.3216 0.58674 1 0.875391 
1.40359 0.364485 20.5394 1.31622 0.608678 0.9 0.883573 
1.40354 0.371799 18.6661 1.32082 0.602993 0.925 0.883573 
1.4035 0.379532 16.7928 1.32569 0.596991 0.95 0.883573 
1.40347 0.387682 14.9194 1.33084 0.590671 0.975 0.883573 
1.40345 0.39625 13.0461 1.33626 0.584034 1 0.883573 

ZONE I=5, J=5
1.40359 0.364485 20.5959 1.31622 0.608678 0.9 0.883573 
1.40354 0.371799 18.6965 1.32082 0.602993 0.925 0.883573 
1.4035 0.379532 16.797 1.32569 0.596991 0.95 0.883573 
1.40347 0.387682 14.8976 1.33084 0.590671 0.975 0.883573 
1.40345 0.39625 12.9982 1.33626 0.584034 1 0.883573 
1.4164 0.364547 20.6677 1.33116 0.605884 0.9 0.891754 
1.41635 0.371847 18.7683 1.33571 0.600174 0.925 0.891754 
1.41631 0.379565 16.8688 1.34052 0.594146 0.95 0.891754 
1.41629 0.387699 14.9694 1.34561 0.587799 0.975 0.891754 
1.41627 0.396251 13.0699 1.35097 0.581134 1 0.891754 
1.4292 0.364609 20.7395 1.34613 0.602883 0.9 0.899935 
1.42915 0.371894 18.84 1.35063 0.597148 0.925 0.899935 
1.42912 0.379597 16.9406 1.35539 0.591093 0.95 0.899935 
1.42909 0.387715 15.0412 1.36042 0.584718 0.975 0.899935 
1.42908 0.39625 13.1417 1.36571 0.578024 1 0.899935 
1.442 0.36467 20.8113 1.36115 0.599676 0.9 0.908116 
1.44195 0.371942 18.9118 1.36559 0.593915 0.925 0.908116 
1.44191 0.379629 17.0124 1.37029 0.587832 0.95 0.908116 
1.44189 0.387731 15.1129 1.37525 0.581428 0.975 0.908116 
1.44187 0.396249 13.2135 1.38048 0.574703 1 0.908116 
1.4548 0.364733 20.883 1.3762 0.596263 0.9 0.916298 
1.45475 0.37199 18.9836 1.38058 0.590475 0.925 0.916298 
1.45471 0.379662 17.0842 1.38522 0.584364 0.95 0.916298 
1.45468 0.387749 15.1847 1.39012 0.577929 0.975 0.916298 
1.45465 0.39625 13.2853 1.39528 0.571171 1 0.916298 

ZONE I=5, J=5
1.4548 0.364733 20.942 1.3762 0.596263 0.9 0.916298 
1.45475 0.37199 19.0153 1.38058 0.590475 0.925 0.916298 
1.45471 0.379662 17.0886 1.38522 0.584364 0.95 0.916298 
1.45468 0.387749 15.162 1.39012 0.577929 0.975 0.916298 
1.45465 0.39625 13.2353 1.39528 0.571171 1 0.916298 
1.46758 0.364797 21.0172 1.39128 0.592629 0.9 0.924479 
1.46753 0.372039 19.0905 1.3956 0.586819 0.925 0.924479 
1.46749 0.379696 17.1639 1.40018 0.580685 0.95 0.924479 
1.46747 0.387766 15.2372 1.40502 0.574226 0.975 0.924479 
1.46745 0.396251 13.3105 1.41012 0.567442 1 0.924479 
1.48035 0.364859 21.0924 1.40638 0.588787 0.9 0.93266 
1.48031 0.372088 19.1658 1.41064 0.582953 0.925 0.93266 
1.48027 0.379729 17.2391 1.41517 0.576795 0.95 0.93266 
1.48024 0.387783 15.3124 1.41994 0.57031 0.975 0.93266 
1.48023 0.39625 13.3858 1.42498 0.5635 1 0.93266 
1.49312 0.364923 21.1677 1.4215 0.584735 0.9 0.940841 
1.49308 0.372136 19.241 1.42572 0.578878 0.925 0.940841 
1.49304 0.379762 17.3144 1.43018 0.572694 0.95 0.940841 
1.49301 0.3878 15.3877 1.43489 0.566183 0.975 0.940841 
1.493 0.396249 13.461 1.43985 0.559345 1 0.940841 
1.5059 0.364987 21.2429 1.43666 0.580473 0.9 0.949023 
1.50585 0.372186 19.3163 1.44081 0.574592 0.925 0.949023 
1.50581 0.379796 17.3896 1.44521 0.568382 0.95 0.949023 
1.50577 0.387817 15.4629 1.44986 0.561844 0.975 0.949023 
1.50575 0.39625 13.5363 1.45475 0.554976 1 0.949023 

ZONE I=5, J=5
1.5059 0.364987 21.3035 1.43666 0.580473 0.9 0.949023 
1.50585 0.372186 19.3489 1.44081 0.574592 0.925 0.949023 
1.50581 0.379796 17.3942 1.44521 0.568382 0.95 0.949023 
1.50577 0.387817 15.4396 1.44986 0.561844 0.975 0.949023 
1.50575 0.39625 13.4849 1.45475 0.554976 1 0.949023 
1.51865 0.365052 21.3823 1.45182 0.575989 0.9 0.957204 
1.5186 0.372236 19.4277 1.45592 0.570088 0.925 0.957204 
1.51856 0.379831 17.473 1.46026 0.563858 0.95 0.957204 
1.51854 0.387835 15.5184 1.46485 0.557297 0.975 0.957204 
1.51852 0.396251 13.5637 1.46968 0.550408 1 0.957204 
1.53139 0.365116 21.4611 1.467 0.571293 0.9 0.965385 
1.53135 0.372285 19.5065 1.47105 0.565371 0.925 0.965385 
1.53131 0.379864 17.5518 1.47533 0.559119 0.95 0.965385 
1.53129 0.387852 15.5972 1.47985 0.552537 0.975 0.965385 
1.53127 0.39625 13.6426 1.48462 0.545623 1 0.965385 
1.54414 0.36518 21.5399 1.4822 0.566385 0.9 0.973566 
1.54409 0.372335 19.5853 1.48619 0.560442 0.925 0.973566 
1.54405 0.379898 17.6307 1.49041 0.554168 0.95 0.973566 
1.54403 0.38787 15.676 1.49487 0.547561 0.975 0.973566 
1.54401 0.396249 13.7214 1.49957 0.540623 1 0.973566 
1.55688 0.365246 21.6188 1.49742 0.561264 0.9 0.981748 
1.55683 0.372386 19.6641 1.50134 0.5553 0.925 0.981748 
1.55679 0.379933 17.7095 1.5055 0.549003 0.95 0.981748 
1.55676 0.387888 15.7548 1.5099 0.542372 0.975 0.981748 
1.55674 0.39625 13.8002 1.51453 0.535407 1 0.981748 

ZONE I=5, J=5
1.55688 0.365246 21.6787 1.49742 0.561264 0.9 0.981748 
1.55683 0.372386 19.6964 1.50134 0.5553 0.925 0.981748 
1.55679 0.379933 17.7141 1.5055 0.549003 0.95 0.981748 
1.55676 0.387888 15.7318 1.5099 0.542372 0.975 0.981748 
1.55674 0.39625 13.7494 1.51453 0.535407 1 0.981748 
1.5696 0.365312 21.7612 1.51263 0.555919 0.9 0.989929 
1.56955 0.372437 19.7789 1.5165 0.549938 0.925 0.989929 
1.56952 0.379968 17.7966 1.5206 0.543622 0.95 0.989929 
1.56949 0.387906 15.8143 1.52494 0.536972 0.975 0.989929 
1.56948 0.396251 13.832 1.5295 0.529988 1 0.989929 
1.58231 0.365378 21.8438 1.52785 0.550361 0.9 0.99811 
1.58227 0.372488 19.8614 1.53166 0.544361 0.925 0.99811 
1.58223 0.380003 17.8791 1.53571 0.538026 0.95 0.99811 
1.58221 0.387924 15.8968 1.53998 0.531357 0.975 0.99811 
1.5822 0.39625 13.9145 1.54448 0.524353 1 0.99811 
1.59502 0.365443 21.9263 1.54307 0.544587 0.9 1.00629 
1.59498 0.372539 19.944 1.54683 0.538569 0.925 1.00629 
1.59494 0.380038 17.9616 1.55081 0.532216 0.95 1.00629 
1.59492 0.387942 15.9793 1.55502 0.525526 0.975 1.00629 
1.59491 0.396249 13.997 1.55946 0.518501 1 1.00629 
1.60772 0.36551 22.0088 1.5583 0.5386 0.9 1.01447 
1.60768 0.372591 20.0265 1.562 0.532563 0.925 1.01447 
1.60765 0.380075 18.0442 1.56592 0.52619 0.95 1.01447 
1.60762 0.387961 16.0618 1.57006 0.51948 0.975 1.01447 
1.60761 0.39625 14.0795 1.57443 0.512433 1 1.01447 

ZONE I=5, J=5
1.60772 0.36551 22.0612 1.5583 0.5386 0.9 1.01447 
1.60768 0.372591 20.0547 1.562 0.532563 0.925 1.01447 
1.60765 0.380075 18.0483 1.56592 0.52619 0.95 1.01447 
1.60762 0.387961 16.0418 1.57006 0.51948 0.975 1.01447 
1.60761 0.39625 14.0353 1.57443 0.512433 1 1.01447 
1.62042 0.365578 22.1477 1.57352 0.532383 0.9 1.02266 
1.62038 0.372644 20.1412 1.57717 0.526331 0.925 1.02266 
1.62035 0.380111 18.1347 1.58104 0.519942 0.95 1.02266 
1.62033 0.38798 16.1282 1.58512 0.513216 0.975 1.02266 
1.62032 0.396251 14.1218 1.58942 0.506153 1 1.02266 
1.6331 0.365645 22.2342 1.58874 0.525949 0.9 1.03084 
1.63306 0.372696 20.2277 1.59233 0.519883 0.925 1.03084 
1.63304 0.380147 18.2212 1.59614 0.513478 0.95 1.03084 
1.63302 0.387998 16.2147 1.60016 0.506737 0.975 1.03084 
1.63302 0.39625 14.2082 1.6044 0.499658 1 1.03084 
1.64577 0.365712 22.3206 1.60394 0.519301 0.9 1.03902 
1.64574 0.372749 20.3141 1.60748 0.513219 0.925 1.03902 
1.64571 0.380184 18.3077 1.61123 0.506799 0.95 1.03902 
1.6457 0.388018 16.3012 1.6152 0.500042 0.975 1.03902 
1.64571 0.396249 14.2947 1.61937 0.492948 1 1.03902 
1.65843 0.365779 22.4071 1.61913 0.512438 0.9 1.0472 
1.6584 0.372803 20.4006 1.62262 0.506339 0.925 1.0472 
1.65838 0.380223 18.3941 1.62631 0.499904 0.95 1.0472 
1.65838 0.388039 16.3876 1.63022 0.493132 0.975 1.0472 
1.65838 0.39625 14.3811 1.63433 0.486024 1 1.0472 

ZONE I=5, J=5
1.65843 0.365779 22.4314 1.61913 0.512438 0.9 1.0472 
1.6584 0.372803 20.4138 1.62262 0.506339 0.925 1.0472 
1.65838 0.380223 18.3961 1.62631 0.499904 0.95 1.0472 
1.65838 0.388039 16.3785 1.63022 0.493132 0.975 1.0472 
1.65838 0.39625 14.3609 1.63433 0.486024 1 1.0472 
1.67108 0.365852 22.5222 1.63431 0.505348 0.9 1.05538 
1.67106 0.372859 20.5045 1.63775 0.499239 0.925 1.05538 
1.67104 0.380261 18.4869 1.64138 0.492792 0.95 1.05538 
1.67104 0.388058 16.4693 1.64523 0.486008 0.975 1.05538 
1.67106 0.39625 14.4516 1.64928 0.478886 1 1.05538 
1.68371 0.365921 22.6129 1.64947 0.498037 0.9 1.06356 
1.6837 0.372914 20.5953 1.65285 0.491917 0.925 1.06356 
1.68369 0.380301 18.5777 1.65644 0.485459 0.95 1.06356 
1.6837 0.388079 16.56 1.66022 0.478665 0.975 1.06356 
1.68373 0.39625 14.5424 1.66421 0.471535 1 1.06356 
1.69632 0.365988 22.7037 1.66459 0.490506 0.9 1.07174 
1.69632 0.372971 20.6861 1.66793 0.484373 0.925 1.07174 
1.69633 0.380342 18.6684 1.67147 0.477906 0.95 1.07174 
1.69636 0.388102 16.6508 1.67521 0.471106 0.975 1.07174 
1.6964 0.39625 14.6331 1.67914 0.463971 1 1.07174 
1.70892 0.366054 22.7945 1.67969 0.482753 0.9 1.07992 
1.70894 0.37303 20.7768 1.68299 0.476608 0.925 1.07992 
1.70897 0.380388 18.7592 1.68649 0.470133 0.95 1.07992 
1.70901 0.388128 16.7415 1.69018 0.463328 0.975 1.07992 
1.70907 0.39625 14.7239 1.69406 0.456194 1 1.07992 

ZONE I=5, J=5
1.70892 0.366054 22.7315 1.67969 0.482753 0.9 1.07992 
1.70894 0.37303 20.7432 1.68299 0.476608 0.925 1.07992 
1.70897 0.380388 18.7548 1.68649 0.470133 0.95 1.07992 
1.70901 0.388128 16.7665 1.69018 0.463328 0.975 1.07992 
1.70907 0.39625 14.7781 1.69406 0.456194 1 1.07992 
1.72153 0.366134 22.8276 1.69478 0.47478 0.9 1.0881 
1.72155 0.373091 20.8392 1.69804 0.46863 0.925 1.0881 
1.72159 0.380429 18.8509 1.70148 0.462148 0.95 1.0881 
1.72165 0.388149 16.8625 1.70511 0.455337 0.975 1.0881 
1.72172 0.39625 14.8742 1.70893 0.448194 1 1.0881 
1.73409 0.366206 22.9236 1.70982 0.466575 0.9 1.09628 
1.73414 0.373153 20.9353 1.71304 0.46042 0.925 1.09628 
1.73421 0.380475 18.947 1.71645 0.453937 0.95 1.09628 
1.73429 0.388175 16.9586 1.72004 0.447126 0.975 1.09628 
1.73439 0.39625 14.9703 1.72382 0.439988 1 1.09628 
1.74662 0.366273 23.0197 1.7248 0.458139 0.9 1.10446 
1.74671 0.373217 21.0314 1.728 0.451978 0.925 1.10446 
1.74682 0.380527 19.043 1.73139 0.445498 0.95 1.10446 
1.74695 0.388205 17.0547 1.73496 0.438697 0.975 1.10446 
1.74709 0.39625 15.0663 1.7387 0.431577 1 1.10446 
1.75911 0.366335 23.1158 1.73972 0.449473 0.9 1.11265 
1.75926 0.373284 21.1275 1.74293 0.443306 0.925 1.11265 
1.75942 0.380586 19.1391 1.74631 0.436831 0.95 1.11265 
1.75961 0.388242 17.1508 1.74987 0.43005 0.975 1.11265 
1.75983 0.39625 15.1624 1.7536 0.422961 1 1.11265 

ZONE I=5, J=5
1.75911 0.366335 22.8052 1.73972 0.449473 0.9 1.11265 
1.75926 0.373284 20.9612 1.74293 0.443306 0.925 1.11265 
1.75942 0.380586 19.1173 1.74631 0.436831 0.95 1.11265 
1.75961 0.388242 17.2733 1.74987 0.43005 0.975 1.11265 
1.75983 0.39625 15.4294 1.7536 0.422961 1 1.11265 
1.77164 0.366423 22.908 1.75467 0.440599 0.9 1.12083 
1.77182 0.373355 21.064 1.75784 0.434437 0.925 1.12083 
1.77202 0.380637 19.2201 1.76119 0.427966 0.95 1.12083 
1.77224 0.388268 17.3761 1.7647 0.421188 0.975 1.12083 
1.77247 0.39625 15.5322 1.76838 0.414102 1 1.12083 
1.78407 0.36649 23.0108 1.76948 0.431487 0.9 1.12901 
1.78433 0.37342 21.1668 1.77267 0.425332 0.925 1.12901 
1.7846 0.38069 19.3229 1.77602 0.418875 0.95 1.12901 
1.78488 0.3883 17.4789 1.77954 0.412117 0.975 1.12901 
1.78518 0.39625 15.635 1.7832 0.405058 1 1.12901 
1.79641 0.366538 23.1136 1.78416 0.422137 0.9 1.13719 
1.79678 0.37348 21.2696 1.78741 0.415991 0.925 1.13719 
1.79716 0.380747 19.4257 1.79081 0.409558 0.95 1.13719 
1.79756 0.388337 17.5817 1.79436 0.402837 0.975 1.13719 
1.79797 0.39625 15.7378 1.79806 0.395829 1 1.13719 
1.80865 0.366573 23.2164 1.79872 0.412548 0.9 1.14537 
1.80916 0.37354 21.3724 1.80206 0.406415 0.925 1.14537 
1.8097 0.380809 19.5285 1.80555 0.400015 0.95 1.14537 
1.81025 0.388379 17.6845 1.80918 0.393349 0.975 1.14537 
1.81083 0.39625 15.8406 1.81295 0.386416 1 1.14537 

ZONE I=5, J=5
1.80865 0.366573 22.3405 1.79872 0.412548 0.9 1.14537 
1.80916 0.37354 20.9106 1.80206 0.406415 0.925 1.14537 
1.8097 0.380809 19.4808 1.80555 0.400015 0.95 1.14537 
1.81025 0.388379 18.0509 1.80918 0.393349 0.975 1.14537 
1.81083 0.39625 16.6211 1.81295 0.386416 1 1.14537 
1.82095 0.36662 22.4324 1.8133 0.402767 0.9 1.15355 
1.82161 0.373606 21.0026 1.81673 0.396647 0.925 1.15355 
1.82226 0.380873 19.5727 1.82028 0.390268 0.95 1.15355 
1.82291 0.388421 18.1429 1.82392 0.383629 0.975 1.15355 
1.82355 0.396251 16.713 1.82768 0.37673 1 1.15355 
1.83311 0.366545 22.5244 1.82766 0.392821 0.9 1.16173 
1.83392 0.373547 21.0945 1.83119 0.38672 0.925 1.16173 
1.83471 0.380831 19.6647 1.83481 0.380353 0.95 1.16173 
1.83549 0.388399 18.2348 1.83854 0.37372 0.975 1.16173 
1.83626 0.39625 16.8049 1.84236 0.36682 1 1.16173 
1.84511 0.366354 22.6163 1.84179 0.382711 0.9 1.16991 
1.84608 0.373367 21.1865 1.84542 0.376634 0.925 1.16991 
1.84705 0.380688 19.7566 1.84917 0.37027 0.95 1.16991 
1.848 0.388315 18.3267 1.85302 0.36362 0.975 1.16991 
1.84895 0.396249 16.8969 1.85699 0.356684 1 1.16991 
1.85696 0.366049 22.7082 1.85569 0.372437 0.9 1.1781 
1.85811 0.373072 21.2784 1.85944 0.366388 0.925 1.1781 
1.85927 0.380446 19.8485 1.86333 0.36002 0.95 1.1781 
1.86044 0.388172 18.4187 1.86737 0.353331 0.975 1.1781 
1.86163 0.39625 16.9888 1.87156 0.346323 1 1.1781 

ZONE I=5, J=5
1.85696 0.366049 21.5139 1.85569 0.372437 0.9 1.1781 
1.85811 0.373072 20.6188 1.85944 0.366388 0.925 1.1781 
1.85927 0.380446 19.7236 1.86333 0.36002 0.95 1.1781 
1.86044 0.388172 18.8284 1.86737 0.353331 0.975 1.1781 
1.86163 0.39625 17.9332 1.87156 0.346323 1 1.1781 
1.86893 0.365394 21.6139 1.86953 0.362343 0.9 1.18628 
1.87009 0.372455 20.7187 1.87325 0.356233 0.925 1.18628 
1.87128 0.379841 19.8235 1.87712 0.349833 0.95 1.18628 
1.8725 0.387552 18.9283 1.88115 0.343144 0.975 1.18628 
1.87375 0.395586 18.0331 1.88532 0.336165 1 1.18628 
1.88071 0.364362 21.7138 1.883 0.352327 0.9 1.19446 
1.88195 0.371431 20.8186 1.88675 0.346207 0.925 1.19446 
1.88323 0.378802 19.9234 1.89065 0.339822 0.95 1.19446 
1.88455 0.386477 19.0283 1.8947 0.333172 0.975 1.19446 
1.88592 0.394455 18.1331 1.89891 0.326256 1 1.19446 
1.89229 0.36296 21.8137 1.89612 0.342388 0.9 1.20264 
1.89366 0.370002 20.9185 1.89993 0.336311 0.925 1.20264 
1.89509 0.377332 20.0234 1.9039 0.329986 0.95 1.20264 
1.89658 0.38495 19.1282 1.90803 0.323415 0.975 1.20264 
1.89813 0.392856 18.233 1.91232 0.316596 1 1.20264 
1.90366 0.361191 21.9137 1.90887 0.332526 0.9 1.21082 
1.90522 0.368173 21.0185 1.9128 0.326543 0.925 1.21082 
1.90686 0.375434 20.1233 1.91689 0.320325 0.95 1.21082 
1.90857 0.382972 19.2281 1.92115 0.313873 0.975 1.21082 
1.91036 0.390789 18.3329 1.92557 0.307186 1 1.21082 

ZONE I=5, J=5
1.90366 0.361191 21.3836 1.90887 0.332526 0.9 1.21082 
1.90522 0.368173 20.7361 1.9128 0.326543 0.925 1.21082 
1.90686 0.375434 20.0886 1.91689 0.320325 0.95 1.21082 
1.90857 0.382972 19.4412 1.92115 0.313873 0.975 1.21082 
1.91036 0.390789 18.7937 1.92557 0.307186 1 1.21082 
1.91505 0.35894 21.4869 1.92145 0.322942 0.9 1.219 
1.91678 0.3659 20.8395 1.92547 0.317004 0.925 1.219 
1.91858 0.373113 20.192 1.92964 0.310853 0.95 1.219 
1.92045 0.380579 19.5445 1.93398 0.30449 0.975 1.219 
1.9224 0.388299 18.897 1.93847 0.297915 1 1.219 
1.9263 0.356309 21.5903 1.93373 0.313479 0.9 1.22718 
1.9282 0.363222 20.9428 1.93785 0.307612 0.925 1.22718 
1.93019 0.370372 20.2953 1.94213 0.301548 0.95 1.22718 
1.93225 0.377759 19.6479 1.94656 0.295289 0.975 1.22718 
1.9344 0.385384 19.0004 1.95115 0.288832 1 1.22718 
1.93739 0.353301 21.6936 1.94572 0.304136 0.9 1.23536 
1.9395 0.360143 21.0462 1.94996 0.298368 0.925 1.23536 
1.94169 0.367215 20.3987 1.95436 0.292412 0.95 1.23536 
1.94397 0.374515 19.7512 1.95891 0.286268 0.975 1.23536 
1.94633 0.382044 19.1038 1.96362 0.279936 1 1.23536 
1.94832 0.34992 21.797 1.95741 0.294913 0.9 1.24355 
1.95065 0.356668 21.1495 1.96178 0.289272 0.925 1.24355 
1.95307 0.363644 20.502 1.96631 0.283444 0.95 1.24355 
1.95559 0.370849 19.8546 1.97101 0.277429 0.975 1.24355 
1.95819 0.378283 19.2071 1.97587 0.271227 1 1.24355 

ZONE I=5, J=5
1.94832 0.34992 21.6468 1.95741 0.294913 0.9 1.24355 
1.95065 0.356668 21.0688 1.96178 0.289272 0.925 1.24355 
1.95307 0.363644 20.4908 1.96631 0.283444 0.95 1.24355 
1.95559 0.370849 19.9129 1.97101 0.277429 0.975 1.24355 
1.95819 0.378283 19.3349 1.97587 0.271227 1 1.24355 
1.95915 0.34613 21.7461 1.96885 0.285887 0.9 1.25173 
1.96168 0.3528 21.1682 1.97334 0.280347 0.925 1.25173 
1.96431 0.359688 20.5902 1.978 0.274632 0.95 1.25173 
1.96703 0.366792 20.0122 1.98281 0.26874 0.975 1.25173 
1.96985 0.374112 19.4342 1.98778 0.262673 1 1.25173 
1.96982 0.34198 21.8455 1.98001 0.276987 0.9 1.25991 
1.97256 0.348559 21.2675 1.98462 0.27156 0.925 1.25991 
1.97539 0.355347 20.6895 1.9894 0.265965 0.95 1.25991 
1.97833 0.362343 20.1115 1.99433 0.260202 0.975 1.25991 
1.98136 0.369547 19.5335 1.99943 0.254272 1 1.25991 
1.98032 0.337474 21.9448 1.99089 0.268213 0.9 1.26809 
1.98326 0.343949 21.3668 1.99562 0.262909 0.925 1.26809 
1.98631 0.350626 20.7888 2.00052 0.257443 0.95 1.26809 
1.98946 0.357507 20.2108 2.00558 0.251815 0.975 1.26809 
1.99272 0.364591 19.6328 2.0108 0.246024 1 1.26809 
1.99065 0.332617 22.0441 2.00148 0.259564 0.9 1.27627 
1.99379 0.338973 21.4661 2.00634 0.254395 0.925 1.27627 
1.99705 0.34553 20.8881 2.01136 0.249066 0.95 1.27627 
2.00042 0.352288 20.3101 2.01655 0.243578 0.975 1.27627 
2.00391 0.359248 19.7321 2.0219 0.237929 1 1.27627 

ZONE I=5, J=5
1.99065 0.332617 22.0363 2.00148 0.259564 0.9 1.27627 
1.99379 0.338973 21.4619 2.00634 0.254395 0.925 1.27627 
1.99705 0.34553 20.8875 2.01136 0.249066 0.95 1.27627 
2.00042 0.352288 20.3132 2.01655 0.243578 0.975 1.27627 
2.00391 0.359248 19.7388 2.0219 0.237929 1 1.27627 
2.0008 0.327404 22.13 2.01181 0.251054 0.9 1.28445 
2.00415 0.333644 21.5556 2.01678 0.246014 0.925 1.28445 
2.00761 0.340078 20.9813 2.02192 0.24082 0.95 1.28445 
2.01119 0.346706 20.4069 2.02723 0.235473 0.975 1.28445 
2.01489 0.353529 19.8325 2.0327 0.229972 1 1.28445 
2.01076 0.321857 22.2237 2.02185 0.242657 0.9 1.29263 
2.01431 0.327973 21.6494 2.02694 0.237749 0.925 1.29263 
2.01797 0.334277 21.075 2.03219 0.232693 0.95 1.29263 
2.02176 0.340771 20.5006 2.03761 0.227489 0.975 1.29263 
2.02567 0.347453 19.9263 2.04321 0.222137 1 1.29263 
2.02054 0.31598 22.3175 2.03162 0.234373 0.9 1.30081 
2.02427 0.321964 21.7431 2.03681 0.2296 0.925 1.30081 
2.02813 0.328133 21.1687 2.04218 0.224684 0.95 1.30081 
2.03211 0.334486 20.5944 2.04771 0.219625 0.975 1.30081 
2.03623 0.341024 20.02 2.05342 0.214422 1 1.30081 
2.03011 0.309778 22.4112 2.04111 0.226201 0.9 1.309 
2.03402 0.315624 21.8368 2.04641 0.221569 0.925 1.309 
2.03807 0.321651 21.2625 2.05188 0.216795 0.95 1.309 
2.04226 0.327858 20.6881 2.05752 0.211882 0.975 1.309 
2.04657 0.334247 20.1137 2.06335 0.206828 1 1.309 

ZONE I=5, J=5
2.03011 0.309778 22.453 2.04111 0.226201 0.9 1.309 
2.03402 0.315624 21.8594 2.04641 0.221569 0.925 1.309 
2.03807 0.321651 21.2657 2.05188 0.216795 0.95 1.309 
2.04226 0.327858 20.6721 2.05752 0.211882 0.975 1.309 
2.04657 0.334247 20.0784 2.06335 0.206828 1 1.309 
2.03945 0.303272 22.5396 2.05031 0.218141 0.9 1.31718 
2.04355 0.308974 21.9459 2.0557 0.213649 0.925 1.31718 
2.04779 0.314853 21.3523 2.06128 0.209021 0.95 1.31718 
2.05216 0.320907 20.7586 2.06703 0.204259 0.975 1.31718 
2.05668 0.327137 20.165 2.07297 0.199361 1 1.31718 
2.04857 0.296466 22.6261 2.05922 0.21018 0.9 1.32536 
2.05285 0.302022 22.0324 2.06471 0.205829 0.925 1.32536 
2.05727 0.307748 21.4388 2.07039 0.201348 0.95 1.32536 
2.06183 0.313645 20.8451 2.07625 0.196736 0.975 1.32536 
2.06653 0.319713 20.2515 2.08228 0.191993 1 1.32536 
2.05747 0.289367 22.7126 2.06785 0.20232 0.9 1.33354 
2.06191 0.294772 22.119 2.07343 0.198111 0.925 1.33354 
2.0665 0.300342 21.5253 2.0792 0.193775 0.95 1.33354 
2.07124 0.306079 20.9317 2.08516 0.189313 0.975 1.33354 
2.07613 0.311982 20.338 2.0913 0.184724 1 1.33354 
2.06613 0.28198 22.7992 2.07619 0.19456 0.9 1.34172 
2.07074 0.287229 22.2055 2.08186 0.190493 0.925 1.34172 
2.07549 0.292641 21.6119 2.08772 0.186303 0.95 1.34172 
2.0804 0.298214 21.0182 2.09377 0.18199 0.975 1.34172 
2.08546 0.303949 20.4246 2.1 0.177554 1 1.34172 

ZONE I=5, J=5
2.06613 0.28198 22.8549 2.07619 0.19456 0.9 1.34172 
2.07074 0.287229 22.2355 2.08186 0.190493 0.925 1.34172 
2.07549 0.292641 21.6161 2.08772 0.186303 0.95 1.34172 
2.0804 0.298214 20.9967 2.09377 0.18199 0.975 1.34172 
2.08546 0.303949 20.3773 2.1 0.177554 1 1.34172 
2.07454 0.274327 22.9328 2.08424 0.186882 0.9 1.3499 
2.0793 0.279415 22.3134 2.09 0.182961 0.925 1.3499 
2.08422 0.28466 21.694 2.09595 0.178922 0.95 1.3499 
2.0893 0.290061 21.0746 2.10209 0.174764 0.975 1.3499 
2.09454 0.29562 20.4552 2.10841 0.170488 1 1.3499 
2.0827 0.26641 23.0107 2.092 0.179286 0.9 1.35808 
2.08761 0.271334 22.3913 2.09784 0.17551 0.925 1.35808 
2.09269 0.27641 21.7719 2.10388 0.17162 0.95 1.35808 
2.09793 0.281637 21.1525 2.1101 0.167616 0.975 1.35808 
2.10333 0.287017 20.5331 2.11652 0.163499 1 1.35808 
2.09061 0.258233 23.0885 2.09948 0.171773 0.9 1.36626 
2.09567 0.262991 22.4691 2.1054 0.16814 0.925 1.36626 
2.10089 0.267896 21.8497 2.11151 0.164399 0.95 1.36626 
2.10628 0.272948 21.2303 2.11782 0.160548 0.975 1.36626 
2.11184 0.278146 20.6109 2.12432 0.156587 1 1.36626 
2.09826 0.249803 23.1664 2.10668 0.164341 0.9 1.37445 
2.10345 0.254393 22.547 2.11267 0.160852 0.925 1.37445 
2.10882 0.259125 21.9276 2.11885 0.157257 0.95 1.37445 
2.11436 0.263999 21.3082 2.12523 0.153557 0.975 1.37445 
2.12006 0.269014 20.6888 2.13181 0.149752 1 1.37445 

ZONE I=5, J=5
2.09826 0.249803 23.2222 2.10668 0.164341 0.9 1.37445 
2.10345 0.254393 22.5771 2.11267 0.160852 0.925 1.37445 
2.10882 0.259125 21.9319 2.11885 0.157257 0.95 1.37445 
2.11436 0.263999 21.2868 2.12523 0.153557 0.975 1.37445 
2.12006 0.269014 20.6416 2.13181 0.149752 1 1.37445 
2.10563 0.241154 23.2901 2.11357 0.156977 0.9 1.38263 
2.11095 0.245569 22.645 2.11963 0.153636 0.925 1.38263 
2.11646 0.250121 21.9998 2.12589 0.150194 0.95 1.38263 
2.12214 0.254809 21.3547 2.13234 0.146651 0.975 1.38263 
2.12799 0.259634 20.7095 2.139 0.143007 1 1.38263 
2.11272 0.232281 23.358 2.12017 0.149682 0.9 1.39081 
2.11817 0.23652 22.7129 2.1263 0.146488 0.925 1.39081 
2.12381 0.24089 22.0677 2.13262 0.143197 0.95 1.39081 
2.12962 0.245392 21.4226 2.13915 0.139809 0.975 1.39081 
2.13562 0.250024 20.7774 2.14588 0.136325 1 1.39081 
2.11953 0.22319 23.426 2.12649 0.142457 0.9 1.39899 
2.12511 0.227252 22.7808 2.13267 0.139407 0.925 1.39899 
2.13087 0.23144 22.1356 2.13906 0.136266 0.95 1.39899 
2.13681 0.235753 21.4905 2.14566 0.133032 0.975 1.39899 
2.14294 0.240193 20.8453 2.15245 0.129705 1 1.39899 
2.12607 0.213888 23.4939 2.13251 0.135299 0.9 1.40717 
2.13175 0.217772 22.8487 2.13875 0.132394 0.925 1.40717 
2.13763 0.221776 22.2036 2.1452 0.1294 0.95 1.40717 
2.14369 0.225901 21.5584 2.15186 0.126318 0.975 1.40717 
2.14994 0.230146 20.9132 2.15872 0.123147 1 1.40717 

ZONE I=5, J=5
2.12607 0.213888 23.5439 2.13251 0.135299 0.9 1.40717 
2.13175 0.217772 22.8756 2.13875 0.132394 0.925 1.40717 
2.13763 0.221776 22.2074 2.1452 0.1294 0.95 1.40717 
2.14369 0.225901 21.5391 2.15186 0.126318 0.975 1.40717 
2.14994 0.230146 20.8709 2.15872 0.123147 1 1.40717 
2.1323 0.204401 23.6008 2.13824 0.128192 0.9 1.41535 
2.1381 0.2081 22.9325 2.14454 0.125434 0.925 1.41535 
2.14409 0.211914 22.2643 2.15104 0.122593 0.95 1.41535 
2.15027 0.215844 21.596 2.15776 0.119668 0.975 1.41535 
2.15664 0.219888 20.9278 2.16468 0.116659 1 1.41535 
2.13824 0.194726 23.6577 2.14367 0.121136 0.9 1.42353 
2.14414 0.19824 22.9894 2.15002 0.118525 0.925 1.42353 
2.15024 0.201864 22.3212 2.15658 0.115835 0.95 1.42353 
2.15653 0.205597 21.653 2.16335 0.113066 0.975 1.42353 
2.16301 0.209439 20.9847 2.17033 0.110217 1 1.42353 
2.14389 0.18487 23.7146 2.14882 0.114133 0.9 1.43171 
2.14989 0.188199 23.0464 2.15522 0.111667 0.925 1.43171 
2.15608 0.191631 22.3781 2.16183 0.109127 0.95 1.43171 
2.16247 0.195167 21.7099 2.16865 0.106511 0.975 1.43171 
2.16907 0.198807 21.0416 2.17568 0.10382 1 1.43171 
2.14924 0.174839 23.7715 2.15367 0.107182 0.9 1.4399 
2.15532 0.177982 23.1033 2.16012 0.10486 0.925 1.4399 
2.16161 0.181222 22.435 2.16677 0.102467 0.95 1.4399 
2.1681 0.184561 21.7668 2.17364 0.100004 0.975 1.4399 
2.17479 0.187998 21.0985 2.18072 0.09747 1 1.4399 

ZONE I=5, J=5
2.14924 0.174839 23.8132 2.15367 0.107182 0.9 1.4399 
2.15532 0.177982 23.1257 2.16012 0.10486 0.925 1.4399 
2.16161 0.181222 22.4382 2.16677 0.102467 0.95 1.4399 
2.1681 0.184561 21.7508 2.17364 0.100004 0.975 1.4399 
2.17479 0.187998 21.0633 2.18072 0.09747 1 1.4399 
2.15427 0.164668 23.8583 2.15823 0.100272 0.9 1.44808 
2.16044 0.167619 23.1708 2.16471 0.0980979 0.925 1.44808 
2.16682 0.170663 22.4833 2.17141 0.0958576 0.95 1.44808 
2.1734 0.173799 21.7958 2.17833 0.0935509 0.975 1.44808 
2.18019 0.177027 21.1084 2.18546 0.0911777 1 1.44808 
2.15899 0.154351 23.9034 2.16249 0.0934031 0.9 1.45626 
2.16525 0.157111 23.2159 2.16901 0.0913756 0.925 1.45626 
2.17171 0.159958 22.5284 2.17576 0.089286 0.95 1.45626 
2.17837 0.16289 21.8409 2.18272 0.0871345 0.975 1.45626 
2.18525 0.165909 21.1534 2.18989 0.0849209 1 1.45626 
2.16341 0.143896 23.9484 2.16646 0.0865755 0.9 1.46444 
2.16973 0.146465 23.261 2.17302 0.0846929 0.925 1.46444 
2.17627 0.149114 22.5735 2.1798 0.0827527 0.95 1.46444 
2.18301 0.151843 21.886 2.1868 0.0807549 0.975 1.46444 
2.18997 0.154652 21.1985 2.19401 0.0786994 1 1.46444 
2.1675 0.133309 23.9935 2.17013 0.0797889 0.9 1.47262 
2.1739 0.135686 23.306 2.17673 0.0780499 0.925 1.47262 
2.1805 0.138138 22.6186 2.18354 0.0762577 0.95 1.47262 
2.18732 0.140663 21.9311 2.19057 0.0744122 0.975 1.47262 
2.19435 0.143264 21.2436 2.19782 0.0725134 1 1.47262 

ZONE I=5, J=5
2.1675 0.133309 24.0255 2.17013 0.0797889 0.9 1.47262 
2.1739 0.135686 23.3233 2.17673 0.0780499 0.925 1.47262 
2.1805 0.138138 22.621 2.18354 0.0762577 0.95 1.47262 
2.18732 0.140663 21.9188 2.19057 0.0744122 0.975 1.47262 
2.19435 0.143264 21.2165 2.19782 0.0725134 1 1.47262 
2.17128 0.122614 24.0581 2.17351 0.0730288 0.9 1.4808 
2.17774 0.124795 23.3559 2.18014 0.0714367 0.925 1.4808 
2.18441 0.127045 22.6536 2.18699 0.0697956 0.95 1.4808 
2.19129 0.129363 21.9514 2.19405 0.0681058 0.975 1.4808 
2.19839 0.131749 21.2491 2.20134 0.0663672 1 1.4808 
2.17474 0.111809 24.0908 2.1766 0.0662954 0.9 1.48898 
2.18125 0.113795 23.3885 2.18326 0.064849 0.925 1.48898 
2.18798 0.115842 22.6863 2.19013 0.0633582 0.95 1.48898 
2.19493 0.117952 21.984 2.19723 0.061823 0.975 1.48898 
2.20209 0.120124 21.2818 2.20454 0.0602434 1 1.48898 
2.17787 0.100902 24.1234 2.1794 0.0595886 0.9 1.49716 
2.18444 0.102692 23.4211 2.18607 0.0582869 0.925 1.49716 
2.19122 0.104538 22.7189 2.19298 0.0569453 0.95 1.49716 
2.19822 0.106439 22.0166 2.2001 0.0555637 0.975 1.49716 
2.20544 0.108397 21.3144 2.20744 0.0541421 1 1.49716 
2.18069 0.0899002 24.156 2.1819 0.0529083 0.9 1.50535 
2.1873 0.0914939 23.4537 2.1886 0.0517504 0.925 1.50535 
2.19413 0.0931376 22.7515 2.19552 0.0505569 0.95 1.50535 
2.20118 0.0948313 22.0492 2.20267 0.0493279 0.975 1.50535 
2.20845 0.096575 21.347 2.21003 0.0480632 1 1.50535 

ZONE I=5, J=5
2.18069 0.0899002 24.1777 2.1819 0.0529083 0.9 1.50535 
2.1873 0.0914939 23.4654 2.1886 0.0517504 0.925 1.50535 
2.19413 0.0931376 22.7532 2.19552 0.0505569 0.95 1.50535 
2.20118 0.0948313 22.0409 2.20267 0.0493279 0.975 1.50535 
2.20845 0.096575 21.3287 2.21003 0.0480632 1 1.50535 
2.18317 0.0788334 24.1974 2.1841 0.0462496 0.9 1.51353 
2.18982 0.0802285 23.4852 2.19082 0.0452375 0.925 1.51353 
2.19669 0.0816675 22.7729 2.19777 0.0441943 0.95 1.51353 
2.20379 0.0831502 22.0607 2.20493 0.0431199 0.975 1.51353 
2.2111 0.0846767 21.3484 2.21232 0.0420145 1 1.51353 
2.18532 0.0677002 24.2172 2.18601 0.0396078 0.9 1.52171 
2.19201 0.0688968 23.5049 2.19275 0.0387408 0.925 1.52171 
2.19892 0.0701309 22.7927 2.19971 0.0378472 0.95 1.52171 
2.20605 0.0714026 22.0804 2.2069 0.0369269 0.975 1.52171 
2.2134 0.0727119 21.3682 2.21431 0.03598 1 1.52171 
2.18715 0.0565078 24.2369 2.18763 0.0329828 0.9 1.52989 
2.19387 0.0575058 23.5247 2.19438 0.0322604 0.925 1.52989 
2.20081 0.0585351 22.8124 2.20136 0.0315157 0.95 1.52989 
2.20797 0.0595958 22.1002 2.20856 0.0307488 0.975 1.52989 
2.21535 0.0606879 21.3879 2.21598 0.0299596 1 1.52989 
2.18865 0.045263 24.2567 2.18895 0.0263747 0.9 1.53807 
2.19539 0.0460627 23.5444 2.19572 0.0257961 0.925 1.53807 
2.20235 0.0468874 22.8322 2.20271 0.0251997 0.95 1.53807 
2.20954 0.0477373 22.1199 2.20992 0.0245855 0.975 1.53807 
2.21695 0.0486122 21.4077 2.21735 0.0239535 1 1.53807 

ZONE I=5, J=5
2.18865 0.045263 24.2676 2.18895 0.0263747 0.9 1.53807 
2.19539 0.0460627 23.5503 2.19572 0.0257961 0.925 1.53807 
2.20235 0.0468874 22.833 2.20271 0.0251997 0.95 1.53807 
2.20954 0.0477373 22.1157 2.20992 0.0245855 0.975 1.53807 
2.21695 0.0486122 21.3985 2.21735 0.0239535 1 1.53807 
2.18981 0.0339837 24.2742 2.18998 0.0197757 0.9 1.54625 
2.19657 0.0345835 23.5569 2.19676 0.019342 0.925 1.54625 
2.20355 0.0352021 22.8396 2.20375 0.018895 0.95 1.54625 
2.21076 0.0358396 22.1223 2.21098 0.0184346 0.975 1.54625 
2.2182 0.036496 21.4051 2.21842 0.0179609 1 1.54625 
2.19064 0.022674 24.2808 2.19072 0.0131802 0.9 1.55443 
2.19742 0.0230738 23.5635 2.1975 0.0128913 0.925 1.55443 
2.20441 0.0234862 22.8462 2.2045 0.0125934 0.95 1.55443 
2.21164 0.0239113 22.1289 2.21173 0.0122867 0.975 1.55443 
2.21908 0.0243488 21.4117 2.21919 0.0119711 1 1.55443 
2.19114 0.011341 24.2874 2.19116 0.00658832 0.9 1.56261 
2.19792 0.0115409 23.5701 2.19794 0.00644394 0.925 1.56261 
2.20493 0.0117471 22.8528 2.20495 0.00629511 0.95 1.56261 
2.21216 0.0119595 22.1355 2.21219 0.00614184 0.975 1.56261 
2.21962 0.0121783 21.4182 2.21964 0.00598412 1 1.56261 
2.19131 -8.04912e-06 24.294 2.19131 0 0.9 1.5708 
2.19809 -8.07405e-06 23.5767 2.19809 0 0.925 1.5708 
2.2051 -8.09979e-06 22.8594 2.2051 0 0.95 1.5708 
2.21234 -8.12636e-06 22.1421 2.21234 0 0.975 1.5708 
2.21979 -8.15376e-06 21.4248 2.21979 0 1 1.5708 

