ZONE I=2, J=2
0 0.361208 16.2008 0.361208 0 0.9 0 
0 0.396758 10.0095 0.396758 0 1 0 
0.0521691 0.361214 16.2062 0.362727 0.0403226 0.9 0.0327249 
0.0521631 0.396758 10.0148 0.398252 0.0391536 1 0.0327249 

ZONE I=2, J=2
0.0521691 0.361214 16.2082 0.362727 0.0403226 0.9 0.0327249 
0.0521631 0.396758 10.0136 0.398252 0.0391536 1 0.0327249 
0.104337 0.36123 16.2211 0.367281 0.0804876 0.9 0.0654498 
0.104324 0.396758 10.0264 0.402731 0.0781519 1 0.0654498 

ZONE I=2, J=2
0.104337 0.36123 16.225 0.367281 0.0804876 0.9 0.0654498 
0.104324 0.396758 10.0238 0.402731 0.0781519 1 0.0654498 
0.1565 0.361258 16.247 0.374858 0.120337 0.9 0.0981748 
0.156482 0.396758 10.0458 0.410185 0.116839 1 0.0981748 

ZONE I=2, J=2
0.1565 0.361258 16.2526 0.374858 0.120337 0.9 0.0981748 
0.156482 0.396758 10.0415 0.410185 0.116839 1 0.0981748 
0.208658 0.361296 16.2836 0.38544 0.159715 0.9 0.1309 
0.208634 0.396758 10.0726 0.420596 0.155062 1 0.1309 

ZONE I=2, J=2
0.208658 0.361296 16.2909 0.38544 0.159715 0.9 0.1309 
0.208634 0.396758 10.0667 0.420596 0.155062 1 0.1309 
0.260808 0.361345 16.331 0.399003 0.198463 0.9 0.163625 
0.260778 0.396758 10.1068 0.433938 0.192665 1 0.163625 

ZONE I=2, J=2
0.260808 0.361345 16.34 0.399003 0.198463 0.9 0.163625 
0.260778 0.396758 10.0994 0.433938 0.192665 1 0.163625 
0.312949 0.361405 16.3892 0.415514 0.236429 0.9 0.19635 
0.312912 0.396758 10.1485 0.450181 0.229496 1 0.19635 

ZONE I=2, J=2
0.312949 0.361405 16.4 0.415514 0.236429 0.9 0.19635 
0.312912 0.396758 10.1395 0.450181 0.229496 1 0.19635 
0.365075 0.361475 16.4583 0.434932 0.273456 0.9 0.229074 
0.365033 0.396758 10.1978 0.469284 0.265403 1 0.229074 

ZONE I=2, J=2
0.365075 0.361475 16.4709 0.434932 0.273456 0.9 0.229074 
0.365033 0.396758 10.1873 0.469284 0.265403 1 0.229074 
0.417189 0.361556 16.5384 0.457213 0.309396 0.9 0.261799 
0.417141 0.396758 10.2548 0.491203 0.300239 1 0.261799 

ZONE I=2, J=2
0.417189 0.361556 16.5529 0.457213 0.309396 0.9 0.261799 
0.417141 0.396758 10.2426 0.491203 0.300239 1 0.261799 
0.469286 0.361648 16.6296 0.482302 0.344099 0.9 0.294524 
0.469233 0.396758 10.3194 0.515885 0.333855 1 0.294524 

ZONE I=2, J=2
0.469286 0.361648 16.6459 0.482302 0.344099 0.9 0.294524 
0.469233 0.396758 10.3056 0.515885 0.333855 1 0.294524 
0.521365 0.361749 16.7321 0.510139 0.377416 0.9 0.327249 
0.521306 0.396758 10.3918 0.54327 0.366106 1 0.327249 

ZONE I=2, J=2
0.521365 0.361749 16.7502 0.510139 0.377416 0.9 0.327249 
0.521306 0.396758 10.3764 0.54327 0.366106 1 0.327249 
0.573422 0.361861 16.8459 0.540656 0.409203 0.9 0.359974 
0.573357 0.396758 10.472 0.573293 0.39685 1 0.359974 

ZONE I=2, J=2
0.573422 0.361861 16.8659 0.540656 0.409203 0.9 0.359974 
0.573357 0.396758 10.455 0.573293 0.39685 1 0.359974 
0.625455 0.361983 16.9712 0.57378 0.43932 0.9 0.392699 
0.625384 0.396758 10.5603 0.605881 0.425947 1 0.392699 

ZONE I=2, J=2
0.625455 0.361983 16.9931 0.57378 0.43932 0.9 0.392699 
0.625384 0.396758 10.5416 0.605881 0.425947 1 0.392699 
0.67746 0.362115 17.1081 0.60943 0.467627 0.9 0.425424 
0.677384 0.396758 10.6565 0.640954 0.45326 1 0.425424 

ZONE I=2, J=2
0.67746 0.362115 17.132 0.60943 0.467627 0.9 0.425424 
0.677384 0.396758 10.6362 0.640954 0.45326 1 0.425424 
0.729436 0.362256 17.2569 0.647519 0.493989 0.9 0.458149 
0.729355 0.396758 10.761 0.678427 0.478657 1 0.458149 

ZONE I=2, J=2
0.729436 0.362256 17.2828 0.647519 0.493989 0.9 0.458149 
0.729355 0.396758 10.7389 0.678427 0.478657 1 0.458149 
0.781379 0.362407 17.4176 0.687954 0.518277 0.9 0.490874 
0.781292 0.396758 10.8738 0.718208 0.502007 1 0.490874 

ZONE I=2, J=2
0.781379 0.362407 17.4456 0.687954 0.518277 0.9 0.490874 
0.781292 0.396758 10.85 0.718208 0.502007 1 0.490874 
0.833284 0.362567 17.5907 0.730635 0.540362 0.9 0.523599 
0.833192 0.396758 10.995 0.760199 0.523186 1 0.523599 

ZONE I=2, J=2
0.833284 0.362567 17.6207 0.730635 0.540362 0.9 0.523599 
0.833192 0.396758 10.9694 0.760199 0.523186 1 0.523599 
0.88515 0.362736 17.7761 0.775456 0.560122 0.9 0.556324 
0.885052 0.396758 11.1248 0.804295 0.542073 1 0.556324 

ZONE I=2, J=2
0.88515 0.362736 17.8083 0.775456 0.560122 0.9 0.556324 
0.885052 0.396758 11.0974 0.804295 0.542073 1 0.556324 
0.936971 0.362914 17.9743 0.822305 0.577439 0.9 0.589049 
0.936869 0.396758 11.2634 0.850389 0.558551 1 0.589049 

ZONE I=2, J=2
0.936971 0.362914 18.0086 0.822305 0.577439 0.9 0.589049 
0.936869 0.396758 11.2342 0.850389 0.558551 1 0.589049 
0.988744 0.3631 18.1854 0.871066 0.592199 0.9 0.621774 
0.988637 0.396758 11.4109 0.898362 0.572507 1 0.621774 

ZONE I=2, J=2
0.988744 0.3631 18.222 0.871066 0.592199 0.9 0.621774 
0.988637 0.396758 11.3798 0.898362 0.572507 1 0.621774 
1.04046 0.363295 18.4097 0.921614 0.604296 0.9 0.654498 
1.04035 0.396758 11.5676 0.948094 0.583835 1 0.654498 

ZONE I=2, J=2
1.04046 0.363295 18.4485 0.921614 0.604296 0.9 0.654498 
1.04035 0.396758 11.5346 0.948094 0.583835 1 0.654498 
1.09213 0.363497 18.6475 0.973824 0.613625 0.9 0.687223 
1.09201 0.396758 11.7336 0.999461 0.592434 1 0.687223 

ZONE I=2, J=2
1.09213 0.363497 18.6887 0.973824 0.613625 0.9 0.687223 
1.09201 0.396758 11.6985 0.999461 0.592434 1 0.687223 
1.14373 0.363707 18.8992 1.02756 0.620091 0.9 0.719948 
1.14361 0.396758 11.909 1.05233 0.598208 1 0.719948 

ZONE I=2, J=2
1.14373 0.363707 18.9427 1.02756 0.620091 0.9 0.719948 
1.14361 0.396758 11.872 1.05233 0.598208 1 0.719948 
1.19526 0.363924 19.165 1.08269 0.623602 0.9 0.752673 
1.19513 0.396758 12.0943 1.10656 0.601066 1 0.752673 

ZONE I=2, J=2
1.19526 0.363924 19.2109 1.08269 0.623602 0.9 0.752673 
1.19513 0.396758 12.0552 1.10656 0.601066 1 0.752673 
1.24672 0.364149 19.4453 1.13906 0.624073 0.9 0.785398 
1.24659 0.396758 12.2895 1.16202 0.600923 1 0.785398 

ZONE I=2, J=2
1.24672 0.364149 19.4937 1.13906 0.624073 0.9 0.785398 
1.24659 0.396758 12.2483 1.16202 0.600923 1 0.785398 
1.2981 0.36438 19.7404 1.19653 0.621425 0.9 0.818123 
1.29797 0.396758 12.495 1.21856 0.597702 1 0.818123 

ZONE I=2, J=2
1.2981 0.36438 19.7914 1.19653 0.621425 0.9 0.818123 
1.29797 0.396758 12.4517 1.21856 0.597702 1 0.818123 
1.3494 0.364618 20.0508 1.25494 0.615587 0.9 0.850848 
1.34926 0.396758 12.711 1.27603 0.591331 1 0.850848 

ZONE I=2, J=2
1.3494 0.364618 20.1044 1.25494 0.615587 0.9 0.850848 
1.34926 0.396758 12.6655 1.27603 0.591331 1 0.850848 
1.4006 0.364862 20.3768 1.31415 0.606492 0.9 0.883573 
1.40046 0.396758 12.9379 1.33427 0.581745 1 0.883573 

ZONE I=2, J=2
1.4006 0.364862 20.433 1.31415 0.606492 0.9 0.883573 
1.40046 0.396758 12.8902 1.33427 0.581745 1 0.883573 
1.45171 0.365111 20.7188 1.37398 0.594082 0.9 0.916298 
1.45156 0.396758 13.176 1.39313 0.568887 1 0.916298 

ZONE I=2, J=2
1.45171 0.365111 20.7773 1.37398 0.594082 0.9 0.916298 
1.45156 0.396758 13.1263 1.39313 0.568887 1 0.916298 
1.50271 0.365367 21.0769 1.43429 0.578306 0.9 0.949023 
1.50256 0.396758 13.4259 1.45246 0.552705 1 0.949023 

ZONE I=2, J=2
1.50271 0.365367 21.1371 1.43429 0.578306 0.9 0.949023 
1.50256 0.396758 13.3749 1.45246 0.552705 1 0.949023 
1.55359 0.365627 21.451 1.49489 0.559119 0.9 0.981748 
1.55345 0.396758 13.6887 1.51207 0.533158 1 0.981748 

ZONE I=2, J=2
1.55359 0.365627 21.5104 1.49489 0.559119 0.9 0.981748 
1.55345 0.396758 13.6384 1.51207 0.533158 1 0.981748 
1.60434 0.365893 21.839 1.55562 0.536486 0.9 1.01447 
1.60422 0.396758 13.967 1.57182 0.510213 1 1.01447 

ZONE I=2, J=2
1.60434 0.365893 21.8906 1.55562 0.536486 0.9 1.01447 
1.60422 0.396758 13.9235 1.57182 0.510213 1 1.01447 
1.65494 0.366164 22.235 1.61631 0.510361 0.9 1.0472 
1.6549 0.396758 14.2678 1.63156 0.483842 1 1.0472 

ZONE I=2, J=2
1.65494 0.366164 22.2575 1.61631 0.510361 0.9 1.0472 
1.6549 0.396758 14.2491 1.63156 0.483842 1 1.0472 
1.70534 0.366442 22.619 1.67671 0.480721 0.9 1.07992 
1.7055 0.396758 14.6106 1.69114 0.454061 1 1.07992 

ZONE I=2, J=2
1.70534 0.366442 22.5515 1.67671 0.480721 0.9 1.07992 
1.7055 0.396758 14.6687 1.69114 0.454061 1 1.07992 
1.75542 0.366725 22.9343 1.73659 0.447492 0.9 1.11265 
1.75617 0.396758 15.0516 1.75054 0.420887 1 1.11265 

ZONE I=2, J=2
1.75542 0.366725 22.6123 1.73659 0.447492 0.9 1.11265 
1.75617 0.396758 15.3285 1.75054 0.420887 1 1.11265 
1.80484 0.366958 23.022 1.79541 0.410624 0.9 1.14537 
1.80709 0.396758 15.7381 1.80976 0.384412 1 1.14537 

ZONE I=2, J=2
1.80484 0.366958 22.1267 1.79541 0.410624 0.9 1.14537 
1.80709 0.396758 16.5358 1.80976 0.384412 1 1.14537 
1.85301 0.366374 22.4896 1.85217 0.370627 0.9 1.1781 
1.85777 0.396743 16.8988 1.86818 0.344388 1 1.1781 

ZONE I=2, J=2
1.85301 0.366374 21.3077 1.85217 0.370627 0.9 1.1781 
1.85777 0.396743 17.8309 1.86818 0.344388 1 1.1781 
1.89956 0.361332 21.7127 1.90509 0.330952 0.9 1.21082 
1.90636 0.391023 18.2359 1.92191 0.305561 1 1.21082 

ZONE I=2, J=2
1.89956 0.361332 21.2054 1.90509 0.330952 0.9 1.21082 
1.90636 0.391023 18.6738 1.92191 0.305561 1 1.21082 
1.94408 0.349897 21.6156 1.95338 0.29357 0.9 1.24355 
1.95408 0.378339 19.084 1.97199 0.269853 1 1.24355 

ZONE I=2, J=2
1.94408 0.349897 21.4738 1.95338 0.29357 0.9 1.24355 
1.95408 0.378339 19.205 1.97199 0.269853 1 1.24355 
1.98625 0.332472 21.8683 1.99724 0.258427 0.9 1.27627 
1.99965 0.359164 19.5994 2.01781 0.236774 1 1.27627 

ZONE I=2, J=2
1.98625 0.332472 21.8631 1.99724 0.258427 0.9 1.27627 
1.99965 0.359164 19.6038 2.01781 0.236774 1 1.27627 
2.02556 0.309548 22.2353 2.03666 0.225248 0.9 1.309 
2.04217 0.334064 19.976 2.05904 0.205864 1 1.309 

ZONE I=2, J=2
2.02556 0.309548 22.2778 2.03666 0.225248 0.9 1.309 
2.04217 0.334064 19.9402 2.05904 0.205864 1 1.309 
2.06144 0.281699 22.6213 2.07156 0.193769 0.9 1.34172 
2.08091 0.303705 20.2837 2.09551 0.176758 1 1.34172 

ZONE I=2, J=2
2.06144 0.281699 22.677 2.07156 0.193769 0.9 1.34172 
2.08091 0.303705 20.2365 2.09551 0.176758 1 1.34172 
2.09344 0.249504 22.9861 2.10189 0.163693 0.9 1.37445 
2.11537 0.268742 20.5456 2.12715 0.149103 1 1.37445 

ZONE I=2, J=2
2.09344 0.249504 23.0416 2.10189 0.163693 0.9 1.37445 
2.11537 0.268742 20.4987 2.12715 0.149103 1 1.37445 
2.12112 0.213596 23.3111 2.12758 0.134781 0.9 1.40717 
2.14512 0.229875 20.7681 2.15391 0.122629 1 1.40717 

ZONE I=2, J=2
2.12112 0.213596 23.3607 2.12758 0.134781 0.9 1.40717 
2.14512 0.229875 20.7261 2.15391 0.122629 1 1.40717 
2.14419 0.174578 23.5865 2.14863 0.106781 0.9 1.4399 
2.16986 0.187752 20.9519 2.1758 0.0970702 1 1.4399 

ZONE I=2, J=2
2.14419 0.174578 23.6279 2.14863 0.106781 0.9 1.4399 
2.16986 0.187752 20.9169 2.1758 0.0970702 1 1.4399 
2.16237 0.133097 23.8067 2.165 0.0794961 0.9 1.47262 
2.18933 0.143062 21.0957 2.19281 0.0722218 1 1.47262 

ZONE I=2, J=2
2.16237 0.133097 23.8384 2.165 0.0794961 0.9 1.47262 
2.18933 0.143062 21.0688 2.19281 0.0722218 1 1.47262 
2.17549 0.0897515 23.9678 2.1767 0.0527169 0.9 1.50535 
2.20337 0.0964329 21.1982 2.20495 0.0478728 1 1.50535 

ZONE I=2, J=2
2.17549 0.0897515 23.9893 2.1767 0.0527169 0.9 1.50535 
2.20337 0.0964329 21.1801 2.20495 0.0478728 1 1.50535 
2.18341 0.0451864 24.0676 2.18372 0.0262801 0.9 1.53807 
2.21183 0.0485388 21.2584 2.21223 0.0238594 1 1.53807 

ZONE I=2, J=2
2.18341 0.0451864 24.0785 2.18372 0.0262801 0.9 1.53807 
2.21183 0.0485388 21.2493 2.21223 0.0238594 1 1.53807 
2.18606 -8.02985e-06 24.1047 2.18606 0 0.9 1.5708 
2.21466 -8.13491e-06 21.2754 2.21466 0 1 1.5708 

