ZONE I=2, J=2
0.00000000000000000 0.46185147789733710 2.09310302866104347 0.46185147789733710 0.00000000000000000 0.84999999999999998 0.00000000000000000 
0.00000000000000000 0.54000000368458245 1.00549141397968000 0.54000000368458245 0.00000000000000000 1.00000000000000000 0.00000000000000000 
0.06722058203088413 0.46193104623605818 2.09686017279854564 0.46481603923119491 0.04295285553644175 0.84999999999999998 0.05235987755966667 
0.06717577725287405 0.54000000368458245 1.00924855811718217 0.54277566098588859 0.03882229862087727 1.00000000000000000 0.05235987755966667 

ZONE I=2, J=2
0.06722058203088413 0.46193104623605818 2.09696930325178821 0.46481603923119491 0.04295285553644175 0.84999999999999998 0.05235987755966667 
0.06717577725287405 0.54000000368458245 1.00873196613955352 0.54277566098588859 0.03882229862087727 1.00000000000000000 0.05235987755966667 
0.13449189264993744 0.46215454240912068 2.10652175912521100 0.47368104233040403 0.08544682787984577 0.84999999999999998 0.10471975511933333 
0.13440167204017628 0.54000000368458245 1.01828442201297631 0.55109062740220316 0.07722003506856445 1.00000000000000000 0.10471975511933333 

ZONE I=2, J=2
0.13449189264993744 0.46215454240912068 2.10721448157755908 0.47368104233040403 0.08544682787984577 0.84999999999999998 0.10471975511933333 
0.13440167204017628 0.54000000368458245 1.01757100775546583 0.55109062740220316 0.07722003506856445 1.00000000000000000 0.10471975511933333 
0.20186346108922726 0.46252735640266585 2.12315330770724930 0.48841127967180537 0.12702296734492596 0.84999999999999998 0.15707963267899999 
0.20172881948070298 0.54000000368458245 1.03350983388515605 0.56490904751919835 0.11477059126526788 1.00000000000000000 0.15707963267899999 

ZONE I=2, J=2
0.20186346108922726 0.46252735640266585 2.12426002746881570 0.48841127967180537 0.12702296734492596 0.84999999999999998 0.15707963267899999 
0.20172881948070298 0.54000000368458245 1.03245683765547502 0.56490904751919835 0.11477059126526788 1.00000000000000000 0.15707963267899999 
0.26938757858735235 0.46304953015150441 2.14674149878687937 0.50893961388789932 0.16722740291687216 0.84999999999999998 0.20943951023866667 
0.26920940312904007 0.54000000368458245 1.05493830897353913 0.58417149018882042 0.15105421795837398 1.00000000000000000 0.20943951023866667 

ZONE I=2, J=2
0.26938757858735235 0.46304953015150441 2.14829122817695284 0.50893961388789932 0.16722740291687216 0.84999999999999998 0.20943951023866667 
0.26920940312904007 0.54000000368458245 1.05349818195259015 0.58417149018882042 0.15105421795837398 1.00000000000000000 0.20943951023866667 
0.33711851099581724 0.46372124873631254 2.17751267350810496 0.53517302145557455 0.20561158549973099 0.84999999999999998 0.26179938779833334 
0.33689797792670523 0.54000000368458234 1.08271962728374183 0.60879556269893864 0.18565617239546456 1.00000000000000000 0.26179938779833334 

ZONE I=2, J=2
0.33711851099581724 0.46372124873631254 2.17955577648282217 0.53517302145557455 0.20561158549973099 0.84999999999999998 0.26179938779833334 
0.33689797792670523 0.54000000368458234 1.08084290315758236 0.60879556269893864 0.18565617239546456 1.00000000000000000 0.26179938779833334 
0.40511349248966444 0.46454266434430624 2.21577411266043311 0.56699328185142195 0.24173424897733084 0.84999999999999998 0.31415926535799998 
0.40485209258692290 0.54000000368458234 1.11706123933519330 0.63867669912103420 0.21816804269007717 1.00000000000000000 0.31415926535799998 

ZONE I=2, J=2
0.40511349248966444 0.46454266434430624 2.21837797243787804 0.56699328185142195 0.24173424897733084 0.84999999999999998 0.31415926535799998 
0.40485209258692290 0.54000000368458234 1.11468719747697542 0.63867669912103420 0.21816804269007717 1.00000000000000000 0.31415926535799998 
0.47343356118233060 0.46551383489040066 2.26191704350596368 0.60425801908385512 0.27516306747273728 0.84999999999999998 0.36651914291766668 
0.47313310613226733 0.54000000368458234 1.15822626854506061 0.67368917485467894 0.24818911293877927 1.00000000000000000 0.36651914291766668 

ZONE I=2, J=2
0.47343356118233060 0.46551383489040066 2.26516668818681755 0.60425801908385512 0.27516306747273728 0.84999999999999998 0.36651914291766668 
0.47313310613226733 0.54000000368458234 1.15528042868519343 0.67368917485467894 0.24818911293877927 1.00000000000000000 0.36651914291766668 
0.54214444245849847 0.46663464158377854 2.31642494986535130 0.64680196778491605 0.30547618513432095 0.84999999999999998 0.41887902047733333 
0.54180706939765355 0.54000000368458234 1.20653869036372718 0.71368733909421711 0.27532759840822091 1.00000000000000000 0.41887902047733333 

ZONE I=2, J=2
0.54214444245849847 0.46663464158377854 2.32042474917097863 0.64680196778491605 0.30547618513432095 0.84999999999999998 0.41887902047733333 
0.54180706939765355 0.54000000368458234 1.20293088360625622 0.71368733909421711 0.27532759840822091 1.00000000000000000 0.41887902047733333 
0.61131749645845435 0.46790468480194791 2.37988445538428461 0.69443846257305164 0.33226359601229094 0.84999999999999998 0.47123889803699998 
0.61094567005162648 0.54000000368458245 1.26239058981956176 0.75850705640471627 0.29920170640962679 1.00000000000000000 0.47123889803699998 

ZONE I=2, J=2
0.61131749645845435 0.46790468480194791 2.38476040537183520 0.69443846257305164 0.33226359601229094 0.84999999999999998 0.47123889803699998 
0.61094567005162648 0.54000000368458245 1.25801295634526045 0.75850705640471627 0.29920170640962679 1.00000000000000000 0.47123889803699998 
0.68103073847276874 0.46932315707047062 2.45299876515476045 0.74696114584314666 0.35512834174147789 0.84999999999999998 0.52359877559666668 
0.68062724981378453 0.54000000368458223 1.32625131612818614 0.80796734614090959 0.31944048700570238 1.00000000000000000 0.52359877559666668 

ZONE I=2, J=2
0.68103073847276874 0.46932315707047062 2.45890123510009628 0.74696114584314666 0.35512834174147789 0.84999999999999998 0.52359877559666668 
0.68062724981378453 0.54000000368458223 1.32097608896328800 0.80796734614090959 0.31944048700570238 1.00000000000000000 0.52359877559666668 
0.75136993717533507 0.47088869199788158 2.53660394134314382 0.80414588427874623 0.37368748914018513 0.84999999999999998 0.57595865315633332 
0.75093790406014282 0.54000000368458234 1.39867879520633598 0.86187220520360019 0.33568443757653177 1.00000000000000000 0.57595865315633332 

ZONE I=2, J=2
0.75136993717533507 0.47088869199788158 2.54371068108538845 0.80414588427874623 0.37368748914018513 0.84999999999999998 0.57595865315633332 
0.75093790406014282 0.54000000368458234 1.39235593575050176 0.86187220520360019 0.33568443757653177 1.00000000000000000 0.57595865315633332 
0.82242978776043840 0.47259918885467361 2.63168826904237418 0.86575287560210146 0.38757284152590904 0.84999999999999998 0.62831853071599997 
0.82197267823357922 0.54000000368458212 1.48033352370748705 0.92001259799572443 0.34758582720097947 1.00000000000000000 0.62831853071599997 

ZONE I=2, J=2
0.82242978776043840 0.47259918885467361 2.64020693018344321 0.86575287560210146 0.38757284152590904 0.84999999999999998 0.62831853071599997 
0.82197267823357922 0.54000000368458212 1.47278864625854311 0.92001259799572443 0.34758582720097947 1.00000000000000000 0.62831853071599997 
0.89431513699851872 0.47445161485455883 2.73941465216165270 0.93152890812781408 0.39643132119571522 0.84999999999999998 0.68067840827566661 
0.89383688987407206 0.54000000770294954 1.57199636823675259 0.98216860624264890 0.35480871315444296 1.00000000000000000 0.68067840827566661 

ZONE I=2, J=2
0.89431513699851872 0.47445161485455883 2.74958288685031249 0.93152890812781408 0.39643132119571522 0.84999999999999998 0.68067840827566661 
0.89383688987407206 0.54000000770294954 1.56303057179978455 0.98216860624264890 0.35480871315444296 1.00000000000000000 0.68067840827566661 
0.96714218674514596 0.47644177236207030 2.86114457743313544 1.00120967562324892 0.39992493954751357 0.84999999999999998 0.73303828583533337 
0.96664765706888667 0.54000000643945700 1.67459226238260794 1.04811174345229996 0.35702867267036370 1.00000000000000000 0.73303828583533337 

ZONE I=2, J=2
0.96714218674514596 0.47644177236207030 2.87322024609253512 1.00120967562324892 0.39992493954751357 0.84999999999999998 0.73303828583533337 
0.96664765706888667 0.54000000643945700 1.66398716898159149 1.04811174345229996 0.35702867267036370 1.00000000000000000 0.73303828583533337 
1.04103942727656285 0.47856403975427825 2.99845972418696993 1.07452191625112214 0.39773016077016932 0.84999999999999998 0.78539816339500002 
1.04053589076881758 0.54000000669647008 1.78922664707602674 1.11760765100560411 0.35393231785749674 1.00000000000000000 0.78539816339500002 

ZONE I=2, J=2
1.04103942727656285 0.47856403975427825 3.01267815802586769 1.07452191625112214 0.39773016077016932 0.84999999999999998 0.78539816339500002 
1.04053589076881758 0.54000000669647008 1.77677033507396187 1.11760765100560411 0.35393231785749674 1.00000000000000000 0.78539816339500002 
1.11614759009413755 0.48081094429264948 3.15316262076598663 1.15118462474502037 0.38953634846469287 0.84999999999999998 0.83775804095466666 
1.11564946048606028 0.54000000673654447 1.91725479781408081 1.19041965554737228 0.34521698921805843 1.00000000000000000 0.83775804095466666 

ZONE I=2, J=2
1.11614759009413755 0.48081094429264948 3.16958996815917970 1.15118462474502037 0.38953634846469287 0.84999999999999998 0.83775804095466666 
1.11564946048606028 0.54000000673654447 1.90282412981948124 1.19041965554737228 0.34521698921805843 1.00000000000000000 0.83775804095466666 
1.19261641266161789 0.48317221024169371 3.32720944630015136 1.23090715295995290 0.37504249531450851 0.84999999999999998 0.89011791851433331 
1.19215979294375418 0.54000000674464710 2.06044360796045289 1.26631518390815612 0.33059164266443081 1.00000000000000000 0.89011791851433331 

ZONE I=2, J=2
1.19261641266161789 0.48317221024169371 3.34526154438571455 1.23090715295995290 0.37504249531450851 0.84999999999999998 0.89011791851433331 
1.19215979294375418 0.54000000674464710 2.04426148880097669 1.26631518390815612 0.33059164266443081 1.00000000000000000 0.89011791851433331 
1.27059153714398598 0.48563194962261214 3.52241802125706327 1.31337744448764471 0.35395046696858629 0.84999999999999998 0.94247779607399995 
1.27027858374457470 0.54000000673386461 2.22141796567232541 1.34508100203499237 0.30978183542169957 1.00000000000000000 0.94247779607399995 

ZONE I=2, J=2
1.27059153714398598 0.48563194962261214 3.53933101310046672 1.31337744448764471 0.35395046696858629 0.84999999999999998 0.94247779607399995 
1.27027858374457470 0.54000000673386461 2.20485445379210931 1.34508100203499237 0.30978183542169957 1.00000000000000000 0.94247779607399995 
1.35017120209971320 0.48816050123166177 3.73945190790344073 1.39822011321077566 0.32595009580452228 0.84999999999999998 0.99483767363366671 
1.35030457684996907 0.54000000671555037 2.40497534859508333 1.42656578893085828 0.28254646939370215 1.00000000000000000 0.99483767363366671 

ZONE I=2, J=2
1.35017120209971320 0.48816050123166177 3.74558026015246925 1.39822011321077566 0.32595009580452228 0.84999999999999998 0.99483767363366671 
1.35030457684996907 0.54000000671555037 2.39330756693658797 1.42656578893085828 0.28254646939370215 1.00000000000000000 0.99483767363366671 
1.43127101939340440 0.49069508512287929 3.97432525521345470 1.48486460505562889 0.29068110047296841 0.84999999999999998 1.04719755119333335 
1.43275303491509742 0.54000000669321624 2.62205256199757342 1.51080052893152339 0.24872279362238844 1.00000000000000000 1.04719755119333335 

ZONE I=2, J=2
1.43127101939340440 0.49069508512287929 3.93892286098825606 1.48486460505562889 0.29068110047296841 0.84999999999999998 1.04719755119333335 
1.43275303491509742 0.54000000669321624 2.63623856256936007 1.51080052893152339 0.24872279362238844 1.00000000000000000 1.04719755119333335 
1.51323032146197289 0.49308226304916492 4.20718124422689854 1.57215275203582716 0.24765267652857401 0.84999999999999998 1.09955742875299989 
1.51856227531399668 0.54000000665511605 2.90449694580800299 1.59820376757110427 0.20826931726943235 1.00000000000000000 1.09955742875299989 

ZONE I=2, J=2
1.51323032146197289 0.49308226304916492 4.01643218322969897 1.57215275203582716 0.24765267652857401 0.84999999999999998 1.09955742875299989 
1.51856227531399668 0.54000000665511605 3.07350321469145982 1.59820376757110427 0.20826931726943235 1.00000000000000000 1.09955742875299989 
1.59552381956460376 0.49367504348758673 4.39842379497426972 1.65837926788154633 0.19796340879354246 0.84999999999999998 1.15191730631266664 
1.60528889401879460 0.53886522401934644 3.45549482643603056 1.68568060962232558 0.16065193824168505 1.00000000000000000 1.15191730631266664 

ZONE I=2, J=2
1.59552381956460376 0.49367504348758673 4.21875345509116340 1.65837926788154633 0.19796340879354246 0.84999999999999998 1.15191730631266664 
1.60528889401879460 0.53886522401934644 3.63180796501574532 1.68568060962232558 0.16065193824168505 1.00000000000000000 1.15191730631266664 
1.67743595567667581 0.48083629555768220 4.52459544484322418 1.73833769222776513 0.15223993005386172 0.84999999999999998 1.20427718387233340 
1.69079474400037344 0.52200337244620265 3.93764995476780522 1.76556215646192771 0.11859451443470916 1.00000000000000000 1.20427718387233340 

ZONE I=2, J=2
1.67743595567667581 0.48083629555768220 4.50721200520723553 1.73833769222776513 0.15223993005386172 0.84999999999999998 1.20427718387233340 
1.69079474400037344 0.52200337244620265 3.94859869773058403 1.76556215646192771 0.11859451443470916 1.00000000000000000 1.20427718387233340 
1.75674483412504068 0.45173928659227552 4.81564016405495732 1.81035873854585305 0.11323441635202006 0.84999999999999998 1.25663706143199994 
1.77519882083868441 0.48797711054861204 4.25702685657830582 1.83910762630327618 0.08447279325058744 1.00000000000000000 1.25663706143199994 

ZONE I=2, J=2
1.75674483412504068 0.45173928659227552 4.84652304335449990 1.81035873854585305 0.11323441635202006 0.84999999999999998 1.25663706143199994 
1.77519882083868441 0.48797711054861204 4.23568135054666861 1.83910762630327618 0.08447279325058744 1.00000000000000000 1.25663706143199994 
1.83120274728301946 0.40660625796701566 5.14965707436097553 1.87404347019156337 0.08119866074745510 0.84999999999999998 1.30899693899166669 
1.85435799310879235 0.43718962303902481 4.53881538155314423 1.90432527749280500 0.05765041718343869 1.00000000000000000 1.30899693899166669 

ZONE I=2, J=2
1.83120274728301946 0.40660625796701566 5.19402539272910602 1.87404347019156337 0.08119866074745510 0.84999999999999998 1.30899693899166669 
1.85435799310879235 0.43718962303902481 4.50625651380050662 1.90432527749280500 0.05765041718343869 1.00000000000000000 1.30899693899166669 
1.89782091942204145 0.34635642430617419 5.47544095647636198 1.92836052875794794 0.05579145080071062 0.84999999999999998 1.36135681655133323 
1.92473247815908866 0.37090889809531813 4.78767207754776258 1.95978875170793554 0.03737073515147413 1.00000000000000000 1.36135681655133323 

ZONE I=2, J=2
1.89782091942204145 0.34635642430617419 5.51988893221581201 1.92836052875794794 0.05579145080071062 0.84999999999999998 1.36135681655133323 
1.92473247815908866 0.37090889809531813 4.75430588477187932 1.95978875170793554 0.03737073515147413 1.00000000000000000 1.36135681655133323 
1.95352508693044657 0.27272893845339052 5.76195635267688644 1.97213815700909145 0.03622745927202330 0.84999999999999998 1.41371669411099998 
1.98319759497955883 0.29112000753625678 4.99637330523295375 2.00432234429897083 0.02270461769100330 1.00000000000000000 1.41371669411099998 

ZONE I=2, J=2
1.95352508693044657 0.27272893845339052 5.79988404872989705 1.97213815700909145 0.03622745927202330 0.84999999999999998 1.41371669411099998 
1.98319759497955883 0.29112000753625678 4.96771690500165697 2.00432234429897083 0.02270461769100330 1.00000000000000000 1.41371669411099998 
1.99554657037852912 0.18824590225933119 5.98632637553431657 2.00429181234801534 0.02137674487960300 0.84999999999999998 1.46607657167066674 
2.02707936325501370 0.20047146500733443 5.15415923180607649 2.03692978457246321 0.01251422942558032 1.00000000000000000 1.46607657167066674 

ZONE I=2, J=2
1.99554657037852912 0.18824590225933119 6.01373309246501364 2.00429181234801534 0.02137674487960300 0.84999999999999998 1.46607657167066674 
2.02707936325501370 0.20047146500733443 5.13344991573924858 2.03692978457246321 0.01251422942558032 1.00000000000000000 1.46607657167066674 
2.02169724028652809 0.09610420144019345 6.13136610892058620 2.02395627976323178 0.00983496434151611 0.84999999999999998 1.51843644923033327 
2.05429688163580515 0.10220197694323666 5.25108293219482114 2.05683037734895358 0.00545167903122126 1.00000000000000000 1.51843644923033327 

ZONE I=2, J=2
2.02169724028652809 0.09610420144019345 6.14571004734680848 2.02395627976323178 0.00983496434151611 0.84999999999999998 1.51843644923033327 
2.05429688163580515 0.10220197694323666 5.24025951626789777 2.05683037734895358 0.00545167903122126 1.00000000000000000 1.51843644923033327 
2.03057507895720457 0.00000000000994289 6.18592032556979632 2.03057507895720457 0.00000000000000000 0.84999999999999998 1.57079632679000003 
2.06352180066751378 0.00000000001010422 5.28046979449088560 2.06352180066751378 0.00000000000000000 1.00000000000000000 1.57079632679000003 

