#Contact mesh details for the compression of a sphere.
nreler=1_nreletheta=48_H=0.9300_lambda=1.00_vol=0.2430_t=0.10_nt=1.00e-05_CL=MR_C1=1.3000_C2=1.1000
# Contact options are: 
# Use_isoparametric_flag_pt = false 
# Use_collocated_penetration_flag_pt = false 
# Use_collocated_contact_pressure_flag_pt = false 

ZONE I=5
0.00000000000000000 0.93000002843037111 1.00000000000000000 0.00000000000000000 0.93000002843037111 0.00000000000000000 0.00000002843037117 0.11259146792355924 -0.00000000000000000 -0.00000000000000000 -0.00000000000000000 -0.00000000000000000 0.00000000000000000 0.00000000000000000 -0.00006094788661821 0.00000133903156335 0.00000133903156335 -0.00006094788661821 1.00000000000000000 
0.00774266840735051 0.93000001062344007 1.00000000000000000 0.00818123086869792 0.93003223101741517 0.00013394937202039 0.00000001062344013 0.12117106052902615 -0.00000000000000000 -0.00000000000000000 -0.00000000000000000 -0.00000000000000000 0.00000000000000000 0.00000000000000000 -0.00006094788661821 0.00000133903156335 0.00000084036358222 -0.00006095680173536 1.00000000000000000 
0.01548630568778356 0.93000002843037133 1.00000000000000000 0.01636246173739583 0.93012891946000731 0.00026782178077566 0.00000002843037139 0.12658718445105363 -0.00000000000000000 -0.00000000000000000 -0.00000000000000000 -0.00000000000000000 0.00000000000000000 0.00000000000000000 -0.00006094788661821 0.00000133903156335 0.00000034163935374 -0.00006096163688178 1.00000000000000000 
0.02323195805011501 0.93000005159467436 1.00000000000000000 0.02454369260609375 0.93029009375814742 0.00040161722626581 0.00000005159467442 0.12883983968964169 -0.00000000000000000 -0.00000000000000000 -0.00000000000000000 -0.00000000000000000 0.00000000000000000 0.00000000000000000 -0.00006094788661821 0.00000133903156335 -0.00000015710774140 -0.00006096239173385 1.00000000000000000 
0.03098067110216210 0.93000002843037177 1.00000000000000000 0.03272492347479167 0.93051575391183561 0.00053533570849083 0.00000002843037183 0.12792902624479036 -0.00000000000000000 -0.00000000000000000 -0.00000000000000000 -0.00000000000000000 0.00000000000000000 0.00000000000000000 -0.00006094788661821 0.00000133903156335 -0.00000065584432098 -0.00006095906624105 1.00000000000000000 
ZONE I=5
0.03098067110216210 0.93000002843037177 1.00000000000000000 0.03272492347479167 0.93051575391183561 0.00053533570849083 0.00000002843037183 0.12792902624479036 -0.00000000000000000 -0.00000000000000000 -0.00000000000000000 -0.00000000000000000 0.00000000000000000 0.00000000000000000 -0.00021753613580193 0.00001120817978651 0.00000408459594267 -0.00021778638559319 1.00000000000000000 
0.03872991174284354 0.92999995863650509 1.00000000000000000 0.04090615434348958 0.93080582635213460 0.00066539945106777 0.00000000000000000 0.14126344992265275 -0.00000000000000000 -0.00000000000000000 -0.00000000000000000 -0.00000000000000000 0.00000000000000000 0.00000000000000000 -0.00021753613580193 0.00001120817978651 0.00000230271842288 -0.00021781251378565 1.00000000000000000 
0.04648504682168915 0.93000002843037055 1.00000000000000000 0.04908738521218750 0.93116071580547655 0.00079611502761939 0.00000002843037061 0.15128236510725970 -0.00000000000000000 -0.00000000000000000 -0.00000000000000000 -0.00000000000000000 0.00000000000000000 0.00000000000000000 -0.00021753613580193 0.00001120817978651 0.00000052068677716 -0.00021782406331496 1.00000000000000000 
0.05424712613260427 0.93000010359690055 1.00000000000000000 0.05726861608088542 0.93158042227186133 0.00092748243814567 0.00000010359690061 0.15798577179861129 -0.00000000000000000 -0.00000000000000000 -0.00000000000000000 -0.00000000000000000 0.00000000000000000 0.00000000000000000 -0.00021753613580193 0.00001120817978651 -0.00000126137971926 -0.00021782103340808 1.00000000000000000 
0.06201719730588332 0.93000002843037144 1.00000000000000000 0.06544984694958333 0.93206494575128884 0.00105950168264662 0.00000002843037150 0.16137366999670746 -0.00000000000000000 -0.00000000000000000 -0.00000000000000000 -0.00000000000000000 0.00000000000000000 0.00000000000000000 -0.00021753613580193 0.00001120817978651 -0.00000304336178880 -0.00021780342426781 1.00000000000000000 
ZONE I=5
0.06201719730588332 0.93000002843037144 1.00000000000000000 0.06544984694958333 0.93206494575128884 0.00105950168264662 0.00000002843037150 0.16137366999670746 -0.00000000000000000 -0.00000000000000000 -0.00000000000000000 -0.00000000000000000 0.00000000000000000 0.00000000000000000 -0.00047390107328211 0.00003970946629554 0.00000862983214197 -0.00047548353806269 1.00000000000000000 
0.06978659196157486 0.92999988740310624 1.00000000000000000 0.07363107781828127 0.93261383260213537 0.00118246630307310 0.00000000000000000 0.18343730885636148 -0.00000000000000000 -0.00000000000000000 -0.00000000000000000 -0.00000000000000000 0.00000000000000000 0.00000000000000000 -0.00047390107328211 0.00003970946629554 0.00000473954613104 -0.00047553822735285 1.00000000000000000 
0.07756837429206970 0.93000002843037166 1.00000000000000000 0.08181230868697917 0.93322837175876661 0.00130832537545283 0.00000002843037172 0.19920225664807231 -0.00000000000000000 -0.00000000000000000 -0.00000000000000000 -0.00000000000000000 0.00000000000000000 0.00000000000000000 -0.00047390107328211 0.00003970946629554 0.00000084894289203 -0.00047556108783981 1.00000000000000000 
0.08536360119114589 0.93000017486304631 1.00000000000000000 0.08999353955567709 0.93390856322118254 0.00143707889978581 0.00000017486304638 0.20866851337184000 -0.00000000000000000 -0.00000000000000000 -0.00000000000000000 -0.00000000000000000 0.00000000000000000 0.00000000000000000 -0.00047390107328211 0.00003970946629554 -0.00000304171716857 -0.00047555211799348 1.00000000000000000 
0.09317332519662311 0.93000002843037144 1.00000000000000000 0.09817477042437500 0.93465440698938318 0.00156872687607205 0.00000002843037150 0.21183607902766458 -0.00000000000000000 -0.00000000000000000 -0.00000000000000000 -0.00000000000000000 0.00000000000000000 0.00000000000000000 -0.00047390107328211 0.00003970946629554 -0.00000693217364045 -0.00047551131841423 1.00000000000000000 
ZONE I=5
0.09317332519662311 0.93000002843037144 1.00000000000000000 0.09817477042437500 0.93465440698938318 0.00156872687607205 0.00000002843037150 0.21183607902766458 -0.00000000000000000 -0.00000000000000000 -0.00000000000000000 -0.00000000000000000 0.00000000000000000 0.00000000000000000 -0.00086452141392293 0.00010062220220479 0.00001539976205220 -0.00087022120753092 1.00000000000000000 
0.10097754606315922 0.92999978898894076 1.00000000000000000 0.10635600129307293 0.93546418544256804 0.00168228495931207 0.00000000000000000 0.24329413734963773 -0.00000000000000000 -0.00000000000000000 -0.00000000000000000 -0.00000000000000000 0.00000000000000000 0.00000000000000000 -0.00086452141392293 0.00010062220220479 0.00000827984549740 -0.00087031807223933 1.00000000000000000 
0.10880286319217478 0.93000002843037100 1.00000000000000000 0.11453723216177084 0.93634121174610818 0.00180308212116883 0.00000002843037106 0.26220059166392917 -0.00000000000000000 -0.00000000000000000 -0.00000000000000000 -0.00000000000000000 0.00000000000000000 0.00000000000000000 -0.00086452141392293 0.00010062220220479 0.00000115937475461 -0.00087035668467475 1.00000000000000000 
0.11665034463590690 0.93000027332966739 1.00000000000000000 0.12271846303046877 0.93728548590000327 0.00193111836164235 0.00000027332966746 0.26855544197053893 -0.00000000000000000 -0.00000000000000000 -0.00000000000000000 -0.00000000000000000 0.00000000000000000 0.00000000000000000 -0.00086452141392293 0.00010062220220479 -0.00000596117358765 -0.00087033704225277 1.00000000000000000 
0.12452105100916806 0.93000002843037100 1.00000000000000000 0.13089969389916667 0.93829700790425363 0.00206639368073261 0.00000002843037106 0.26235868826946696 -0.00000000000000000 -0.00000000000000000 -0.00000000000000000 -0.00000000000000000 0.00000000000000000 0.00000000000000000 -0.00086452141392293 0.00010062220220479 -0.00001308132293564 -0.00087025914628810 1.00000000000000000 
ZONE I=5
0.12452105100916806 0.93000002843037100 1.00000000000000000 0.13089969389916667 0.93829700790425363 0.00206639368073261 0.00000002843037106 0.26235868826946696 -0.00000000000000000 -0.00000000000000000 -0.00000000000000000 -0.00000000000000000 0.00000000000000000 0.00000000000000000 -0.00130495763460288 0.00019444926687625 0.00002245457538970 -0.00131917426352287 1.00000000000000000 
0.13237403894805022 0.92999966944682877 1.00000000000000000 0.13908092476786457 0.93937083978077041 0.00216719362331377 0.00000000000000000 0.30096949113758753 -0.00000000000000000 -0.00000000000000000 -0.00000000000000000 -0.00000000000000000 0.00000000000000000 0.00000000000000000 -0.00130495763460288 0.00019444926687625 0.00001166147511126 -0.00131931381994402 1.00000000000000000 
0.14025855567436959 0.93000002843037166 1.00000000000000000 0.14726215563656250 0.94051438681042510 0.00228112318001725 0.00000002843037172 0.31430429867045878 -0.00000000000000000 -0.00000000000000000 -0.00000000000000000 -0.00000000000000000 0.00000000000000000 0.00000000000000000 -0.00130495763460288 0.00019444926687625 0.00000086759430504 -0.00131936507183462 1.00000000000000000 
0.14817568406328141 0.93000039294234005 1.00000000000000000 0.15544338650526041 0.94172764899321781 0.00240818235084307 0.00000039294234011 0.30236311086808065 -0.00000000000000000 -0.00000000000000000 -0.00000000000000000 -0.00000000000000000 0.00000000000000000 0.00000000000000000 -0.00130495763460288 0.00019444926687625 -0.00000992634457115 -0.00131932801576428 1.00000000000000000 
0.15612649578034590 0.93000002843036966 1.00000000000000000 0.16362461737395834 0.94301062632914856 0.00254837113579122 0.00000002843036973 0.26514592773045320 -0.00000000000000000 -0.00000000000000000 -0.00000000000000000 -0.00000000000000000 0.00000000000000000 0.00000000000000000 -0.00130495763460288 0.00019444926687625 -0.00002071961905560 -0.00131920265421323 1.00000000000000000 
ZONE I=5
0.15612649578034590 0.93000002843036966 1.00000000000000000 0.16362461737395834 0.94301062632914856 0.00254837113579122 0.00000002843036973 0.26514592773045320 -0.00000000000000000 -0.00000000000000000 -0.00000000000000000 -0.00000000000000000 0.00000000000000000 0.00000000000000000 -0.00133284129158104 0.00024053536422148 0.00002020880008848 -0.00135422109508882 1.00000000000000000 
0.16403419802240751 0.92999956621194801 1.00000000000000000 0.17180584824265627 0.94435137633523680 0.00262474551332871 0.00000000000000000 0.30331887084308773 -0.00000000000000000 -0.00000000000000000 -0.00000000000000000 -0.00000000000000000 0.00000000000000000 0.00000000000000000 -0.00133284129158104 0.00024053536422148 0.00000912905194562 -0.00135434110562855 1.00000000000000000 
0.17198254436385380 0.93000002829121886 1.00000000000000000 0.17998707911135417 0.94576458863276947 0.00271865331021100 0.00000002829121892 0.28658079137694875 -0.00000000000000000 -0.00000000000000000 -0.00000000000000000 -0.00000000000000000 0.00000000000000000 0.00000000000000000 -0.00133284129158104 0.00024053536422148 -0.00000195130722445 -0.00135437046718566 1.00000000000000000 
0.17997263302702005 0.93000049568267296 1.00000000000000000 0.18816830998005207 0.94725026322174610 0.00283009452643810 0.00000049568267302 0.21493168933203627 -0.00000000000000000 -0.00000000000000000 -0.00000000000000000 -0.00000000000000000 0.00000000000000000 0.00000000000000000 -0.00133284129158104 0.00024053536422148 -0.00001303153578930 -0.00135430917779492 1.00000000000000000 
0.18800554778476455 0.93000002698757500 1.00000000000000000 0.19634954084875000 0.94880840010216705 0.00295906916201001 0.00000002698757506 0.08837156470835029 -0.00000000000000000 -0.00000000000000000 -0.00000000000000000 -0.00000000000000000 0.00000000000000000 0.00000000000000000 -0.00133284129158104 0.00024053536422148 -0.00002411089212525 -0.00135415724155857 1.00000000000000000 
ZONE I=5
0.18800554778476455 0.93000002698757500 1.00000000000000000 0.19634954084875000 0.94880840010216705 0.00295906916201001 0.00000002698757506 0.08837156470835029 -0.00000000000000000 -0.00000000000000000 -0.00000000000000000 -0.00000000000000000 0.00000000000000000 0.00000000000000000 -0.00008626724360654 0.00001681112175043 -0.00000034180357470 -0.00008788932986600 1.00000000000000000 
0.19596578766696177 0.92992015487195723 1.00000000000000000 0.20453077171744793 0.95033943475471605 0.00300717859536111 0.00000000000000000 0.03313604242527639 -0.00000000000000000 -0.00000000000000000 -0.00000000000000000 -0.00000000000000000 0.00000000000000000 0.00000000000000000 -0.00008626724360654 0.00001681112175043 -0.00000106082701320 -0.00008788359221166 1.00000000000000000 
0.20396390229202174 0.92974604516738191 1.00000000000000000 0.21271200258614584 0.95185054154334348 0.00308682785729391 0.00000000000000000 -0.00000483838830601 0.00000000000000000 0.00000000000000000 -0.00000000000000000 -0.00000000000000000 0.00000000000000000 0.00000000000000000 -0.00008626724360654 0.00001681112175043 -0.00000177977944826 -0.00008787197231822 1.00000000000000000 
0.21199866519506941 0.92947685783610945 1.00000000000000000 0.22089323345484377 0.95334172046804910 0.00319801694780841 0.00000000000000000 -0.01105107773239691 0.00000000000000000 0.00000000000000000 -0.00000000000000000 -0.00000000000000000 0.00000000000000000 0.00000000000000000 -0.00008626724360654 0.00001681112175043 -0.00000249861275882 -0.00008785447096340 1.00000000000000000 
0.22006883696424359 0.92911176840026755 1.00000000000000000 0.22907446432354167 0.95481297152883293 0.00334074586690461 0.00000000000000000 -0.00000267560699631 0.00000000000000000 0.00000000000000000 -0.00000000000000000 -0.00000000000000000 0.00000000000000000 0.00000000000000000 -0.00008626724360654 0.00001681112175043 -0.00000321727883181 -0.00008783108931862 1.00000000000000000 
ZONE I=5
0.22006883696424359 0.92911176840026755 1.00000000000000000 0.22907446432354167 0.95481297152883293 0.00334074586690461 0.00000000000000000 -0.00000267560699631 0.00000000000000000 0.00000000000000000 -0.00000000000000000 -0.00000000000000000 0.00000000000000000 0.00000000000000000 0.00000001894605363 -0.00000000335785205 0.00000000103206425 0.00000001921361397 1.00000000000000000 
0.22809344448089411 0.92866744739843354 1.00000000000000000 0.23725569519223960 0.95626254705965452 0.00343341865537668 0.00000000000000000 -0.00000223090333946 0.00000000000000000 0.00000000000000000 -0.00000000000000000 -0.00000000000000000 0.00000000000000000 0.00000000000000000 0.00000001894605363 -0.00000000335785205 0.00000000118921897 0.00000001920452751 1.00000000000000000 
0.23614593704502229 0.92814364892878887 1.00000000000000000 0.24543692606093750 0.95770712918157153 0.00354842845652672 0.00000000000000000 -0.00000221934483490 0.00000000000000000 0.00000000000000000 -0.00000000000000000 -0.00000000000000000 0.00000000000000000 0.00000000000000000 0.00000001894605363 -0.00000000335785205 0.00000000134629409 0.00000001919415564 1.00000000000000000 
0.24422546448602059 0.92753972091974812 1.00000000000000000 0.25361815692963541 0.95914671789458428 0.00368577527035475 0.00000000000000000 -0.00000264093148264 0.00000000000000000 0.00000000000000000 -0.00000000000000000 -0.00000000000000000 0.00000000000000000 0.00000000000000000 0.00000001894605363 -0.00000000335785205 0.00000000150327910 0.00000001918249907 1.00000000000000000 
0.25233116648025061 0.92685502061806080 1.00000000000000000 0.26179938779833334 0.96058131319869233 0.00384545909686076 0.00000000000000000 -0.00000349566328267 0.00000000000000000 0.00000000000000000 -0.00000000000000000 -0.00000000000000000 0.00000000000000000 0.00000000000000000 0.00000001894605363 -0.00000000335785205 0.00000000166016350 0.00000001916955857 1.00000000000000000 
ZONE I=5
0.25233116648025061 0.92685502061806080 1.00000000000000000 0.26179938779833334 0.96058131319869233 0.00384545909686076 0.00000000000000000 -0.00000349566328267 0.00000000000000000 0.00000000000000000 -0.00000000000000000 -0.00000000000000000 0.00000000000000000 0.00000000000000000 0.00000001673287087 -0.00000000286293606 0.00000000156540178 0.00000001690369450 1.00000000000000000 
0.26039844336025431 0.92609164470618233 1.00000000000000000 0.26998061866703127 0.96199654877173402 0.00396533104776235 0.00000000000000000 -0.00000288301530186 0.00000000000000000 0.00000000000000000 -0.00000000000000000 -0.00000000000000000 0.00000000000000000 0.00000000000000000 0.00000001673287087 -0.00000000286293606 0.00000000170364088 0.00000001689032202 1.00000000000000000 
0.26848251224192021 0.92524176848396256 1.00000000000000000 0.27816184953572920 0.96339938023812632 0.00410166842361967 0.00000000000000000 -0.00000209618876115 0.00000000000000000 0.00000000000000000 -0.00000000000000000 -0.00000000000000000 0.00000000000000000 0.00000000000000000 0.00000001673287087 -0.00000000286293606 0.00000000184176595 0.00000001687581905 1.00000000000000000 
0.27658236119970808 0.92430496636301107 1.00000000000000000 0.28634308040442713 0.96478980759786914 0.00425447122443271 0.00000000000000000 -0.00000113518366053 0.00000000000000000 0.00000000000000000 -0.00000000000000000 -0.00000000000000000 0.00000000000000000 0.00000000000000000 0.00000001673287087 -0.00000000286293606 0.00000000197976774 0.00000001686018654 1.00000000000000000 
0.28469697166603558 0.92328082464988170 1.00000000000000000 0.29452431127312501 0.96616783085096236 0.00442373945020149 0.00000000000000000 0.00000000000000000 -0.00000000000000000 -0.00000000000000000 -0.00000000000000000 -0.00000000000000000 0.00000000000000000 0.00000000000000000 0.00000001673287087 -0.00000000286293606 0.00000000211763703 0.00000001684342554 1.00000000000000000 
ZONE I=5
0.28469697166603558 0.92328082464988170 1.00000000000000000 0.29452431127312501 0.96616783085096236 0.00442373945020149 0.00000000000000000 0.00000000000000000 -0.00000000000000000 -0.00000000000000000 -0.00000000000000000 -0.00000000000000000 0.00000000000000000 0.00000000000000000 0.00000000000000000 0.00000000000000000 0.00000000000000000 0.00000000000000000 1.00000000000000000 
0.29277449594171956 0.92217180692633249 1.00000000000000000 0.30270554214182288 0.96752103459687200 0.00456010704957191 0.00000000000000000 0.00000000000000000 -0.00000000000000000 -0.00000000000000000 -0.00000000000000000 -0.00000000000000000 0.00000000000000000 0.00000000000000000 0.00000000000000000 0.00000000000000000 0.00000000000000000 0.00000000000000000 1.00000000000000000 
0.30085795393426235 0.92097104443382083 1.00000000000000000 0.31088677301052081 0.96885551538920911 0.00470780532134229 0.00000000000000000 0.00000000000000000 -0.00000000000000000 -0.00000000000000000 -0.00000000000000000 -0.00000000000000000 0.00000000000000000 0.00000000000000000 0.00000000000000000 0.00000000000000000 0.00000000000000000 0.00000000000000000 1.00000000000000000 
0.30894620975562459 0.91967832688945617 1.00000000000000000 0.31906800387921874 0.97017127322797381 0.00486683426551260 0.00000000000000000 0.00000000000000000 -0.00000000000000000 -0.00000000000000000 -0.00000000000000000 -0.00000000000000000 0.00000000000000000 0.00000000000000000 0.00000000000000000 0.00000000000000000 0.00000000000000000 0.00000000000000000 1.00000000000000000 
0.31703812417297905 0.91829345789422989 1.00000000000000000 0.32724923474791667 0.97146830811316609 0.00503719388208287 0.00000000000000000 0.00000000000000000 -0.00000000000000000 -0.00000000000000000 -0.00000000000000000 -0.00000000000000000 0.00000000000000000 0.00000000000000000 0.00000000000000000 0.00000000000000000 0.00000000000000000 0.00000000000000000 1.00000000000000000 
ZONE I=5
0.31703812417297905 0.91829345789422989 1.00000000000000000 0.32724923474791667 0.97146830811316609 0.00503719388208287 0.00000000000000000 0.00000000000000000 -0.00000000000000000 -0.00000000000000000 -0.00000000000000000 -0.00000000000000000 0.00000000000000000 0.00000000000000000 0.00000000000000000 0.00000000000000000 0.00000000000000000 0.00000000000000000 1.00000000000000000 
0.32509313604800666 0.91681977430231920 1.00000000000000000 0.33543046561661455 0.97273696754948913 0.00518050382755947 0.00000000000000000 0.00000000000000000 -0.00000000000000000 -0.00000000000000000 -0.00000000000000000 -0.00000000000000000 0.00000000000000000 0.00000000000000000 0.00000000000000000 0.00000000000000000 0.00000000000000000 0.00000000000000000 1.00000000000000000 
0.33314396496992882 0.91525158319613975 1.00000000000000000 0.34361169648531253 0.97398251782490564 0.00533075139007510 0.00000000000000000 0.00000000000000000 -0.00000000000000000 -0.00000000000000000 -0.00000000000000000 -0.00000000000000000 0.00000000000000000 0.00000000000000000 0.00000000000000000 0.00000000000000000 0.00000000000000000 0.00000000000000000 1.00000000000000000 
0.34118940608800424 0.91358886735836220 1.00000000000000000 0.35179292735401041 0.97520495893941594 0.00548793656962975 0.00000000000000000 0.00000000000000000 -0.00000000000000000 -0.00000000000000000 -0.00000000000000000 -0.00000000000000000 0.00000000000000000 0.00000000000000000 0.00000000000000000 0.00000000000000000 0.00000000000000000 0.00000000000000000 1.00000000000000000 
0.34922825411577380 0.91183162457584710 1.00000000000000000 0.35997415822270834 0.97640429089301972 0.00565205936622344 0.00000000000000000 0.00000000000000000 -0.00000000000000000 -0.00000000000000000 -0.00000000000000000 -0.00000000000000000 0.00000000000000000 0.00000000000000000 0.00000000000000000 0.00000000000000000 0.00000000000000000 0.00000000000000000 1.00000000000000000 
ZONE I=5
0.34922825411577380 0.91183162457584710 1.00000000000000000 0.35997415822270834 0.97640429089301972 0.00565205936622344 0.00000000000000000 0.00000000000000000 -0.00000000000000000 -0.00000000000000000 -0.00000000000000000 -0.00000000000000000 0.00000000000000000 0.00000000000000000 0.00000000000000000 0.00000000000000000 0.00000000000000000 0.00000000000000000 1.00000000000000000 
0.35722979232265983 0.90998371938035094 1.00000000000000000 0.36815538909140622 0.97757348639806252 0.00579419983475709 0.00000000000000000 0.00000000000000000 -0.00000000000000000 -0.00000000000000000 -0.00000000000000000 -0.00000000000000000 0.00000000000000000 0.00000000000000000 0.00000000000000000 0.00000000000000000 0.00000000000000000 0.00000000000000000 1.00000000000000000 
0.36521806183448285 0.90804070889930522 1.00000000000000000 0.37633661996010415 0.97871695713898943 0.00593965631046310 0.00000000000000000 0.00000000000000000 -0.00000000000000000 -0.00000000000000000 -0.00000000000000000 -0.00000000000000000 0.00000000000000000 0.00000000000000000 0.00000000000000000 0.00000000000000000 0.00000000000000000 0.00000000000000000 1.00000000000000000 
0.37319183644407872 0.90600274150065174 1.00000000000000000 0.38451785082880208 0.97983470311580068 0.00608842879334149 0.00000000000000000 0.00000000000000000 -0.00000000000000000 -0.00000000000000000 -0.00000000000000000 -0.00000000000000000 0.00000000000000000 0.00000000000000000 0.00000000000000000 0.00000000000000000 0.00000000000000000 0.00000000000000000 1.00000000000000000 
0.38114989195397564 0.90386998092716320 1.00000000000000000 0.39269908169750001 0.98092672432849604 0.00624051728339224 0.00000000000000000 0.00000000000000000 -0.00000000000000000 -0.00000000000000000 -0.00000000000000000 -0.00000000000000000 0.00000000000000000 0.00000000000000000 0.00000000000000000 0.00000000000000000 0.00000000000000000 0.00000000000000000 1.00000000000000000 
ZONE I=5
0.38114989195397564 0.90386998092716320 1.00000000000000000 0.39269908169750001 0.98092672432849604 0.00624051728339224 0.00000000000000000 0.00000000000000000 -0.00000000000000000 -0.00000000000000000 -0.00000000000000000 -0.00000000000000000 0.00000000000000000 0.00000000000000000 0.00000000000000000 0.00000000000000000 0.00000000000000000 0.00000000000000000 1.00000000000000000 
0.38906987104604129 0.90164630602758022 1.00000000000000000 0.40088031256619794 0.98198817959778695 0.00637501836771735 0.00000000000000000 0.00000000000000000 -0.00000000000000000 -0.00000000000000000 -0.00000000000000000 -0.00000000000000000 0.00000000000000000 0.00000000000000000 0.00000000000000000 0.00000000000000000 0.00000000000000000 0.00000000000000000 1.00000000000000000 
0.39696861455020077 0.89932862321640139 1.00000000000000000 0.40906154343489587 0.98302272317118289 0.00650993113064747 0.00000000000000000 0.00000000000000000 -0.00000000000000000 -0.00000000000000000 -0.00000000000000000 -0.00000000000000000 0.00000000000000000 0.00000000000000000 0.00000000000000000 0.00000000000000000 0.00000000000000000 0.00000000000000000 1.00000000000000000 
0.40484491157279134 0.89691721839447192 1.00000000000000000 0.41724277430359374 0.98403035504868364 0.00664525557218262 0.00000000000000000 0.00000000000000000 -0.00000000000000000 -0.00000000000000000 -0.00000000000000000 -0.00000000000000000 0.00000000000000000 0.00000000000000000 0.00000000000000000 0.00000000000000000 0.00000000000000000 0.00000000000000000 1.00000000000000000 
0.41269755521116769 0.89441239263406191 1.00000000000000000 0.42542400517229167 0.98501107523028941 0.00678099169232278 0.00000000000000000 0.00000000000000000 -0.00000000000000000 -0.00000000000000000 -0.00000000000000000 -0.00000000000000000 0.00000000000000000 0.00000000000000000 0.00000000000000000 0.00000000000000000 0.00000000000000000 0.00000000000000000 1.00000000000000000 
ZONE I=5
0.41269755521116769 0.89441239263406191 1.00000000000000000 0.42542400517229167 0.98501107523028941 0.00678099169232278 0.00000000000000000 0.00000000000000000 -0.00000000000000000 -0.00000000000000000 -0.00000000000000000 -0.00000000000000000 0.00000000000000000 0.00000000000000000 0.00000000000000000 0.00000000000000000 0.00000000000000000 0.00000000000000000 1.00000000000000000 
0.42051113010737223 0.89181762685428567 1.00000000000000000 0.43360523604098961 0.98596178420424374 0.00690291249934157 0.00000000000000000 0.00000000000000000 -0.00000000000000000 -0.00000000000000000 -0.00000000000000000 -0.00000000000000000 0.00000000000000000 0.00000000000000000 0.00000000000000000 0.00000000000000000 0.00000000000000000 0.00000000000000000 1.00000000000000000 
0.42829663544597585 0.88913121903749126 1.00000000000000000 0.44178646690968748 0.98688551017565707 0.00702299129796077 0.00000000000000000 0.00000000000000000 -0.00000000000000000 -0.00000000000000000 -0.00000000000000000 -0.00000000000000000 0.00000000000000000 0.00000000000000000 0.00000000000000000 0.00000000000000000 0.00000000000000000 0.00000000000000000 1.00000000000000000 
0.43605290250204692 0.88635356544971899 1.00000000000000000 0.44996769777838547 0.98778225314452861 0.00714122808818040 0.00000000000000000 0.00000000000000000 -0.00000000000000000 -0.00000000000000000 -0.00000000000000000 -0.00000000000000000 0.00000000000000000 0.00000000000000000 0.00000000000000000 0.00000000000000000 0.00000000000000000 0.00000000000000000 1.00000000000000000 
0.44377876808034661 0.88348507690790523 1.00000000000000000 0.45814892864708334 0.98865201311085904 0.00725762287000045 0.00000000000000000 0.00000000000000000 -0.00000000000000000 -0.00000000000000000 -0.00000000000000000 -0.00000000000000000 0.00000000000000000 0.00000000000000000 0.00000000000000000 0.00000000000000000 0.00000000000000000 0.00000000000000000 1.00000000000000000 
ZONE I=5
0.44377876808034661 0.88348507690790523 1.00000000000000000 0.45814892864708334 0.98865201311085904 0.00725762287000045 0.00000000000000000 0.00000000000000000 -0.00000000000000000 -0.00000000000000000 -0.00000000000000000 -0.00000000000000000 0.00000000000000000 0.00000000000000000 0.00000000000000000 0.00000000000000000 0.00000000000000000 0.00000000000000000 1.00000000000000000 
0.45146444629777843 0.88052855262947605 1.00000000000000000 0.46633015951578127 0.98949303109687647 0.00736340121380685 0.00000000000000000 0.00000000000000000 -0.00000000000000000 -0.00000000000000000 -0.00000000000000000 -0.00000000000000000 0.00000000000000000 0.00000000000000000 0.00000000000000000 0.00000000000000000 0.00000000000000000 0.00000000000000000 1.00000000000000000 
0.45911632078029629 0.87748364794514166 1.00000000000000000 0.47451139038447920 0.99030783709670178 0.00746566827562103 0.00000000000000000 0.00000000000000000 -0.00000000000000000 -0.00000000000000000 -0.00000000000000000 -0.00000000000000000 0.00000000000000000 0.00000000000000000 0.00000000000000000 0.00000000000000000 0.00000000000000000 0.00000000000000000 1.00000000000000000 
0.46673328334767750 0.87435084404741648 1.00000000000000000 0.48269262125317713 0.99109643111033474 0.00756442405544298 0.00000000000000000 0.00000000000000000 -0.00000000000000000 -0.00000000000000000 -0.00000000000000000 -0.00000000000000000 0.00000000000000000 0.00000000000000000 0.00000000000000000 0.00000000000000000 0.00000000000000000 0.00000000000000000 1.00000000000000000 
0.47431423247891291 0.87113063577707006 1.00000000000000000 0.49087385212187501 0.99185881313777546 0.00765966855327271 0.00000000000000000 0.00000000000000000 -0.00000000000000000 -0.00000000000000000 -0.00000000000000000 -0.00000000000000000 0.00000000000000000 0.00000000000000000 0.00000000000000000 0.00000000000000000 0.00000000000000000 0.00000000000000000 1.00000000000000000 
ZONE I=5
0.47431423247891291 0.87113063577707006 1.00000000000000000 0.49087385212187501 0.99185881313777546 0.00765966855327271 0.00000000000000000 0.00000000000000000 -0.00000000000000000 -0.00000000000000000 -0.00000000000000000 -0.00000000000000000 0.00000000000000000 0.00000000000000000 0.00000000000000000 0.00000000000000000 0.00000000000000000 0.00000000000000000 1.00000000000000000 
0.48185382360545903 0.86782497830374317 1.00000000000000000 0.49905508299057288 0.99259421952062565 0.00774697781932335 0.00000000000000000 0.00000000000000000 -0.00000000000000000 -0.00000000000000000 -0.00000000000000000 -0.00000000000000000 0.00000000000000000 0.00000000000000000 0.00000000000000000 0.00000000000000000 0.00000000000000000 0.00000000000000000 1.00000000000000000 
0.48935490339123122 0.86443478053258482 1.00000000000000000 0.50723631385927082 0.99330479123282311 0.00782962204559356 0.00000000000000000 0.00000000000000000 -0.00000000000000000 -0.00000000000000000 -0.00000000000000000 -0.00000000000000000 0.00000000000000000 0.00000000000000000 0.00000000000000000 0.00000000000000000 0.00000000000000000 0.00000000000000000 1.00000000000000000 
0.49681643544149151 0.86096058558543354 1.00000000000000000 0.51541754472796875 0.99399052827436774 0.00790760123208334 0.00000000000000000 0.00000000000000000 -0.00000000000000000 -0.00000000000000000 -0.00000000000000000 -0.00000000000000000 0.00000000000000000 0.00000000000000000 0.00000000000000000 0.00000000000000000 0.00000000000000000 0.00000000000000000 1.00000000000000000 
0.50423739078471863 0.85740294916075710 1.00000000000000000 0.52359877559666668 0.99465143064525952 0.00798091537879268 0.00000000000000000 0.00000000000000000 -0.00000000000000000 -0.00000000000000000 -0.00000000000000000 -0.00000000000000000 0.00000000000000000 0.00000000000000000 0.00000000000000000 0.00000000000000000 0.00000000000000000 0.00000000000000000 1.00000000000000000 
ZONE I=5
0.50423739078471863 0.85740294916075710 1.00000000000000000 0.52359877559666668 0.99465143064525952 0.00798091537879268 0.00000000000000000 0.00000000000000000 -0.00000000000000000 -0.00000000000000000 -0.00000000000000000 -0.00000000000000000 0.00000000000000000 0.00000000000000000 0.00000000000000000 0.00000000000000000 0.00000000000000000 0.00000000000000000 1.00000000000000000 
0.51161581669910428 0.85376292500954354 1.00000000000000000 0.53178000646536461 0.99528744461831464 0.00804851555804331 0.00000000000000000 0.00000000000000000 -0.00000000000000000 -0.00000000000000000 -0.00000000000000000 -0.00000000000000000 0.00000000000000000 0.00000000000000000 0.00000000000000000 0.00000000000000000 0.00000000000000000 0.00000000000000000 1.00000000000000000 
0.51895194609894635 0.85004251932736874 1.00000000000000000 0.53996123733406254 0.99590040813766090 0.00811073951894172 0.00000000000000000 0.00000000000000000 -0.00000000000000000 -0.00000000000000000 -0.00000000000000000 -0.00000000000000000 0.00000000000000000 0.00000000000000000 0.00000000000000000 0.00000000000000000 0.00000000000000000 0.00000000000000000 1.00000000000000000 
0.52624481984788130 0.84624231713900866 1.00000000000000000 0.54814246820276047 0.99649032120329861 0.00816758726148792 0.00000000000000000 0.00000000000000000 -0.00000000000000000 -0.00000000000000000 -0.00000000000000000 -0.00000000000000000 0.00000000000000000 0.00000000000000000 0.00000000000000000 0.00000000000000000 0.00000000000000000 0.00000000000000000 1.00000000000000000 
0.53349348668225161 0.84236291489623949 1.00000000000000000 0.55632369907145840 0.99705718381522757 0.00821905878568191 0.00000000000000000 0.00000000000000000 -0.00000000000000000 -0.00000000000000000 -0.00000000000000000 -0.00000000000000000 0.00000000000000000 0.00000000000000000 0.00000000000000000 0.00000000000000000 0.00000000000000000 0.00000000000000000 1.00000000000000000 
ZONE I=5
0.53349348668225161 0.84236291489623949 1.00000000000000000 0.55632369907145840 0.99705718381522757 0.00821905878568191 0.00000000000000000 0.00000000000000000 -0.00000000000000000 -0.00000000000000000 -0.00000000000000000 -0.00000000000000000 0.00000000000000000 0.00000000000000000 0.00000000000000000 0.00000000000000000 0.00000000000000000 0.00000000000000000 1.00000000000000000 
0.54069848326461167 0.83840449095600211 1.00000000000000000 0.56450492994015622 0.99760142492866022 0.00826663414885734 0.00000000000000000 0.00000000000000000 -0.00000000000000000 -0.00000000000000000 -0.00000000000000000 -0.00000000000000000 0.00000000000000000 0.00000000000000000 0.00000000000000000 0.00000000000000000 0.00000000000000000 0.00000000000000000 1.00000000000000000 
0.54785819723198914 0.83436995983125128 1.00000000000000000 0.57268616080885415 0.99812464309026749 0.00830848957483966 0.00000000000000000 0.00000000000000000 -0.00000000000000000 -0.00000000000000000 -0.00000000000000000 -0.00000000000000000 0.00000000000000000 0.00000000000000000 0.00000000000000000 0.00000000000000000 0.00000000000000000 0.00000000000000000 1.00000000000000000 
0.55497174774069302 0.83025993167817402 1.00000000000000000 0.58086739167755197 0.99862683830004939 0.00834462506362887 0.00000000000000000 0.00000000000000000 -0.00000000000000000 -0.00000000000000000 -0.00000000000000000 -0.00000000000000000 0.00000000000000000 0.00000000000000000 0.00000000000000000 0.00000000000000000 0.00000000000000000 0.00000000000000000 1.00000000000000000 
0.56203826200930485 0.82607502692191526 1.00000000000000000 0.58904862254625001 0.99910801055800580 0.00837504061522497 0.00000000000000000 0.00000000000000000 -0.00000000000000000 -0.00000000000000000 -0.00000000000000000 -0.00000000000000000 0.00000000000000000 0.00000000000000000 0.00000000000000000 0.00000000000000000 0.00000000000000000 0.00000000000000000 1.00000000000000000 
ZONE I=5
0.56203826200930485 0.82607502692191526 1.00000000000000000 0.58904862254625001 0.99910801055800580 0.00837504061522497 0.00000000000000000 0.00000000000000000 -0.00000000000000000 -0.00000000000000000 -0.00000000000000000 -0.00000000000000000 0.00000000000000000 0.00000000000000000 0.00000000000000000 0.00000000000000000 0.00000000000000000 0.00000000000000000 1.00000000000000000 
0.56906001144305796 0.82181463460374393 1.00000000000000000 0.59722985341494794 0.99956889677501481 0.00840302757572580 0.00000000000000000 0.00000000000000000 -0.00000000000000000 -0.00000000000000000 -0.00000000000000000 -0.00000000000000000 0.00000000000000000 0.00000000000000000 0.00000000000000000 0.00000000000000000 0.00000000000000000 0.00000000000000000 1.00000000000000000 
0.57603416024205789 0.81748237463595141 1.00000000000000000 0.60541108428364587 1.00001090087240363 0.00842524436264676 0.00000000000000000 0.00000000000000000 -0.00000000000000000 -0.00000000000000000 -0.00000000000000000 -0.00000000000000000 0.00000000000000000 0.00000000000000000 0.00000000000000000 0.00000000000000000 0.00000000000000000 0.00000000000000000 1.00000000000000000 
0.58295990366796813 0.81307886883016822 1.00000000000000000 0.61359231515234369 1.00043402285017202 0.00844169097598784 0.00000000000000000 0.00000000000000000 -0.00000000000000000 -0.00000000000000000 -0.00000000000000000 -0.00000000000000000 0.00000000000000000 0.00000000000000000 0.00000000000000000 0.00000000000000000 0.00000000000000000 0.00000000000000000 1.00000000000000000 
0.58983644502878907 0.80860474815062733 1.00000000000000000 0.62177354602104162 1.00083826270832010 0.00845236741574905 0.00000000000000000 0.00000000000000000 -0.00000000000000000 -0.00000000000000000 -0.00000000000000000 -0.00000000000000000 0.00000000000000000 0.00000000000000000 0.00000000000000000 0.00000000000000000 0.00000000000000000 0.00000000000000000 1.00000000000000000 
ZONE I=5
0.58983644502878907 0.80860474815062733 1.00000000000000000 0.62177354602104162 1.00083826270832010 0.00845236741574905 0.00000000000000000 0.00000000000000000 -0.00000000000000000 -0.00000000000000000 -0.00000000000000000 -0.00000000000000000 0.00000000000000000 0.00000000000000000 0.00000000000000000 0.00000000000000000 0.00000000000000000 0.00000000000000000 1.00000000000000000 
0.59666717737968111 0.80405873628399926 1.00000000000000000 0.62995477688973955 1.00122453536136335 0.00846178156653996 0.00000000000000000 0.00000000000000000 -0.00000000000000000 -0.00000000000000000 -0.00000000000000000 -0.00000000000000000 0.00000000000000000 0.00000000000000000 0.00000000000000000 0.00000000000000000 0.00000000000000000 0.00000000000000000 1.00000000000000000 
0.60344853020504341 0.79944495730262211 1.00000000000000000 0.63813600775843748 1.00159408044979736 0.00846559927845366 0.00000000000000000 0.00000000000000000 -0.00000000000000000 -0.00000000000000000 -0.00000000000000000 -0.00000000000000000 0.00000000000000000 0.00000000000000000 0.00000000000000000 0.00000000000000000 0.00000000000000000 0.00000000000000000 1.00000000000000000 
0.61017977051536054 0.79476403433416276 1.00000000000000000 0.64631723862713542 1.00194689797362235 0.00846382055149015 0.00000000000000000 0.00000000000000000 -0.00000000000000000 -0.00000000000000000 -0.00000000000000000 -0.00000000000000000 0.00000000000000000 0.00000000000000000 0.00000000000000000 0.00000000000000000 0.00000000000000000 0.00000000000000000 1.00000000000000000 
0.61686017319720821 0.79001659861755302 1.00000000000000000 0.65449846949583335 1.00228298793283788 0.00845644538564943 0.00000000000000000 0.00000000000000000 -0.00000000000000000 -0.00000000000000000 -0.00000000000000000 -0.00000000000000000 0.00000000000000000 0.00000000000000000 0.00000000000000000 0.00000000000000000 0.00000000000000000 0.00000000000000000 1.00000000000000000 
ZONE I=5
0.61686017319720821 0.79001659861755302 1.00000000000000000 0.65449846949583335 1.00228298793283788 0.00845644538564943 0.00000000000000000 0.00000000000000000 -0.00000000000000000 -0.00000000000000000 -0.00000000000000000 -0.00000000000000000 0.00000000000000000 0.00000000000000000 0.00000000000000000 0.00000000000000000 0.00000000000000000 0.00000000000000000 1.00000000000000000 
0.62349376967858205 0.78520085126765504 1.00000000000000000 0.66267970036453117 1.00260334970267362 0.00844871732496579 0.00000000000000000 0.00000000000000000 -0.00000000000000000 -0.00000000000000000 -0.00000000000000000 -0.00000000000000000 0.00000000000000000 0.00000000000000000 0.00000000000000000 0.00000000000000000 0.00000000000000000 0.00000000000000000 1.00000000000000000 
0.63007662701128531 0.78032123263350850 1.00000000000000000 0.67086093123322921 1.00290907887849667 0.00843572804692739 0.00000000000000000 0.00000000000000000 -0.00000000000000000 -0.00000000000000000 -0.00000000000000000 -0.00000000000000000 0.00000000000000000 0.00000000000000000 0.00000000000000000 0.00000000000000000 0.00000000000000000 0.00000000000000000 1.00000000000000000 
0.63660807829276778 0.77537835965695601 1.00000000000000000 0.67904216210192703 1.00320017546030771 0.00841747755153424 0.00000000000000000 0.00000000000000000 -0.00000000000000000 -0.00000000000000000 -0.00000000000000000 -0.00000000000000000 0.00000000000000000 0.00000000000000000 0.00000000000000000 0.00000000000000000 0.00000000000000000 0.00000000000000000 1.00000000000000000 
0.64308746421788365 0.77037285644444864 1.00000000000000000 0.68722339297062507 1.00347663944810606 0.00839396583878634 0.00000000000000000 0.00000000000000000 -0.00000000000000000 -0.00000000000000000 -0.00000000000000000 -0.00000000000000000 0.00000000000000000 0.00000000000000000 0.00000000000000000 0.00000000000000000 0.00000000000000000 0.00000000000000000 1.00000000000000000 
ZONE I=5
0.64308746421788365 0.77037285644444864 1.00000000000000000 0.68722339297062507 1.00347663944810606 0.00839396583878634 0.00000000000000000 0.00000000000000000 -0.00000000000000000 -0.00000000000000000 -0.00000000000000000 -0.00000000000000000 0.00000000000000000 0.00000000000000000 0.00000000000000000 0.00000000000000000 0.00000000000000000 0.00000000000000000 1.00000000000000000 
0.64951908595006003 0.76530254810871112 1.00000000000000000 0.69540462383932289 1.00373948959463744 0.00837079347399798 0.00000000000000000 0.00000000000000000 -0.00000000000000000 -0.00000000000000000 -0.00000000000000000 -0.00000000000000000 0.00000000000000000 0.00000000000000000 0.00000000000000000 0.00000000000000000 0.00000000000000000 0.00000000000000000 1.00000000000000000 
0.65589892183587317 0.76017202447112608 1.00000000000000000 0.70358585470802082 1.00398969123050552 0.00834280269845180 0.00000000000000000 0.00000000000000000 -0.00000000000000000 -0.00000000000000000 -0.00000000000000000 -0.00000000000000000 0.00000000000000000 0.00000000000000000 0.00000000000000000 0.00000000000000000 0.00000000000000000 0.00000000000000000 1.00000000000000000 
0.66222636476759078 0.75498189124318515 1.00000000000000000 0.71176708557671875 1.00422724435571009 0.00830999351214778 0.00000000000000000 0.00000000000000000 -0.00000000000000000 -0.00000000000000000 -0.00000000000000000 -0.00000000000000000 0.00000000000000000 0.00000000000000000 0.00000000000000000 0.00000000000000000 0.00000000000000000 0.00000000000000000 1.00000000000000000 
0.66850081488711721 0.74973276045805071 1.00000000000000000 0.71994831644541668 1.00445214897025115 0.00827236591508593 0.00000000000000000 0.00000000000000000 -0.00000000000000000 -0.00000000000000000 -0.00000000000000000 -0.00000000000000000 0.00000000000000000 0.00000000000000000 0.00000000000000000 0.00000000000000000 0.00000000000000000 0.00000000000000000 1.00000000000000000 
ZONE I=5
0.66850081488711721 0.74973276045805071 1.00000000000000000 0.71994831644541668 1.00445214897025115 0.00827236591508593 0.00000000000000000 0.00000000000000000 -0.00000000000000000 -0.00000000000000000 -0.00000000000000000 -0.00000000000000000 0.00000000000000000 0.00000000000000000 0.00000000000000000 0.00000000000000000 0.00000000000000000 0.00000000000000000 1.00000000000000000 
0.67472657236204592 0.74442222069853858 1.00000000000000000 0.72812954731411472 1.00466539962801815 0.00823558810609940 0.00000000000000000 0.00000000000000000 -0.00000000000000000 -0.00000000000000000 -0.00000000000000000 -0.00000000000000000 0.00000000000000000 0.00000000000000000 0.00000000000000000 0.00000000000000000 0.00000000000000000 0.00000000000000000 1.00000000000000000 
0.68089971958914219 0.73905486977822121 1.00000000000000000 0.73631077818281254 1.00486784150412922 0.00819449756289596 0.00000000000000000 0.00000000000000000 -0.00000000000000000 -0.00000000000000000 -0.00000000000000000 -0.00000000000000000 0.00000000000000000 0.00000000000000000 0.00000000000000000 0.00000000000000000 0.00000000000000000 0.00000000000000000 1.00000000000000000 
0.68701970283477221 0.73363129917887038 1.00000000000000000 0.74449200905151047 1.00505947459858436 0.00814909428547562 0.00000000000000000 0.00000000000000000 -0.00000000000000000 -0.00000000000000000 -0.00000000000000000 -0.00000000000000000 0.00000000000000000 0.00000000000000000 0.00000000000000000 0.00000000000000000 0.00000000000000000 0.00000000000000000 1.00000000000000000 
0.69308597523054738 0.72815210596591118 1.00000000000000000 0.75267323992020829 1.00524029891138356 0.00809937827383837 0.00000000000000000 0.00000000000000000 -0.00000000000000000 -0.00000000000000000 -0.00000000000000000 -0.00000000000000000 0.00000000000000000 0.00000000000000000 0.00000000000000000 0.00000000000000000 0.00000000000000000 0.00000000000000000 1.00000000000000000 
ZONE I=5
0.69308597523054738 0.72815210596591118 1.00000000000000000 0.75267323992020829 1.00524029891138356 0.00809937827383837 0.00000000000000000 0.00000000000000000 -0.00000000000000000 -0.00000000000000000 -0.00000000000000000 -0.00000000000000000 0.00000000000000000 0.00000000000000000 0.00000000000000000 0.00000000000000000 0.00000000000000000 0.00000000000000000 1.00000000000000000 
0.69910264633159269 0.72261476745077580 1.00000000000000000 0.76085447078890622 1.00541125700246936 0.00805087190863488 0.00000000000000000 0.00000000000000000 -0.00000000000000000 -0.00000000000000000 -0.00000000000000000 -0.00000000000000000 0.00000000000000000 0.00000000000000000 0.00000000000000000 0.00000000000000000 0.00000000000000000 0.00000000000000000 1.00000000000000000 
0.70506603065079632 0.71702377474908308 1.00000000000000000 0.76903570165760415 1.00557308225724018 0.00799858567292944 0.00000000000000000 0.00000000000000000 -0.00000000000000000 -0.00000000000000000 -0.00000000000000000 -0.00000000000000000 0.00000000000000000 0.00000000000000000 0.00000000000000000 0.00000000000000000 0.00000000000000000 0.00000000000000000 1.00000000000000000 
0.71097562163198824 0.71137970375117088 1.00000000000000000 0.77721693252630208 1.00572577467569557 0.00794251956672203 0.00000000000000000 0.00000000000000000 -0.00000000000000000 -0.00000000000000000 -0.00000000000000000 -0.00000000000000000 0.00000000000000000 0.00000000000000000 0.00000000000000000 0.00000000000000000 0.00000000000000000 0.00000000000000000 1.00000000000000000 
0.71683091918896424 0.70568313529369087 1.00000000000000000 0.78539816339500002 1.00586933425783598 0.00788267359001266 0.00000000000000000 0.00000000000000000 -0.00000000000000000 -0.00000000000000000 -0.00000000000000000 -0.00000000000000000 0.00000000000000000 0.00000000000000000 0.00000000000000000 0.00000000000000000 0.00000000000000000 0.00000000000000000 1.00000000000000000 
ZONE I=5
0.71683091918896424 0.70568313529369087 1.00000000000000000 0.78539816339500002 1.00586933425783598 0.00788267359001266 0.00000000000000000 0.00000000000000000 -0.00000000000000000 -0.00000000000000000 -0.00000000000000000 -0.00000000000000000 0.00000000000000000 0.00000000000000000 0.00000000000000000 0.00000000000000000 0.00000000000000000 0.00000000000000000 1.00000000000000000 
0.72263571795991000 0.69993154247205214 1.00000000000000000 0.79357939426369795 1.00600463505696291 0.00782427393739106 0.00000000000000000 0.00000000000000000 -0.00000000000000000 -0.00000000000000000 -0.00000000000000000 -0.00000000000000000 0.00000000000000000 0.00000000000000000 0.00000000000000000 0.00000000000000000 0.00000000000000000 0.00000000000000000 1.00000000000000000 
0.72838664236355022 0.69412922123034004 1.00000000000000000 0.80176062513239588 1.00613230648830032 0.00776262713376596 0.00000000000000000 0.00000000000000000 -0.00000000000000000 -0.00000000000000000 -0.00000000000000000 -0.00000000000000000 0.00000000000000000 0.00000000000000000 0.00000000000000000 0.00000000000000000 0.00000000000000000 0.00000000000000000 1.00000000000000000 
0.73408322727958386 0.68827673176491866 1.00000000000000000 0.80994185600109381 1.00625234855184797 0.00769773317913737 0.00000000000000000 0.00000000000000000 -0.00000000000000000 -0.00000000000000000 -0.00000000000000000 -0.00000000000000000 0.00000000000000000 0.00000000000000000 0.00000000000000000 0.00000000000000000 0.00000000000000000 0.00000000000000000 1.00000000000000000 
0.73972501367104548 0.68237463867404313 1.00000000000000000 0.81812308686979174 1.00636476124760610 0.00762959207350529 0.00000000000000000 0.00000000000000000 -0.00000000000000000 -0.00000000000000000 -0.00000000000000000 -0.00000000000000000 0.00000000000000000 0.00000000000000000 0.00000000000000000 0.00000000000000000 0.00000000000000000 0.00000000000000000 1.00000000000000000 
ZONE I=5
0.73972501367104548 0.68237463867404313 1.00000000000000000 0.81812308686979174 1.00636476124760610 0.00762959207350529 0.00000000000000000 0.00000000000000000 -0.00000000000000000 -0.00000000000000000 -0.00000000000000000 -0.00000000000000000 0.00000000000000000 0.00000000000000000 0.00000000000000000 0.00000000000000000 0.00000000000000000 0.00000000000000000 1.00000000000000000 
0.74531540808488372 0.67642049810797822 1.00000000000000000 0.82630431773848967 1.00647034148843773 0.00756303467727000 0.00000000000000000 0.00000000000000000 -0.00000000000000000 -0.00000000000000000 -0.00000000000000000 -0.00000000000000000 0.00000000000000000 0.00000000000000000 0.00000000000000000 0.00000000000000000 0.00000000000000000 0.00000000000000000 1.00000000000000000 
0.75085138467047707 0.67041834664440036 1.00000000000000000 0.83448554860718749 1.00656962262867933 0.00749374273258112 0.00000000000000000 0.00000000000000000 -0.00000000000000000 -0.00000000000000000 -0.00000000000000000 -0.00000000000000000 0.00000000000000000 0.00000000000000000 0.00000000000000000 0.00000000000000000 0.00000000000000000 0.00000000000000000 1.00000000000000000 
0.75633251459273110 0.66436872960683824 1.00000000000000000 0.84266677947588542 1.00666260466833135 0.00742171623943866 0.00000000000000000 0.00000000000000000 -0.00000000000000000 -0.00000000000000000 -0.00000000000000000 -0.00000000000000000 0.00000000000000000 0.00000000000000000 0.00000000000000000 0.00000000000000000 0.00000000000000000 0.00000000000000000 1.00000000000000000 
0.76175837473601982 0.65827219625942857 1.00000000000000000 0.85084801034458335 1.00674928760739379 0.00734695519784260 0.00000000000000000 0.00000000000000000 -0.00000000000000000 -0.00000000000000000 -0.00000000000000000 -0.00000000000000000 0.00000000000000000 0.00000000000000000 0.00000000000000000 0.00000000000000000 0.00000000000000000 0.00000000000000000 1.00000000000000000 
ZONE I=5
0.76175837473601982 0.65827219625942857 1.00000000000000000 0.85084801034458335 1.00674928760739379 0.00734695519784260 0.00000000000000000 0.00000000000000000 -0.00000000000000000 -0.00000000000000000 -0.00000000000000000 -0.00000000000000000 0.00000000000000000 0.00000000000000000 0.00000000000000000 0.00000000000000000 0.00000000000000000 0.00000000000000000 1.00000000000000000 
0.76713194924966988 0.65212645343897824 1.00000000000000000 0.85902924121328128 1.00683038796769520 0.00727383662988196 0.00000000000000000 0.00000000000000000 -0.00000000000000000 -0.00000000000000000 -0.00000000000000000 -0.00000000000000000 0.00000000000000000 0.00000000000000000 0.00000000000000000 0.00000000000000000 0.00000000000000000 0.00000000000000000 1.00000000000000000 
0.77245057408261897 0.64593523569678768 1.00000000000000000 0.86721047208197921 1.00690635128417427 0.00719846225406978 0.00000000000000000 0.00000000000000000 -0.00000000000000000 -0.00000000000000000 -0.00000000000000000 -0.00000000000000000 0.00000000000000000 0.00000000000000000 0.00000000000000000 0.00000000000000000 0.00000000000000000 0.00000000000000000 1.00000000000000000 
0.77771385218993594 0.63969907494195044 1.00000000000000000 0.87539170295067714 1.00697717755683103 0.00712083207040606 0.00000000000000000 0.00000000000000000 -0.00000000000000000 -0.00000000000000000 -0.00000000000000000 -0.00000000000000000 0.00000000000000000 0.00000000000000000 0.00000000000000000 0.00000000000000000 0.00000000000000000 0.00000000000000000 1.00000000000000000 
0.78292139191455978 0.63341850663534149 1.00000000000000000 0.88357293381937496 1.00704286678566568 0.00704094607889081 0.00000000000000000 0.00000000000000000 -0.00000000000000000 -0.00000000000000000 -0.00000000000000000 -0.00000000000000000 0.00000000000000000 0.00000000000000000 0.00000000000000000 0.00000000000000000 0.00000000000000000 0.00000000000000000 1.00000000000000000 
ZONE I=5
0.78292139191455978 0.63341850663534149 1.00000000000000000 0.88357293381937496 1.00704286678566568 0.00704094607889081 0.00000000000000000 0.00000000000000000 -0.00000000000000000 -0.00000000000000000 -0.00000000000000000 -0.00000000000000000 0.00000000000000000 0.00000000000000000 0.00000000000000000 0.00000000000000000 0.00000000000000000 0.00000000000000000 1.00000000000000000 
0.78807574928766311 0.62709143758038011 1.00000000000000000 0.89175416468807289 1.00710405545033899 0.00696270044020316 0.00000000000000000 0.00000000000000000 -0.00000000000000000 -0.00000000000000000 -0.00000000000000000 -0.00000000000000000 0.00000000000000000 0.00000000000000000 0.00000000000000000 0.00000000000000000 0.00000000000000000 0.00000000000000000 1.00000000000000000 
0.79317461462107641 0.62072127605583505 1.00000000000000000 0.89993539555677082 1.00716110983308771 0.00688263521191923 0.00000000000000000 0.00000000000000000 -0.00000000000000000 -0.00000000000000000 -0.00000000000000000 -0.00000000000000000 0.00000000000000000 0.00000000000000000 0.00000000000000000 0.00000000000000000 0.00000000000000000 0.00000000000000000 1.00000000000000000 
0.79821761883412468 0.61430854241530231 1.00000000000000000 0.90811662642546886 1.00721402993391185 0.00680075039403902 0.00000000000000000 0.00000000000000000 -0.00000000000000000 -0.00000000000000000 -0.00000000000000000 -0.00000000000000000 0.00000000000000000 0.00000000000000000 0.00000000000000000 0.00000000000000000 0.00000000000000000 0.00000000000000000 1.00000000000000000 
0.80320439794040854 0.60785376023699400 1.00000000000000000 0.91629785729416668 1.00726281575281118 0.00671704598656251 0.00000000000000000 0.00000000000000000 -0.00000000000000000 -0.00000000000000000 -0.00000000000000000 -0.00000000000000000 0.00000000000000000 0.00000000000000000 0.00000000000000000 0.00000000000000000 0.00000000000000000 0.00000000000000000 1.00000000000000000 
ZONE I=5
0.80320439794040854 0.60785376023699400 1.00000000000000000 0.91629785729416668 1.00726281575281118 0.00671704598656251 0.00000000000000000 0.00000000000000000 -0.00000000000000000 -0.00000000000000000 -0.00000000000000000 -0.00000000000000000 0.00000000000000000 0.00000000000000000 0.00000000000000000 0.00000000000000000 0.00000000000000000 0.00000000000000000 1.00000000000000000 
0.80813709432192704 0.60135506918379944 1.00000000000000000 0.92447908816286462 1.00730802642637896 0.00663493399612857 0.00000000000000000 0.00000000000000000 -0.00000000000000000 -0.00000000000000000 -0.00000000000000000 -0.00000000000000000 0.00000000000000000 0.00000000000000000 0.00000000000000000 0.00000000000000000 0.00000000000000000 0.00000000000000000 1.00000000000000000 
0.81301373222312689 0.59481554223856514 1.00000000000000000 0.93266031903156255 1.00734995773158764 0.00655139146328361 0.00000000000000000 0.00000000000000000 -0.00000000000000000 -0.00000000000000000 -0.00000000000000000 -0.00000000000000000 0.00000000000000000 0.00000000000000000 0.00000000000000000 0.00000000000000000 0.00000000000000000 0.00000000000000000 1.00000000000000000 
0.81783396734927705 0.58823569026897493 1.00000000000000000 0.94084154990026059 1.00738860966843702 0.00646641838802764 0.00000000000000000 0.00000000000000000 -0.00000000000000000 -0.00000000000000000 -0.00000000000000000 -0.00000000000000000 0.00000000000000000 0.00000000000000000 0.00000000000000000 0.00000000000000000 0.00000000000000000 0.00000000000000000 1.00000000000000000 
0.82259746024707003 0.58161602709145521 1.00000000000000000 0.94902278076895841 1.00742398223692708 0.00638001477036066 0.00000000000000000 0.00000000000000000 -0.00000000000000000 -0.00000000000000000 -0.00000000000000000 -0.00000000000000000 0.00000000000000000 0.00000000000000000 0.00000000000000000 0.00000000000000000 0.00000000000000000 0.00000000000000000 1.00000000000000000 
ZONE I=5
0.82259746024707003 0.58161602709145521 1.00000000000000000 0.94902278076895841 1.00742398223692708 0.00638001477036066 0.00000000000000000 0.00000000000000000 -0.00000000000000000 -0.00000000000000000 -0.00000000000000000 -0.00000000000000000 0.00000000000000000 0.00000000000000000 0.00000000000000000 0.00000000000000000 0.00000000000000000 0.00000000000000000 1.00000000000000000 
0.82730596761436215 0.57495494402666991 1.00000000000000000 0.95720401163765634 1.00745656141790474 0.00629512248159825 0.00000000000000000 0.00000000000000000 -0.00000000000000000 -0.00000000000000000 -0.00000000000000000 -0.00000000000000000 0.00000000000000000 0.00000000000000000 0.00000000000000000 0.00000000000000000 0.00000000000000000 0.00000000000000000 1.00000000000000000 
0.83195781922741752 0.56825518190477664 1.00000000000000000 0.96538524250635416 1.00748658120917534 0.00620913993389388 0.00000000000000000 0.00000000000000000 -0.00000000000000000 -0.00000000000000000 -0.00000000000000000 -0.00000000000000000 0.00000000000000000 0.00000000000000000 0.00000000000000000 0.00000000000000000 0.00000000000000000 0.00000000000000000 1.00000000000000000 
0.83655269300259194 0.56151724423994942 1.00000000000000000 0.97356647337505220 1.00751404161073865 0.00612206712724755 0.00000000000000000 0.00000000000000000 -0.00000000000000000 -0.00000000000000000 -0.00000000000000000 -0.00000000000000000 0.00000000000000000 0.00000000000000000 0.00000000000000000 0.00000000000000000 0.00000000000000000 0.00000000000000000 1.00000000000000000 
0.84109027148598148 0.55474163726091408 1.00000000000000000 0.98174770424375002 1.00753894262259469 0.00603390406165925 0.00000000000000000 0.00000000000000000 -0.00000000000000000 -0.00000000000000000 -0.00000000000000000 -0.00000000000000000 0.00000000000000000 0.00000000000000000 0.00000000000000000 0.00000000000000000 0.00000000000000000 0.00000000000000000 1.00000000000000000 
ZONE I=5
0.84109027148598148 0.55474163726091408 1.00000000000000000 0.98174770424375002 1.00753894262259469 0.00603390406165925 0.00000000000000000 0.00000000000000000 -0.00000000000000000 -0.00000000000000000 -0.00000000000000000 -0.00000000000000000 0.00000000000000000 0.00000000000000000 0.00000000000000000 0.00000000000000000 0.00000000000000000 0.00000000000000000 1.00000000000000000 
0.84557196193876305 0.54792701102460384 1.00000000000000000 0.98992893511244806 1.00756170215575036 0.00594714858839895 0.00000000000000000 0.00000000000000000 -0.00000000000000000 -0.00000000000000000 -0.00000000000000000 -0.00000000000000000 0.00000000000000000 0.00000000000000000 0.00000000000000000 0.00000000000000000 0.00000000000000000 0.00000000000000000 1.00000000000000000 
0.84999636708051118 0.54107578672163492 1.00000000000000000 0.99811016598114588 1.00758250092619250 0.00585959502207679 0.00000000000000000 0.00000000000000000 -0.00000000000000000 -0.00000000000000000 -0.00000000000000000 -0.00000000000000000 0.00000000000000000 0.00000000000000000 0.00000000000000000 0.00000000000000000 0.00000000000000000 0.00000000000000000 1.00000000000000000 
0.85436318500985586 0.53418846259648556 1.00000000000000000 1.00629139684984370 1.00760133893392112 0.00577124336269277 0.00000000000000000 0.00000000000000000 -0.00000000000000000 -0.00000000000000000 -0.00000000000000000 -0.00000000000000000 0.00000000000000000 0.00000000000000000 0.00000000000000000 0.00000000000000000 0.00000000000000000 0.00000000000000000 1.00000000000000000 
0.85867211828336243 0.52726553940702436 1.00000000000000000 1.01447262771854163 1.00761821617893621 0.00568209361024690 0.00000000000000000 0.00000000000000000 -0.00000000000000000 -0.00000000000000000 -0.00000000000000000 -0.00000000000000000 0.00000000000000000 0.00000000000000000 0.00000000000000000 0.00000000000000000 0.00000000000000000 0.00000000000000000 1.00000000000000000 
ZONE I=5
0.85867211828336243 0.52726553940702436 1.00000000000000000 1.01447262771854163 1.00761821617893621 0.00568209361024690 0.00000000000000000 0.00000000000000000 -0.00000000000000000 -0.00000000000000000 -0.00000000000000000 -0.00000000000000000 0.00000000000000000 0.00000000000000000 0.00000000000000000 0.00000000000000000 0.00000000000000000 0.00000000000000000 1.00000000000000000 
0.86292426529044453 0.52030592359895378 1.00000000000000000 1.02265385858723956 1.00763348808437869 0.00559423364921679 0.00000000000000000 0.00000000000000000 -0.00000000000000000 -0.00000000000000000 -0.00000000000000000 -0.00000000000000000 0.00000000000000000 0.00000000000000000 0.00000000000000000 0.00000000000000000 0.00000000000000000 0.00000000000000000 1.00000000000000000 
0.86711846769048651 0.51331173613406678 1.00000000000000000 1.03083508945593749 1.00764729017081978 0.00550582185243917 0.00000000000000000 0.00000000000000000 -0.00000000000000000 -0.00000000000000000 -0.00000000000000000 -0.00000000000000000 0.00000000000000000 0.00000000000000000 0.00000000000000000 0.00000000000000000 0.00000000000000000 0.00000000000000000 1.00000000000000000 
0.87125444221771631 0.50628347194164480 1.00000000000000000 1.03901632032463542 1.00765962243825946 0.00541685821991406 0.00000000000000000 0.00000000000000000 -0.00000000000000000 -0.00000000000000000 -0.00000000000000000 -0.00000000000000000 0.00000000000000000 0.00000000000000000 0.00000000000000000 0.00000000000000000 0.00000000000000000 0.00000000000000000 1.00000000000000000 
0.87533190992985421 0.49922162828861771 1.00000000000000000 1.04719755119333335 1.00767048488669730 0.00532734275164144 0.00000000000000000 0.00000000000000000 -0.00000000000000000 -0.00000000000000000 -0.00000000000000000 -0.00000000000000000 0.00000000000000000 0.00000000000000000 0.00000000000000000 0.00000000000000000 0.00000000000000000 0.00000000000000000 1.00000000000000000 
ZONE I=5
0.87533190992985421 0.49922162828861771 1.00000000000000000 1.04719755119333335 1.00767048488669730 0.00532734275164144 0.00000000000000000 0.00000000000000000 -0.00000000000000000 -0.00000000000000000 -0.00000000000000000 -0.00000000000000000 0.00000000000000000 0.00000000000000000 0.00000000000000000 0.00000000000000000 0.00000000000000000 0.00000000000000000 1.00000000000000000 
0.87935170229065507 0.49212535834952592 1.00000000000000000 1.05537878206203128 1.00768017625329809 0.00523899210192688 0.00000000000000000 0.00000000000000000 -0.00000000000000000 -0.00000000000000000 -0.00000000000000000 -0.00000000000000000 0.00000000000000000 0.00000000000000000 0.00000000000000000 0.00000000000000000 0.00000000000000000 0.00000000000000000 1.00000000000000000 
0.88331286644681017 0.48499650704091424 1.00000000000000000 1.06356001293072921 1.00768879439655223 0.00515029319467418 0.00000000000000000 0.00000000000000000 -0.00000000000000000 -0.00000000000000000 -0.00000000000000000 -0.00000000000000000 0.00000000000000000 0.00000000000000000 0.00000000000000000 0.00000000000000000 0.00000000000000000 0.00000000000000000 1.00000000000000000 
0.88721513663795448 0.47783556774654690 1.00000000000000000 1.07174124379942715 1.00769633931645997 0.00506124602988335 0.00000000000000000 0.00000000000000000 -0.00000000000000000 -0.00000000000000000 -0.00000000000000000 -0.00000000000000000 0.00000000000000000 0.00000000000000000 0.00000000000000000 0.00000000000000000 0.00000000000000000 0.00000000000000000 1.00000000000000000 
0.89105825132679806 0.47064303603095725 1.00000000000000000 1.07992247466812508 1.00770281101302106 0.00497185060755439 0.00000000000000000 0.00000000000000000 -0.00000000000000000 -0.00000000000000000 -0.00000000000000000 -0.00000000000000000 0.00000000000000000 0.00000000000000000 0.00000000000000000 0.00000000000000000 0.00000000000000000 0.00000000000000000 1.00000000000000000 
ZONE I=5
0.89105825132679806 0.47064303603095725 1.00000000000000000 1.07992247466812508 1.00770281101302106 0.00497185060755439 0.00000000000000000 0.00000000000000000 -0.00000000000000000 -0.00000000000000000 -0.00000000000000000 -0.00000000000000000 0.00000000000000000 0.00000000000000000 0.00000000000000000 0.00000000000000000 0.00000000000000000 0.00000000000000000 1.00000000000000000 
0.89484281627304663 0.46341829670568790 1.00000000000000000 1.08810370553682301 1.00770845736775816 0.00488349327547178 0.00000000000000000 0.00000000000000000 -0.00000000000000000 -0.00000000000000000 -0.00000000000000000 -0.00000000000000000 0.00000000000000000 0.00000000000000000 0.00000000000000000 0.00000000000000000 0.00000000000000000 0.00000000000000000 1.00000000000000000 
0.89856805254213679 0.45616294581692868 1.00000000000000000 1.09628493640552094 1.00771334545946956 0.00479495241167832 0.00000000000000000 0.00000000000000000 -0.00000000000000000 -0.00000000000000000 -0.00000000000000000 -0.00000000000000000 0.00000000000000000 0.00000000000000000 0.00000000000000000 0.00000000000000000 0.00000000000000000 0.00000000000000000 1.00000000000000000 
0.90223371110123529 0.44887747675258288 1.00000000000000000 1.10446616727421887 1.00771747528815481 0.00470622801617400 0.00000000000000000 0.00000000000000000 -0.00000000000000000 -0.00000000000000000 -0.00000000000000000 -0.00000000000000000 0.00000000000000000 0.00000000000000000 0.00000000000000000 0.00000000000000000 0.00000000000000000 0.00000000000000000 1.00000000000000000 
0.90583954707035852 0.44156238493777950 1.00000000000000000 1.11264739814291680 1.00772084685381413 0.00461732008895881 0.00000000000000000 0.00000000000000000 -0.00000000000000000 -0.00000000000000000 -0.00000000000000000 -0.00000000000000000 0.00000000000000000 0.00000000000000000 0.00000000000000000 0.00000000000000000 0.00000000000000000 0.00000000000000000 1.00000000000000000 
ZONE I=5
0.90583954707035852 0.44156238493777950 1.00000000000000000 1.11264739814291680 1.00772084685381413 0.00461732008895881 0.00000000000000000 0.00000000000000000 -0.00000000000000000 -0.00000000000000000 -0.00000000000000000 -0.00000000000000000 0.00000000000000000 0.00000000000000000 0.00000000000000000 0.00000000000000000 0.00000000000000000 0.00000000000000000 1.00000000000000000 
0.90938597955509215 0.43421726792430743 1.00000000000000000 1.12082862901161451 1.00772366290656223 0.00452932591072405 0.00000000000000000 0.00000000000000000 -0.00000000000000000 -0.00000000000000000 -0.00000000000000000 -0.00000000000000000 0.00000000000000000 0.00000000000000000 0.00000000000000000 0.00000000000000000 0.00000000000000000 0.00000000000000000 1.00000000000000000 
0.91287237469970228 0.42684350159435197 1.00000000000000000 1.12900985988031244 1.00772596592096919 0.00444127817758775 0.00000000000000000 0.00000000000000000 -0.00000000000000000 -0.00000000000000000 -0.00000000000000000 -0.00000000000000000 0.00000000000000000 0.00000000000000000 0.00000000000000000 0.00000000000000000 0.00000000000000000 0.00000000000000000 1.00000000000000000 
0.91629849971272492 0.41944158065041154 1.00000000000000000 1.13719109074901015 1.00772775589703523 0.00435317688954991 0.00000000000000000 0.00000000000000000 -0.00000000000000000 -0.00000000000000000 -0.00000000000000000 -0.00000000000000000 0.00000000000000000 0.00000000000000000 0.00000000000000000 0.00000000000000000 0.00000000000000000 0.00000000000000000 1.00000000000000000 
0.91966412591142266 0.41201200169742408 1.00000000000000000 1.14537232161770830 1.00772903283476012 0.00426502204661052 0.00000000000000000 0.00000000000000000 -0.00000000000000000 -0.00000000000000000 -0.00000000000000000 -0.00000000000000000 0.00000000000000000 0.00000000000000000 0.00000000000000000 0.00000000000000000 0.00000000000000000 0.00000000000000000 1.00000000000000000 
ZONE I=5
0.91966412591142266 0.41201200169742408 1.00000000000000000 1.14537232161770830 1.00772903283476012 0.00426502204661052 0.00000000000000000 0.00000000000000000 -0.00000000000000000 -0.00000000000000000 -0.00000000000000000 -0.00000000000000000 0.00000000000000000 0.00000000000000000 0.00000000000000000 0.00000000000000000 0.00000000000000000 0.00000000000000000 1.00000000000000000 
0.92296952169135860 0.40455455370013094 1.00000000000000000 1.15355355248640623 1.00772995987538971 0.00417766205343936 0.00000000000000000 0.00000000000000000 -0.00000000000000000 -0.00000000000000000 -0.00000000000000000 -0.00000000000000000 0.00000000000000000 0.00000000000000000 0.00000000000000000 0.00000000000000000 0.00000000000000000 0.00000000000000000 1.00000000000000000 
0.92621417263923345 0.39707042144534677 1.00000000000000000 1.16173478335510416 1.00773056033783259 0.00409034787801066 0.00000000000000000 0.00000000000000000 -0.00000000000000000 -0.00000000000000000 -0.00000000000000000 -0.00000000000000000 0.00000000000000000 0.00000000000000000 0.00000000000000000 0.00000000000000000 0.00000000000000000 0.00000000000000000 1.00000000000000000 
0.92939786195469754 0.38956010201460595 1.00000000000000000 1.16991601422380187 1.00773083422208898 0.00400307952032442 0.00000000000000000 0.00000000000000000 -0.00000000000000000 -0.00000000000000000 -0.00000000000000000 -0.00000000000000000 0.00000000000000000 0.00000000000000000 0.00000000000000000 0.00000000000000000 0.00000000000000000 0.00000000000000000 1.00000000000000000 
0.93252037692396883 0.38202409426215966 1.00000000000000000 1.17809724509250002 1.00773078152815865 0.00391585698038063 0.00000000000000000 0.00000000000000000 -0.00000000000000000 -0.00000000000000000 -0.00000000000000000 -0.00000000000000000 0.00000000000000000 0.00000000000000000 0.00000000000000000 0.00000000000000000 0.00000000000000000 0.00000000000000000 1.00000000000000000 
ZONE I=5
0.93252037692396883 0.38202409426215966 1.00000000000000000 1.17809724509250002 1.00773078152815865 0.00391585698038063 0.00000000000000000 0.00000000000000000 -0.00000000000000000 -0.00000000000000000 -0.00000000000000000 -0.00000000000000000 0.00000000000000000 0.00000000000000000 0.00000000000000000 0.00000000000000000 0.00000000000000000 0.00000000000000000 1.00000000000000000 
0.93558186752934736 0.37446235594390548 1.00000000000000000 1.18627847596119795 1.00773053104123123 0.00382931797054068 0.00000000000000000 0.00000000000000000 -0.00000000000000000 -0.00000000000000000 -0.00000000000000000 -0.00000000000000000 0.00000000000000000 0.00000000000000000 0.00000000000000000 0.00000000000000000 0.00000000000000000 0.00000000000000000 1.00000000000000000 
0.93858191656738221 0.36687590926835661 1.00000000000000000 1.19445970682989588 1.00773009165479555 0.00374289756756103 0.00000000000000000 0.00000000000000000 -0.00000000000000000 -0.00000000000000000 -0.00000000000000000 -0.00000000000000000 0.00000000000000000 0.00000000000000000 0.00000000000000000 0.00000000000000000 0.00000000000000000 0.00000000000000000 1.00000000000000000 
0.94152032316414458 0.35926525451704222 1.00000000000000000 1.20264093769859359 1.00772946336885205 0.00365659577144168 0.00000000000000000 0.00000000000000000 -0.00000000000000000 -0.00000000000000000 -0.00000000000000000 -0.00000000000000000 0.00000000000000000 0.00000000000000000 0.00000000000000000 0.00000000000000000 0.00000000000000000 0.00000000000000000 1.00000000000000000 
0.94439689052802578 0.35163089361663347 1.00000000000000000 1.21082216856729175 1.00772864618340052 0.00357041258218263 0.00000000000000000 0.00000000000000000 -0.00000000000000000 -0.00000000000000000 -0.00000000000000000 -0.00000000000000000 0.00000000000000000 0.00000000000000000 0.00000000000000000 0.00000000000000000 0.00000000000000000 0.00000000000000000 1.00000000000000000 
ZONE I=5
0.94439689052802578 0.35163089361663347 1.00000000000000000 1.21082216856729175 1.00772864618340052 0.00357041258218263 0.00000000000000000 0.00000000000000000 -0.00000000000000000 -0.00000000000000000 -0.00000000000000000 -0.00000000000000000 0.00000000000000000 0.00000000000000000 0.00000000000000000 0.00000000000000000 0.00000000000000000 0.00000000000000000 1.00000000000000000 
0.94721167863060296 0.34397293011743929 1.00000000000000000 1.21900339943598968 1.00772773946298244 0.00348481055566734 0.00000000000000000 0.00000000000000000 -0.00000000000000000 -0.00000000000000000 -0.00000000000000000 -0.00000000000000000 0.00000000000000000 0.00000000000000000 0.00000000000000000 0.00000000000000000 0.00000000000000000 0.00000000000000000 1.00000000000000000 
0.94996434865082868 0.33629225092040838 1.00000000000000000 1.22718463030468761 1.00772674171714471 0.00339937712751865 0.00000000000000000 0.00000000000000000 -0.00000000000000000 -0.00000000000000000 -0.00000000000000000 -0.00000000000000000 0.00000000000000000 0.00000000000000000 0.00000000000000000 0.00000000000000000 0.00000000000000000 0.00000000000000000 1.00000000000000000 
0.95265471571740035 0.32858936009392647 1.00000000000000000 1.23536586117338532 1.00772565294588734 0.00331411229773657 0.00000000000000000 0.00000000000000000 -0.00000000000000000 -0.00000000000000000 -0.00000000000000000 -0.00000000000000000 0.00000000000000000 0.00000000000000000 0.00000000000000000 0.00000000000000000 0.00000000000000000 0.00000000000000000 1.00000000000000000 
0.95528259905113810 0.32086476322387225 1.00000000000000000 1.24354709204208325 1.00772447314920988 0.00322901606632109 0.00000000000000000 0.00000000000000000 -0.00000000000000000 -0.00000000000000000 -0.00000000000000000 -0.00000000000000000 0.00000000000000000 0.00000000000000000 0.00000000000000000 0.00000000000000000 0.00000000000000000 0.00000000000000000 1.00000000000000000 
ZONE I=5
0.95528259905113810 0.32086476322387225 1.00000000000000000 1.24354709204208325 1.00772447314920988 0.00322901606632109 0.00000000000000000 0.00000000000000000 -0.00000000000000000 -0.00000000000000000 -0.00000000000000000 -0.00000000000000000 0.00000000000000000 0.00000000000000000 0.00000000000000000 0.00000000000000000 0.00000000000000000 0.00000000000000000 1.00000000000000000 
0.95784799309033042 0.31311868701191903 1.00000000000000000 1.25172832291078118 1.00772327685705521 0.00314440832598449 0.00000000000000000 0.00000000000000000 -0.00000000000000000 -0.00000000000000000 -0.00000000000000000 -0.00000000000000000 0.00000000000000000 0.00000000000000000 0.00000000000000000 0.00000000000000000 0.00000000000000000 0.00000000000000000 1.00000000000000000 
0.96035062183553166 0.30535190856502625 1.00000000000000000 1.25990955377947911 1.00772205559124473 0.00305999986157388 0.00000000000000000 0.00000000000000000 -0.00000000000000000 -0.00000000000000000 -0.00000000000000000 -0.00000000000000000 0.00000000000000000 0.00000000000000000 0.00000000000000000 0.00000000000000000 0.00000000000000000 0.00000000000000000 1.00000000000000000 
0.96279031659613878 0.29756493610544932 1.00000000000000000 1.26809078464817704 1.00772080935177843 0.00297579067308925 0.00000000000000000 0.00000000000000000 -0.00000000000000000 -0.00000000000000000 -0.00000000000000000 -0.00000000000000000 0.00000000000000000 0.00000000000000000 0.00000000000000000 0.00000000000000000 0.00000000000000000 0.00000000000000000 1.00000000000000000 
0.96516691279392097 0.28975827924358960 1.00000000000000000 1.27627201551687497 1.00771953813865656 0.00289178076053060 0.00000000000000000 0.00000000000000000 -0.00000000000000000 -0.00000000000000000 -0.00000000000000000 -0.00000000000000000 0.00000000000000000 0.00000000000000000 0.00000000000000000 0.00000000000000000 0.00000000000000000 0.00000000000000000 1.00000000000000000 
ZONE I=5
0.96516691279392097 0.28975827924358960 1.00000000000000000 1.27627201551687497 1.00771953813865656 0.00289178076053060 0.00000000000000000 0.00000000000000000 -0.00000000000000000 -0.00000000000000000 -0.00000000000000000 -0.00000000000000000 0.00000000000000000 0.00000000000000000 0.00000000000000000 0.00000000000000000 0.00000000000000000 0.00000000000000000 1.00000000000000000 
0.96748036000914417 0.28193226610755640 1.00000000000000000 1.28445324638557290 1.00771829586456074 0.00280817659537300 0.00000000000000000 0.00000000000000000 -0.00000000000000000 -0.00000000000000000 -0.00000000000000000 -0.00000000000000000 0.00000000000000000 0.00000000000000000 0.00000000000000000 0.00000000000000000 0.00000000000000000 0.00000000000000000 1.00000000000000000 
0.96973043253706137 0.27408758740713551 1.00000000000000000 1.29263447725427083 1.00771706986596921 0.00272478621649786 0.00000000000000000 0.00000000000000000 -0.00000000000000000 -0.00000000000000000 -0.00000000000000000 -0.00000000000000000 0.00000000000000000 0.00000000000000000 0.00000000000000000 0.00000000000000000 0.00000000000000000 0.00000000000000000 1.00000000000000000 
0.97191697811405875 0.26622475568314347 1.00000000000000000 1.30081570812296876 1.00771586014288173 0.00264160962390519 0.00000000000000000 0.00000000000000000 -0.00000000000000000 -0.00000000000000000 -0.00000000000000000 -0.00000000000000000 0.00000000000000000 0.00000000000000000 0.00000000000000000 0.00000000000000000 0.00000000000000000 0.00000000000000000 1.00000000000000000 
0.97403984861629955 0.25834428473238935 1.00000000000000000 1.30899693899166669 1.00771466669529852 0.00255864681759498 0.00000000000000000 0.00000000000000000 -0.00000000000000000 -0.00000000000000000 -0.00000000000000000 -0.00000000000000000 0.00000000000000000 0.00000000000000000 0.00000000000000000 0.00000000000000000 0.00000000000000000 0.00000000000000000 1.00000000000000000 
ZONE I=5
0.97403984861629955 0.25834428473238935 1.00000000000000000 1.30899693899166669 1.00771466669529852 0.00255864681759498 0.00000000000000000 0.00000000000000000 -0.00000000000000000 -0.00000000000000000 -0.00000000000000000 -0.00000000000000000 0.00000000000000000 0.00000000000000000 0.00000000000000000 0.00000000000000000 0.00000000000000000 0.00000000000000000 1.00000000000000000 
0.97609896586742162 0.25044658372900253 1.00000000000000000 1.31717816986036462 1.00771352665822267 0.00247601676600525 0.00000000000000000 0.00000000000000000 -0.00000000000000000 -0.00000000000000000 -0.00000000000000000 -0.00000000000000000 0.00000000000000000 0.00000000000000000 0.00000000000000000 0.00000000000000000 0.00000000000000000 0.00000000000000000 1.00000000000000000 
0.97809414467184108 0.24253227802755237 1.00000000000000000 1.32535940072906255 1.00771242544574480 0.00239360164366211 0.00000000000000000 0.00000000000000000 -0.00000000000000000 -0.00000000000000000 -0.00000000000000000 -0.00000000000000000 0.00000000000000000 0.00000000000000000 0.00000000000000000 0.00000000000000000 0.00000000000000000 0.00000000000000000 1.00000000000000000 
0.98002524947881986 0.23460188446937524 1.00000000000000000 1.33354063159776048 1.00771136305786468 0.00231140145056555 0.00000000000000000 0.00000000000000000 -0.00000000000000000 -0.00000000000000000 -0.00000000000000000 -0.00000000000000000 0.00000000000000000 0.00000000000000000 0.00000000000000000 0.00000000000000000 0.00000000000000000 0.00000000000000000 1.00000000000000000 
0.98189214890900001 0.22665592101616544 1.00000000000000000 1.34172186246645841 1.00771033949458233 0.00222941618671559 0.00000000000000000 0.00000000000000000 -0.00000000000000000 -0.00000000000000000 -0.00000000000000000 -0.00000000000000000 0.00000000000000000 0.00000000000000000 0.00000000000000000 0.00000000000000000 0.00000000000000000 0.00000000000000000 1.00000000000000000 
ZONE I=5
0.98189214890900001 0.22665592101616544 1.00000000000000000 1.34172186246645841 1.00771033949458233 0.00222941618671559 0.00000000000000000 0.00000000000000000 -0.00000000000000000 -0.00000000000000000 -0.00000000000000000 -0.00000000000000000 0.00000000000000000 0.00000000000000000 0.00000000000000000 0.00000000000000000 0.00000000000000000 0.00000000000000000 1.00000000000000000 
0.98369475085329405 0.21869485916524781 1.00000000000000000 1.34990309333515612 1.00770937857430742 0.00214769993599208 0.00000000000000000 0.00000000000000000 -0.00000000000000000 -0.00000000000000000 -0.00000000000000000 -0.00000000000000000 0.00000000000000000 0.00000000000000000 0.00000000000000000 0.00000000000000000 0.00000000000000000 0.00000000000000000 1.00000000000000000 
0.98543290325437249 0.21071927746005384 1.00000000000000000 1.35808432420385428 1.00770846556593940 0.00206618885111183 0.00000000000000000 0.00000000000000000 -0.00000000000000000 -0.00000000000000000 -0.00000000000000000 -0.00000000000000000 0.00000000000000000 0.00000000000000000 0.00000000000000000 0.00000000000000000 0.00000000000000000 0.00000000000000000 1.00000000000000000 
0.98710648757582931 0.20272969686238929 1.00000000000000000 1.36626555507255198 1.00770760046947805 0.00198488293207485 0.00000000000000000 0.00000000000000000 -0.00000000000000000 -0.00000000000000000 -0.00000000000000000 -0.00000000000000000 0.00000000000000000 0.00000000000000000 0.00000000000000000 0.00000000000000000 0.00000000000000000 0.00000000000000000 1.00000000000000000 
0.98871538948583293 0.19472663931498790 1.00000000000000000 1.37444678594125014 1.00770678328492314 0.00190378217888113 0.00000000000000000 0.00000000000000000 -0.00000000000000000 -0.00000000000000000 -0.00000000000000000 -0.00000000000000000 0.00000000000000000 0.00000000000000000 0.00000000000000000 0.00000000000000000 0.00000000000000000 0.00000000000000000 1.00000000000000000 
ZONE I=5
0.98871538948583293 0.19472663931498790 1.00000000000000000 1.37444678594125014 1.00770678328492314 0.00190378217888113 0.00000000000000000 0.00000000000000000 -0.00000000000000000 -0.00000000000000000 -0.00000000000000000 -0.00000000000000000 0.00000000000000000 0.00000000000000000 0.00000000000000000 0.00000000000000000 0.00000000000000000 0.00000000000000000 1.00000000000000000 
0.99025951382557920 0.18671062179562353 1.00000000000000000 1.38262801680994785 1.00770602760253403 0.00182289519764383 0.00000000000000000 0.00000000000000000 -0.00000000000000000 -0.00000000000000000 -0.00000000000000000 -0.00000000000000000 0.00000000000000000 0.00000000000000000 0.00000000000000000 0.00000000000000000 0.00000000000000000 0.00000000000000000 1.00000000000000000 
0.99173873637689047 0.17868219201171887 1.00000000000000000 1.39080924767864578 1.00770531988752943 0.00174219485598907 0.00000000000000000 0.00000000000000000 -0.00000000000000000 -0.00000000000000000 -0.00000000000000000 -0.00000000000000000 0.00000000000000000 0.00000000000000000 0.00000000000000000 0.00000000000000000 0.00000000000000000 0.00000000000000000 1.00000000000000000 
0.99315295591484620 0.17064187472467426 1.00000000000000000 1.39899047854734371 1.00770466013990956 0.00166168115391686 0.00000000000000000 0.00000000000000000 -0.00000000000000000 -0.00000000000000000 -0.00000000000000000 -0.00000000000000000 0.00000000000000000 0.00000000000000000 0.00000000000000000 0.00000000000000000 0.00000000000000000 0.00000000000000000 1.00000000000000000 
0.99450207545162528 0.16259019553358336 1.00000000000000000 1.40717170941604164 1.00770404835967420 0.00158135409142720 0.00000000000000000 0.00000000000000000 -0.00000000000000000 -0.00000000000000000 -0.00000000000000000 -0.00000000000000000 0.00000000000000000 0.00000000000000000 0.00000000000000000 0.00000000000000000 0.00000000000000000 0.00000000000000000 1.00000000000000000 
ZONE I=5
0.99450207545162528 0.16259019553358336 1.00000000000000000 1.40717170941604164 1.00770404835967420 0.00158135409142720 0.00000000000000000 0.00000000000000000 -0.00000000000000000 -0.00000000000000000 -0.00000000000000000 -0.00000000000000000 0.00000000000000000 0.00000000000000000 0.00000000000000000 0.00000000000000000 0.00000000000000000 0.00000000000000000 1.00000000000000000 
0.99578600507726978 0.15452770208633471 1.00000000000000000 1.41535294028473957 1.00770349063554088 0.00150119311812205 0.00000000000000000 0.00000000000000000 -0.00000000000000000 -0.00000000000000000 -0.00000000000000000 -0.00000000000000000 0.00000000000000000 0.00000000000000000 0.00000000000000000 0.00000000000000000 0.00000000000000000 0.00000000000000000 1.00000000000000000 
0.99700464483893048 0.14645492464151821 1.00000000000000000 1.42353417115343750 1.00770297557941713 0.00142119335183547 0.00000000000000000 0.00000000000000000 -0.00000000000000000 -0.00000000000000000 -0.00000000000000000 -0.00000000000000000 0.00000000000000000 0.00000000000000000 0.00000000000000000 0.00000000000000000 0.00000000000000000 0.00000000000000000 1.00000000000000000 
0.99815791109983465 0.13837239131962378 1.00000000000000000 1.43171540202213565 1.00770250319130250 0.00134135479256745 0.00000000000000000 0.00000000000000000 -0.00000000000000000 -0.00000000000000000 -0.00000000000000000 -0.00000000000000000 0.00000000000000000 0.00000000000000000 0.00000000000000000 0.00000000000000000 0.00000000000000000 0.00000000000000000 1.00000000000000000 
0.99924572449026250 0.13028063093201669 1.00000000000000000 1.43989663289083336 1.00770207347119745 0.00126167744031799 0.00000000000000000 0.00000000000000000 -0.00000000000000000 -0.00000000000000000 -0.00000000000000000 -0.00000000000000000 0.00000000000000000 0.00000000000000000 0.00000000000000000 0.00000000000000000 0.00000000000000000 0.00000000000000000 1.00000000000000000 
ZONE I=5
0.99924572449026250 0.13028063093201669 1.00000000000000000 1.43989663289083336 1.00770207347119745 0.00126167744031799 0.00000000000000000 0.00000000000000000 -0.00000000000000000 -0.00000000000000000 -0.00000000000000000 -0.00000000000000000 0.00000000000000000 0.00000000000000000 0.00000000000000000 0.00000000000000000 0.00000000000000000 0.00000000000000000 1.00000000000000000 
1.00026800642528646 0.12218020911900843 1.00000000000000000 1.44807786375953129 1.00770168738518162 0.00118212496763549 0.00000000000000000 0.00000000000000000 -0.00000000000000000 -0.00000000000000000 -0.00000000000000000 -0.00000000000000000 0.00000000000000000 0.00000000000000000 0.00000000000000000 0.00000000000000000 0.00000000000000000 0.00000000000000000 1.00000000000000000 
1.00122467902625711 0.11407164950587689 1.00000000000000000 1.45625909462822922 1.00770133628887471 0.00110270296969244 0.00000000000000000 0.00000000000000000 -0.00000000000000000 -0.00000000000000000 -0.00000000000000000 -0.00000000000000000 0.00000000000000000 0.00000000000000000 0.00000000000000000 0.00000000000000000 0.00000000000000000 0.00000000000000000 1.00000000000000000 
1.00211567648781985 0.10595548303296638 1.00000000000000000 1.46444032549692738 1.00770102018227670 0.00102341144648883 0.00000000000000000 0.00000000000000000 -0.00000000000000000 -0.00000000000000000 -0.00000000000000000 -0.00000000000000000 0.00000000000000000 0.00000000000000000 0.00000000000000000 0.00000000000000000 0.00000000000000000 0.00000000000000000 1.00000000000000000 
1.00294093729747913 0.09783224118150974 1.00000000000000000 1.47262155636562508 1.00770073906538782 0.00094425039802468 0.00000000000000000 0.00000000000000000 -0.00000000000000000 -0.00000000000000000 -0.00000000000000000 -0.00000000000000000 0.00000000000000000 0.00000000000000000 0.00000000000000000 0.00000000000000000 0.00000000000000000 0.00000000000000000 1.00000000000000000 
ZONE I=5
1.00294093729747913 0.09783224118150974 1.00000000000000000 1.47262155636562508 1.00770073906538782 0.00094425039802468 0.00000000000000000 0.00000000000000000 -0.00000000000000000 -0.00000000000000000 -0.00000000000000000 -0.00000000000000000 0.00000000000000000 0.00000000000000000 0.00000000000000000 0.00000000000000000 0.00000000000000000 0.00000000000000000 1.00000000000000000 
1.00370039840753189 0.08970249710293333 1.00000000000000000 1.48080278723432324 1.00770049082872060 0.00086517830270462 0.00000000000000000 0.00000000000000000 -0.00000000000000000 -0.00000000000000000 -0.00000000000000000 -0.00000000000000000 0.00000000000000000 0.00000000000000000 0.00000000000000000 0.00000000000000000 0.00000000000000000 0.00000000000000000 1.00000000000000000 
1.00439400287043967 0.08156677607086402 1.00000000000000000 1.48898401810302095 1.00770026984567140 0.00078620204807889 0.00000000000000000 0.00000000000000000 -0.00000000000000000 -0.00000000000000000 -0.00000000000000000 -0.00000000000000000 0.00000000000000000 0.00000000000000000 0.00000000000000000 0.00000000000000000 0.00000000000000000 0.00000000000000000 1.00000000000000000 
1.00502170291211446 0.07342561122799561 1.00000000000000000 1.49716524897171888 1.00770007611624046 0.00070732163414749 0.00000000000000000 0.00000000000000000 -0.00000000000000000 -0.00000000000000000 -0.00000000000000000 -0.00000000000000000 0.00000000000000000 0.00000000000000000 0.00000000000000000 0.00000000000000000 0.00000000000000000 0.00000000000000000 1.00000000000000000 
1.00558345507174929 0.06527953610531963 1.00000000000000000 1.50534647984041658 1.00769990964042755 0.00062853706091041 0.00000000000000000 0.00000000000000000 -0.00000000000000000 -0.00000000000000000 -0.00000000000000000 -0.00000000000000000 0.00000000000000000 0.00000000000000000 0.00000000000000000 0.00000000000000000 0.00000000000000000 0.00000000000000000 1.00000000000000000 
ZONE I=5
1.00558345507174929 0.06527953610531963 1.00000000000000000 1.50534647984041658 1.00769990964042755 0.00062853706091041 0.00000000000000000 0.00000000000000000 -0.00000000000000000 -0.00000000000000000 -0.00000000000000000 -0.00000000000000000 0.00000000000000000 0.00000000000000000 0.00000000000000000 0.00000000000000000 0.00000000000000000 0.00000000000000000 1.00000000000000000 
1.00607921453654958 0.05712912312092645 1.00000000000000000 1.51352771070911452 1.00769976696460706 0.00054980953341472 0.00000000000000000 0.00000000000000000 -0.00000000000000000 -0.00000000000000000 -0.00000000000000000 -0.00000000000000000 0.00000000000000000 0.00000000000000000 0.00000000000000000 0.00000000000000000 0.00000000000000000 0.00000000000000000 1.00000000000000000 
1.00650894486934028 0.04897490499289224 1.00000000000000000 1.52170894157781245 1.00769964545376478 0.00047114054428133 0.00000000000000000 0.00000000000000000 -0.00000000000000000 -0.00000000000000000 -0.00000000000000000 -0.00000000000000000 0.00000000000000000 0.00000000000000000 0.00000000000000000 0.00000000000000000 0.00000000000000000 0.00000000000000000 1.00000000000000000 
1.00687261647626025 0.04081741639047477 1.00000000000000000 1.52989017244651038 1.00769954510790050 0.00039253009351022 0.00000000000000000 0.00000000000000000 -0.00000000000000000 -0.00000000000000000 -0.00000000000000000 -0.00000000000000000 0.00000000000000000 0.00000000000000000 0.00000000000000000 0.00000000000000000 0.00000000000000000 0.00000000000000000 1.00000000000000000 
1.00717020409085256 0.03265719221670348 1.00000000000000000 1.53807140331520831 1.00769946592701420 0.00031397818110140 0.00000000000000000 0.00000000000000000 -0.00000000000000000 -0.00000000000000000 -0.00000000000000000 -0.00000000000000000 0.00000000000000000 0.00000000000000000 0.00000000000000000 0.00000000000000000 0.00000000000000000 0.00000000000000000 1.00000000000000000 
ZONE I=5
1.00717020409085256 0.03265719221670348 1.00000000000000000 1.53807140331520831 1.00769946592701420 0.00031397818110140 0.00000000000000000 0.00000000000000000 -0.00000000000000000 -0.00000000000000000 -0.00000000000000000 -0.00000000000000000 0.00000000000000000 0.00000000000000000 0.00000000000000000 0.00000000000000000 0.00000000000000000 0.00000000000000000 1.00000000000000000 
1.00740168265662144 0.02449479817679100 1.00000000000000000 1.54625263418390624 1.00769940454407103 0.00023545411175985 0.00000000000000000 0.00000000000000000 -0.00000000000000000 -0.00000000000000000 -0.00000000000000000 -0.00000000000000000 0.00000000000000000 0.00000000000000000 0.00000000000000000 0.00000000000000000 0.00000000000000000 0.00000000000000000 1.00000000000000000 
1.00756703623069632 0.01633077779430919 1.00000000000000000 1.55443386505260417 1.00769936100449131 0.00015694972512910 0.00000000000000000 0.00000000000000000 -0.00000000000000000 -0.00000000000000000 -0.00000000000000000 -0.00000000000000000 0.00000000000000000 0.00000000000000000 0.00000000000000000 0.00000000000000000 0.00000000000000000 0.00000000000000000 1.00000000000000000 
1.00766625349233707 0.00816566655056782 1.00000000000000000 1.56261509592130210 1.00769933530827460 0.00007846502120915 0.00000000000000000 0.00000000000000000 -0.00000000000000000 -0.00000000000000000 -0.00000000000000000 -0.00000000000000000 0.00000000000000000 0.00000000000000000 0.00000000000000000 0.00000000000000000 0.00000000000000000 0.00000000000000000 1.00000000000000000 
1.00769932745542090 0.00000000000493429 1.00000000000000000 1.57079632679000003 1.00769932745542090 0.00000000000000000 0.00000000000000000 0.00000000000000000 -0.00000000000000000 -0.00000000000000000 -0.00000000000000000 -0.00000000000000000 0.00000000000000000 0.00000000000000000 0.00000000000000000 0.00000000000000000 0.00000000000000000 0.00000000000000000 1.00000000000000000 
