#Contact mesh details for the compression of a sphere.
nreler=1_nreletheta=48_H=0.7500_lambda=1.00_vol=0.2430_t=0.10_nt=1.00e-05_CL=MR_C1=1.3000_C2=1.1000
# Contact options are: 
# Use_isoparametric_flag_pt = false 
# Use_collocated_penetration_flag_pt = false 
# Use_collocated_contact_pressure_flag_pt = false 

ZONE I=5
0.00000000000000000 0.75000001705822261 1.00000000000000000 0.00000000000000000 0.75000001705822261 0.00000000000000000 0.00000001705822272 0.29176321453585474 -0.00000000000000000 -0.00000000000000000 -0.00000000000000000 -0.00000000000000000 0.00000000000000000 0.00000000000000000 -0.00014634168149345 0.00000319275335674 0.00000319275335674 -0.00014634168149345 1.00000000000000000 
0.00787905540847882 0.75000002721073700 1.00000000000000000 0.00818123086869792 0.75003938730012110 0.00174293680181116 0.00000002721073711 0.29430311607942194 -0.00000000000000000 -0.00000000000000000 -0.00000000000000000 -0.00000000000000000 0.00000000000000000 0.00000000000000000 -0.00014634168149345 0.00000319275335674 0.00000199540478163 -0.00014636290437158 1.00000000000000000 
0.01575671279660219 0.75000001705822184 1.00000000000000000 0.01636246173739583 0.75015742759420323 0.00348330457115993 0.00000001705822195 0.29544717031196083 -0.00000000000000000 -0.00000000000000000 -0.00000000000000000 -0.00000000000000000 0.00000000000000000 0.00000000000000000 -0.00014634168149345 0.00000319275335674 0.00000079792264975 -0.00014637433086362 1.00000000000000000 
0.02363414318159725 0.75000001301347285 1.00000000000000000 0.02454369260609375 0.75035413794046901 0.00522110330804631 0.00000001301347297 0.29519537723347145 -0.00000000000000000 -0.00000000000000000 -0.00000000000000000 -0.00000000000000000 0.00000000000000000 0.00000000000000000 -0.00014634168149345 0.00000319275335674 -0.00000039961288882 -0.00014637596020476 1.00000000000000000 
0.03151251788358133 0.75000001705822239 1.00000000000000000 0.03272492347479167 0.75062951833891833 0.00695633301247028 0.00000001705822250 0.29354773684395369 -0.00000000000000000 -0.00000000000000000 -0.00000000000000000 -0.00000000000000000 0.00000000000000000 0.00000000000000000 -0.00014634168149345 0.00000319275335674 -0.00000159712168044 -0.00014636779228596 1.00000000000000000 
ZONE I=5
0.03151251788358133 0.75000001705822239 1.00000000000000000 0.03272492347479167 0.75062951833891833 0.00695633301247028 0.00000001705822250 0.29354773684395369 -0.00000000000000000 -0.00000000000000000 -0.00000000000000000 -0.00000000000000000 0.00000000000000000 0.00000000000000000 -0.00043836355962596 0.00002233350380436 0.00000797869255332 -0.00043885958604691 1.00000000000000000 
0.03939109106417012 0.75000003617285249 1.00000000000000000 0.04090615434348958 0.75098351979781608 0.00868707698762982 0.00000003617285260 0.29481139190829303 -0.00000000000000000 -0.00000000000000000 -0.00000000000000000 -0.00000000000000000 0.00000000000000000 0.00000000000000000 -0.00043836355962596 0.00002233350380436 0.00000438805399777 -0.00043891017393339 1.00000000000000000 
0.04726823913965036 0.75000001705822261 1.00000000000000000 0.04908738521218750 0.75141595175568787 0.01041054589304642 0.00000001705822272 0.29525284779978661 -0.00000000000000000 -0.00000000000000000 -0.00000000000000000 -0.00000000000000000 0.00000000000000000 0.00000000000000000 -0.00043836355962596 0.00002233350380436 0.00000079712174027 -0.00043893138461160 1.00000000000000000 
0.05514513280499023 0.75000000405078582 1.00000000000000000 0.05726861608088542 0.75192681421253404 0.01212673972872007 0.00000000405078593 0.29487210451843454 -0.00000000000000000 -0.00000000000000000 -0.00000000000000000 -0.00000000000000000 0.00000000000000000 0.00000000000000000 -0.00043836355962596 0.00002233350380436 -0.00000279386387032 -0.00043892321666186 1.00000000000000000 
0.06302294349251232 0.75000001705822283 1.00000000000000000 0.06544984694958333 0.75251610716835449 0.01383565849465078 0.00000001705822295 0.29366916206423677 -0.00000000000000000 -0.00000000000000000 -0.00000000000000000 -0.00000000000000000 0.00000000000000000 0.00000000000000000 -0.00043836355962596 0.00002233350380436 -0.00000638466248155 -0.00043888567063088 1.00000000000000000 
ZONE I=5
0.06302294349251232 0.75000001705822283 1.00000000000000000 0.06544984694958333 0.75251610716835449 0.01383565849465078 0.00000001705822295 0.29366916206423677 -0.00000000000000000 -0.00000000000000000 -0.00000000000000000 -0.00000000000000000 0.00000000000000000 0.00000000000000000 -0.00072872696076547 0.00006055027671239 0.00001275961033374 -0.00073112687797711 1.00000000000000000 
0.07090064452228083 0.75000004624755912 1.00000000000000000 0.07363107781828127 0.75318366360448019 0.01553511005267972 0.00000004624755923 0.29479404428299172 -0.00000000000000000 -0.00000000000000000 -0.00000000000000000 -0.00000000000000000 0.00000000000000000 0.00000000000000000 -0.00072872696076547 0.00006055027671239 0.00000677773226266 -0.00073120679817805 1.00000000000000000 
0.07877680272015354 0.75000001705822283 1.00000000000000000 0.08181230868697917 0.75392917141815496 0.01722250617299153 0.00000001705822295 0.29515185534976157 -0.00000000000000000 -0.00000000000000000 -0.00000000000000000 -0.00000000000000000 0.00000000000000000 0.00000000000000000 -0.00072872696076547 0.00006055027671239 0.00000079540054329 -0.00073123777712479 1.00000000000000000 
0.08665258833502162 0.74999999397493033 1.00000000000000000 0.08999353955567709 0.75475263060937858 0.01889784685558623 0.00000000000000000 0.29474259526454627 -0.00000000000000000 -0.00000000000000000 -0.00000000000000000 -0.00000000000000000 0.00000000000000000 0.00000000000000000 -0.00072872696076547 0.00006055027671239 -0.00000518698441396 -0.00073121981274382 1.00000000000000000 
0.09452917282399990 0.75000001705822261 1.00000000000000000 0.09817477042437500 0.75565404117815127 0.02056113210046381 0.00000001705822272 0.29356626402734592 -0.00000000000000000 -0.00000000000000000 -0.00000000000000000 -0.00000000000000000 0.00000000000000000 0.00000000000000000 -0.00072872696076547 0.00006055027671239 -0.00001116902219512 -0.00073115290623756 1.00000000000000000 
ZONE I=5
0.09452917282399990 0.75000001705822261 1.00000000000000000 0.09817477042437500 0.75565404117815127 0.02056113210046381 0.00000001705822272 0.29356626402734592 -0.00000000000000000 -0.00000000000000000 -0.00000000000000000 -0.00000000000000000 0.00000000000000000 0.00000000000000000 -0.00101610826308445 0.00011769236940460 0.00001752962226486 -0.00102275129355470 1.00000000000000000 
0.10240547971602834 0.75000005656726576 1.00000000000000000 0.10635600129307293 0.75663311930085786 0.02221013065755394 0.00000005656726587 0.29465268716230386 -0.00000000000000000 -0.00000000000000000 -0.00000000000000000 -0.00000000000000000 0.00000000000000000 0.00000000000000000 -0.00101610826308445 0.00011769236940460 0.00000916176450442 -0.00102286047836239 1.00000000000000000 
0.11028010605470447 0.75000001705822295 1.00000000000000000 0.11453723216177084 0.75768942982824261 0.02384230075567813 0.00000001705822306 0.29498460459272241 -0.00000000000000000 -0.00000000000000000 -0.00000000000000000 -0.00000000000000000 0.00000000000000000 0.00000000000000000 -0.00101610826308445 0.00011769236940460 0.00000079329352725 -0.00102290120090356 1.00000000000000000 
0.11815422152798613 0.74999998365347065 1.00000000000000000 0.12271846303046877 0.75882297276030541 0.02545764239483638 0.00000000000000000 0.29456201631860146 -0.00000000000000000 -0.00000000000000000 -0.00000000000000000 -0.00000000000000000 0.00000000000000000 0.00000000000000000 -0.00101610826308445 0.00011769236940460 -0.00000757523054678 -0.00102287345845257 1.00000000000000000 
0.12602899751092786 0.75000001705822306 1.00000000000000000 0.13089969389916667 0.76003374809704616 0.02705615557502869 0.00000001705822317 0.29338492233994112 -0.00000000000000000 -0.00000000000000000 -0.00000000000000000 -0.00000000000000000 0.00000000000000000 0.00000000000000000 -0.00101610826308445 0.00011769236940460 -0.00001594324759423 -0.00102277725286629 1.00000000000000000 
ZONE I=5
0.12602899751092786 0.75000001705822306 1.00000000000000000 0.13089969389916667 0.76003374809704616 0.02705615557502869 0.00000001705822317 0.29338492233994112 -0.00000000000000000 -0.00000000000000000 -0.00000000000000000 -0.00000000000000000 0.00000000000000000 0.00000000000000000 -0.00129933136288585 0.00019353706788973 0.00002228455621558 -0.00131347705948007 1.00000000000000000 
0.13390336681875595 0.75000006707639255 1.00000000000000000 0.13908092476786457 0.76132135969232717 0.02863563402856466 0.00000006707639266 0.29443230207190768 -0.00000000000000000 -0.00000000000000000 -0.00000000000000000 -0.00000000000000000 0.00000000000000000 0.00000000000000000 -0.00129933136288585 0.00019353706788973 0.00001153807124864 -0.00131361541561372 1.00000000000000000 
0.14177590233816056 0.75000001705822261 1.00000000000000000 0.14726215563656250 0.76268524476358035 0.03019353392783701 0.00000001705822272 0.29474469750870774 -0.00000000000000000 -0.00000000000000000 -0.00000000000000000 -0.00000000000000000 0.00000000000000000 0.00000000000000000 -0.00129933136288585 0.00019353706788973 0.00000079081401361 -0.00131366584862336 1.00000000000000000 
0.14964777307926452 0.74999997314196909 1.00000000000000000 0.15544338650526041 0.76412540331080581 0.03172985527284578 0.00000000000000000 0.29432210865034114 -0.00000000000000000 -0.00000000000000000 -0.00000000000000000 -0.00000000000000000 0.00000000000000000 0.00000000000000000 -0.00129933136288585 0.00019353706788973 -0.00000995649615232 -0.00131362835513341 1.00000000000000000 
0.15752015022433558 0.75000001705822217 1.00000000000000000 0.16362461737395834 0.76564183533400332 0.03324459806359093 0.00000001705822228 0.29316453549680804 -0.00000000000000000 -0.00000000000000000 -0.00000000000000000 -0.00000000000000000 0.00000000000000000 0.00000000000000000 -0.00129933136288585 0.00019353706788973 -0.00002070313990840 -0.00131350293765339 1.00000000000000000 
ZONE I=5
0.15752015022433558 0.75000001705822217 1.00000000000000000 0.16362461737395834 0.76564183533400332 0.03324459806359093 0.00000001705822228 0.29316453549680804 -0.00000000000000000 -0.00000000000000000 -0.00000000000000000 -0.00000000000000000 0.00000000000000000 0.00000000000000000 -0.00157755835077866 0.00028784912665427 0.00002702730710303 -0.00160337674752313 1.00000000000000000 
0.16539202975066275 0.75000007769753851 1.00000000000000000 0.17180584824265627 0.76723404213740809 0.03473563928952165 0.00000007769753863 0.29417520656899354 -0.00000000000000000 -0.00000000000000000 -0.00000000000000000 -0.00000000000000000 0.00000000000000000 0.00000000000000000 -0.00157755835077866 0.00028784912665427 0.00001390895359578 -0.00160354420295699 1.00000000000000000 
0.17326191299578120 0.75000001705822228 1.00000000000000000 0.17998707911135417 0.76890132507124143 0.03620039206943160 0.00000001705822239 0.29448887042350125 -0.00000000000000000 -0.00000000000000000 -0.00000000000000000 -0.00000000000000000 0.00000000000000000 0.00000000000000000 -0.00157755835077866 0.00028784912665427 0.00000078966913216 -0.00160360432970536 1.00000000000000000 
0.18113096817647587 0.74999996251782819 1.00000000000000000 0.18816830998005207 0.77064368413550333 0.03763885640332076 0.00000000000000000 0.29410552706033133 -0.00000000000000000 -0.00000000000000000 -0.00000000000000000 -0.00000000000000000 0.00000000000000000 0.00000000000000000 -0.00157755835077866 0.00028784912665427 -0.00001232966818573 -0.00160355712374381 1.00000000000000000 
0.18900036617035687 0.75000001705822283 1.00000000000000000 0.19634954084875000 0.77246111933019379 0.03905103229118915 0.00000001705822295 0.29302517647948362 -0.00000000000000000 -0.00000000000000000 -0.00000000000000000 -0.00000000000000000 0.00000000000000000 0.00000000000000000 -0.00157755835077866 0.00028784912665427 -0.00002544818025223 -0.00160340258823196 1.00000000000000000 
ZONE I=5
0.18900036617035687 0.75000001705822283 1.00000000000000000 0.19634954084875000 0.77246111933019379 0.03905103229118915 0.00000001705822295 0.29302517647948362 -0.00000000000000000 -0.00000000000000000 -0.00000000000000000 -0.00000000000000000 0.00000000000000000 0.00000000000000000 -0.00185120054378155 0.00040063467244623 0.00003178527935282 -0.00189379019167375 1.00000000000000000 
0.19686923948778304 0.75000008814799890 1.00000000000000000 0.20453077171744793 0.77435304866926935 0.04043495635106330 0.00000008814799901 0.29404205454279869 -0.00000000000000000 -0.00000000000000000 -0.00000000000000000 -0.00000000000000000 0.00000000000000000 0.00000000000000000 -0.00185120054378155 0.00040063467244623 0.00001629085368543 -0.00189398685374250 1.00000000000000000 
0.20473596775006997 0.75000001705822261 1.00000000000000000 0.21271200258614584 0.77631862585684741 0.04178795550906988 0.00000001705822272 0.29442777721014229 -0.00000000000000000 -0.00000000000000000 -0.00000000000000000 -0.00000000000000000 0.00000000000000000 0.00000000000000000 -0.00185120054378155 0.00040063467244623 0.00000079533763594 -0.00189405674717028 1.00000000000000000 
0.21260171828389873 0.74999995206383097 1.00000000000000000 0.22089323345484377 0.77835785089292808 0.04311002976520889 0.00000000000000000 0.29418234448151465 -0.00000000000000000 -0.00000000000000000 -0.00000000000000000 -0.00000000000000000 0.00000000000000000 0.00000000000000000 -0.00185120054378155 0.00040063467244623 -0.00001470023164723 -0.00189399986727896 1.00000000000000000 
0.22046766155982556 0.75000001705822295 1.00000000000000000 0.22907446432354167 0.78047072377751125 0.04440117911948033 0.00000001705822306 0.29330575635691564 -0.00000000000000000 -0.00000000000000000 -0.00000000000000000 -0.00000000000000000 0.00000000000000000 0.00000000000000000 -0.00185120054378155 0.00040063467244623 -0.00003019481701206 -0.00189381621787565 1.00000000000000000 
ZONE I=5
0.22046766155982556 0.75000001705822295 1.00000000000000000 0.22907446432354167 0.78047072377751125 0.04440117911948033 0.00000001705822306 0.29330575635691564 -0.00000000000000000 -0.00000000000000000 -0.00000000000000000 -0.00000000000000000 0.00000000000000000 0.00000000000000000 -0.00212397369102662 0.00053287442192057 0.00003665012381407 -0.00218949221467784 1.00000000000000000 
0.22833316692568248 0.75000009762970588 1.00000000000000000 0.23725569519223960 0.78265661264424624 0.04565970047114097 0.00000009762970599 0.29447305377369670 -0.00000000000000000 -0.00000000000000000 -0.00000000000000000 -0.00000000000000000 0.00000000000000000 0.00000000000000000 -0.00212397369102662 0.00053287442192057 0.00001873635580804 -0.00218971878072995 1.00000000000000000 
0.23619645713544296 0.75000001705822272 1.00000000000000000 0.24543692606093750 0.78491451409016466 0.04688280624354775 0.00000001705822283 0.29510960125955327 -0.00000000000000000 -0.00000000000000000 -0.00000000000000000 -0.00000000000000000 0.00000000000000000 0.00000000000000000 -0.00212397369102662 0.00053287442192057 0.00000082133373715 -0.00218979878416290 1.00000000000000000 
0.24405869859261581 0.74999994257831937 1.00000000000000000 0.25361815692963541 0.78724442811526640 0.04807049643670069 0.00000000000000000 0.29521539881448527 -0.00000000000000000 -0.00000000000000000 -0.00000000000000000 -0.00000000000000000 0.00000000000000000 0.00000000000000000 -0.00212397369102662 0.00053287442192057 -0.00001709374330738 -0.00218973221962188 1.00000000000000000 
0.25192106129587682 0.75000001705822272 1.00000000000000000 0.26179938779833334 0.78964635471955136 0.04922277105059978 0.00000001705822283 0.29479044643849284 -0.00000000000000000 -0.00000000000000000 -0.00000000000000000 -0.00000000000000000 0.00000000000000000 0.00000000000000000 -0.00212397369102662 0.00053287442192057 -0.00003500767623067 -0.00218951909156220 1.00000000000000000 
ZONE I=5
0.25192106129587682 0.75000001705822272 1.00000000000000000 0.26179938779833334 0.78964635471955136 0.04922277105059978 0.00000001705822283 0.29479044643849284 -0.00000000000000000 -0.00000000000000000 -0.00000000000000000 -0.00000000000000000 0.00000000000000000 0.00000000000000000 -0.00240693443957707 0.00068826887488719 0.00004185620841079 -0.00250305723034415 1.00000000000000000 
0.25978326125177753 0.75000010427701436 1.00000000000000000 0.26998061866703127 0.79211965980051169 0.05033829357122988 0.00000010427701447 0.29646613686299300 -0.00000000000000000 -0.00000000000000000 -0.00000000000000000 -0.00000000000000000 0.00000000000000000 0.00000000000000000 -0.00240693443957707 0.00068826887488719 0.00002137694700944 -0.00250331589430843 1.00000000000000000 
0.26764340654194962 0.75000001705822206 1.00000000000000000 0.27816184953572920 0.79466319783337358 0.05141420681046505 0.00000001705822217 0.29773665337331678 -0.00000000000000000 -0.00000000000000000 -0.00000000000000000 -0.00000000000000000 0.00000000000000000 0.00000000000000000 -0.00240693443957707 0.00068826887488719 0.00000089625480274 -0.00250340700591973 1.00000000000000000 
0.27550266277517016 0.74999993592765313 1.00000000000000000 0.28634308040442713 0.79727696881813714 0.05245051076830531 0.00000000000000000 0.29860199596946418 -0.00000000000000000 -0.00000000000000000 -0.00000000000000000 -0.00000000000000000 0.00000000000000000 0.00000000000000000 -0.00240693443957707 0.00068826887488719 -0.00001958449739224 -0.00250333055907976 1.00000000000000000 
0.28336219951385305 0.75000001705822295 1.00000000000000000 0.29452431127312501 0.79996097275480249 0.05344720544475064 0.00000001705822306 0.29906216465143520 -0.00000000000000000 -0.00000000000000000 -0.00000000000000000 -0.00000000000000000 0.00000000000000000 0.00000000000000000 -0.00240693443957707 0.00068826887488719 -0.00004006393875440 -0.00250308655890526 1.00000000000000000 
ZONE I=5
0.28336219951385305 0.75000001705822295 1.00000000000000000 0.29452431127312501 0.79996097275480249 0.05344720544475064 0.00000001705822306 0.29906216465143520 -0.00000000000000000 -0.00000000000000000 -0.00000000000000000 -0.00000000000000000 0.00000000000000000 0.00000000000000000 -0.00272531439683027 0.00087678549535821 0.00004791439619503 -0.00286248066841999 1.00000000000000000 
0.29122211933313680 0.75000010426598129 1.00000000000000000 0.30270554214182288 0.80271461564936830 0.05440335477480716 0.00000010426598140 0.30200472864162187 -0.00000000000000000 -0.00000000000000000 -0.00000000000000000 -0.00000000000000000 0.00000000000000000 0.00000000000000000 -0.00272531439683027 0.00087678549535821 0.00002449443872605 -0.00286277686676981 1.00000000000000000 
0.29908068702049767 0.75000001705822250 1.00000000000000000 0.31088677301052081 0.80553670993800897 0.05531628944745894 0.00000001705822261 0.30463419318809820 -0.00000000000000000 -0.00000000000000000 -0.00000000000000000 -0.00000000000000000 0.00000000000000000 0.00000000000000000 -0.00272531439683027 0.00087678549535821 0.00000107284179125 -0.00286288145326547 1.00000000000000000 
0.30693906786816882 0.74999993593734360 1.00000000000000000 0.31906800387921874 0.80842725562072471 0.05618600946270597 0.00000000000000000 0.30695055829086415 -0.00000000000000000 -0.00000000000000000 -0.00000000000000000 -0.00000000000000000 0.00000000000000000 0.00000000000000000 -0.00272531439683027 0.00087678549535821 -0.00002234882695118 -0.00286279442090675 1.00000000000000000 
0.31479843126252355 0.75000001705822228 1.00000000000000000 0.32724923474791667 0.81138625269751530 0.05701251482054825 0.00000001705822239 0.30895382394991988 -0.00000000000000000 -0.00000000000000000 -0.00000000000000000 -0.00000000000000000 0.00000000000000000 0.00000000000000000 -0.00272531439683027 0.00087678549535821 -0.00004576899983823 -0.00286251577551892 1.00000000000000000 
ZONE I=5
0.31479843126252355 0.75000001705822228 1.00000000000000000 0.32724923474791667 0.81138625269751530 0.05701251482054825 0.00000001705822239 0.30895382394991988 -0.00000000000000000 -0.00000000000000000 -0.00000000000000000 -0.00000000000000000 0.00000000000000000 0.00000000000000000 -0.00312789639910926 0.00112070172040613 0.00005579687917959 -0.00332213710402743 1.00000000000000000 
0.32265901570208183 0.75000009059681128 1.00000000000000000 0.33543046561661455 0.81441310875451134 0.05779502225861662 0.00000009059681139 0.31458407830858648 -0.00000000000000000 -0.00000000000000000 -0.00000000000000000 -0.00000000000000000 0.00000000000000000 0.00000000000000000 -0.00312789639910926 0.00112070172040613 0.00002861614444524 -0.00332248240717073 1.00000000000000000 
0.33052006278508106 0.75000001705822261 1.00000000000000000 0.34361169648531253 0.81750692044312445 0.05853180774918093 0.00000001705822272 0.31978174480371535 -0.00000000000000000 -0.00000000000000000 -0.00000000000000000 -0.00000000000000000 0.00000000000000000 0.00000000000000000 -0.00312789639910926 0.00112070172040613 0.00000143349437038 -0.00332260532937269 1.00000000000000000 
0.33838273863719925 0.74999994961022343 1.00000000000000000 0.35179292735401041 0.82066768776335497 0.05922287129224117 0.00000000000000000 0.32454682343530644 -0.00000000000000000 -0.00000000000000000 -0.00000000000000000 -0.00000000000000000 0.00000000000000000 0.00000000000000000 -0.00312789639910926 0.00112070172040613 -0.00002574925165136 -0.00332250586240586 1.00000000000000000 
0.34624821317173166 0.75000001705822239 1.00000000000000000 0.35997415822270834 0.82389541071520245 0.05986821288779735 0.00000001705822250 0.32887931420335981 -0.00000000000000000 -0.00000000000000000 -0.00000000000000000 -0.00000000000000000 0.00000000000000000 0.00000000000000000 -0.00312789639910926 0.00112070172040613 -0.00005293027421994 -0.00332218401292778 1.00000000000000000 
ZONE I=5
0.34624821317173166 0.75000001705822239 1.00000000000000000 0.35997415822270834 0.82389541071520245 0.05986821288779735 0.00000001705822250 0.32887931420335981 -0.00000000000000000 -0.00000000000000000 -0.00000000000000000 -0.00000000000000000 0.00000000000000000 0.00000000000000000 -0.00369474501716643 0.00146228679406561 0.00006708876783582 -0.00397302435270728 1.00000000000000000 
0.35411581179120555 0.75000005191104202 1.00000000000000000 0.36815538909140622 0.82718917058082608 0.06046620627189438 0.00000005191104213 0.33953644557282620 -0.00000000000000000 -0.00000000000000000 -0.00000000000000000 -0.00000000000000000 0.00000000000000000 0.00000000000000000 -0.00369474501716643 0.00146228679406561 0.00003458265575833 -0.00397344025372165 1.00000000000000000 
0.36198772543633645 0.75000001705822261 1.00000000000000000 0.37633661996010415 0.83054919157689988 0.06101786070377015 0.00000001705822272 0.34900311060270750 -0.00000000000000000 -0.00000000000000000 -0.00000000000000000 -0.00000000000000000 0.00000000000000000 0.00000000000000000 -0.00369474501716643 0.00146228679406561 0.00000207422898882 -0.00397359020377655 1.00000000000000000 
0.36986512336463823 0.74999998831000558 1.00000000000000000 0.38451785082880208 0.83397547370342429 0.06152317618342465 0.00000000000000000 0.35727930929300356 -0.00000000000000000 -0.00000000000000000 -0.00000000000000000 -0.00000000000000000 0.00000000000000000 0.00000000000000000 -0.00369474501716643 0.00146228679406561 -0.00003043433661333 -0.00397347419283551 1.00000000000000000 
0.37774917749602321 0.75000001705822206 1.00000000000000000 0.39269908169750001 0.83746801696039908 0.06198215271085788 0.00000001705822217 0.36436504164371458 -0.00000000000000000 -0.00000000000000000 -0.00000000000000000 -0.00000000000000000 0.00000000000000000 0.00000000000000000 -0.00369474501716643 0.00146228679406561 -0.00006294086517943 -0.00397309222866338 1.00000000000000000 
ZONE I=5
0.37774917749602321 0.75000001705822206 1.00000000000000000 0.39269908169750001 0.83746801696039908 0.06198215271085788 0.00000001705822217 0.36436504164371458 -0.00000000000000000 -0.00000000000000000 -0.00000000000000000 -0.00000000000000000 0.00000000000000000 0.00000000000000000 -0.00452845984160832 0.00196645220531246 0.00008379838864176 -0.00493628004097200 1.00000000000000000 
0.38563542181227062 0.74999997258848428 1.00000000000000000 0.40088031256619794 0.84102447522163770 0.06238965873623573 0.00000000000000000 0.38324338197089097 -0.00000000000000000 -0.00000000000000000 -0.00000000000000000 -0.00000000000000000 0.00000000000000000 0.00000000000000000 -0.00452845984160832 0.00196645220531246 0.00004341118809877 -0.00493680040933248 1.00000000000000000 
0.39353314391437666 0.75000001705822217 1.00000000000000000 0.40906154343489587 0.84464809565412546 0.06275313103205603 0.00000001705822228 0.39866858388653148 -0.00000000000000000 -0.00000000000000000 -0.00000000000000000 -0.00000000000000000 0.00000000000000000 0.00000000000000000 -0.00452845984160832 0.00196645220531246 0.00000302108195097 -0.00493699034695241 1.00000000000000000 
0.40144352018983276 0.75000006766475591 1.00000000000000000 0.41724277430359374 0.84833887825786247 0.06307256959831872 0.00000006766475602 0.41064064739063610 -0.00000000000000000 -0.00000000000000000 -0.00000000000000000 -0.00000000000000000 0.00000000000000000 0.00000000000000000 -0.00452845984160832 0.00196645220531246 -0.00003736922640439 -0.00493684984111887 1.00000000000000000 
0.40936772723354797 0.75000001705822217 1.00000000000000000 0.42542400517229167 0.85209682303284850 0.06334797443502387 0.00000001705822228 0.41915957248320473 -0.00000000000000000 -0.00000000000000000 -0.00000000000000000 -0.00000000000000000 0.00000000000000000 0.00000000000000000 -0.00452845984160832 0.00196645220531246 -0.00007775703355652 -0.00493637890123620 1.00000000000000000 
ZONE I=5
0.40936772723354797 0.75000001705822217 1.00000000000000000 0.42542400517229167 0.85209682303284850 0.06334797443502387 0.00000001705822228 0.41915957248320473 -0.00000000000000000 -0.00000000000000000 -0.00000000000000000 -0.00000000000000000 0.00000000000000000 0.00000000000000000 -0.00568949914454417 0.00269533715772740 0.00010698881992863 -0.00629474354537221 1.00000000000000000 
0.41729094668608535 0.74999983722238028 1.00000000000000000 0.43360523604098961 0.85591530412470562 0.06356478730302596 0.00000000000000000 0.44901311894468832 -0.00000000000000000 -0.00000000000000000 -0.00000000000000000 -0.00000000000000000 0.00000000000000000 0.00000000000000000 -0.00568949914454417 0.00269533715772740 0.00005548706371643 -0.00629540817543668 1.00000000000000000 
0.42523737293034047 0.75000001705822239 1.00000000000000000 0.44178646690968748 0.85980438997622455 0.06374370480011124 0.00000001705822250 0.47024926750035656 -0.00000000000000000 -0.00000000000000000 -0.00000000000000000 -0.00000000000000000 0.00000000000000000 0.00000000000000000 -0.00568949914454417 0.00269533715772740 0.00000398159363492 -0.00629565144020116 1.00000000000000000 
0.43320819545740186 0.75000020309063364 1.00000000000000000 0.44996769777838547 0.86376408058740495 0.06388472692627969 0.00000020309063375 0.48286801815020963 -0.00000000000000000 -0.00000000000000000 -0.00000000000000000 -0.00000000000000000 0.00000000000000000 0.00000000000000000 -0.00568949914454417 0.00269533715772740 -0.00004752414294327 -0.00629547332338342 1.00000000000000000 
0.44120459967706510 0.75000001705822217 1.00000000000000000 0.45814892864708334 0.86779437595824716 0.06398785368153134 0.00000001705822228 0.48686937089424742 -0.00000000000000000 -0.00000000000000000 -0.00000000000000000 -0.00000000000000000 0.00000000000000000 0.00000000000000000 -0.00568949914454417 0.00269533715772740 -0.00009902669862768 -0.00629487383690521 1.00000000000000000 
ZONE I=5
0.44120459967706510 0.75000001705822217 1.00000000000000000 0.45814892864708334 0.86779437595824716 0.06398785368153134 0.00000001705822228 0.48686937089424742 -0.00000000000000000 -0.00000000000000000 -0.00000000000000000 -0.00000000000000000 0.00000000000000000 0.00000000000000000 -0.00699036851824445 0.00359491486758251 0.00013242021679409 -0.00785946116551339 1.00000000000000000 
0.44918839405938998 0.74999964454768586 1.00000000000000000 0.46633015951578127 0.87187809951635820 0.06401765196453447 0.00000000000000000 0.52501765567341874 -0.00000000000000000 -0.00000000000000000 -0.00000000000000000 -0.00000000000000000 0.00000000000000000 0.00000000000000000 -0.00699036851824445 0.00359491486758251 0.00006811643620159 -0.00786028148841682 1.00000000000000000 
0.45721179520281230 0.75000001705822239 1.00000000000000000 0.47451139038447920 0.87603891295196745 0.06401932718989932 0.00000001705822250 0.54558925500481548 -0.00000000000000000 -0.00000000000000000 -0.00000000000000000 -0.00000000000000000 0.00000000000000000 0.00000000000000000 -0.00699036851824445 0.00359491486758251 0.00000380809642853 -0.00786057570566116 1.00000000000000000 
0.46527601278612840 0.75000039585862732 1.00000000000000000 0.48269262125317713 0.88027681626507437 0.06399287935762585 0.00000039585862743 0.54858416888843742 -0.00000000000000000 -0.00000000000000000 -0.00000000000000000 -0.00000000000000000 0.00000000000000000 0.00000000000000000 -0.00699036851824445 0.00359491486758251 -0.00006050049822867 -0.00786034379755383 1.00000000000000000 
0.47338224624340591 0.75000001705822184 1.00000000000000000 0.49087385212187501 0.88459180945567950 0.06393830846771410 0.00000001705822195 0.53400239732428456 -0.00000000000000000 -0.00000000000000000 -0.00000000000000000 -0.00000000000000000 0.00000000000000000 0.00000000000000000 -0.00699036851824445 0.00359491486758251 -0.00012480504345653 -0.00785958577961693 1.00000000000000000 
ZONE I=5
0.47338224624340591 0.75000001705822184 1.00000000000000000 0.49087385212187501 0.88459180945567950 0.06393830846771410 0.00000001705822195 0.53400239732428456 -0.00000000000000000 -0.00000000000000000 -0.00000000000000000 -0.00000000000000000 0.00000000000000000 0.00000000000000000 -0.00751104342975059 0.00417405397857262 0.00014050559931142 -0.00859178434297553 1.00000000000000000 
0.48144670197835177 0.74999942946848042 1.00000000000000000 0.49905508299057288 0.88894439485451604 0.06378035673791869 0.00000000000000000 0.55562713545968978 -0.00000000000000000 -0.00000000000000000 -0.00000000000000000 -0.00000000000000000 0.00000000000000000 0.00000000000000000 -0.00751104342975059 0.00417405397857262 0.00007021030998284 -0.00859264630553414 1.00000000000000000 
0.48956899502034312 0.75000001705822228 1.00000000000000000 0.50723631385927082 0.89338246760977580 0.06360497653509838 0.00000001705822239 0.55403852655714980 -0.00000000000000000 -0.00000000000000000 -0.00000000000000000 -0.00000000000000000 0.00000000000000000 0.00000000000000000 -0.00751104342975059 0.00417405397857262 -0.00000008967867380 -0.00859293314367074 1.00000000000000000 
0.49775036018726648 0.75000061105614158 1.00000000000000000 0.51541754472796875 0.89790602772145878 0.06341216785925313 0.00000061105614169 0.52923657061666485 -0.00000000000000000 -0.00000000000000000 -0.00000000000000000 -0.00000000000000000 0.00000000000000000 0.00000000000000000 -0.00751104342975059 0.00417405397857262 -0.00007038966132806 -0.00859264483818664 1.00000000000000000 
0.50599201515697378 0.75000001705822039 1.00000000000000000 0.52359877559666668 0.90251507518956497 0.06320193071038296 0.00000001705822050 0.48122126763823481 -0.00000000000000000 -0.00000000000000000 -0.00000000000000000 -0.00000000000000000 0.00000000000000000 0.00000000000000000 -0.00751104342975059 0.00417405397857262 -0.00014068493264988 -0.00859178140837874 1.00000000000000000 
ZONE I=5
0.50599201515697378 0.75000001705822039 1.00000000000000000 0.52359877559666668 0.90251507518956497 0.06320193071038296 0.00000001705822050 0.48122126763823481 -0.00000000000000000 -0.00000000000000000 -0.00000000000000000 -0.00000000000000000 0.00000000000000000 0.00000000000000000 -0.00297527049919101 0.00174558286009419 0.00002408385166239 -0.00344945126547688 1.00000000000000000 
0.51413115420599276 0.75005522761497745 1.00000000000000000 0.53178000646536461 0.90717662140616362 0.06280338981169767 0.00005522761497756 0.32003666682116416 -0.00000000000000000 -0.00000000000000000 -0.00000000000000000 -0.00000000000000000 0.00000000000000000 0.00000000000000000 -0.00297527049919101 0.00174558286009419 -0.00000413739668953 -0.00344953285920856 1.00000000000000000 
0.52233044490403635 0.75000001642431680 1.00000000000000000 0.53996123733406254 0.91182798668853682 0.06244069988119493 0.00000001642431691 0.18610432961726037 -0.00000000000000000 -0.00000000000000000 -0.00000000000000000 -0.00000000000000000 0.00000000000000000 0.00000000000000000 -0.00297527049919101 0.00174558286009419 -0.00003235836811654 -0.00344938356823705 1.00000000000000000 
0.53058839817295655 0.74983319805352289 1.00000000000000000 0.54814246820276047 0.91646917103668479 0.06211386091887473 0.00000000000000000 0.07942425602652331 -0.00000000000000000 -0.00000000000000000 -0.00000000000000000 -0.00000000000000000 0.00000000000000000 0.00000000000000000 -0.00297527049919101 0.00174558286009419 -0.00006057717372791 -0.00344900340255473 1.00000000000000000 
0.53890350791043884 0.74955360592250608 1.00000000000000000 0.55632369907145840 0.92110017445060766 0.06182287292473709 0.00000000000000000 -0.00000355395104694 0.00000000000000000 0.00000000000000000 -0.00000000000000000 -0.00000000000000000 0.00000000000000000 0.00000000000000000 -0.00297527049919101 0.00174558286009419 -0.00008879192477787 -0.00344839238760690 1.00000000000000000 
ZONE I=5
0.53890350791043884 0.74955360592250608 1.00000000000000000 0.55632369907145840 0.92110017445060766 0.06182287292473709 0.00000000000000000 -0.00000355395104694 0.00000000000000000 0.00000000000000000 -0.00000000000000000 -0.00000000000000000 0.00000000000000000 0.00000000000000000 0.00000002850645395 -0.00000001520921261 0.00000000213764534 0.00000003223923910 1.00000000000000000 
0.54711388479010881 0.74907043895758474 1.00000000000000000 0.56450492994015622 0.92555945714626198 0.06148021419407874 0.00000000000000000 -0.00000181840817845 0.00000000000000000 0.00000000000000000 -0.00000000000000000 -0.00000000000000000 0.00000000000000000 0.00000000000000000 0.00000002850645395 -0.00000001520921261 0.00000000240132752 0.00000003222067180 1.00000000000000000 
0.55536915875551995 0.74844608208718033 1.00000000000000000 0.57268616080885415 0.92998018423595696 0.06118249109769757 0.00000000000000000 -0.00000108749488935 0.00000000000000000 0.00000000000000000 -0.00000000000000000 -0.00000000000000000 0.00000000000000000 0.00000000000000000 0.00000002850645395 -0.00000001520921261 0.00000000266484897 0.00000003219994790 1.00000000000000000 
0.56366710098926398 0.74767963716657038 1.00000000000000000 0.58086739167755197 0.93436235571969295 0.06092970363559357 0.00000000000000000 -0.00000136121117965 0.00000000000000000 0.00000000000000000 -0.00000000000000000 -0.00000000000000000 0.00000000000000000 0.00000000000000000 0.00000002850645395 -0.00000001520921261 0.00000000292819206 0.00000003217706880 1.00000000000000000 
0.57200546995682344 0.74677023691305977 1.00000000000000000 0.58904862254625001 0.93870597159746960 0.06072185180776676 0.00000000000000000 -0.00000263955704933 0.00000000000000000 0.00000000000000000 -0.00000000000000000 -0.00000000000000000 0.00000000000000000 0.00000000000000000 0.00000002850645395 -0.00000001520921261 0.00000000319133915 0.00000003215203601 1.00000000000000000 
ZONE I=5
0.57200546995682344 0.74677023691305977 1.00000000000000000 0.58904862254625001 0.93870597159746960 0.06072185180776676 0.00000000000000000 -0.00000263955704933 0.00000000000000000 0.00000000000000000 -0.00000000000000000 -0.00000000000000000 0.00000000000000000 0.00000000000000000 0.00000002845504632 -0.00000001409017617 0.00000000409322340 0.00000003148758879 1.00000000000000000 
0.58027850212313392 0.74573023445220477 1.00000000000000000 0.59722985341494794 0.94296372905272263 0.06046592671407262 0.00000000000000000 -0.00000232039564017 0.00000000000000000 0.00000000000000000 -0.00000000000000000 -0.00000000000000000 0.00000000000000000 0.00000000000000000 0.00000002845504632 -0.00000001409017617 0.00000000435069078 0.00000003145304779 1.00000000000000000 
0.58857138821991661 0.74454645983378420 1.00000000000000000 0.60541108428364587 0.94717295437865434 0.06024204823669398 0.00000000000000000 -0.00000177408232889 0.00000000000000000 0.00000000000000000 -0.00000000000000000 -0.00000000000000000 0.00000000000000000 0.00000000000000000 0.00000002845504632 -0.00000001409017617 0.00000000460786695 0.00000003141640157 1.00000000000000000 
0.59688185197901555 0.74321853601327670 1.00000000000000000 0.61359231515234369 0.95133364757526451 0.06005021637563081 0.00000000000000000 -0.00000100061711550 0.00000000000000000 0.00000000000000000 -0.00000000000000000 -0.00000000000000000 0.00000000000000000 0.00000000000000000 0.00000002845504632 -0.00000001409017617 0.00000000486473471 0.00000003137765259 1.00000000000000000 
0.60520761248217236 0.74174611747369090 1.00000000000000000 0.62177354602104162 0.95544580864255335 0.05989043113088310 0.00000000000000000 0.00000000000000000 -0.00000000000000000 -0.00000000000000000 -0.00000000000000000 -0.00000000000000000 0.00000000000000000 0.00000000000000000 0.00000002845504632 -0.00000001409017617 0.00000000512127687 0.00000003133680343 1.00000000000000000 
ZONE I=5
0.60520761248217236 0.74174611747369090 1.00000000000000000 0.62177354602104162 0.95544580864255335 0.05989043113088310 0.00000000000000000 0.00000000000000000 -0.00000000000000000 -0.00000000000000000 -0.00000000000000000 -0.00000000000000000 0.00000000000000000 0.00000000000000000 0.00000000000000000 0.00000000000000000 0.00000000000000000 0.00000000000000000 1.00000000000000000 
0.61347030631136923 0.74013315709296079 1.00000000000000000 0.62995477688973955 0.95946806708167964 0.05969870354290802 0.00000000000000000 0.00000000000000000 -0.00000000000000000 -0.00000000000000000 -0.00000000000000000 -0.00000000000000000 0.00000000000000000 0.00000000000000000 0.00000000000000000 0.00000000000000000 0.00000000000000000 0.00000000000000000 1.00000000000000000 
0.62172736257272943 0.73837027770171992 1.00000000000000000 0.63813600775843748 0.96342712553984822 0.05952943926313100 0.00000000000000000 0.00000000000000000 -0.00000000000000000 -0.00000000000000000 -0.00000000000000000 -0.00000000000000000 0.00000000000000000 0.00000000000000000 0.00000000000000000 0.00000000000000000 0.00000000000000000 0.00000000000000000 1.00000000000000000 
0.62997635664959661 0.73645763163988820 1.00000000000000000 0.64631723862713542 0.96732298401705918 0.05938263829155205 0.00000000000000000 0.00000000000000000 -0.00000000000000000 -0.00000000000000000 -0.00000000000000000 -0.00000000000000000 0.00000000000000000 0.00000000000000000 0.00000000000000000 0.00000000000000000 0.00000000000000000 0.00000000000000000 1.00000000000000000 
0.63821486746812972 0.73439540516088531 1.00000000000000000 0.65449846949583335 0.97115564251331243 0.05925830062817119 0.00000000000000000 0.00000000000000000 -0.00000000000000000 -0.00000000000000000 -0.00000000000000000 -0.00000000000000000 0.00000000000000000 0.00000000000000000 0.00000000000000000 0.00000000000000000 0.00000000000000000 0.00000000000000000 1.00000000000000000 
ZONE I=5
0.63821486746812972 0.73439540516088531 1.00000000000000000 0.65449846949583335 0.97115564251331243 0.05925830062817119 0.00000000000000000 0.00000000000000000 -0.00000000000000000 -0.00000000000000000 -0.00000000000000000 -0.00000000000000000 0.00000000000000000 0.00000000000000000 0.00000000000000000 0.00000000000000000 0.00000000000000000 0.00000000000000000 1.00000000000000000 
0.64638888195908406 0.73218877414703476 1.00000000000000000 0.66267970036453117 0.97489726442831715 0.05911270182825437 0.00000000000000000 0.00000000000000000 -0.00000000000000000 -0.00000000000000000 -0.00000000000000000 -0.00000000000000000 0.00000000000000000 0.00000000000000000 0.00000000000000000 0.00000000000000000 0.00000000000000000 0.00000000000000000 1.00000000000000000 
0.65453409349148728 0.72983237369190990 1.00000000000000000 0.67086093123322921 0.97856606732102402 0.05897987045895767 0.00000000000000000 0.00000000000000000 -0.00000000000000000 -0.00000000000000000 -0.00000000000000000 -0.00000000000000000 0.00000000000000000 0.00000000000000000 0.00000000000000000 0.00000000000000000 0.00000000000000000 0.00000000000000000 1.00000000000000000 
0.66264806891087691 0.72732682364453816 1.00000000000000000 0.67904216210192703 0.98216205119143274 0.05885980652028108 0.00000000000000000 0.00000000000000000 -0.00000000000000000 -0.00000000000000000 -0.00000000000000000 -0.00000000000000000 0.00000000000000000 0.00000000000000000 0.00000000000000000 0.00000000000000000 0.00000000000000000 0.00000000000000000 1.00000000000000000 
0.67072838575407456 0.72467277794559892 1.00000000000000000 0.68722339297062507 0.98568521603954351 0.05875251001222462 0.00000000000000000 0.00000000000000000 -0.00000000000000000 -0.00000000000000000 -0.00000000000000000 -0.00000000000000000 0.00000000000000000 0.00000000000000000 0.00000000000000000 0.00000000000000000 0.00000000000000000 0.00000000000000000 1.00000000000000000 
ZONE I=5
0.67072838575407456 0.72467277794559892 1.00000000000000000 0.68722339297062507 0.98568521603954351 0.05875251001222462 0.00000000000000000 0.00000000000000000 -0.00000000000000000 -0.00000000000000000 -0.00000000000000000 -0.00000000000000000 0.00000000000000000 0.00000000000000000 0.00000000000000000 0.00000000000000000 0.00000000000000000 0.00000000000000000 1.00000000000000000 
0.67874171048005905 0.72187582389302973 1.00000000000000000 0.69540462383932289 0.98911951187881986 0.05863110000027322 0.00000000000000000 0.00000000000000000 -0.00000000000000000 -0.00000000000000000 -0.00000000000000000 -0.00000000000000000 0.00000000000000000 0.00000000000000000 0.00000000000000000 0.00000000000000000 0.00000000000000000 0.00000000000000000 1.00000000000000000 
0.68670712181690030 0.71893482017705845 1.00000000000000000 0.70358585470802082 0.99247675566937343 0.05851355631873192 0.00000000000000000 0.00000000000000000 -0.00000000000000000 -0.00000000000000000 -0.00000000000000000 -0.00000000000000000 0.00000000000000000 0.00000000000000000 0.00000000000000000 0.00000000000000000 0.00000000000000000 0.00000000000000000 1.00000000000000000 
0.69462230121913748 0.71585075457817304 1.00000000000000000 0.71176708557671875 0.99575694741120413 0.05839987896760073 0.00000000000000000 0.00000000000000000 -0.00000000000000000 -0.00000000000000000 -0.00000000000000000 -0.00000000000000000 0.00000000000000000 0.00000000000000000 0.00000000000000000 0.00000000000000000 0.00000000000000000 0.00000000000000000 1.00000000000000000 
0.70248494634574754 0.71262464720659124 1.00000000000000000 0.71994831644541668 0.99896008710431194 0.05829006794687965 0.00000000000000000 0.00000000000000000 -0.00000000000000000 -0.00000000000000000 -0.00000000000000000 -0.00000000000000000 0.00000000000000000 0.00000000000000000 0.00000000000000000 0.00000000000000000 0.00000000000000000 0.00000000000000000 1.00000000000000000 
ZONE I=5
0.70248494634574754 0.71262464720659124 1.00000000000000000 0.71994831644541668 0.99896008710431194 0.05829006794687965 0.00000000000000000 0.00000000000000000 -0.00000000000000000 -0.00000000000000000 -0.00000000000000000 -0.00000000000000000 0.00000000000000000 0.00000000000000000 0.00000000000000000 0.00000000000000000 0.00000000000000000 0.00000000000000000 1.00000000000000000 
0.71027807350401073 0.70926082479190000 1.00000000000000000 0.72812954731411472 1.00207883779251583 0.05817097328957046 0.00000000000000000 0.00000000000000000 -0.00000000000000000 -0.00000000000000000 -0.00000000000000000 -0.00000000000000000 0.00000000000000000 0.00000000000000000 0.00000000000000000 0.00000000000000000 0.00000000000000000 0.00000000000000000 1.00000000000000000 
0.71800863543646254 0.70576231119026145 1.00000000000000000 0.73631077818281254 1.00512050749425241 0.05804830637018440 0.00000000000000000 0.00000000000000000 -0.00000000000000000 -0.00000000000000000 -0.00000000000000000 -0.00000000000000000 0.00000000000000000 0.00000000000000000 0.00000000000000000 0.00000000000000000 0.00000000000000000 0.00000000000000000 1.00000000000000000 
0.72567450642331421 0.70213035669628643 1.00000000000000000 0.74449200905151047 1.00808509620952158 0.05792206718872150 0.00000000000000000 0.00000000000000000 -0.00000000000000000 -0.00000000000000000 -0.00000000000000000 -0.00000000000000000 0.00000000000000000 0.00000000000000000 0.00000000000000000 0.00000000000000000 0.00000000000000000 0.00000000000000000 1.00000000000000000 
0.73327358075518989 0.69836624095413824 1.00000000000000000 0.75267323992020829 1.01097260393832378 0.05779225574518172 0.00000000000000000 0.00000000000000000 -0.00000000000000000 -0.00000000000000000 -0.00000000000000000 -0.00000000000000000 0.00000000000000000 0.00000000000000000 0.00000000000000000 0.00000000000000000 0.00000000000000000 0.00000000000000000 1.00000000000000000 
ZONE I=5
0.73327358075518989 0.69836624095413824 1.00000000000000000 0.75267323992020829 1.01097260393832378 0.05779225574518172 0.00000000000000000 0.00000000000000000 -0.00000000000000000 -0.00000000000000000 -0.00000000000000000 -0.00000000000000000 0.00000000000000000 0.00000000000000000 0.00000000000000000 0.00000000000000000 0.00000000000000000 0.00000000000000000 1.00000000000000000 
0.74080100919591529 0.69447194375308574 1.00000000000000000 0.76085447078890622 1.01378161087739116 0.05765640755993658 0.00000000000000000 0.00000000000000000 -0.00000000000000000 -0.00000000000000000 -0.00000000000000000 -0.00000000000000000 0.00000000000000000 0.00000000000000000 0.00000000000000000 0.00000000000000000 0.00000000000000000 0.00000000000000000 1.00000000000000000 
0.74825541402609930 0.69045424458022187 1.00000000000000000 0.76903570165760415 1.01651644486369586 0.05751126672128871 0.00000000000000000 0.00000000000000000 -0.00000000000000000 -0.00000000000000000 -0.00000000000000000 -0.00000000000000000 0.00000000000000000 0.00000000000000000 0.00000000000000000 0.00000000000000000 0.00000000000000000 0.00000000000000000 1.00000000000000000 
0.75563490144487799 0.68631455996616153 1.00000000000000000 0.77721693252630208 1.01917710589723787 0.05735683322923815 0.00000000000000000 0.00000000000000000 -0.00000000000000000 -0.00000000000000000 -0.00000000000000000 -0.00000000000000000 0.00000000000000000 0.00000000000000000 0.00000000000000000 0.00000000000000000 0.00000000000000000 0.00000000000000000 1.00000000000000000 
0.76293759992579702 0.68205433221718959 1.00000000000000000 0.78539816339500002 1.02176359397801741 0.05719310708378487 0.00000000000000000 0.00000000000000000 -0.00000000000000000 -0.00000000000000000 -0.00000000000000000 -0.00000000000000000 0.00000000000000000 0.00000000000000000 0.00000000000000000 0.00000000000000000 0.00000000000000000 0.00000000000000000 1.00000000000000000 
ZONE I=5
0.76293759992579702 0.68205433221718959 1.00000000000000000 0.78539816339500002 1.02176359397801741 0.05719310708378487 0.00000000000000000 0.00000000000000000 -0.00000000000000000 -0.00000000000000000 -0.00000000000000000 -0.00000000000000000 0.00000000000000000 0.00000000000000000 0.00000000000000000 0.00000000000000000 0.00000000000000000 0.00000000000000000 1.00000000000000000 
0.77016708604432271 0.67767277138683835 1.00000000000000000 0.79357939426369795 1.02427819343832094 0.05702550264443638 0.00000000000000000 0.00000000000000000 -0.00000000000000000 -0.00000000000000000 -0.00000000000000000 -0.00000000000000000 0.00000000000000000 0.00000000000000000 0.00000000000000000 0.00000000000000000 0.00000000000000000 0.00000000000000000 1.00000000000000000 
0.77731669854339824 0.67317973764128947 1.00000000000000000 0.80176062513239588 1.02672338134668428 0.05684458814376844 0.00000000000000000 0.00000000000000000 -0.00000000000000000 -0.00000000000000000 -0.00000000000000000 -0.00000000000000000 0.00000000000000000 0.00000000000000000 0.00000000000000000 0.00000000000000000 0.00000000000000000 0.00000000000000000 1.00000000000000000 
0.78438478559633318 0.66857673322079281 1.00000000000000000 0.80994185600109381 1.02909915770310723 0.05665036358178105 0.00000000000000000 0.00000000000000000 -0.00000000000000000 -0.00000000000000000 -0.00000000000000000 -0.00000000000000000 0.00000000000000000 0.00000000000000000 0.00000000000000000 0.00000000000000000 0.00000000000000000 0.00000000000000000 1.00000000000000000 
0.79136971863914241 0.66386528243386467 1.00000000000000000 0.81812308686979174 1.03140552250758999 0.05644282895847421 0.00000000000000000 0.00000000000000000 -0.00000000000000000 -0.00000000000000000 -0.00000000000000000 -0.00000000000000000 0.00000000000000000 0.00000000000000000 0.00000000000000000 0.00000000000000000 0.00000000000000000 0.00000000000000000 1.00000000000000000 
ZONE I=5
0.79136971863914241 0.66386528243386467 1.00000000000000000 0.81812308686979174 1.03140552250758999 0.05644282895847421 0.00000000000000000 0.00000000000000000 -0.00000000000000000 -0.00000000000000000 -0.00000000000000000 -0.00000000000000000 0.00000000000000000 0.00000000000000000 0.00000000000000000 0.00000000000000000 0.00000000000000000 0.00000000000000000 1.00000000000000000 
0.79828045116178570 0.65904190693695863 1.00000000000000000 0.82630431773848967 1.03364683630662935 0.05623283382031492 0.00000000000000000 0.00000000000000000 -0.00000000000000000 -0.00000000000000000 -0.00000000000000000 -0.00000000000000000 0.00000000000000000 0.00000000000000000 0.00000000000000000 0.00000000000000000 0.00000000000000000 0.00000000000000000 1.00000000000000000 
0.80510735580755355 0.65411874396325453 1.00000000000000000 0.83448554860718749 1.03582450135882409 0.05600703495311594 0.00000000000000000 0.00000000000000000 -0.00000000000000000 -0.00000000000000000 -0.00000000000000000 -0.00000000000000000 0.00000000000000000 0.00000000000000000 0.00000000000000000 0.00000000000000000 0.00000000000000000 0.00000000000000000 1.00000000000000000 
0.81184901336948734 0.64909731888819544 1.00000000000000000 0.84266677947588542 1.03793851766417466 0.05576543235687725 0.00000000000000000 0.00000000000000000 -0.00000000000000000 -0.00000000000000000 -0.00000000000000000 -0.00000000000000000 0.00000000000000000 0.00000000000000000 0.00000000000000000 0.00000000000000000 0.00000000000000000 0.00000000000000000 1.00000000000000000 
0.81850402791278887 0.64397917561919593 1.00000000000000000 0.85084801034458335 1.03998888522268063 0.05550802603159886 0.00000000000000000 0.00000000000000000 -0.00000000000000000 -0.00000000000000000 -0.00000000000000000 -0.00000000000000000 0.00000000000000000 0.00000000000000000 0.00000000000000000 0.00000000000000000 0.00000000000000000 0.00000000000000000 1.00000000000000000 
ZONE I=5
0.81850402791278887 0.64397917561919593 1.00000000000000000 0.85084801034458335 1.03998888522268063 0.05550802603159886 0.00000000000000000 0.00000000000000000 -0.00000000000000000 -0.00000000000000000 -0.00000000000000000 -0.00000000000000000 0.00000000000000000 0.00000000000000000 0.00000000000000000 0.00000000000000000 0.00000000000000000 0.00000000000000000 1.00000000000000000 
0.82508436540547803 0.63875854639539509 1.00000000000000000 0.85902924121328128 1.04198091630917089 0.05524907851918329 0.00000000000000000 0.00000000000000000 -0.00000000000000000 -0.00000000000000000 -0.00000000000000000 -0.00000000000000000 0.00000000000000000 0.00000000000000000 0.00000000000000000 0.00000000000000000 0.00000000000000000 0.00000000000000000 1.00000000000000000 
0.83157910074791186 0.63344903428962029 1.00000000000000000 0.86721047208197921 1.04391543657107899 0.05497309461702179 0.00000000000000000 0.00000000000000000 -0.00000000000000000 -0.00000000000000000 -0.00000000000000000 -0.00000000000000000 0.00000000000000000 0.00000000000000000 0.00000000000000000 0.00000000000000000 0.00000000000000000 0.00000000000000000 1.00000000000000000 
0.83798702662564195 0.62805214263113396 1.00000000000000000 0.87539170295067714 1.04579244600840493 0.05468007432511436 0.00000000000000000 0.00000000000000000 -0.00000000000000000 -0.00000000000000000 -0.00000000000000000 -0.00000000000000000 0.00000000000000000 0.00000000000000000 0.00000000000000000 0.00000000000000000 0.00000000000000000 0.00000000000000000 1.00000000000000000 
0.84430695831096803 0.62256939009168710 1.00000000000000000 0.88357293381937496 1.04761194462114826 0.05437001764346101 0.00000000000000000 0.00000000000000000 -0.00000000000000000 -0.00000000000000000 -0.00000000000000000 -0.00000000000000000 0.00000000000000000 0.00000000000000000 0.00000000000000000 0.00000000000000000 0.00000000000000000 0.00000000000000000 1.00000000000000000 
ZONE I=5
0.84430695831096803 0.62256939009168710 1.00000000000000000 0.88357293381937496 1.04761194462114826 0.05437001764346101 0.00000000000000000 0.00000000000000000 -0.00000000000000000 -0.00000000000000000 -0.00000000000000000 -0.00000000000000000 0.00000000000000000 0.00000000000000000 0.00000000000000000 0.00000000000000000 0.00000000000000000 0.00000000000000000 1.00000000000000000 
0.85055214213132579 0.61699327349716693 1.00000000000000000 0.89175416468807289 1.04937946897262102 0.05405900594421491 0.00000000000000000 0.00000000000000000 -0.00000000000000000 -0.00000000000000000 -0.00000000000000000 -0.00000000000000000 0.00000000000000000 0.00000000000000000 0.00000000000000000 0.00000000000000000 0.00000000000000000 0.00000000000000000 1.00000000000000000 
0.85671148670688968 0.61133812689037048 1.00000000000000000 0.89993539555677082 1.05109556593498987 0.05373069995039473 0.00000000000000000 0.00000000000000000 -0.00000000000000000 -0.00000000000000000 -0.00000000000000000 -0.00000000000000000 0.00000000000000000 0.00000000000000000 0.00000000000000000 0.00000000000000000 0.00000000000000000 0.00000000000000000 1.00000000000000000 
0.86278397058692158 0.60560540158719334 1.00000000000000000 0.90811662642546886 1.05276023550825570 0.05338509966200047 0.00000000000000000 0.00000000000000000 -0.00000000000000000 -0.00000000000000000 -0.00000000000000000 -0.00000000000000000 0.00000000000000000 0.00000000000000000 0.00000000000000000 0.00000000000000000 0.00000000000000000 0.00000000000000000 1.00000000000000000 
0.86876859377315763 0.59979656148235516 1.00000000000000000 0.91629785729416668 1.05437347769241785 0.05302220507903212 0.00000000000000000 0.00000000000000000 -0.00000000000000000 -0.00000000000000000 -0.00000000000000000 -0.00000000000000000 0.00000000000000000 0.00000000000000000 0.00000000000000000 0.00000000000000000 0.00000000000000000 0.00000000000000000 1.00000000000000000 
ZONE I=5
0.86876859377315763 0.59979656148235516 1.00000000000000000 0.91629785729416668 1.05437347769241785 0.05302220507903212 0.00000000000000000 0.00000000000000000 -0.00000000000000000 -0.00000000000000000 -0.00000000000000000 -0.00000000000000000 0.00000000000000000 0.00000000000000000 0.00000000000000000 0.00000000000000000 0.00000000000000000 0.00000000000000000 1.00000000000000000 
0.87467868901687784 0.59390295560683370 1.00000000000000000 0.92447908816286462 1.05594061809368389 0.05265871968388235 0.00000000000000000 0.00000000000000000 -0.00000000000000000 -0.00000000000000000 -0.00000000000000000 -0.00000000000000000 0.00000000000000000 0.00000000000000000 0.00000000000000000 0.00000000000000000 0.00000000000000000 0.00000000000000000 1.00000000000000000 
0.88050371216511858 0.58793903668108205 1.00000000000000000 0.93266031903156255 1.05746208834240907 0.05227838662912097 0.00000000000000000 0.00000000000000000 -0.00000000000000000 -0.00000000000000000 -0.00000000000000000 -0.00000000000000000 0.00000000000000000 0.00000000000000000 0.00000000000000000 0.00000000000000000 0.00000000000000000 0.00000000000000000 1.00000000000000000 
0.88624280046377479 0.58190618636003666 1.00000000000000000 0.94084154990026059 1.05893788843859360 0.05188120591474799 0.00000000000000000 0.00000000000000000 -0.00000000000000000 -0.00000000000000000 -0.00000000000000000 -0.00000000000000000 0.00000000000000000 0.00000000000000000 0.00000000000000000 0.00000000000000000 0.00000000000000000 0.00000000000000000 1.00000000000000000 
0.89189511122550935 0.57580579655290187 1.00000000000000000 0.94902278076895841 1.06036801838223749 0.05146717754076341 0.00000000000000000 0.00000000000000000 -0.00000000000000000 -0.00000000000000000 -0.00000000000000000 -0.00000000000000000 0.00000000000000000 0.00000000000000000 0.00000000000000000 0.00000000000000000 0.00000000000000000 0.00000000000000000 1.00000000000000000 
ZONE I=5
0.89189511122550935 0.57580579655290187 1.00000000000000000 0.94902278076895841 1.06036801838223749 0.05146717754076341 0.00000000000000000 0.00000000000000000 -0.00000000000000000 -0.00000000000000000 -0.00000000000000000 -0.00000000000000000 0.00000000000000000 0.00000000000000000 0.00000000000000000 0.00000000000000000 0.00000000000000000 0.00000000000000000 1.00000000000000000 
0.89747329869783654 0.56962861152486965 1.00000000000000000 0.95720401163765634 1.06175735980624730 0.05105277505282040 0.00000000000000000 0.00000000000000000 -0.00000000000000000 -0.00000000000000000 -0.00000000000000000 -0.00000000000000000 0.00000000000000000 0.00000000000000000 0.00000000000000000 0.00000000000000000 0.00000000000000000 0.00000000000000000 1.00000000000000000 
0.90296777108182102 0.56338872899062342 1.00000000000000000 0.96538524250635416 1.06310630878755430 0.05062244346377428 0.00000000000000000 0.00000000000000000 -0.00000000000000000 -0.00000000000000000 -0.00000000000000000 -0.00000000000000000 0.00000000000000000 0.00000000000000000 0.00000000000000000 0.00000000000000000 0.00000000000000000 0.00000000000000000 1.00000000000000000 
0.90837779858048850 0.55708745264195403 1.00000000000000000 0.97356647337505220 1.06441486532615825 0.05017618277362505 0.00000000000000000 0.00000000000000000 -0.00000000000000000 -0.00000000000000000 -0.00000000000000000 -0.00000000000000000 0.00000000000000000 0.00000000000000000 0.00000000000000000 0.00000000000000000 0.00000000000000000 0.00000000000000000 1.00000000000000000 
0.91370266997482774 0.55072609451278032 1.00000000000000000 0.98174770424375002 1.06568302942205917 0.04971399298237272 0.00000000000000000 0.00000000000000000 -0.00000000000000000 -0.00000000000000000 -0.00000000000000000 -0.00000000000000000 0.00000000000000000 0.00000000000000000 0.00000000000000000 0.00000000000000000 0.00000000000000000 0.00000000000000000 1.00000000000000000 
ZONE I=5
0.91370266997482774 0.55072609451278032 1.00000000000000000 0.98174770424375002 1.06568302942205917 0.04971399298237272 0.00000000000000000 0.00000000000000000 -0.00000000000000000 -0.00000000000000000 -0.00000000000000000 -0.00000000000000000 0.00000000000000000 0.00000000000000000 0.00000000000000000 0.00000000000000000 0.00000000000000000 0.00000000000000000 1.00000000000000000 
0.91895391928640524 0.54429525096388842 1.00000000000000000 0.98992893511244806 1.06691513766513180 0.04925154834804783 0.00000000000000000 0.00000000000000000 -0.00000000000000000 -0.00000000000000000 -0.00000000000000000 -0.00000000000000000 0.00000000000000000 0.00000000000000000 0.00000000000000000 0.00000000000000000 0.00000000000000000 0.00000000000000000 1.00000000000000000 
0.92412309603238085 0.53780832514645693 1.00000000000000000 0.99811016598114588 1.06811158183457811 0.04877437819332588 0.00000000000000000 0.00000000000000000 -0.00000000000000000 -0.00000000000000000 -0.00000000000000000 -0.00000000000000000 0.00000000000000000 0.00000000000000000 0.00000000000000000 0.00000000000000000 0.00000000000000000 0.00000000000000000 1.00000000000000000 
0.92920958042768631 0.53126654115211880 1.00000000000000000 1.00629139684984370 1.06927236193039787 0.04828248251820685 0.00000000000000000 0.00000000000000000 -0.00000000000000000 -0.00000000000000000 -0.00000000000000000 -0.00000000000000000 0.00000000000000000 0.00000000000000000 0.00000000000000000 0.00000000000000000 0.00000000000000000 0.00000000000000000 1.00000000000000000 
0.93421276977787271 0.52467112986741360 1.00000000000000000 1.01447262771854163 1.07039747795259133 0.04777586132269075 0.00000000000000000 0.00000000000000000 -0.00000000000000000 -0.00000000000000000 -0.00000000000000000 -0.00000000000000000 0.00000000000000000 0.00000000000000000 0.00000000000000000 0.00000000000000000 0.00000000000000000 0.00000000000000000 1.00000000000000000 
ZONE I=5
0.93421276977787271 0.52467112986741360 1.00000000000000000 1.01447262771854163 1.07039747795259133 0.04777586132269075 0.00000000000000000 0.00000000000000000 -0.00000000000000000 -0.00000000000000000 -0.00000000000000000 -0.00000000000000000 0.00000000000000000 0.00000000000000000 0.00000000000000000 0.00000000000000000 0.00000000000000000 0.00000000000000000 1.00000000000000000 
0.93914286717340301 0.51801289564870956 1.00000000000000000 1.02265385858723956 1.07149070120413925 0.04726904118027805 0.00000000000000000 0.00000000000000000 -0.00000000000000000 -0.00000000000000000 -0.00000000000000000 -0.00000000000000000 0.00000000000000000 0.00000000000000000 0.00000000000000000 0.00000000000000000 0.00000000000000000 0.00000000000000000 1.00000000000000000 
0.94399260888330594 0.51130432540471715 1.00000000000000000 1.03083508945593749 1.07255242507628745 0.04674884241195804 0.00000000000000000 0.00000000000000000 -0.00000000000000000 -0.00000000000000000 -0.00000000000000000 -0.00000000000000000 0.00000000000000000 0.00000000000000000 0.00000000000000000 0.00000000000000000 0.00000000000000000 0.00000000000000000 1.00000000000000000 
0.94876146552911189 0.50454656643701612 1.00000000000000000 1.03901632032463542 1.07358264956903593 0.04621526501773071 0.00000000000000000 0.00000000000000000 -0.00000000000000000 -0.00000000000000000 -0.00000000000000000 -0.00000000000000000 0.00000000000000000 0.00000000000000000 0.00000000000000000 0.00000000000000000 0.00000000000000000 0.00000000000000000 1.00000000000000000 
0.95344892340572218 0.49774077160450891 1.00000000000000000 1.04719755119333335 1.07458137468238424 0.04566830899759606 0.00000000000000000 0.00000000000000000 -0.00000000000000000 -0.00000000000000000 -0.00000000000000000 -0.00000000000000000 0.00000000000000000 0.00000000000000000 0.00000000000000000 0.00000000000000000 0.00000000000000000 0.00000000000000000 1.00000000000000000 
ZONE I=5
0.95344892340572218 0.49774077160450891 1.00000000000000000 1.04719755119333335 1.07458137468238424 0.04566830899759606 0.00000000000000000 0.00000000000000000 -0.00000000000000000 -0.00000000000000000 -0.00000000000000000 -0.00000000000000000 0.00000000000000000 0.00000000000000000 0.00000000000000000 0.00000000000000000 0.00000000000000000 0.00000000000000000 1.00000000000000000 
0.95806380038829198 0.49087821057308356 1.00000000000000000 1.05537878206203128 1.07555183196634174 0.04512117001736148 0.00000000000000000 0.00000000000000000 -0.00000000000000000 -0.00000000000000000 -0.00000000000000000 -0.00000000000000000 0.00000000000000000 0.00000000000000000 0.00000000000000000 0.00000000000000000 0.00000000000000000 0.00000000000000000 1.00000000000000000 
0.96259997567706201 0.48397032884179630 1.00000000000000000 1.06356001293072921 1.07649441098552923 0.04456204090518454 0.00000000000000000 0.00000000000000000 -0.00000000000000000 -0.00000000000000000 -0.00000000000000000 -0.00000000000000000 0.00000000000000000 0.00000000000000000 0.00000000000000000 0.00000000000000000 0.00000000000000000 0.00000000000000000 1.00000000000000000 
0.96705699406688161 0.47701820245686466 1.00000000000000000 1.07174124379942715 1.07740911173994669 0.04399092166106529 0.00000000000000000 0.00000000000000000 -0.00000000000000000 -0.00000000000000000 -0.00000000000000000 -0.00000000000000000 0.00000000000000000 0.00000000000000000 0.00000000000000000 0.00000000000000000 0.00000000000000000 0.00000000000000000 1.00000000000000000 
0.97143441471977821 0.47002291203885493 1.00000000000000000 1.07992247466812508 1.07829593422959413 0.04340781228500371 0.00000000000000000 0.00000000000000000 -0.00000000000000000 -0.00000000000000000 -0.00000000000000000 -0.00000000000000000 0.00000000000000000 0.00000000000000000 0.00000000000000000 0.00000000000000000 0.00000000000000000 0.00000000000000000 1.00000000000000000 
ZONE I=5
0.97143441471977821 0.47002291203885493 1.00000000000000000 1.07992247466812508 1.07829593422959413 0.04340781228500371 0.00000000000000000 0.00000000000000000 -0.00000000000000000 -0.00000000000000000 -0.00000000000000000 -0.00000000000000000 0.00000000000000000 0.00000000000000000 0.00000000000000000 0.00000000000000000 0.00000000000000000 0.00000000000000000 1.00000000000000000 
0.97573971542075122 0.46297636309283924 1.00000000000000000 1.08810370553682301 1.07915761878036509 0.04282451237706277 0.00000000000000000 0.00000000000000000 -0.00000000000000000 -0.00000000000000000 -0.00000000000000000 -0.00000000000000000 0.00000000000000000 0.00000000000000000 0.00000000000000000 0.00000000000000000 0.00000000000000000 0.00000000000000000 1.00000000000000000 
0.97996782393976578 0.45588890897754064 1.00000000000000000 1.09628493640552094 1.07999454215921498 0.04223058361282576 0.00000000000000000 0.00000000000000000 -0.00000000000000000 -0.00000000000000000 -0.00000000000000000 -0.00000000000000000 0.00000000000000000 0.00000000000000000 0.00000000000000000 0.00000000000000000 0.00000000000000000 0.00000000000000000 1.00000000000000000 
0.98411834612796356 0.44876156147455137 1.00000000000000000 1.10446616727421887 1.08080670436614379 0.04162602599229269 0.00000000000000000 0.00000000000000000 -0.00000000000000000 -0.00000000000000000 -0.00000000000000000 -0.00000000000000000 0.00000000000000000 0.00000000000000000 0.00000000000000000 0.00000000000000000 0.00000000000000000 0.00000000000000000 1.00000000000000000 
0.98819090102927065 0.44159533616110419 1.00000000000000000 1.11264739814291680 1.08159410540115153 0.04101083951546355 0.00000000000000000 0.00000000000000000 -0.00000000000000000 -0.00000000000000000 -0.00000000000000000 -0.00000000000000000 0.00000000000000000 0.00000000000000000 0.00000000000000000 0.00000000000000000 0.00000000000000000 0.00000000000000000 1.00000000000000000 
ZONE I=5
0.98819090102927065 0.44159533616110419 1.00000000000000000 1.11264739814291680 1.08159410540115153 0.04101083951546355 0.00000000000000000 0.00000000000000000 -0.00000000000000000 -0.00000000000000000 -0.00000000000000000 -0.00000000000000000 0.00000000000000000 0.00000000000000000 0.00000000000000000 0.00000000000000000 0.00000000000000000 0.00000000000000000 1.00000000000000000 
0.99219172935095956 0.43438287388358998 1.00000000000000000 1.12082862901161451 1.08235905184694281 0.04039544282220009 0.00000000000000000 0.00000000000000000 -0.00000000000000000 -0.00000000000000000 -0.00000000000000000 -0.00000000000000000 0.00000000000000000 0.00000000000000000 0.00000000000000000 0.00000000000000000 0.00000000000000000 0.00000000000000000 1.00000000000000000 
0.99611668894612426 0.42713343933440900 1.00000000000000000 1.12900985988031244 1.08310189907055276 0.03977070812033783 0.00000000000000000 0.00000000000000000 -0.00000000000000000 -0.00000000000000000 -0.00000000000000000 -0.00000000000000000 0.00000000000000000 0.00000000000000000 0.00000000000000000 0.00000000000000000 0.00000000000000000 0.00000000000000000 1.00000000000000000 
0.99996543633026103 0.41984798758854680 1.00000000000000000 1.13719109074901015 1.08382264707198117 0.03913663540987677 0.00000000000000000 0.00000000000000000 -0.00000000000000000 -0.00000000000000000 -0.00000000000000000 -0.00000000000000000 0.00000000000000000 0.00000000000000000 0.00000000000000000 0.00000000000000000 0.00000000000000000 0.00000000000000000 1.00000000000000000 
1.00373764017578737 0.41252747689852975 1.00000000000000000 1.14537232161770830 1.08452129585122825 0.03849322469081693 0.00000000000000000 0.00000000000000000 -0.00000000000000000 -0.00000000000000000 -0.00000000000000000 -0.00000000000000000 0.00000000000000000 0.00000000000000000 0.00000000000000000 0.00000000000000000 0.00000000000000000 0.00000000000000000 1.00000000000000000 
ZONE I=5
1.00373764017578737 0.41252747689852975 1.00000000000000000 1.14537232161770830 1.08452129585122825 0.03849322469081693 0.00000000000000000 0.00000000000000000 -0.00000000000000000 -0.00000000000000000 -0.00000000000000000 -0.00000000000000000 0.00000000000000000 0.00000000000000000 0.00000000000000000 0.00000000000000000 0.00000000000000000 0.00000000000000000 1.00000000000000000 
1.00743843609755324 0.40516532818748385 1.00000000000000000 1.15355355248640623 1.08519977653491395 0.03784957992538643 0.00000000000000000 0.00000000000000000 -0.00000000000000000 -0.00000000000000000 -0.00000000000000000 -0.00000000000000000 0.00000000000000000 0.00000000000000000 0.00000000000000000 0.00000000000000000 0.00000000000000000 0.00000000000000000 1.00000000000000000 
1.01106448659156789 0.39776975797717889 1.00000000000000000 1.16173478335510416 1.08585841644953840 0.03719779339685186 0.00000000000000000 0.00000000000000000 -0.00000000000000000 -0.00000000000000000 -0.00000000000000000 -0.00000000000000000 0.00000000000000000 0.00000000000000000 0.00000000000000000 0.00000000000000000 0.00000000000000000 0.00000000000000000 1.00000000000000000 
1.01461549073973267 0.39034167217109517 1.00000000000000000 1.16991601422380187 1.08649721559510160 0.03653786510521323 0.00000000000000000 0.00000000000000000 -0.00000000000000000 -0.00000000000000000 -0.00000000000000000 -0.00000000000000000 0.00000000000000000 0.00000000000000000 0.00000000000000000 0.00000000000000000 0.00000000000000000 0.00000000000000000 1.00000000000000000 
1.01809115888108392 0.38288197935629187 1.00000000000000000 1.17809724509250002 1.08711617397160354 0.03586979505047053 0.00000000000000000 0.00000000000000000 -0.00000000000000000 -0.00000000000000000 -0.00000000000000000 -0.00000000000000000 0.00000000000000000 0.00000000000000000 0.00000000000000000 0.00000000000000000 0.00000000000000000 0.00000000000000000 1.00000000000000000 
ZONE I=5
1.01809115888108392 0.38288197935629187 1.00000000000000000 1.17809724509250002 1.08711617397160354 0.03586979505047053 0.00000000000000000 0.00000000000000000 -0.00000000000000000 -0.00000000000000000 -0.00000000000000000 -0.00000000000000000 0.00000000000000000 0.00000000000000000 0.00000000000000000 0.00000000000000000 0.00000000000000000 0.00000000000000000 1.00000000000000000 
1.02149566328186037 0.37538488535330988 1.00000000000000000 1.18627847596119795 1.08771690199100801 0.03520146841325764 0.00000000000000000 0.00000000000000000 -0.00000000000000000 -0.00000000000000000 -0.00000000000000000 -0.00000000000000000 0.00000000000000000 0.00000000000000000 0.00000000000000000 0.00000000000000000 0.00000000000000000 0.00000000000000000 1.00000000000000000 
1.02482634919286864 0.36785762223016993 1.00000000000000000 1.19445970682989588 1.08829969460186660 0.03452609103709525 0.00000000000000000 0.00000000000000000 -0.00000000000000000 -0.00000000000000000 -0.00000000000000000 -0.00000000000000000 0.00000000000000000 0.00000000000000000 0.00000000000000000 0.00000000000000000 0.00000000000000000 0.00000000000000000 1.00000000000000000 
1.02808295204214817 0.36030105386467198 1.00000000000000000 1.20264093769859359 1.08886455180417840 0.03384366292198335 0.00000000000000000 0.00000000000000000 -0.00000000000000000 -0.00000000000000000 -0.00000000000000000 -0.00000000000000000 0.00000000000000000 0.00000000000000000 0.00000000000000000 0.00000000000000000 0.00000000000000000 0.00000000000000000 1.00000000000000000 
1.03126521774313140 0.35271604641873838 1.00000000000000000 1.21082216856729175 1.08941147359794410 0.03315418406792194 0.00000000000000000 0.00000000000000000 -0.00000000000000000 -0.00000000000000000 -0.00000000000000000 -0.00000000000000000 0.00000000000000000 0.00000000000000000 0.00000000000000000 0.00000000000000000 0.00000000000000000 0.00000000000000000 1.00000000000000000 
ZONE I=5
1.03126521774313140 0.35271604641873838 1.00000000000000000 1.21082216856729175 1.08941147359794410 0.03315418406792194 0.00000000000000000 0.00000000000000000 -0.00000000000000000 -0.00000000000000000 -0.00000000000000000 -0.00000000000000000 0.00000000000000000 0.00000000000000000 0.00000000000000000 0.00000000000000000 0.00000000000000000 0.00000000000000000 1.00000000000000000 
1.03437649464104675 0.34509756809628234 1.00000000000000000 1.21900339943598968 1.08994179885639619 0.03246443095991385 0.00000000000000000 0.00000000000000000 -0.00000000000000000 -0.00000000000000000 -0.00000000000000000 -0.00000000000000000 0.00000000000000000 0.00000000000000000 0.00000000000000000 0.00000000000000000 0.00000000000000000 0.00000000000000000 1.00000000000000000 
1.03741469827928667 0.33745194286203217 1.00000000000000000 1.22718463030468761 1.09045578785608477 0.03176861152818829 0.00000000000000000 0.00000000000000000 -0.00000000000000000 -0.00000000000000000 -0.00000000000000000 -0.00000000000000000 0.00000000000000000 0.00000000000000000 0.00000000000000000 0.00000000000000000 0.00000000000000000 0.00000000000000000 1.00000000000000000 
1.04037959571563299 0.32977999911951678 1.00000000000000000 1.23536586117338532 1.09095344059700983 0.03106672577274525 0.00000000000000000 0.00000000000000000 -0.00000000000000000 -0.00000000000000000 -0.00000000000000000 -0.00000000000000000 0.00000000000000000 0.00000000000000000 0.00000000000000000 0.00000000000000000 0.00000000000000000 0.00000000000000000 1.00000000000000000 
1.04327096383851603 0.32208256722788042 1.00000000000000000 1.24354709204208325 1.09143475707917137 0.03035877369358473 0.00000000000000000 0.00000000000000000 -0.00000000000000000 -0.00000000000000000 -0.00000000000000000 -0.00000000000000000 0.00000000000000000 0.00000000000000000 0.00000000000000000 0.00000000000000000 0.00000000000000000 0.00000000000000000 1.00000000000000000 
ZONE I=5
1.04327096383851603 0.32208256722788042 1.00000000000000000 1.24354709204208325 1.09143475707917137 0.03035877369358473 0.00000000000000000 0.00000000000000000 -0.00000000000000000 -0.00000000000000000 -0.00000000000000000 -0.00000000000000000 0.00000000000000000 0.00000000000000000 0.00000000000000000 0.00000000000000000 0.00000000000000000 0.00000000000000000 1.00000000000000000 
1.04609145716690777 0.31435533802131094 1.00000000000000000 1.25172832291078118 1.09190084759170336 0.02965053673370435 0.00000000000000000 0.00000000000000000 -0.00000000000000000 -0.00000000000000000 -0.00000000000000000 -0.00000000000000000 0.00000000000000000 0.00000000000000000 0.00000000000000000 0.00000000000000000 0.00000000000000000 0.00000000000000000 1.00000000000000000 
1.04883946127144978 0.30660380855299385 1.00000000000000000 1.25990955377947911 1.09235193699947897 0.02893711583541825 0.00000000000000000 0.00000000000000000 -0.00000000000000000 -0.00000000000000000 -0.00000000000000000 -0.00000000000000000 0.00000000000000000 0.00000000000000000 0.00000000000000000 0.00000000000000000 0.00000000000000000 0.00000000000000000 1.00000000000000000 
1.05151477130667148 0.29882877761587556 1.00000000000000000 1.26809078464817704 1.09278802530249886 0.02821851099872644 0.00000000000000000 0.00000000000000000 -0.00000000000000000 -0.00000000000000000 -0.00000000000000000 -0.00000000000000000 0.00000000000000000 0.00000000000000000 0.00000000000000000 0.00000000000000000 0.00000000000000000 0.00000000000000000 1.00000000000000000 
1.05411719170771900 0.29103104568257160 1.00000000000000000 1.27627201551687497 1.09320911250076236 0.02749472222362891 0.00000000000000000 0.00000000000000000 -0.00000000000000000 -0.00000000000000000 -0.00000000000000000 -0.00000000000000000 0.00000000000000000 0.00000000000000000 0.00000000000000000 0.00000000000000000 0.00000000000000000 0.00000000000000000 1.00000000000000000 
ZONE I=5
1.05411719170771900 0.29103104568257160 1.00000000000000000 1.27627201551687497 1.09320911250076236 0.02749472222362891 0.00000000000000000 0.00000000000000000 -0.00000000000000000 -0.00000000000000000 -0.00000000000000000 -0.00000000000000000 0.00000000000000000 0.00000000000000000 0.00000000000000000 0.00000000000000000 0.00000000000000000 0.00000000000000000 1.00000000000000000 
1.05664880036788200 0.28320697698639286 1.00000000000000000 1.28445324638557290 1.09361611712624773 0.02677064613274984 0.00000000000000000 0.00000000000000000 -0.00000000000000000 -0.00000000000000000 -0.00000000000000000 -0.00000000000000000 0.00000000000000000 0.00000000000000000 0.00000000000000000 0.00000000000000000 0.00000000000000000 0.00000000000000000 1.00000000000000000 
1.05910836559145016 0.27536132220106047 1.00000000000000000 1.29263447725427083 1.09400922892383878 0.02604217463225783 0.00000000000000000 0.00000000000000000 -0.00000000000000000 -0.00000000000000000 -0.00000000000000000 -0.00000000000000000 0.00000000000000000 0.00000000000000000 0.00000000000000000 0.00000000000000000 0.00000000000000000 0.00000000000000000 1.00000000000000000 
1.06149570801408100 0.26749485566620079 1.00000000000000000 1.30081570812296876 1.09438844789353573 0.02530930772215288 0.00000000000000000 0.00000000000000000 -0.00000000000000000 -0.00000000000000000 -0.00000000000000000 -0.00000000000000000 0.00000000000000000 0.00000000000000000 0.00000000000000000 0.00000000000000000 0.00000000000000000 0.00000000000000000 1.00000000000000000 
1.06381065709437506 0.25960835316358849 1.00000000000000000 1.30899693899166669 1.09475377403533858 0.02457204540243497 0.00000000000000000 0.00000000000000000 -0.00000000000000000 -0.00000000000000000 -0.00000000000000000 -0.00000000000000000 0.00000000000000000 0.00000000000000000 0.00000000000000000 0.00000000000000000 0.00000000000000000 0.00000000000000000 1.00000000000000000 
ZONE I=5
1.06381065709437506 0.25960835316358849 1.00000000000000000 1.30899693899166669 1.09475377403533858 0.02457204540243497 0.00000000000000000 0.00000000000000000 -0.00000000000000000 -0.00000000000000000 -0.00000000000000000 -0.00000000000000000 0.00000000000000000 0.00000000000000000 0.00000000000000000 0.00000000000000000 0.00000000000000000 0.00000000000000000 1.00000000000000000 
1.06605481711603667 0.25169879936334283 1.00000000000000000 1.31717816986036462 1.09510596529099646 0.02383450191066689 0.00000000000000000 0.00000000000000000 -0.00000000000000000 -0.00000000000000000 -0.00000000000000000 -0.00000000000000000 0.00000000000000000 0.00000000000000000 0.00000000000000000 0.00000000000000000 0.00000000000000000 0.00000000000000000 1.00000000000000000 
1.06822726434881732 0.24377027472494489 1.00000000000000000 1.32535940072906255 1.09544517714050249 0.02309326779055633 0.00000000000000000 0.00000000000000000 -0.00000000000000000 -0.00000000000000000 -0.00000000000000000 -0.00000000000000000 0.00000000000000000 0.00000000000000000 0.00000000000000000 0.00000000000000000 0.00000000000000000 0.00000000000000000 1.00000000000000000 
1.07032784299566774 0.23582353361435279 1.00000000000000000 1.33354063159776048 1.09577140958385622 0.02234834304210328 0.00000000000000000 0.00000000000000000 -0.00000000000000000 -0.00000000000000000 -0.00000000000000000 -0.00000000000000000 0.00000000000000000 0.00000000000000000 0.00000000000000000 0.00000000000000000 0.00000000000000000 0.00000000000000000 1.00000000000000000 
1.07235640570545665 0.22785933162986369 1.00000000000000000 1.34172186246645841 1.09608466262105808 0.02159972766530775 0.00000000000000000 0.00000000000000000 -0.00000000000000000 -0.00000000000000000 -0.00000000000000000 -0.00000000000000000 0.00000000000000000 0.00000000000000000 0.00000000000000000 0.00000000000000000 0.00000000000000000 0.00000000000000000 1.00000000000000000 
ZONE I=5
1.07235640570545665 0.22785933162986369 1.00000000000000000 1.34172186246645841 1.09608466262105808 0.02159972766530775 0.00000000000000000 0.00000000000000000 -0.00000000000000000 -0.00000000000000000 -0.00000000000000000 -0.00000000000000000 0.00000000000000000 0.00000000000000000 0.00000000000000000 0.00000000000000000 0.00000000000000000 0.00000000000000000 1.00000000000000000 
1.07431417211931968 0.21987522129275439 1.00000000000000000 1.34990309333515612 1.09638555973231955 0.02085084567602432 0.00000000000000000 0.00000000000000000 -0.00000000000000000 -0.00000000000000000 -0.00000000000000000 -0.00000000000000000 0.00000000000000000 0.00000000000000000 0.00000000000000000 0.00000000000000000 0.00000000000000000 0.00000000000000000 1.00000000000000000 
1.07620046308741601 0.21187468228887288 1.00000000000000000 1.35808432420385428 1.09667422316809349 0.02009890502584072 0.00000000000000000 0.00000000000000000 -0.00000000000000000 -0.00000000000000000 -0.00000000000000000 -0.00000000000000000 0.00000000000000000 0.00000000000000000 0.00000000000000000 0.00000000000000000 0.00000000000000000 0.00000000000000000 1.00000000000000000 
1.07801514499649298 0.20385845286985368 1.00000000000000000 1.36626555507255198 1.09695065292837990 0.01934390571475696 0.00000000000000000 0.00000000000000000 -0.00000000000000000 -0.00000000000000000 -0.00000000000000000 -0.00000000000000000 0.00000000000000000 0.00000000000000000 0.00000000000000000 0.00000000000000000 0.00000000000000000 0.00000000000000000 1.00000000000000000 
1.07975809237222009 0.19582727232955732 1.00000000000000000 1.37444678594125014 1.09721484901317878 0.01858584774277303 0.00000000000000000 0.00000000000000000 -0.00000000000000000 -0.00000000000000000 -0.00000000000000000 -0.00000000000000000 0.00000000000000000 0.00000000000000000 0.00000000000000000 0.00000000000000000 0.00000000000000000 0.00000000000000000 1.00000000000000000 
ZONE I=5
1.07975809237222009 0.19582727232955732 1.00000000000000000 1.37444678594125014 1.09721484901317878 0.01858584774277303 0.00000000000000000 0.00000000000000000 -0.00000000000000000 -0.00000000000000000 -0.00000000000000000 -0.00000000000000000 0.00000000000000000 0.00000000000000000 0.00000000000000000 0.00000000000000000 0.00000000000000000 0.00000000000000000 1.00000000000000000 
1.08143021610796275 0.18777921166487782 1.00000000000000000 1.38262801680994785 1.09746732218474308 0.01782754558112881 0.00000000000000000 0.00000000000000000 -0.00000000000000000 -0.00000000000000000 -0.00000000000000000 -0.00000000000000000 0.00000000000000000 0.00000000000000000 0.00000000000000000 0.00000000000000000 0.00000000000000000 0.00000000000000000 1.00000000000000000 
1.08303102813725105 0.17971721112294214 1.00000000000000000 1.39080924767864578 1.09770816238047586 0.01706675496743445 0.00000000000000000 0.00000000000000000 -0.00000000000000000 -0.00000000000000000 -0.00000000000000000 -0.00000000000000000 0.00000000000000000 0.00000000000000000 0.00000000000000000 0.00000000000000000 0.00000000000000000 0.00000000000000000 1.00000000000000000 
1.08456041604333775 0.17164199615296533 1.00000000000000000 1.39899047854734371 1.09793736960037736 0.01630347590168995 0.00000000000000000 0.00000000000000000 -0.00000000000000000 -0.00000000000000000 -0.00000000000000000 -0.00000000000000000 0.00000000000000000 0.00000000000000000 0.00000000000000000 0.00000000000000000 0.00000000000000000 0.00000000000000000 1.00000000000000000 
1.08601827530211326 0.16355429307006364 1.00000000000000000 1.40717170941604164 1.09815494384444778 0.01553770838389531 0.00000000000000000 0.00000000000000000 -0.00000000000000000 -0.00000000000000000 -0.00000000000000000 -0.00000000000000000 0.00000000000000000 0.00000000000000000 0.00000000000000000 0.00000000000000000 0.00000000000000000 0.00000000000000000 1.00000000000000000 
ZONE I=5
1.08601827530211326 0.16355429307006364 1.00000000000000000 1.40717170941604164 1.09815494384444778 0.01553770838389531 0.00000000000000000 0.00000000000000000 -0.00000000000000000 -0.00000000000000000 -0.00000000000000000 -0.00000000000000000 0.00000000000000000 0.00000000000000000 0.00000000000000000 0.00000000000000000 0.00000000000000000 0.00000000000000000 1.00000000000000000 
1.08740527230991013 0.15545264706325748 1.00000000000000000 1.41535294028473957 1.09836130113600161 0.01477172614128430 0.00000000000000000 0.00000000000000000 -0.00000000000000000 -0.00000000000000000 -0.00000000000000000 -0.00000000000000000 0.00000000000000000 0.00000000000000000 0.00000000000000000 0.00000000000000000 0.00000000000000000 0.00000000000000000 1.00000000000000000 
1.08872106484059117 0.14733951146672264 1.00000000000000000 1.42353417115343750 1.09855649966762736 0.01400377466591301 0.00000000000000000 0.00000000000000000 -0.00000000000000000 -0.00000000000000000 -0.00000000000000000 -0.00000000000000000 0.00000000000000000 0.00000000000000000 0.00000000000000000 0.00000000000000000 0.00000000000000000 0.00000000000000000 1.00000000000000000 
1.08996556097948361 0.13921560177176057 1.00000000000000000 1.43171540202213565 1.09874053943932459 0.01323385395778146 0.00000000000000000 0.00000000000000000 -0.00000000000000000 -0.00000000000000000 -0.00000000000000000 -0.00000000000000000 0.00000000000000000 0.00000000000000000 0.00000000000000000 0.00000000000000000 0.00000000000000000 0.00000000000000000 1.00000000000000000 
1.09113867651107399 0.13108163416872093 1.00000000000000000 1.43989663289083336 1.09891342045109375 0.01246196401688962 0.00000000000000000 0.00000000000000000 -0.00000000000000000 -0.00000000000000000 -0.00000000000000000 -0.00000000000000000 0.00000000000000000 0.00000000000000000 0.00000000000000000 0.00000000000000000 0.00000000000000000 0.00000000000000000 1.00000000000000000 
ZONE I=5
1.09113867651107399 0.13108163416872093 1.00000000000000000 1.43989663289083336 1.09891342045109375 0.01246196401688962 0.00000000000000000 0.00000000000000000 -0.00000000000000000 -0.00000000000000000 -0.00000000000000000 -0.00000000000000000 0.00000000000000000 0.00000000000000000 0.00000000000000000 0.00000000000000000 0.00000000000000000 0.00000000000000000 1.00000000000000000 
1.09224088757073945 0.12293659004735527 1.00000000000000000 1.44807786375953129 1.09907547876022260 0.01168989485733509 0.00000000000000000 0.00000000000000000 -0.00000000000000000 -0.00000000000000000 -0.00000000000000000 -0.00000000000000000 0.00000000000000000 0.00000000000000000 0.00000000000000000 0.00000000000000000 0.00000000000000000 0.00000000000000000 1.00000000000000000 
1.09327195913492226 0.11478247928821558 1.00000000000000000 1.45625909462822922 1.09922674085599570 0.01091633497865519 0.00000000000000000 0.00000000000000000 -0.00000000000000000 -0.00000000000000000 -0.00000000000000000 -0.00000000000000000 0.00000000000000000 0.00000000000000000 0.00000000000000000 0.00000000000000000 0.00000000000000000 0.00000000000000000 1.00000000000000000 
1.09423181931119240 0.10662000988384610 1.00000000000000000 1.46444032549692738 1.09936720673841282 0.01014128438084993 0.00000000000000000 0.00000000000000000 -0.00000000000000000 -0.00000000000000000 -0.00000000000000000 -0.00000000000000000 0.00000000000000000 0.00000000000000000 0.00000000000000000 0.00000000000000000 0.00000000000000000 0.00000000000000000 1.00000000000000000 
1.09512040375910091 0.09844989036535021 1.00000000000000000 1.47262155636562508 1.09949687640747418 0.00936474306391930 0.00000000000000000 0.00000000000000000 -0.00000000000000000 -0.00000000000000000 -0.00000000000000000 -0.00000000000000000 0.00000000000000000 0.00000000000000000 0.00000000000000000 0.00000000000000000 0.00000000000000000 0.00000000000000000 1.00000000000000000 
ZONE I=5
1.09512040375910091 0.09844989036535021 1.00000000000000000 1.47262155636562508 1.09949687640747418 0.00936474306391930 0.00000000000000000 0.00000000000000000 -0.00000000000000000 -0.00000000000000000 -0.00000000000000000 -0.00000000000000000 0.00000000000000000 0.00000000000000000 0.00000000000000000 0.00000000000000000 0.00000000000000000 0.00000000000000000 1.00000000000000000 
1.09593804425384844 0.09027150735797103 1.00000000000000000 1.48080278723432324 1.09961601800730024 0.00858806295966032 0.00000000000000000 0.00000000000000000 -0.00000000000000000 -0.00000000000000000 -0.00000000000000000 -0.00000000000000000 0.00000000000000000 0.00000000000000000 0.00000000000000000 0.00000000000000000 0.00000000000000000 0.00000000000000000 1.00000000000000000 
1.09668457934201680 0.08208646169687643 1.00000000000000000 1.48898401810302095 1.09972462569246998 0.00781033968821979 0.00000000000000000 0.00000000000000000 -0.00000000000000000 -0.00000000000000000 -0.00000000000000000 -0.00000000000000000 0.00000000000000000 0.00000000000000000 0.00000000000000000 0.00000000000000000 0.00000000000000000 0.00000000000000000 1.00000000000000000 
1.09735995683020970 0.07389545603086296 1.00000000000000000 1.49716524897171888 1.09982269946298361 0.00703157324959770 0.00000000000000000 0.00000000000000000 -0.00000000000000000 -0.00000000000000000 -0.00000000000000000 -0.00000000000000000 0.00000000000000000 0.00000000000000000 0.00000000000000000 0.00000000000000000 0.00000000000000000 0.00000000000000000 1.00000000000000000 
1.09796413197101672 0.06569919339094156 1.00000000000000000 1.50534647984041658 1.09991023931884135 0.00625176364379407 0.00000000000000000 0.00000000000000000 -0.00000000000000000 -0.00000000000000000 -0.00000000000000000 -0.00000000000000000 0.00000000000000000 0.00000000000000000 0.00000000000000000 0.00000000000000000 0.00000000000000000 0.00000000000000000 1.00000000000000000 
ZONE I=5
1.09796413197101672 0.06569919339094156 1.00000000000000000 1.50534647984041658 1.09991023931884135 0.00625176364379407 0.00000000000000000 0.00000000000000000 -0.00000000000000000 -0.00000000000000000 -0.00000000000000000 -0.00000000000000000 0.00000000000000000 0.00000000000000000 0.00000000000000000 0.00000000000000000 0.00000000000000000 0.00000000000000000 1.00000000000000000 
1.09849733139122940 0.05749744213405823 1.00000000000000000 1.51352771070911452 1.09998745523760344 0.00547185942009310 0.00000000000000000 0.00000000000000000 -0.00000000000000000 -0.00000000000000000 -0.00000000000000000 -0.00000000000000000 0.00000000000000000 0.00000000000000000 0.00000000000000000 0.00000000000000000 0.00000000000000000 0.00000000000000000 1.00000000000000000 
1.09895943705215404 0.04929141956960769 1.00000000000000000 1.52170894157781245 1.10005430760404099 0.00469133786550913 0.00000000000000000 0.00000000000000000 -0.00000000000000000 -0.00000000000000000 -0.00000000000000000 -0.00000000000000000 0.00000000000000000 0.00000000000000000 0.00000000000000000 0.00000000000000000 0.00000000000000000 0.00000000000000000 1.00000000000000000 
1.09935041625136787 0.04108182493258706 1.00000000000000000 1.52989017244651038 1.10011079641815357 0.00391019898004217 0.00000000000000000 0.00000000000000000 -0.00000000000000000 -0.00000000000000000 -0.00000000000000000 -0.00000000000000000 0.00000000000000000 0.00000000000000000 0.00000000000000000 0.00000000000000000 0.00000000000000000 0.00000000000000000 1.00000000000000000 
1.09967024366384170 0.03286935768641175 1.00000000000000000 1.53807140331520831 1.10015692167994117 0.00312844276369220 0.00000000000000000 0.00000000000000000 -0.00000000000000000 -0.00000000000000000 -0.00000000000000000 -0.00000000000000000 0.00000000000000000 0.00000000000000000 0.00000000000000000 0.00000000000000000 0.00000000000000000 0.00000000000000000 1.00000000000000000 
ZONE I=5
1.09967024366384170 0.03286935768641175 1.00000000000000000 1.53807140331520831 1.10015692167994117 0.00312844276369220 0.00000000000000000 0.00000000000000000 -0.00000000000000000 -0.00000000000000000 -0.00000000000000000 -0.00000000000000000 0.00000000000000000 0.00000000000000000 0.00000000000000000 0.00000000000000000 0.00000000000000000 0.00000000000000000 1.00000000000000000 
1.09991907486709239 0.02465415213931045 1.00000000000000000 1.54625263418390624 1.10019284298773212 0.00234663860870149 0.00000000000000000 0.00000000000000000 -0.00000000000000000 -0.00000000000000000 -0.00000000000000000 -0.00000000000000000 0.00000000000000000 0.00000000000000000 0.00000000000000000 0.00000000000000000 0.00000000000000000 0.00000000000000000 1.00000000000000000 
1.10009680709897428 0.01643705892888597 1.00000000000000000 1.55443386505260417 1.10021848458760729 0.00156463009642255 0.00000000000000000 0.00000000000000000 -0.00000000000000000 -0.00000000000000000 -0.00000000000000000 -0.00000000000000000 0.00000000000000000 0.00000000000000000 0.00000000000000000 0.00000000000000000 0.00000000000000000 0.00000000000000000 1.00000000000000000 
1.10020342702730356 0.00821877565796942 1.00000000000000000 1.56261509592130210 1.10023384647956646 0.00078241722685539 0.00000000000000000 0.00000000000000000 -0.00000000000000000 -0.00000000000000000 -0.00000000000000000 -0.00000000000000000 0.00000000000000000 0.00000000000000000 0.00000000000000000 0.00000000000000000 0.00000000000000000 0.00000000000000000 1.00000000000000000 
1.10023892866360962 0.00000000000538742 1.00000000000000000 1.57079632679000003 1.10023892866360962 0.00000000000000000 0.00000000000000000 0.00000000000000000 -0.00000000000000000 -0.00000000000000000 -0.00000000000000000 -0.00000000000000000 0.00000000000000000 0.00000000000000000 0.00000000000000000 0.00000000000000000 0.00000000000000000 0.00000000000000000 1.00000000000000000 
