#Contact mesh details for the compression of a sphere.
nreler=1_nreletheta=48_H=0.9200_lambda=1.00_vol=0.2430_t=0.10_nt=1.00e-05_CL=MR_C1=1.3000_C2=1.1000
# Contact options are: 
# Use_isoparametric_flag_pt = false 
# Use_collocated_penetration_flag_pt = false 
# Use_collocated_contact_pressure_flag_pt = false 

ZONE I=5
0.00000000000000000 0.92000002843037110 1.00000000000000000 0.00000000000000000 0.92000002843037110 0.00000000000000000 0.00000002843037117 0.07910253830166196 -0.00000000000000000 -0.00000000000000000 -0.00000000000000000 -0.00000000000000000 0.00000000000000000 0.00000000000000000 -0.00004235235147709 0.00000093175527518 0.00000093175527518 -0.00004235235147709 1.00000000000000000 
0.00772580292017851 0.92000002078378107 1.00000000000000000 0.00818123086869792 0.92003243785933708 0.00019889576218613 0.00000002078378114 0.08427833794044766 -0.00000000000000000 -0.00000000000000000 -0.00000000000000000 -0.00000000000000000 0.00000000000000000 0.00000000000000000 -0.00004235235147709 0.00000093175527518 0.00000058523359299 -0.00004235855692978 1.00000000000000000 
0.01545174476138317 0.92000002843037088 1.00000000000000000 0.01636246173739583 0.92012969260430877 0.00039688279703748 0.00000002843037095 0.08787363476733447 -0.00000000000000000 -0.00000000000000000 -0.00000000000000000 -0.00000000000000000 0.00000000000000000 0.00000000000000000 -0.00004235235147709 0.00000093175527518 0.00000023867273985 -0.00004236192723254 1.00000000000000000 
0.02317887340606321 0.92000004144809999 1.00000000000000000 0.02454369260609375 0.92029179266528627 0.00059396110455407 0.00000004144810006 0.08988842878232239 -0.00000000000000000 -0.00000000000000000 -0.00000000000000000 -0.00000000000000000 0.00000000000000000 0.00000000000000000 -0.00004235235147709 0.00000093175527518 -0.00000010790408817 -0.00004236246215979 1.00000000000000000 
0.03090823646777999 0.92000002843037076 1.00000000000000000 0.03272492347479167 0.92051873804226936 0.00079013068473589 0.00000002843037084 0.09032271998541146 -0.00000000000000000 -0.00000000000000000 -0.00000000000000000 -0.00000000000000000 0.00000000000000000 0.00000000000000000 -0.00004235235147709 0.00000093175527518 -0.00000045447369394 -0.00004236016167572 1.00000000000000000 
ZONE I=5
0.03090823646777999 0.92000002843037076 1.00000000000000000 0.03272492347479167 0.92051873804226936 0.00079013068473589 0.00000002843037084 0.09032271998541146 -0.00000000000000000 -0.00000000000000000 -0.00000000000000000 -0.00000000000000000 0.00000000000000000 0.00000000000000000 -0.00015363282217614 0.00000792725410831 0.00000289628472427 -0.00015380993772283 1.00000000000000000 
0.03863872235965631 0.91999999050193038 1.00000000000000000 0.04090615434348958 0.92081049442485741 0.00098323251993980 0.00000000000000000 0.09927889240174528 -0.00000000000000000 -0.00000000000000000 -0.00000000000000000 -0.00000000000000000 0.00000000000000000 0.00000000000000000 -0.00015363282217614 0.00000792725410831 0.00000163784722399 -0.00015382848521641 1.00000000000000000 
0.04637250309702978 0.92000002843037210 1.00000000000000000 0.04908738521218750 0.92116723898459707 0.00117438361007778 0.00000002843037217 0.10671192409114146 -0.00000000000000000 -0.00000000000000000 -0.00000000000000000 -0.00000000000000000 0.00000000000000000 0.00000000000000000 -0.00015363282217614 0.00000792725410831 0.00000037930009905 -0.00015383673663641 1.00000000000000000 
0.05411062887987853 0.92000007174026721 1.00000000000000000 0.05726861608088542 0.92158897172148824 0.00136358395514983 0.00000007174026728 0.11262181505359997 -0.00000000000000000 -0.00000000000000000 -0.00000000000000000 -0.00000000000000000 0.00000000000000000 0.00000000000000000 -0.00015363282217614 0.00000792725410831 -0.00000087927241327 -0.00015383469143053 1.00000000000000000 
0.06185414878669782 0.92000002843037076 1.00000000000000000 0.06544984694958333 0.92207569263553102 0.00155083355515596 0.00000002843037084 0.11700856528912081 -0.00000000000000000 -0.00000000000000000 -0.00000000000000000 -0.00000000000000000 0.00000000000000000 0.00000000000000000 -0.00015363282217614 0.00000792725410831 -0.00000213778607399 -0.00015382234973568 1.00000000000000000 
ZONE I=5
0.06185414878669782 0.92000002843037076 1.00000000000000000 0.06544984694958333 0.92207569263553102 0.00155083355515596 0.00000002843037084 0.11700856528912081 -0.00000000000000000 -0.00000000000000000 -0.00000000000000000 -0.00000000000000000 0.00000000000000000 0.00000000000000000 -0.00034719491366240 0.00002914036948165 0.00000637034390750 -0.00034835741405210 1.00000000000000000 
0.06959893335972091 0.91999994283268138 1.00000000000000000 0.07363107781828127 0.92262717829158358 0.00173095772867237 0.00000000000000000 0.13297201327827607 -0.00000000000000000 -0.00000000000000000 -0.00000000000000000 -0.00000000000000000 0.00000000000000000 0.00000000000000000 -0.00034719491366240 0.00002914036948165 0.00000352017008062 -0.00034839787256694 1.00000000000000000 
0.07735158495957264 0.92000002843037154 1.00000000000000000 0.08181230868697917 0.92324410310856220 0.00190947189272745 0.00000002843037161 0.14574551970736610 -0.00000000000000000 -0.00000000000000000 -0.00000000000000000 -0.00000000000000000 0.00000000000000000 0.00000000000000000 -0.00034719491366240 0.00002914036948165 0.00000066976064114 -0.00034841501205782 1.00000000000000000 
0.08511315874602342 0.92000011943269067 1.00000000000000000 0.08999353955567709 0.92392646708646686 0.00208637604732119 0.00000011943269074 0.15532908457639091 -0.00000000000000000 -0.00000000000000000 -0.00000000000000000 -0.00000000000000000 0.00000000000000000 0.00000000000000000 -0.00034719491366240 0.00002914036948165 -0.00000218069362686 -0.00034840883137755 1.00000000000000000 
0.09288470733582506 0.92000002843037154 1.00000000000000000 0.09817477042437500 0.92467427022529758 0.00226167019245359 0.00000002843037161 0.16172270788535054 -0.00000000000000000 -0.00000000000000000 -0.00000000000000000 -0.00000000000000000 0.00000000000000000 0.00000000000000000 -0.00034719491366240 0.00002914036948165 -0.00000503100193633 -0.00034837933093983 1.00000000000000000 
ZONE I=5
0.09288470733582506 0.92000002843037154 1.00000000000000000 0.09817477042437500 0.92467427022529758 0.00226167019245359 0.00000002843037161 0.16172270788535054 -0.00000000000000000 -0.00000000000000000 -0.00000000000000000 -0.00000000000000000 0.00000000000000000 0.00000000000000000 -0.00067594944291119 0.00007883909305639 0.00001220482987310 -0.00068042214403535 1.00000000000000000 
0.10065573975313245 0.91999986684857360 1.00000000000000000 0.10635600129307293 0.92548660602034649 0.00242384479360565 0.00000000000000000 0.18643591208294891 -0.00000000000000000 -0.00000000000000000 -0.00000000000000000 -0.00000000000000000 0.00000000000000000 0.00000000000000000 -0.00067594944291119 0.00007883909305639 0.00000663779287531 -0.00068049922238871 1.00000000000000000 
0.10844151864417578 0.92000002843037088 1.00000000000000000 0.11453723216177084 0.92636543698421525 0.00258697483216336 0.00000002843037095 0.20434633664568774 -0.00000000000000000 -0.00000000000000000 -0.00000000000000000 -0.00000000000000000 0.00000000000000000 0.00000000000000000 -0.00067594944291119 0.00007883909305639 0.00000107031159567 -0.00068053075345570 1.00000000000000000 
0.11624310768655131 0.92000019545685230 1.00000000000000000 0.12271846303046877 0.92731076311690397 0.00275106030812673 0.00000019545685237 0.21545398157356715 -0.00000000000000000 -0.00000000000000000 -0.00000000000000000 -0.00000000000000000 0.00000000000000000 0.00000000000000000 -0.00067594944291119 0.00007883909305639 -0.00000449724132224 -0.00068051673512588 1.00000000000000000 
0.12406156566693526 0.92000002843037110 1.00000000000000000 0.13089969389916667 0.92832258441841276 0.00291610122149574 0.00000002843037117 0.21975884686658700 -0.00000000000000000 -0.00000000000000000 -0.00000000000000000 -0.00000000000000000 0.00000000000000000 0.00000000000000000 -0.00067594944291119 0.00007883909305639 -0.00001006449323006 -0.00068045716833752 1.00000000000000000 
ZONE I=5
0.12406156566693526 0.92000002843037110 1.00000000000000000 0.13089969389916667 0.92832258441841276 0.00291610122149574 0.00000002843037117 0.21975884686658700 -0.00000000000000000 -0.00000000000000000 -0.00000000000000000 -0.00000000000000000 0.00000000000000000 0.00000000000000000 -0.00114734388092778 0.00017154376624521 0.00002031775760052 -0.00115991914958160 1.00000000000000000 
0.13187316611210703 0.91999975980354798 1.00000000000000000 0.13908092476786457 0.92939805348875082 0.00305747450330257 0.00000000000000000 0.25299005885323911 -0.00000000000000000 -0.00000000000000000 -0.00000000000000000 -0.00000000000000000 0.00000000000000000 0.00000000000000000 -0.00114734388092778 0.00017154376624521 0.00001082761715279 -0.00116004655404290 1.00000000000000000 
0.13970892456592862 0.92000002843037032 1.00000000000000000 0.14726215563656250 0.93054197407745864 0.00320474574295075 0.00000002843037039 0.27252802229827805 -0.00000000000000000 -0.00000000000000000 -0.00000000000000000 -0.00000000000000000 0.00000000000000000 0.00000000000000000 -0.00114734388092778 0.00017154376624521 0.00000133675198920 -0.00116009631407660 1.00000000000000000 
0.14756991737056546 0.92000030256177889 1.00000000000000000 0.15544338650526041 0.93175434618453634 0.00335791494044027 0.00000030256177896 0.27837273720170397 -0.00000000000000000 -0.00000000000000000 -0.00000000000000000 -0.00000000000000000 0.00000000000000000 0.00000000000000000 -0.00114734388092778 0.00017154376624521 -0.00000815420264610 -0.00116006842635217 1.00000000000000000 
0.15545721261338305 0.92000002843037165 1.00000000000000000 0.16362461737395834 0.93303516980998380 0.00351698209577114 0.00000002843037172 0.27052420356351670 -0.00000000000000000 -0.00000000000000000 -0.00000000000000000 -0.00000000000000000 0.00000000000000000 0.00000000000000000 -0.00114734388092778 0.00017154376624521 -0.00001764461150296 -0.00115996289273619 1.00000000000000000 
ZONE I=5
0.15545721261338305 0.92000002843037165 1.00000000000000000 0.16362461737395834 0.93303516980998380 0.00351698209577114 0.00000002843037172 0.27052420356351670 -0.00000000000000000 -0.00000000000000000 -0.00000000000000000 -0.00000000000000000 0.00000000000000000 0.00000000000000000 -0.00159784794516813 0.00029144284669302 0.00002726794393360 -0.00162398074126517 1.00000000000000000 
0.16332260757323497 0.91999963279813535 1.00000000000000000 0.17180584824265627 0.93437701067001422 0.00363323885711882 0.00000000000000000 0.30678256938102388 -0.00000000000000000 -0.00000000000000000 -0.00000000000000000 -0.00000000000000000 0.00000000000000000 0.00000000000000000 -0.00159784794516813 0.00029144284669302 0.00001398101822398 -0.00162414947584758 1.00000000000000000 
0.17122320158331669 0.92000002843037088 1.00000000000000000 0.17998707911135417 0.93579019354919746 0.00376174553630015 0.00000002843037095 0.31694341764775374 -0.00000000000000000 -0.00000000000000000 -0.00000000000000000 -0.00000000000000000 0.00000000000000000 0.00000000000000000 -0.00159784794516813 0.00029144284669302 0.00000069315673454 -0.00162420950258896 1.00000000000000000 
0.17916008712373643 0.92000042964425743 1.00000000000000000 0.18816830998005207 0.93727471844753318 0.00390250213331515 0.00000042964425750 0.30100674836370628 -0.00000000000000000 -0.00000000000000000 -0.00000000000000000 -0.00000000000000000 0.00000000000000000 0.00000000000000000 -0.00159784794516813 0.00029144284669302 -0.00001259475114938 -0.00162416081747160 1.00000000000000000 
0.18713434440355622 0.92000002843036677 1.00000000000000000 0.19634954084875000 0.93883058536502162 0.00405550864816381 0.00000002843036684 0.25897256152888148 -0.00000000000000000 -0.00000000000000000 -0.00000000000000000 -0.00000000000000000 0.00000000000000000 0.00000000000000000 -0.00159784794516813 0.00029144284669302 -0.00002588181603934 -0.00162400342375410 1.00000000000000000 
ZONE I=5
0.18713434440355622 0.92000002843036677 1.00000000000000000 0.19634954084875000 0.93883058536502162 0.00405550864816381 0.00000002843036684 0.25897256152888148 -0.00000000000000000 -0.00000000000000000 -0.00000000000000000 -0.00000000000000000 0.00000000000000000 0.00000000000000000 -0.00121257208156534 0.00025581744768346 0.00001434090929868 -0.00123918035727309 1.00000000000000000 
0.19505628601548697 0.92000982060823833 1.00000000000000000 0.20453077171744793 0.94045094075202162 0.00412949977548433 0.00000982060823840 0.26778534426710138 -0.00000000000000000 -0.00000000000000000 -0.00000000000000000 -0.00000000000000000 0.00000000000000000 0.00000000000000000 -0.00121257208156534 0.00025581744768346 0.00000420252186734 -0.00123925621174192 1.00000000000000000 
0.20302094090160686 0.92000002770828893 1.00000000000000000 0.21271200258614584 0.94212511002699806 0.00422261582942370 0.00000002770828900 0.22756070583665267 -0.00000000000000000 -0.00000000000000000 -0.00000000000000000 -0.00000000000000000 0.00000000000000000 0.00000000000000000 -0.00121257208156534 0.00025581744768346 -0.00000593614684788 -0.00123924912010926 1.00000000000000000 
0.21102891226609377 0.91996970096606479 1.00000000000000000 0.22089323345484377 0.94385309318995092 0.00433485680998193 0.00000000000000000 0.13829864623753535 -0.00000000000000000 -0.00000000000000000 -0.00000000000000000 -0.00000000000000000 0.00000000000000000 0.00000000000000000 -0.00121257208156534 0.00025581744768346 -0.00001607441824393 -0.00123915908284977 1.00000000000000000 
0.21908078855872853 0.91991787724270624 1.00000000000000000 0.22907446432354167 0.94563489024088032 0.00446622271715901 0.00000000000000000 -0.00000083453025056 0.00000000000000000 0.00000000000000000 -0.00000000000000000 -0.00000000000000000 0.00000000000000000 0.00000000000000000 -0.00121257208156534 0.00025581744768346 -0.00002621161374437 -0.00123898610598985 1.00000000000000000 
ZONE I=5
0.21908078855872853 0.91991787724270624 1.00000000000000000 0.22907446432354167 0.94563489024088032 0.00446622271715901 0.00000000000000000 -0.00000083453025056 0.00000000000000000 0.00000000000000000 -0.00000000000000000 -0.00000000000000000 0.00000000000000000 0.00000000000000000 0.00000002743376935 -0.00000000568727222 0.00000000069085433 0.00000002800856095 1.00000000000000000 
0.22706068294022905 0.91973108803254111 1.00000000000000000 0.23725569519223960 0.94733378887114805 0.00452995516978397 0.00000000000000000 -0.00000293174135746 0.00000000000000000 0.00000000000000000 -0.00000000000000000 -0.00000000000000000 0.00000000000000000 0.00000000000000000 0.00000002743376935 -0.00000000568727222 0.00000000091997316 0.00000002800197164 1.00000000000000000 
0.23507790165773695 0.91945463498919566 1.00000000000000000 0.24543692606093750 0.94901900267017658 0.00462365892155988 0.00000000000000000 -0.00000420692721374 0.00000000000000000 0.00000000000000000 -0.00000000000000000 -0.00000000000000000 0.00000000000000000 0.00000000000000000 0.00000002743376935 -0.00000000568727222 0.00000000114903041 0.00000002799350809 1.00000000000000000 
0.24313134005727075 0.91908768657178719 1.00000000000000000 0.25361815692963541 0.95069053163796557 0.00474733397248675 0.00000000000000000 -0.00000466008781938 0.00000000000000000 0.00000000000000000 -0.00000000000000000 -0.00000000000000000 0.00000000000000000 0.00000000000000000 0.00000002743376935 -0.00000000568727222 0.00000000137801076 0.00000002798317088 1.00000000000000000 
0.25121988068984663 0.91862942473810327 1.00000000000000000 0.26179938779833334 0.95234837577451525 0.00490098032256457 0.00000000000000000 -0.00000429122317438 0.00000000000000000 0.00000000000000000 -0.00000000000000000 -0.00000000000000000 0.00000000000000000 0.00000000000000000 0.00000002743376935 -0.00000000568727222 0.00000000160689887 0.00000002797096069 1.00000000000000000 
ZONE I=5
0.25121988068984663 0.91862942473810327 1.00000000000000000 0.26179938779833334 0.95234837577451525 0.00490098032256457 0.00000000000000000 -0.00000429122317438 0.00000000000000000 0.00000000000000000 -0.00000000000000000 -0.00000000000000000 0.00000000000000000 0.00000000000000000 0.00000002888213970 -0.00000000574983699 0.00000000192133177 0.00000002938617198 1.00000000000000000 
0.25926494411128431 0.91809668047066262 1.00000000000000000 0.26998061866703127 0.95398887488436013 0.00500525055816993 0.00000000000000000 -0.00000332472425509 0.00000000000000000 0.00000000000000000 -0.00000000000000000 -0.00000000000000000 0.00000000000000000 0.00000000000000000 0.00000002888213970 -0.00000000574983699 0.00000000216167985 0.00000002936946985 1.00000000000000000 
0.26733615448954301 0.91747864834437420 1.00000000000000000 0.27816184953572920 0.95561988368990336 0.00513103903438245 0.00000000000000000 -0.00000298089632030 0.00000000000000000 0.00000000000000000 -0.00000000000000000 -0.00000000000000000 0.00000000000000000 0.00000000000000000 0.00000002888213970 -0.00000000574983699 0.00000000240188324 0.00000002935080197 1.00000000000000000 
0.27543252913261368 0.91677471872775251 1.00000000000000000 0.28634308040442713 0.95724140219114451 0.00527834575120215 0.00000000000000000 -0.00000325973937001 0.00000000000000000 0.00000000000000000 -0.00000000000000000 -0.00000000000000000 0.00000000000000000 0.00000000000000000 0.00000002888213970 -0.00000000574983699 0.00000000264192587 0.00000002933016957 1.00000000000000000 
0.28355307594040419 0.91598429340270904 1.00000000000000000 0.29452431127312501 0.95885343038808379 0.00544717070862902 0.00000000000000000 -0.00000416125340421 0.00000000000000000 0.00000000000000000 -0.00000000000000000 -0.00000000000000000 0.00000000000000000 0.00000000000000000 0.00000002888213970 -0.00000000574983699 0.00000000288179166 0.00000002930757404 1.00000000000000000 
ZONE I=5
0.28355307594040419 0.91598429340270904 1.00000000000000000 0.29452431127312501 0.95885343038808379 0.00544717070862902 0.00000000000000000 -0.00000416125340421 0.00000000000000000 0.00000000000000000 -0.00000000000000000 -0.00000000000000000 0.00000000000000000 0.00000000000000000 0.00000002169165988 -0.00000000413088229 0.00000000234374860 0.00000002195675613 1.00000000000000000 
0.29163366043666711 0.91510997911179903 1.00000000000000000 0.30270554214182288 0.96044019629335375 0.00557629928096071 0.00000000000000000 -0.00000336451741495 0.00000000000000000 0.00000000000000000 -0.00000000000000000 -0.00000000000000000 0.00000000000000000 0.00000000000000000 0.00000002169165988 -0.00000000413088229 0.00000000252330145 0.00000002193684678 1.00000000000000000 
0.29972868394728247 0.91414344797320868 1.00000000000000000 0.31088677301052081 0.96200976852104603 0.00572125189097150 0.00000000000000000 -0.00000240539651783 0.00000000000000000 0.00000000000000000 -0.00000000000000000 -0.00000000000000000 0.00000000000000000 0.00000000000000000 0.00000002169165988 -0.00000000413088229 0.00000000270268541 0.00000002191546916 1.00000000000000000 
0.30783700313137763 0.91308432744802226 1.00000000000000000 0.31906800387921874 0.96356214707116072 0.00588202853866138 0.00000000000000000 -0.00000128389071284 0.00000000000000000 0.00000000000000000 -0.00000000000000000 -0.00000000000000000 0.00000000000000000 0.00000000000000000 0.00000002169165988 -0.00000000413088229 0.00000000288188847 0.00000002189262469 1.00000000000000000 
0.31595746890023363 0.91193225897490648 1.00000000000000000 0.32724923474791667 0.96509733194369773 0.00605862922403036 0.00000000000000000 0.00000000000000000 -0.00000000000000000 -0.00000000000000000 -0.00000000000000000 -0.00000000000000000 0.00000000000000000 0.00000000000000000 0.00000002169165988 -0.00000000413088229 0.00000000306089865 0.00000002186831490 1.00000000000000000 
ZONE I=5
0.31595746890023363 0.91193225897490648 1.00000000000000000 0.32724923474791667 0.96509733194369773 0.00605862922403036 0.00000000000000000 0.00000000000000000 -0.00000000000000000 -0.00000000000000000 -0.00000000000000000 -0.00000000000000000 0.00000000000000000 0.00000000000000000 0.00000000000000000 0.00000000000000000 0.00000000000000000 0.00000000000000000 1.00000000000000000 
0.32403874207513977 0.91069003491255052 1.00000000000000000 0.33543046561661455 0.96660176566657796 0.00620263370796780 0.00000000000000000 0.00000000000000000 -0.00000000000000000 -0.00000000000000000 -0.00000000000000000 -0.00000000000000000 0.00000000000000000 0.00000000000000000 0.00000000000000000 0.00000000000000000 0.00000000000000000 0.00000000000000000 1.00000000000000000 
0.33212287118560868 0.90935063780528069 1.00000000000000000 0.34361169648531253 0.96808252157787278 0.00635731522504881 0.00000000000000000 0.00000000000000000 -0.00000000000000000 -0.00000000000000000 -0.00000000000000000 -0.00000000000000000 0.00000000000000000 0.00000000000000000 0.00000000000000000 0.00000000000000000 0.00000000000000000 0.00000000000000000 1.00000000000000000 
0.34020859438198026 0.90791392374210367 1.00000000000000000 0.35179292735401041 0.96953959967758241 0.00652267377527341 0.00000000000000000 0.00000000000000000 -0.00000000000000000 -0.00000000000000000 -0.00000000000000000 -0.00000000000000000 0.00000000000000000 0.00000000000000000 0.00000000000000000 0.00000000000000000 0.00000000000000000 0.00000000000000000 1.00000000000000000 
0.34829464755750439 0.90637976469704451 1.00000000000000000 0.35997415822270834 0.97097299996570674 0.00669870935864157 0.00000000000000000 0.00000000000000000 -0.00000000000000000 -0.00000000000000000 -0.00000000000000000 -0.00000000000000000 0.00000000000000000 0.00000000000000000 0.00000000000000000 0.00000000000000000 0.00000000000000000 0.00000000000000000 1.00000000000000000 
ZONE I=5
0.34829464755750439 0.90637976469704451 1.00000000000000000 0.35997415822270834 0.97097299996570674 0.00669870935864157 0.00000000000000000 0.00000000000000000 -0.00000000000000000 -0.00000000000000000 -0.00000000000000000 -0.00000000000000000 0.00000000000000000 0.00000000000000000 0.00000000000000000 0.00000000000000000 0.00000000000000000 0.00000000000000000 1.00000000000000000 
0.35634130355917448 0.90475191037599889 1.00000000000000000 0.36815538909140622 0.97237248357612649 0.00684814830933910 0.00000000000000000 0.00000000000000000 -0.00000000000000000 -0.00000000000000000 -0.00000000000000000 -0.00000000000000000 0.00000000000000000 0.00000000000000000 0.00000000000000000 0.00000000000000000 0.00000000000000000 0.00000000000000000 1.00000000000000000 
0.36438007797600297 0.90302468405481406 1.00000000000000000 0.37633661996010415 0.97374399521658406 0.00700378595760725 0.00000000000000000 0.00000000000000000 -0.00000000000000000 -0.00000000000000000 -0.00000000000000000 -0.00000000000000000 0.00000000000000000 0.00000000000000000 0.00000000000000000 0.00000000000000000 0.00000000000000000 0.00000000000000000 1.00000000000000000 
0.37240965173974888 0.90119814587372282 1.00000000000000000 0.38451785082880208 0.97508753488707933 0.00716562230344603 0.00000000000000000 0.00000000000000000 -0.00000000000000000 -0.00000000000000000 -0.00000000000000000 -0.00000000000000000 0.00000000000000000 0.00000000000000000 0.00000000000000000 0.00000000000000000 0.00000000000000000 0.00000000000000000 1.00000000000000000 
0.38042870659026029 0.89927237279639494 1.00000000000000000 0.39269908169750001 0.97640310258761243 0.00733365734685543 0.00000000000000000 0.00000000000000000 -0.00000000000000000 -0.00000000000000000 -0.00000000000000000 -0.00000000000000000 0.00000000000000000 0.00000000000000000 0.00000000000000000 0.00000000000000000 0.00000000000000000 0.00000000000000000 1.00000000000000000 
ZONE I=5
0.38042870659026029 0.89927237279639494 1.00000000000000000 0.39269908169750001 0.97640310258761243 0.00733365734685543 0.00000000000000000 0.00000000000000000 -0.00000000000000000 -0.00000000000000000 -0.00000000000000000 -0.00000000000000000 0.00000000000000000 0.00000000000000000 0.00000000000000000 0.00000000000000000 0.00000000000000000 0.00000000000000000 1.00000000000000000 
0.38840768798035957 0.89725154949506569 1.00000000000000000 0.40088031256619794 0.97768344586759548 0.00748029611774564 0.00000000000000000 0.00000000000000000 -0.00000000000000000 -0.00000000000000000 -0.00000000000000000 -0.00000000000000000 0.00000000000000000 0.00000000000000000 0.00000000000000000 0.00000000000000000 0.00000000000000000 0.00000000000000000 1.00000000000000000 
0.39636921015282145 0.89513146837827506 1.00000000000000000 0.40906154343489587 0.97893344452178022 0.00762939282911873 0.00000000000000000 0.00000000000000000 -0.00000000000000000 -0.00000000000000000 -0.00000000000000000 -0.00000000000000000 0.00000000000000000 0.00000000000000000 0.00000000000000000 0.00000000000000000 0.00000000000000000 0.00000000000000000 1.00000000000000000 
0.40431194767709439 0.89291236339673841 1.00000000000000000 0.41724277430359374 0.98015309855016675 0.00778094748097468 0.00000000000000000 0.00000000000000000 -0.00000000000000000 -0.00000000000000000 -0.00000000000000000 -0.00000000000000000 0.00000000000000000 0.00000000000000000 0.00000000000000000 0.00000000000000000 0.00000000000000000 0.00000000000000000 1.00000000000000000 
0.41223457848906819 0.89059448546227638 1.00000000000000000 0.42542400517229167 0.98134240795275496 0.00793496007331350 0.00000000000000000 0.00000000000000000 -0.00000000000000000 -0.00000000000000000 -0.00000000000000000 -0.00000000000000000 0.00000000000000000 0.00000000000000000 0.00000000000000000 0.00000000000000000 0.00000000000000000 0.00000000000000000 1.00000000000000000 
ZONE I=5
0.41223457848906819 0.89059448546227638 1.00000000000000000 0.42542400517229167 0.98134240795275496 0.00793496007331350 0.00000000000000000 0.00000000000000000 -0.00000000000000000 -0.00000000000000000 -0.00000000000000000 -0.00000000000000000 0.00000000000000000 0.00000000000000000 0.00000000000000000 0.00000000000000000 0.00000000000000000 0.00000000000000000 1.00000000000000000 
0.42011619151079743 0.88818187415485272 1.00000000000000000 0.43360523604098961 0.98249656370353156 0.00807206649601701 0.00000000000000000 0.00000000000000000 -0.00000000000000000 -0.00000000000000000 -0.00000000000000000 -0.00000000000000000 0.00000000000000000 0.00000000000000000 0.00000000000000000 0.00000000000000000 0.00000000000000000 0.00000000000000000 1.00000000000000000 
0.42797204422494761 0.88567189938722735 1.00000000000000000 0.44178646690968748 0.98361954162049203 0.00820861404577867 0.00000000000000000 0.00000000000000000 -0.00000000000000000 -0.00000000000000000 -0.00000000000000000 -0.00000000000000000 0.00000000000000000 0.00000000000000000 0.00000000000000000 0.00000000000000000 0.00000000000000000 0.00000000000000000 1.00000000000000000 
0.43580084329941460 0.88306493750680237 1.00000000000000000 0.44996769777838547 0.98471134170363639 0.00834460272259848 0.00000000000000000 0.00000000000000000 -0.00000000000000000 -0.00000000000000000 -0.00000000000000000 -0.00000000000000000 0.00000000000000000 0.00000000000000000 0.00000000000000000 0.00000000000000000 0.00000000000000000 0.00000000000000000 1.00000000000000000 
0.44360130081041921 0.88036138135804154 1.00000000000000000 0.45814892864708334 0.98577196395296462 0.00848003252647643 0.00000000000000000 0.00000000000000000 -0.00000000000000000 -0.00000000000000000 -0.00000000000000000 -0.00000000000000000 0.00000000000000000 0.00000000000000000 0.00000000000000000 0.00000000000000000 0.00000000000000000 0.00000000000000000 1.00000000000000000 
ZONE I=5
0.44360130081041921 0.88036138135804154 1.00000000000000000 0.45814892864708334 0.98577196395296462 0.00848003252647643 0.00000000000000000 0.00000000000000000 -0.00000000000000000 -0.00000000000000000 -0.00000000000000000 -0.00000000000000000 0.00000000000000000 0.00000000000000000 0.00000000000000000 0.00000000000000000 0.00000000000000000 0.00000000000000000 1.00000000000000000 
0.45135965286204638 0.87756468151053313 1.00000000000000000 0.46633015951578127 0.98679851307184474 0.00860238720511408 0.00000000000000000 0.00000000000000000 -0.00000000000000000 -0.00000000000000000 -0.00000000000000000 -0.00000000000000000 0.00000000000000000 0.00000000000000000 0.00000000000000000 0.00000000000000000 0.00000000000000000 0.00000000000000000 1.00000000000000000 
0.45908524303168408 0.87467380869553490 1.00000000000000000 0.47451139038447920 0.98779424037103669 0.00872185056168264 0.00000000000000000 0.00000000000000000 -0.00000000000000000 -0.00000000000000000 -0.00000000000000000 -0.00000000000000000 0.00000000000000000 0.00000000000000000 0.00000000000000000 0.00000000000000000 0.00000000000000000 0.00000000000000000 1.00000000000000000 
0.46677683742912873 0.87168925097005723 1.00000000000000000 0.48269262125317713 0.98875914585054026 0.00883842259618211 0.00000000000000000 0.00000000000000000 -0.00000000000000000 -0.00000000000000000 -0.00000000000000000 -0.00000000000000000 0.00000000000000000 0.00000000000000000 0.00000000000000000 0.00000000000000000 0.00000000000000000 0.00000000000000000 1.00000000000000000 
0.47443320911714426 0.86861151200009623 1.00000000000000000 0.49087385212187501 0.98969322951035554 0.00895210330861250 0.00000000000000000 0.00000000000000000 -0.00000000000000000 -0.00000000000000000 -0.00000000000000000 -0.00000000000000000 0.00000000000000000 0.00000000000000000 0.00000000000000000 0.00000000000000000 0.00000000000000000 0.00000000000000000 1.00000000000000000 
ZONE I=5
0.47443320911714426 0.86861151200009623 1.00000000000000000 0.49087385212187501 0.98969322951035554 0.00895210330861250 0.00000000000000000 0.00000000000000000 -0.00000000000000000 -0.00000000000000000 -0.00000000000000000 -0.00000000000000000 0.00000000000000000 0.00000000000000000 0.00000000000000000 0.00000000000000000 0.00000000000000000 0.00000000000000000 1.00000000000000000 
0.48204633503289374 0.86544316412113154 1.00000000000000000 0.49905508299057288 0.99059503807338822 0.00905593656244880 0.00000000000000000 0.00000000000000000 -0.00000000000000000 -0.00000000000000000 -0.00000000000000000 -0.00000000000000000 0.00000000000000000 0.00000000000000000 0.00000000000000000 0.00000000000000000 0.00000000000000000 0.00000000000000000 1.00000000000000000 
0.48962095284192508 0.86218470794930224 1.00000000000000000 0.50723631385927082 0.99146726160388010 0.00915517619500063 0.00000000000000000 0.00000000000000000 -0.00000000000000000 -0.00000000000000000 -0.00000000000000000 -0.00000000000000000 0.00000000000000000 0.00000000000000000 0.00000000000000000 0.00000000000000000 0.00000000000000000 0.00000000000000000 1.00000000000000000 
0.49715590586227248 0.85883671458387068 1.00000000000000000 0.51541754472796875 0.99230990010183118 0.00924982220626800 0.00000000000000000 0.00000000000000000 -0.00000000000000000 -0.00000000000000000 -0.00000000000000000 -0.00000000000000000 0.00000000000000000 0.00000000000000000 0.00000000000000000 0.00000000000000000 0.00000000000000000 0.00000000000000000 1.00000000000000000 
0.50465004545073877 0.85539976957336283 1.00000000000000000 0.52359877559666668 0.99312295356724156 0.00933987459625091 0.00000000000000000 0.00000000000000000 -0.00000000000000000 -0.00000000000000000 -0.00000000000000000 -0.00000000000000000 0.00000000000000000 0.00000000000000000 0.00000000000000000 0.00000000000000000 0.00000000000000000 0.00000000000000000 1.00000000000000000 
ZONE I=5
0.50465004545073877 0.85539976957336283 1.00000000000000000 0.52359877559666668 0.99312295356724156 0.00933987459625091 0.00000000000000000 0.00000000000000000 -0.00000000000000000 -0.00000000000000000 -0.00000000000000000 -0.00000000000000000 0.00000000000000000 0.00000000000000000 0.00000000000000000 0.00000000000000000 0.00000000000000000 0.00000000000000000 1.00000000000000000 
0.51209980963807822 0.85187542078038958 1.00000000000000000 0.53178000646536461 0.99390601117541866 0.00942276554363505 0.00000000000000000 0.00000000000000000 -0.00000000000000000 -0.00000000000000000 -0.00000000000000000 -0.00000000000000000 0.00000000000000000 0.00000000000000000 0.00000000000000000 0.00000000000000000 0.00000000000000000 0.00000000000000000 1.00000000000000000 
0.51950647752670653 0.84826554834968404 1.00000000000000000 0.53996123733406254 0.99466133541971113 0.00949992264565318 0.00000000000000000 0.00000000000000000 -0.00000000000000000 -0.00000000000000000 -0.00000000000000000 -0.00000000000000000 0.00000000000000000 0.00000000000000000 0.00000000000000000 0.00000000000000000 0.00000000000000000 0.00000000000000000 1.00000000000000000 
0.52686897946930067 0.84457078077344239 1.00000000000000000 0.54814246820276047 0.99538892630011855 0.00957134590230530 0.00000000000000000 0.00000000000000000 -0.00000000000000000 -0.00000000000000000 -0.00000000000000000 -0.00000000000000000 0.00000000000000000 0.00000000000000000 0.00000000000000000 0.00000000000000000 0.00000000000000000 0.00000000000000000 1.00000000000000000 
0.53418625453728530 0.84079175968748499 1.00000000000000000 0.55632369907145840 0.99608878381664134 0.00963703531359140 0.00000000000000000 0.00000000000000000 -0.00000000000000000 -0.00000000000000000 -0.00000000000000000 -0.00000000000000000 0.00000000000000000 0.00000000000000000 0.00000000000000000 0.00000000000000000 0.00000000000000000 0.00000000000000000 1.00000000000000000 
ZONE I=5
0.53418625453728530 0.84079175968748499 1.00000000000000000 0.55632369907145840 0.99608878381664134 0.00963703531359140 0.00000000000000000 0.00000000000000000 -0.00000000000000000 -0.00000000000000000 -0.00000000000000000 -0.00000000000000000 0.00000000000000000 0.00000000000000000 0.00000000000000000 0.00000000000000000 0.00000000000000000 0.00000000000000000 1.00000000000000000 
0.54145807416976799 0.83692898237822155 1.00000000000000000 0.56450492994015622 0.99676121557250985 0.00969777081044403 0.00000000000000000 0.00000000000000000 -0.00000000000000000 -0.00000000000000000 -0.00000000000000000 -0.00000000000000000 0.00000000000000000 0.00000000000000000 0.00000000000000000 0.00000000000000000 0.00000000000000000 0.00000000000000000 1.00000000000000000 
0.54868323292973975 0.83298550246600112 1.00000000000000000 0.57268616080885415 0.99740815800954163 0.00975211529775242 0.00000000000000000 0.00000000000000000 -0.00000000000000000 -0.00000000000000000 -0.00000000000000000 -0.00000000000000000 0.00000000000000000 0.00000000000000000 0.00000000000000000 0.00000000000000000 0.00000000000000000 0.00000000000000000 1.00000000000000000 
0.55586075176404570 0.82896198385939057 1.00000000000000000 0.58086739167755197 0.99802961112773669 0.00980006877551657 0.00000000000000000 0.00000000000000000 -0.00000000000000000 -0.00000000000000000 -0.00000000000000000 -0.00000000000000000 0.00000000000000000 0.00000000000000000 0.00000000000000000 0.00000000000000000 0.00000000000000000 0.00000000000000000 1.00000000000000000 
0.56298966067471989 0.82485910225769610 1.00000000000000000 0.58904862254625001 0.99862557492709492 0.00984163124373649 0.00000000000000000 0.00000000000000000 -0.00000000000000000 -0.00000000000000000 -0.00000000000000000 -0.00000000000000000 0.00000000000000000 0.00000000000000000 0.00000000000000000 0.00000000000000000 0.00000000000000000 0.00000000000000000 1.00000000000000000 
ZONE I=5
0.56298966067471989 0.82485910225769610 1.00000000000000000 0.58904862254625001 0.99862557492709492 0.00984163124373649 0.00000000000000000 0.00000000000000000 -0.00000000000000000 -0.00000000000000000 -0.00000000000000000 -0.00000000000000000 0.00000000000000000 0.00000000000000000 0.00000000000000000 0.00000000000000000 0.00000000000000000 0.00000000000000000 1.00000000000000000 
0.57007210248467977 0.82067636997533555 1.00000000000000000 0.59722985341494794 0.99919682309178326 0.00988002988278686 0.00000000000000000 0.00000000000000000 -0.00000000000000000 -0.00000000000000000 -0.00000000000000000 -0.00000000000000000 0.00000000000000000 0.00000000000000000 0.00000000000000000 0.00000000000000000 0.00000000000000000 0.00000000000000000 1.00000000000000000 
0.57710518791145193 0.81641777747885791 1.00000000000000000 0.60541108428364587 0.99974503846698859 0.00991177877425191 0.00000000000000000 0.00000000000000000 -0.00000000000000000 -0.00000000000000000 -0.00000000000000000 -0.00000000000000000 0.00000000000000000 0.00000000000000000 0.00000000000000000 0.00000000000000000 0.00000000000000000 0.00000000000000000 1.00000000000000000 
0.58408802738794219 0.81208400607921172 1.00000000000000000 0.61359231515234369 1.00027022105271080 0.00993687791813165 0.00000000000000000 0.00000000000000000 -0.00000000000000000 -0.00000000000000000 -0.00000000000000000 -0.00000000000000000 0.00000000000000000 0.00000000000000000 0.00000000000000000 0.00000000000000000 0.00000000000000000 0.00000000000000000 1.00000000000000000 
0.59101974046101646 0.80767574755093297 1.00000000000000000 0.62177354602104162 1.00077237084894999 0.00995532731442608 0.00000000000000000 0.00000000000000000 -0.00000000000000000 -0.00000000000000000 -0.00000000000000000 -0.00000000000000000 0.00000000000000000 0.00000000000000000 0.00000000000000000 0.00000000000000000 0.00000000000000000 0.00000000000000000 1.00000000000000000 
ZONE I=5
0.59101974046101646 0.80767574755093297 1.00000000000000000 0.62177354602104162 1.00077237084894999 0.00995532731442608 0.00000000000000000 0.00000000000000000 -0.00000000000000000 -0.00000000000000000 -0.00000000000000000 -0.00000000000000000 0.00000000000000000 0.00000000000000000 0.00000000000000000 0.00000000000000000 0.00000000000000000 0.00000000000000000 1.00000000000000000 
0.59790404682959064 0.80319165718168473 1.00000000000000000 0.62995477688973955 1.00125253844881645 0.00997204248203870 0.00000000000000000 0.00000000000000000 -0.00000000000000000 -0.00000000000000000 -0.00000000000000000 -0.00000000000000000 0.00000000000000000 0.00000000000000000 0.00000000000000000 0.00000000000000000 0.00000000000000000 0.00000000000000000 1.00000000000000000 
0.60473701073981023 0.79863641749818659 1.00000000000000000 0.63813600775843748 1.00171220214778245 0.00998216314730150 0.00000000000000000 0.00000000000000000 -0.00000000000000000 -0.00000000000000000 -0.00000000000000000 -0.00000000000000000 0.00000000000000000 0.00000000000000000 0.00000000000000000 0.00000000000000000 0.00000000000000000 0.00000000000000000 1.00000000000000000 
0.61151782776395258 0.79401071313161398 1.00000000000000000 0.64631723862713542 1.00215136194584753 0.00998568931021447 0.00000000000000000 0.00000000000000000 -0.00000000000000000 -0.00000000000000000 -0.00000000000000000 -0.00000000000000000 0.00000000000000000 0.00000000000000000 0.00000000000000000 0.00000000000000000 0.00000000000000000 0.00000000000000000 1.00000000000000000 
0.61824570243382793 0.78931523792543534 1.00000000000000000 0.65449846949583335 1.00257001784301214 0.00998262097077761 0.00000000000000000 0.00000000000000000 -0.00000000000000000 -0.00000000000000000 -0.00000000000000000 -0.00000000000000000 0.00000000000000000 0.00000000000000000 0.00000000000000000 0.00000000000000000 0.00000000000000000 0.00000000000000000 1.00000000000000000 
ZONE I=5
0.61824570243382793 0.78931523792543534 1.00000000000000000 0.65449846949583335 1.00257001784301214 0.00998262097077761 0.00000000000000000 0.00000000000000000 -0.00000000000000000 -0.00000000000000000 -0.00000000000000000 -0.00000000000000000 0.00000000000000000 0.00000000000000000 0.00000000000000000 0.00000000000000000 0.00000000000000000 0.00000000000000000 1.00000000000000000 
0.62492529639705474 0.78454795368544228 1.00000000000000000 0.66267970036453117 1.00296936068609166 0.00997893951751750 0.00000000000000000 0.00000000000000000 -0.00000000000000000 -0.00000000000000000 -0.00000000000000000 -0.00000000000000000 0.00000000000000000 0.00000000000000000 0.00000000000000000 0.00000000000000000 0.00000000000000000 0.00000000000000000 1.00000000000000000 
0.63155211817906765 0.77971399976150857 1.00000000000000000 0.67086093123322921 1.00335069610152594 0.00996895346263275 0.00000000000000000 0.00000000000000000 -0.00000000000000000 -0.00000000000000000 -0.00000000000000000 -0.00000000000000000 0.00000000000000000 0.00000000000000000 0.00000000000000000 0.00000000000000000 0.00000000000000000 0.00000000000000000 1.00000000000000000 
0.63812544210790667 0.77481405368326106 1.00000000000000000 0.67904216210192703 1.00371402408931520 0.00995266280612335 0.00000000000000000 0.00000000000000000 -0.00000000000000000 -0.00000000000000000 -0.00000000000000000 -0.00000000000000000 0.00000000000000000 0.00000000000000000 0.00000000000000000 0.00000000000000000 0.00000000000000000 0.00000000000000000 1.00000000000000000 
0.64464455116291275 0.76984880104821618 1.00000000000000000 0.68722339297062507 1.00405934464945923 0.00993006754798931 0.00000000000000000 0.00000000000000000 -0.00000000000000000 -0.00000000000000000 -0.00000000000000000 -0.00000000000000000 0.00000000000000000 0.00000000000000000 0.00000000000000000 0.00000000000000000 0.00000000000000000 0.00000000000000000 1.00000000000000000 
ZONE I=5
0.64464455116291275 0.76984880104821618 1.00000000000000000 0.68722339297062507 1.00405934464945923 0.00993006754798931 0.00000000000000000 0.00000000000000000 -0.00000000000000000 -0.00000000000000000 -0.00000000000000000 -0.00000000000000000 0.00000000000000000 0.00000000000000000 0.00000000000000000 0.00000000000000000 0.00000000000000000 0.00000000000000000 1.00000000000000000 
0.65111455876757252 0.76481568728882465 1.00000000000000000 0.69540462383932289 1.00438789383078508 0.00990771862373929 0.00000000000000000 0.00000000000000000 -0.00000000000000000 -0.00000000000000000 -0.00000000000000000 -0.00000000000000000 0.00000000000000000 0.00000000000000000 0.00000000000000000 0.00000000000000000 0.00000000000000000 0.00000000000000000 1.00000000000000000 
0.65753078208716842 0.75972009530499363 1.00000000000000000 0.70358585470802082 1.00470082497673996 0.00987951888757892 0.00000000000000000 0.00000000000000000 -0.00000000000000000 -0.00000000000000000 -0.00000000000000000 -0.00000000000000000 0.00000000000000000 0.00000000000000000 0.00000000000000000 0.00000000000000000 0.00000000000000000 0.00000000000000000 1.00000000000000000 
0.66389256674075070 0.75456268833821238 1.00000000000000000 0.71176708557671875 1.00499813808732408 0.00984546833950820 0.00000000000000000 0.00000000000000000 -0.00000000000000000 -0.00000000000000000 -0.00000000000000000 -0.00000000000000000 0.00000000000000000 0.00000000000000000 0.00000000000000000 0.00000000000000000 0.00000000000000000 0.00000000000000000 1.00000000000000000 
0.67019926658864248 0.74934413667628996 1.00000000000000000 0.71994831644541668 1.00527983316253722 0.00980556697952713 0.00000000000000000 0.00000000000000000 -0.00000000000000000 -0.00000000000000000 -0.00000000000000000 -0.00000000000000000 0.00000000000000000 0.00000000000000000 0.00000000000000000 0.00000000000000000 0.00000000000000000 0.00000000000000000 1.00000000000000000 
ZONE I=5
0.67019926658864248 0.74934413667628996 1.00000000000000000 0.71994831644541668 1.00527983316253722 0.00980556697952713 0.00000000000000000 0.00000000000000000 -0.00000000000000000 -0.00000000000000000 -0.00000000000000000 -0.00000000000000000 0.00000000000000000 0.00000000000000000 0.00000000000000000 0.00000000000000000 0.00000000000000000 0.00000000000000000 1.00000000000000000 
0.67645608265062229 0.74406154347433995 1.00000000000000000 0.72812954731411472 1.00554712803739821 0.00976655149901224 0.00000000000000000 0.00000000000000000 -0.00000000000000000 -0.00000000000000000 -0.00000000000000000 -0.00000000000000000 0.00000000000000000 0.00000000000000000 0.00000000000000000 0.00000000000000000 0.00000000000000000 0.00000000000000000 1.00000000000000000 
0.68265839992908595 0.73872035134080416 1.00000000000000000 0.73631077818281254 1.00580103722247216 0.00972224259212795 0.00000000000000000 0.00000000000000000 -0.00000000000000000 -0.00000000000000000 -0.00000000000000000 -0.00000000000000000 0.00000000000000000 0.00000000000000000 0.00000000000000000 0.00000000000000000 0.00000000000000000 0.00000000000000000 1.00000000000000000 
0.68880562750835606 0.73332120477579388 1.00000000000000000 0.74449200905151047 1.00604156071775908 0.00967264025887425 0.00000000000000000 0.00000000000000000 -0.00000000000000000 -0.00000000000000000 -0.00000000000000000 -0.00000000000000000 0.00000000000000000 0.00000000000000000 0.00000000000000000 0.00000000000000000 0.00000000000000000 0.00000000000000000 1.00000000000000000 
0.69489718224575614 0.72786475443165610 1.00000000000000000 0.75267323992020829 1.00626869852325918 0.00961774449925115 0.00000000000000000 0.00000000000000000 -0.00000000000000000 -0.00000000000000000 -0.00000000000000000 -0.00000000000000000 0.00000000000000000 0.00000000000000000 0.00000000000000000 0.00000000000000000 0.00000000000000000 0.00000000000000000 1.00000000000000000 
ZONE I=5
0.69489718224575614 0.72786475443165610 1.00000000000000000 0.75267323992020829 1.00626869852325918 0.00961774449925115 0.00000000000000000 0.00000000000000000 -0.00000000000000000 -0.00000000000000000 -0.00000000000000000 -0.00000000000000000 0.00000000000000000 0.00000000000000000 0.00000000000000000 0.00000000000000000 0.00000000000000000 0.00000000000000000 1.00000000000000000 
0.70093809436845012 0.72234792096881562 1.00000000000000000 0.76085447078890622 1.00648361005548148 0.00956419126377232 0.00000000000000000 0.00000000000000000 -0.00000000000000000 -0.00000000000000000 -0.00000000000000000 -0.00000000000000000 0.00000000000000000 0.00000000000000000 0.00000000000000000 0.00000000000000000 0.00000000000000000 0.00000000000000000 1.00000000000000000 
0.70692399116702676 0.71677605564715485 1.00000000000000000 0.76903570165760415 1.00668718082136932 0.00950595637144301 0.00000000000000000 0.00000000000000000 -0.00000000000000000 -0.00000000000000000 -0.00000000000000000 -0.00000000000000000 0.00000000000000000 0.00000000000000000 0.00000000000000000 0.00000000000000000 0.00000000000000000 0.00000000000000000 1.00000000000000000 
0.71285433751661498 0.71114978198683410 1.00000000000000000 0.77721693252630208 1.00687941082092292 0.00944303982226322 0.00000000000000000 0.00000000000000000 -0.00000000000000000 -0.00000000000000000 -0.00000000000000000 -0.00000000000000000 0.00000000000000000 0.00000000000000000 0.00000000000000000 0.00000000000000000 0.00000000000000000 0.00000000000000000 1.00000000000000000 
0.71872860557377294 0.70546972889034609 1.00000000000000000 0.78539816339500002 1.00706030005414227 0.00937544161623294 0.00000000000000000 0.00000000000000000 -0.00000000000000000 -0.00000000000000000 -0.00000000000000000 -0.00000000000000000 0.00000000000000000 0.00000000000000000 0.00000000000000000 0.00000000000000000 0.00000000000000000 0.00000000000000000 1.00000000000000000 
ZONE I=5
0.71872860557377294 0.70546972889034609 1.00000000000000000 0.78539816339500002 1.00706030005414227 0.00937544161623294 0.00000000000000000 0.00000000000000000 -0.00000000000000000 -0.00000000000000000 -0.00000000000000000 -0.00000000000000000 0.00000000000000000 0.00000000000000000 0.00000000000000000 0.00000000000000000 0.00000000000000000 0.00000000000000000 1.00000000000000000 
0.72455148236843425 0.69973277324054672 1.00000000000000000 0.79357939426369795 1.00723092580749674 0.00930949226192022 0.00000000000000000 0.00000000000000000 -0.00000000000000000 -0.00000000000000000 -0.00000000000000000 -0.00000000000000000 0.00000000000000000 0.00000000000000000 0.00000000000000000 0.00000000000000000 0.00000000000000000 0.00000000000000000 1.00000000000000000 
0.73031894568042066 0.69394405691617644 1.00000000000000000 0.80176062513239588 1.00739205297322276 0.00923948891651805 0.00000000000000000 0.00000000000000000 -0.00000000000000000 -0.00000000000000000 -0.00000000000000000 -0.00000000000000000 0.00000000000000000 0.00000000000000000 0.00000000000000000 0.00000000000000000 0.00000000000000000 0.00000000000000000 1.00000000000000000 
0.73603050899243005 0.68810418193932033 1.00000000000000000 0.80994185600109381 1.00754368155132057 0.00916543158002643 0.00000000000000000 0.00000000000000000 -0.00000000000000000 -0.00000000000000000 -0.00000000000000000 -0.00000000000000000 0.00000000000000000 0.00000000000000000 0.00000000000000000 0.00000000000000000 0.00000000000000000 0.00000000000000000 1.00000000000000000 
0.74168569258056294 0.68221375506016957 1.00000000000000000 0.81812308686979174 1.00768581154178993 0.00908732025244536 0.00000000000000000 0.00000000000000000 -0.00000000000000000 -0.00000000000000000 -0.00000000000000000 -0.00000000000000000 0.00000000000000000 0.00000000000000000 0.00000000000000000 0.00000000000000000 0.00000000000000000 0.00000000000000000 1.00000000000000000 
ZONE I=5
0.74168569258056294 0.68221375506016957 1.00000000000000000 0.81812308686979174 1.00768581154178993 0.00908732025244536 0.00000000000000000 0.00000000000000000 -0.00000000000000000 -0.00000000000000000 -0.00000000000000000 -0.00000000000000000 0.00000000000000000 0.00000000000000000 0.00000000000000000 0.00000000000000000 0.00000000000000000 0.00000000000000000 1.00000000000000000 
0.74728873563387843 0.67626972387932016 1.00000000000000000 0.82630431773848967 1.00781942576916417 0.00901104230402687 0.00000000000000000 0.00000000000000000 -0.00000000000000000 -0.00000000000000000 -0.00000000000000000 -0.00000000000000000 0.00000000000000000 0.00000000000000000 0.00000000000000000 0.00000000000000000 0.00000000000000000 0.00000000000000000 1.00000000000000000 
0.75283602439305963 0.67027693398271448 1.00000000000000000 0.83448554860718749 1.00794517672526340 0.00893132518124565 0.00000000000000000 0.00000000000000000 -0.00000000000000000 -0.00000000000000000 -0.00000000000000000 -0.00000000000000000 0.00000000000000000 0.00000000000000000 0.00000000000000000 0.00000000000000000 0.00000000000000000 0.00000000000000000 1.00000000000000000 
0.75832711446076473 0.66423596665196383 1.00000000000000000 0.84266677947588542 1.00806306441008786 0.00884816888410171 0.00000000000000000 0.00000000000000000 -0.00000000000000000 -0.00000000000000000 -0.00000000000000000 -0.00000000000000000 0.00000000000000000 0.00000000000000000 0.00000000000000000 0.00000000000000000 0.00000000000000000 0.00000000000000000 1.00000000000000000 
0.76376156776819049 0.65814740734666277 1.00000000000000000 0.85084801034458335 1.00817308882363754 0.00876157341259505 0.00000000000000000 0.00000000000000000 -0.00000000000000000 -0.00000000000000000 -0.00000000000000000 -0.00000000000000000 0.00000000000000000 0.00000000000000000 0.00000000000000000 0.00000000000000000 0.00000000000000000 0.00000000000000000 1.00000000000000000 
ZONE I=5
0.76376156776819049 0.65814740734666277 1.00000000000000000 0.85084801034458335 1.00817308882363754 0.00876157341259505 0.00000000000000000 0.00000000000000000 -0.00000000000000000 -0.00000000000000000 -0.00000000000000000 -0.00000000000000000 0.00000000000000000 0.00000000000000000 0.00000000000000000 0.00000000000000000 0.00000000000000000 0.00000000000000000 1.00000000000000000 
0.76914312278326236 0.65200836413261143 1.00000000000000000 0.85902924121328128 1.00827613363122537 0.00867689883195465 0.00000000000000000 0.00000000000000000 -0.00000000000000000 -0.00000000000000000 -0.00000000000000000 -0.00000000000000000 0.00000000000000000 0.00000000000000000 0.00000000000000000 0.00000000000000000 0.00000000000000000 0.00000000000000000 1.00000000000000000 
0.77446859533997203 0.64582332729332048 1.00000000000000000 0.86721047208197921 1.00837274756082018 0.00858936672445384 0.00000000000000000 0.00000000000000000 -0.00000000000000000 -0.00000000000000000 -0.00000000000000000 -0.00000000000000000 0.00000000000000000 0.00000000000000000 0.00000000000000000 0.00000000000000000 0.00000000000000000 0.00000000000000000 1.00000000000000000 
0.77973757747155747 0.63959285902029939 1.00000000000000000 0.87539170295067714 1.00846293061242243 0.00849897709009261 0.00000000000000000 0.00000000000000000 -0.00000000000000000 -0.00000000000000000 -0.00000000000000000 -0.00000000000000000 0.00000000000000000 0.00000000000000000 0.00000000000000000 0.00000000000000000 0.00000000000000000 0.00000000000000000 1.00000000000000000 
0.78494966711153968 0.63331752522398188 1.00000000000000000 0.88357293381937496 1.00854668278603188 0.00840572992887097 0.00000000000000000 0.00000000000000000 -0.00000000000000000 -0.00000000000000000 -0.00000000000000000 -0.00000000000000000 0.00000000000000000 0.00000000000000000 0.00000000000000000 0.00000000000000000 0.00000000000000000 0.00000000000000000 1.00000000000000000 
ZONE I=5
0.78494966711153968 0.63331752522398188 1.00000000000000000 0.88357293381937496 1.00854668278603188 0.00840572992887097 0.00000000000000000 0.00000000000000000 -0.00000000000000000 -0.00000000000000000 -0.00000000000000000 -0.00000000000000000 0.00000000000000000 0.00000000000000000 0.00000000000000000 0.00000000000000000 0.00000000000000000 0.00000000000000000 1.00000000000000000 
0.79010808735615501 0.62699466068193355 1.00000000000000000 0.89175416468807289 1.00862478887037543 0.00831441552035077 0.00000000000000000 0.00000000000000000 -0.00000000000000000 -0.00000000000000000 -0.00000000000000000 -0.00000000000000000 0.00000000000000000 0.00000000000000000 0.00000000000000000 0.00000000000000000 0.00000000000000000 0.00000000000000000 1.00000000000000000 
0.79521007878826144 0.62062836538173660 1.00000000000000000 0.89993539555677082 1.00869770304083750 0.00822077873305329 0.00000000000000000 0.00000000000000000 -0.00000000000000000 -0.00000000000000000 -0.00000000000000000 -0.00000000000000000 0.00000000000000000 0.00000000000000000 0.00000000000000000 0.00000000000000000 0.00000000000000000 0.00000000000000000 1.00000000000000000 
0.80025526501008781 0.61421918465000014 1.00000000000000000 0.90811662642546886 1.00876542529741808 0.00812481956697851 0.00000000000000000 0.00000000000000000 -0.00000000000000000 -0.00000000000000000 -0.00000000000000000 -0.00000000000000000 0.00000000000000000 0.00000000000000000 0.00000000000000000 0.00000000000000000 0.00000000000000000 0.00000000000000000 1.00000000000000000 
0.80524327514087157 0.60776766715089547 1.00000000000000000 0.91629785729416668 1.00882795564011718 0.00802653802212646 0.00000000000000000 0.00000000000000000 -0.00000000000000000 -0.00000000000000000 -0.00000000000000000 -0.00000000000000000 0.00000000000000000 0.00000000000000000 0.00000000000000000 0.00000000000000000 0.00000000000000000 0.00000000000000000 1.00000000000000000 
ZONE I=5
0.80524327514087157 0.60776766715089547 1.00000000000000000 0.91629785729416668 1.00882795564011718 0.00802653802212646 0.00000000000000000 0.00000000000000000 -0.00000000000000000 -0.00000000000000000 -0.00000000000000000 -0.00000000000000000 0.00000000000000000 0.00000000000000000 0.00000000000000000 0.00000000000000000 0.00000000000000000 0.00000000000000000 1.00000000000000000 
0.81017682938176960 0.60127141944303952 1.00000000000000000 0.92447908816286462 1.00888598341302060 0.00793014368640613 0.00000000000000000 0.00000000000000000 -0.00000000000000000 -0.00000000000000000 -0.00000000000000000 -0.00000000000000000 0.00000000000000000 0.00000000000000000 0.00000000000000000 0.00000000000000000 0.00000000000000000 0.00000000000000000 1.00000000000000000 
0.81505357082495089 0.59473413615847093 1.00000000000000000 0.93266031903156255 1.00893987791428041 0.00783190787631158 0.00000000000000000 0.00000000000000000 -0.00000000000000000 -0.00000000000000000 -0.00000000000000000 -0.00000000000000000 0.00000000000000000 0.00000000000000000 0.00000000000000000 0.00000000000000000 0.00000000000000000 0.00000000000000000 1.00000000000000000 
0.81987315058757571 0.58815634830343677 1.00000000000000000 0.94084154990026059 1.00898963914389639 0.00773183059184280 0.00000000000000000 0.00000000000000000 -0.00000000000000000 -0.00000000000000000 -0.00000000000000000 -0.00000000000000000 0.00000000000000000 0.00000000000000000 0.00000000000000000 0.00000000000000000 0.00000000000000000 0.00000000000000000 1.00000000000000000 
0.82463522496983865 0.58153858990514340 1.00000000000000000 0.94902278076895841 1.00903526710186875 0.00762991183299980 0.00000000000000000 0.00000000000000000 -0.00000000000000000 -0.00000000000000000 -0.00000000000000000 -0.00000000000000000 0.00000000000000000 0.00000000000000000 0.00000000000000000 0.00000000000000000 0.00000000000000000 0.00000000000000000 1.00000000000000000 
ZONE I=5
0.82463522496983865 0.58153858990514340 1.00000000000000000 0.94902278076895841 1.00903526710186875 0.00762991183299980 0.00000000000000000 0.00000000000000000 -0.00000000000000000 -0.00000000000000000 -0.00000000000000000 -0.00000000000000000 0.00000000000000000 0.00000000000000000 0.00000000000000000 0.00000000000000000 0.00000000000000000 0.00000000000000000 1.00000000000000000 
0.82934204201599304 0.57487876606860988 1.00000000000000000 0.95720401163765634 1.00907736103486489 0.00752979274200509 0.00000000000000000 0.00000000000000000 -0.00000000000000000 -0.00000000000000000 -0.00000000000000000 -0.00000000000000000 0.00000000000000000 0.00000000000000000 0.00000000000000000 0.00000000000000000 0.00000000000000000 0.00000000000000000 1.00000000000000000 
0.83399161430634106 0.56818016698255080 1.00000000000000000 0.96538524250635416 1.00911621526332662 0.00742825539649829 0.00000000000000000 0.00000000000000000 -0.00000000000000000 -0.00000000000000000 -0.00000000000000000 -0.00000000000000000 0.00000000000000000 0.00000000000000000 0.00000000000000000 0.00000000000000000 0.00000000000000000 0.00000000000000000 1.00000000000000000 
0.83858361717424490 0.56144331199777331 1.00000000000000000 0.97356647337505220 1.00915182978725326 0.00732529979647941 0.00000000000000000 0.00000000000000000 -0.00000000000000000 -0.00000000000000000 -0.00000000000000000 -0.00000000000000000 0.00000000000000000 0.00000000000000000 0.00000000000000000 0.00000000000000000 0.00000000000000000 0.00000000000000000 1.00000000000000000 
0.84311773085262798 0.55466872322217875 1.00000000000000000 0.98174770424375002 1.00918420460664526 0.00722092594194844 0.00000000000000000 0.00000000000000000 -0.00000000000000000 -0.00000000000000000 -0.00000000000000000 -0.00000000000000000 0.00000000000000000 0.00000000000000000 0.00000000000000000 0.00000000000000000 0.00000000000000000 0.00000000000000000 1.00000000000000000 
ZONE I=5
0.84311773085262798 0.55466872322217875 1.00000000000000000 0.98174770424375002 1.00918420460664526 0.00722092594194844 0.00000000000000000 0.00000000000000000 -0.00000000000000000 -0.00000000000000000 -0.00000000000000000 -0.00000000000000000 0.00000000000000000 0.00000000000000000 0.00000000000000000 0.00000000000000000 0.00000000000000000 0.00000000000000000 1.00000000000000000 
0.84759577332518443 0.54785461581759320 1.00000000000000000 0.98992893511244806 1.00921385531558805 0.00711823506268053 0.00000000000000000 0.00000000000000000 -0.00000000000000000 -0.00000000000000000 -0.00000000000000000 -0.00000000000000000 0.00000000000000000 0.00000000000000000 0.00000000000000000 0.00000000000000000 0.00000000000000000 0.00000000000000000 1.00000000000000000 
0.85201608782750382 0.54100388876578542 1.00000000000000000 0.99811016598114588 1.00924101110172071 0.00701449121202503 0.00000000000000000 0.00000000000000000 -0.00000000000000000 -0.00000000000000000 -0.00000000000000000 -0.00000000000000000 0.00000000000000000 0.00000000000000000 0.00000000000000000 0.00000000000000000 0.00000000000000000 0.00000000000000000 1.00000000000000000 
0.85637837129491978 0.53411705239757401 1.00000000000000000 1.00629139684984370 1.00926567196504280 0.00690969438998193 0.00000000000000000 0.00000000000000000 -0.00000000000000000 -0.00000000000000000 -0.00000000000000000 -0.00000000000000000 0.00000000000000000 0.00000000000000000 0.00000000000000000 0.00000000000000000 0.00000000000000000 0.00000000000000000 1.00000000000000000 
0.86068232532823374 0.52719461957890590 1.00000000000000000 1.01447262771854163 1.00928783790555454 0.00680384459655123 0.00000000000000000 0.00000000000000000 -0.00000000000000000 -0.00000000000000000 -0.00000000000000000 -0.00000000000000000 0.00000000000000000 0.00000000000000000 0.00000000000000000 0.00000000000000000 0.00000000000000000 0.00000000000000000 1.00000000000000000 
ZONE I=5
0.86068232532823374 0.52719461957890590 1.00000000000000000 1.01447262771854163 1.00928783790555454 0.00680384459655123 0.00000000000000000 0.00000000000000000 -0.00000000000000000 -0.00000000000000000 -0.00000000000000000 -0.00000000000000000 0.00000000000000000 0.00000000000000000 0.00000000000000000 0.00000000000000000 0.00000000000000000 0.00000000000000000 1.00000000000000000 
0.86492938606314196 0.52023511476042750 1.00000000000000000 1.02265385858723956 1.00930794787112488 0.00669954248718309 0.00000000000000000 0.00000000000000000 -0.00000000000000000 -0.00000000000000000 -0.00000000000000000 -0.00000000000000000 0.00000000000000000 0.00000000000000000 0.00000000000000000 0.00000000000000000 0.00000000000000000 0.00000000000000000 1.00000000000000000 
0.86911818637912541 0.51324106804733294 1.00000000000000000 1.03083508945593749 1.00932617544469738 0.00659449675769381 0.00000000000000000 0.00000000000000000 -0.00000000000000000 -0.00000000000000000 -0.00000000000000000 -0.00000000000000000 0.00000000000000000 0.00000000000000000 0.00000000000000000 0.00000000000000000 0.00000000000000000 0.00000000000000000 1.00000000000000000 
0.87324844280383518 0.50621298324786179 1.00000000000000000 1.03901632032463542 1.00934252062627161 0.00648870740808339 0.00000000000000000 0.00000000000000000 -0.00000000000000000 -0.00000000000000000 -0.00000000000000000 -0.00000000000000000 0.00000000000000000 0.00000000000000000 0.00000000000000000 0.00000000000000000 0.00000000000000000 0.00000000000000000 1.00000000000000000 
0.87731987634289899 0.49915136651579145 1.00000000000000000 1.04719755119333335 1.00935698341584779 0.00638217443835183 0.00000000000000000 0.00000000000000000 -0.00000000000000000 -0.00000000000000000 -0.00000000000000000 -0.00000000000000000 0.00000000000000000 0.00000000000000000 0.00000000000000000 0.00000000000000000 0.00000000000000000 0.00000000000000000 1.00000000000000000 
ZONE I=5
0.87731987634289899 0.49915136651579145 1.00000000000000000 1.04719755119333335 1.00935698341584779 0.00638217443835183 0.00000000000000000 0.00000000000000000 -0.00000000000000000 -0.00000000000000000 -0.00000000000000000 -0.00000000000000000 0.00000000000000000 0.00000000000000000 0.00000000000000000 0.00000000000000000 0.00000000000000000 0.00000000000000000 1.00000000000000000 
0.88133359173927517 0.49205504129720523 1.00000000000000000 1.05537878206203128 1.00936993333238290 0.00627704378083395 0.00000000000000000 0.00000000000000000 -0.00000000000000000 -0.00000000000000000 -0.00000000000000000 -0.00000000000000000 0.00000000000000000 0.00000000000000000 0.00000000000000000 0.00000000000000000 0.00000000000000000 0.00000000000000000 1.00000000000000000 
0.88528847089559493 0.48492619747180499 1.00000000000000000 1.06356001293072921 1.00938149734920524 0.00617142643164491 0.00000000000000000 0.00000000000000000 -0.00000000000000000 -0.00000000000000000 -0.00000000000000000 -0.00000000000000000 0.00000000000000000 0.00000000000000000 0.00000000000000000 0.00000000000000000 0.00000000000000000 0.00000000000000000 1.00000000000000000 
0.88918424844433785 0.47776533460986564 1.00000000000000000 1.07174124379942715 1.00939167546631503 0.00606532239078473 0.00000000000000000 0.00000000000000000 -0.00000000000000000 -0.00000000000000000 -0.00000000000000000 -0.00000000000000000 0.00000000000000000 0.00000000000000000 0.00000000000000000 0.00000000000000000 0.00000000000000000 0.00000000000000000 1.00000000000000000 
0.89302066335117847 0.47057295446178460 1.00000000000000000 1.07992247466812508 1.00940046768371205 0.00595873165825338 0.00000000000000000 0.00000000000000000 -0.00000000000000000 -0.00000000000000000 -0.00000000000000000 -0.00000000000000000 0.00000000000000000 0.00000000000000000 0.00000000000000000 0.00000000000000000 0.00000000000000000 0.00000000000000000 1.00000000000000000 
ZONE I=5
0.89302066335117847 0.47057295446178460 1.00000000000000000 1.07992247466812508 1.00940046768371205 0.00595873165825338 0.00000000000000000 0.00000000000000000 -0.00000000000000000 -0.00000000000000000 -0.00000000000000000 -0.00000000000000000 0.00000000000000000 0.00000000000000000 0.00000000000000000 0.00000000000000000 0.00000000000000000 0.00000000000000000 1.00000000000000000 
0.89679853889253114 0.46334816209926655 1.00000000000000000 1.08810370553682301 1.00940818128900234 0.00585339451731620 0.00000000000000000 0.00000000000000000 -0.00000000000000000 -0.00000000000000000 -0.00000000000000000 -0.00000000000000000 0.00000000000000000 0.00000000000000000 0.00000000000000000 0.00000000000000000 0.00000000000000000 0.00000000000000000 1.00000000000000000 
0.90051696750274413 0.45609283982933579 1.00000000000000000 1.09628493640552094 1.00941490494912056 0.00574777961340688 0.00000000000000000 0.00000000000000000 -0.00000000000000000 -0.00000000000000000 -0.00000000000000000 -0.00000000000000000 0.00000000000000000 0.00000000000000000 0.00000000000000000 0.00000000000000000 0.00000000000000000 0.00000000000000000 1.00000000000000000 
0.90417570087328480 0.44880748500843187 1.00000000000000000 1.10446616727421887 1.00942063866406673 0.00564188694652540 0.00000000000000000 0.00000000000000000 -0.00000000000000000 -0.00000000000000000 -0.00000000000000000 -0.00000000000000000 0.00000000000000000 0.00000000000000000 0.00000000000000000 0.00000000000000000 0.00000000000000000 0.00000000000000000 1.00000000000000000 
0.90777449492217210 0.44149259702497107 1.00000000000000000 1.11264739814291680 1.00942538243384061 0.00553571651667179 0.00000000000000000 0.00000000000000000 -0.00000000000000000 -0.00000000000000000 -0.00000000000000000 -0.00000000000000000 0.00000000000000000 0.00000000000000000 0.00000000000000000 0.00000000000000000 0.00000000000000000 0.00000000000000000 1.00000000000000000 
ZONE I=5
0.90777449492217210 0.44149259702497107 1.00000000000000000 1.11264739814291680 1.00942538243384061 0.00553571651667179 0.00000000000000000 0.00000000000000000 -0.00000000000000000 -0.00000000000000000 -0.00000000000000000 -0.00000000000000000 0.00000000000000000 0.00000000000000000 0.00000000000000000 0.00000000000000000 0.00000000000000000 0.00000000000000000 1.00000000000000000 
0.91131393895414559 0.43414754024326624 1.00000000000000000 1.12082862901161451 1.00942938833861318 0.00543065279058306 0.00000000000000000 0.00000000000000000 -0.00000000000000000 -0.00000000000000000 -0.00000000000000000 -0.00000000000000000 0.00000000000000000 0.00000000000000000 0.00000000000000000 0.00000000000000000 0.00000000000000000 0.00000000000000000 1.00000000000000000 
0.91479330067512543 0.42677392415926102 1.00000000000000000 1.12900985988031244 1.00943271424887038 0.00532547711885371 0.00000000000000000 0.00000000000000000 -0.00000000000000000 -0.00000000000000000 -0.00000000000000000 -0.00000000000000000 0.00000000000000000 0.00000000000000000 0.00000000000000000 0.00000000000000000 0.00000000000000000 0.00000000000000000 1.00000000000000000 
0.91821234815552211 0.41937224565273107 1.00000000000000000 1.13719109074901015 1.00943536016461244 0.00522018950148374 0.00000000000000000 0.00000000000000000 -0.00000000000000000 -0.00000000000000000 -0.00000000000000000 -0.00000000000000000 0.00000000000000000 0.00000000000000000 0.00000000000000000 0.00000000000000000 0.00000000000000000 0.00000000000000000 1.00000000000000000 
0.92157085361886126 0.41194300349884128 1.00000000000000000 1.14537232161770830 1.00943732608583892 0.00511478993847316 0.00000000000000000 0.00000000000000000 -0.00000000000000000 -0.00000000000000000 -0.00000000000000000 -0.00000000000000000 0.00000000000000000 0.00000000000000000 0.00000000000000000 0.00000000000000000 0.00000000000000000 0.00000000000000000 1.00000000000000000 
ZONE I=5
0.92157085361886126 0.41194300349884128 1.00000000000000000 1.14537232161770830 1.00943732608583892 0.00511478993847316 0.00000000000000000 0.00000000000000000 -0.00000000000000000 -0.00000000000000000 -0.00000000000000000 -0.00000000000000000 0.00000000000000000 0.00000000000000000 0.00000000000000000 0.00000000000000000 0.00000000000000000 0.00000000000000000 1.00000000000000000 
0.92486921623312912 0.40448579583599509 1.00000000000000000 1.15355355248640623 1.00943881563111959 0.00501035587593499 0.00000000000000000 0.00000000000000000 -0.00000000000000000 -0.00000000000000000 -0.00000000000000000 -0.00000000000000000 0.00000000000000000 0.00000000000000000 0.00000000000000000 0.00000000000000000 0.00000000000000000 0.00000000000000000 1.00000000000000000 
0.92810684756992623 0.39700199471034542 1.00000000000000000 1.16173478335510416 1.00943986254084073 0.00490593759724903 0.00000000000000000 0.00000000000000000 -0.00000000000000000 -0.00000000000000000 -0.00000000000000000 -0.00000000000000000 0.00000000000000000 0.00000000000000000 0.00000000000000000 0.00000000000000000 0.00000000000000000 0.00000000000000000 1.00000000000000000 
0.93128353169475242 0.38949209796499989 1.00000000000000000 1.16991601422380187 1.00944046681500166 0.00480153510241529 0.00000000000000000 0.00000000000000000 -0.00000000000000000 -0.00000000000000000 -0.00000000000000000 -0.00000000000000000 0.00000000000000000 0.00000000000000000 0.00000000000000000 0.00000000000000000 0.00000000000000000 0.00000000000000000 1.00000000000000000 
0.93439905678097346 0.38195660520881558 1.00000000000000000 1.17809724509250002 1.00944062845360283 0.00469714839143376 0.00000000000000000 0.00000000000000000 -0.00000000000000000 -0.00000000000000000 -0.00000000000000000 -0.00000000000000000 0.00000000000000000 0.00000000000000000 0.00000000000000000 0.00000000000000000 0.00000000000000000 0.00000000000000000 1.00000000000000000 
ZONE I=5
0.93439905678097346 0.38195660520881558 1.00000000000000000 1.17809724509250002 1.00944062845360283 0.00469714839143376 0.00000000000000000 0.00000000000000000 -0.00000000000000000 -0.00000000000000000 -0.00000000000000000 -0.00000000000000000 0.00000000000000000 0.00000000000000000 0.00000000000000000 0.00000000000000000 0.00000000000000000 0.00000000000000000 1.00000000000000000 
0.93745367131837154 0.37439532111210294 1.00000000000000000 1.18627847596119795 1.00944050900958704 0.00459359438717138 0.00000000000000000 0.00000000000000000 -0.00000000000000000 -0.00000000000000000 -0.00000000000000000 -0.00000000000000000 0.00000000000000000 0.00000000000000000 0.00000000000000000 0.00000000000000000 0.00000000000000000 0.00000000000000000 1.00000000000000000 
0.94044690346239102 0.36680941505852066 1.00000000000000000 1.19445970682989588 1.00944012390728988 0.00449015073344609 0.00000000000000000 0.00000000000000000 -0.00000000000000000 -0.00000000000000000 -0.00000000000000000 -0.00000000000000000 0.00000000000000000 0.00000000000000000 0.00000000000000000 0.00000000000000000 0.00000000000000000 0.00000000000000000 1.00000000000000000 
0.94337855312340213 0.35919938699929815 1.00000000000000000 1.20264093769859359 1.00943947314671068 0.00438681743025790 0.00000000000000000 0.00000000000000000 -0.00000000000000000 -0.00000000000000000 -0.00000000000000000 -0.00000000000000000 0.00000000000000000 0.00000000000000000 0.00000000000000000 0.00000000000000000 0.00000000000000000 0.00000000000000000 1.00000000000000000 
0.94624842429764078 0.35156573852508027 1.00000000000000000 1.21082216856729175 1.00943855672784988 0.00428359447760680 0.00000000000000000 0.00000000000000000 -0.00000000000000000 -0.00000000000000000 -0.00000000000000000 -0.00000000000000000 0.00000000000000000 0.00000000000000000 0.00000000000000000 0.00000000000000000 0.00000000000000000 0.00000000000000000 1.00000000000000000 
ZONE I=5
0.94624842429764078 0.35156573852508027 1.00000000000000000 1.21082216856729175 1.00943855672784988 0.00428359447760680 0.00000000000000000 0.00000000000000000 -0.00000000000000000 -0.00000000000000000 -0.00000000000000000 -0.00000000000000000 0.00000000000000000 0.00000000000000000 0.00000000000000000 0.00000000000000000 0.00000000000000000 0.00000000000000000 1.00000000000000000 
0.94905664954433067 0.34390845304874290 1.00000000000000000 1.21900339943598968 1.00943750013514655 0.00418108162989756 0.00000000000000000 0.00000000000000000 -0.00000000000000000 -0.00000000000000000 -0.00000000000000000 -0.00000000000000000 0.00000000000000000 0.00000000000000000 0.00000000000000000 0.00000000000000000 0.00000000000000000 0.00000000000000000 1.00000000000000000 
0.95180285046057944 0.33622853061701585 1.00000000000000000 1.22718463030468761 1.00943630546127316 0.00407874520616437 0.00000000000000000 0.00000000000000000 -0.00000000000000000 -0.00000000000000000 -0.00000000000000000 -0.00000000000000000 0.00000000000000000 0.00000000000000000 0.00000000000000000 0.00000000000000000 0.00000000000000000 0.00000000000000000 1.00000000000000000 
0.95448684282975726 0.32852647414966768 1.00000000000000000 1.23536586117338532 1.00943497270622951 0.00397658520640722 0.00000000000000000 0.00000000000000000 -0.00000000000000000 -0.00000000000000000 -0.00000000000000000 -0.00000000000000000 0.00000000000000000 0.00000000000000000 0.00000000000000000 0.00000000000000000 0.00000000000000000 0.00000000000000000 1.00000000000000000 
0.95710844651763916 0.32080278808007529 1.00000000000000000 1.24354709204208325 1.00943350187001535 0.00387460163062611 0.00000000000000000 0.00000000000000000 -0.00000000000000000 -0.00000000000000000 -0.00000000000000000 -0.00000000000000000 0.00000000000000000 0.00000000000000000 0.00000000000000000 0.00000000000000000 0.00000000000000000 0.00000000000000000 1.00000000000000000 
ZONE I=5
0.95710844651763916 0.32080278808007529 1.00000000000000000 1.24354709204208325 1.00943350187001535 0.00387460163062611 0.00000000000000000 0.00000000000000000 -0.00000000000000000 -0.00000000000000000 -0.00000000000000000 -0.00000000000000000 0.00000000000000000 0.00000000000000000 0.00000000000000000 0.00000000000000000 0.00000000000000000 0.00000000000000000 1.00000000000000000 
0.95966770813313651 0.31305760715372255 1.00000000000000000 1.25172832291078118 1.00943198793462385 0.00377321675427274 0.00000000000000000 0.00000000000000000 -0.00000000000000000 -0.00000000000000000 -0.00000000000000000 -0.00000000000000000 0.00000000000000000 0.00000000000000000 0.00000000000000000 0.00000000000000000 0.00000000000000000 0.00000000000000000 1.00000000000000000 
0.96216432355068870 0.30529179329494238 1.00000000000000000 1.25990955377947911 1.00943042386007642 0.00367205019880900 0.00000000000000000 0.00000000000000000 -0.00000000000000000 -0.00000000000000000 -0.00000000000000000 -0.00000000000000000 0.00000000000000000 0.00000000000000000 0.00000000000000000 0.00000000000000000 0.00000000000000000 0.00000000000000000 1.00000000000000000 
0.96459812458500171 0.29750585298516263 1.00000000000000000 1.26809078464817704 1.00942880964637260 0.00357110196423488 0.00000000000000000 0.00000000000000000 -0.00000000000000000 -0.00000000000000000 -0.00000000000000000 -0.00000000000000000 0.00000000000000000 0.00000000000000000 0.00000000000000000 0.00000000000000000 0.00000000000000000 0.00000000000000000 1.00000000000000000 
0.96696894714387327 0.28970029409209830 1.00000000000000000 1.27627201551687497 1.00942714529351241 0.00347037205055038 0.00000000000000000 0.00000000000000000 -0.00000000000000000 -0.00000000000000000 -0.00000000000000000 -0.00000000000000000 0.00000000000000000 0.00000000000000000 0.00000000000000000 0.00000000000000000 0.00000000000000000 0.00000000000000000 1.00000000000000000 
ZONE I=5
0.96696894714387327 0.28970029409209830 1.00000000000000000 1.27627201551687497 1.00942714529351241 0.00347037205055038 0.00000000000000000 0.00000000000000000 -0.00000000000000000 -0.00000000000000000 -0.00000000000000000 -0.00000000000000000 0.00000000000000000 0.00000000000000000 0.00000000000000000 0.00000000000000000 0.00000000000000000 0.00000000000000000 1.00000000000000000 
0.96927677723890338 0.28187537637641485 1.00000000000000000 1.28445324638557290 1.00942550039695145 0.00337014099768827 0.00000000000000000 0.00000000000000000 -0.00000000000000000 -0.00000000000000000 -0.00000000000000000 -0.00000000000000000 0.00000000000000000 0.00000000000000000 0.00000000000000000 0.00000000000000000 0.00000000000000000 0.00000000000000000 1.00000000000000000 
0.97152136955482449 0.27403185228886778 1.00000000000000000 1.29263447725427083 1.00942386225519476 0.00327014989798418 0.00000000000000000 0.00000000000000000 -0.00000000000000000 -0.00000000000000000 -0.00000000000000000 -0.00000000000000000 0.00000000000000000 0.00000000000000000 0.00000000000000000 0.00000000000000000 0.00000000000000000 0.00000000000000000 1.00000000000000000 
0.97370257218486256 0.26617023221961700 1.00000000000000000 1.30081570812296876 1.00942223086824234 0.00317039875143809 0.00000000000000000 0.00000000000000000 -0.00000000000000000 -0.00000000000000000 -0.00000000000000000 -0.00000000000000000 0.00000000000000000 0.00000000000000000 0.00000000000000000 0.00000000000000000 0.00000000000000000 0.00000000000000000 1.00000000000000000 
0.97582023733614898 0.25829102781486502 1.00000000000000000 1.30899693899166669 1.00942060623609398 0.00307088755805002 0.00000000000000000 0.00000000000000000 -0.00000000000000000 -0.00000000000000000 -0.00000000000000000 -0.00000000000000000 0.00000000000000000 0.00000000000000000 0.00000000000000000 0.00000000000000000 0.00000000000000000 0.00000000000000000 1.00000000000000000 
ZONE I=5
0.97582023733614898 0.25829102781486502 1.00000000000000000 1.30899693899166669 1.00942060623609398 0.00307088755805002 0.00000000000000000 0.00000000000000000 -0.00000000000000000 -0.00000000000000000 -0.00000000000000000 -0.00000000000000000 0.00000000000000000 0.00000000000000000 0.00000000000000000 0.00000000000000000 0.00000000000000000 0.00000000000000000 1.00000000000000000 
0.97787431142272119 0.25039459916078199 1.00000000000000000 1.31717816986036462 1.00941903722511150 0.00297178681581236 0.00000000000000000 0.00000000000000000 -0.00000000000000000 -0.00000000000000000 -0.00000000000000000 -0.00000000000000000 0.00000000000000000 0.00000000000000000 0.00000000000000000 0.00000000000000000 0.00000000000000000 0.00000000000000000 1.00000000000000000 
0.97986459581438645 0.24248161501817656 1.00000000000000000 1.32535940072906255 1.00941750827913324 0.00287293088327022 0.00000000000000000 0.00000000000000000 -0.00000000000000000 -0.00000000000000000 -0.00000000000000000 -0.00000000000000000 0.00000000000000000 0.00000000000000000 0.00000000000000000 0.00000000000000000 0.00000000000000000 0.00000000000000000 1.00000000000000000 
0.98179095518384107 0.23455258981081087 1.00000000000000000 1.33354063159776048 1.00941601939815895 0.00277431976042358 0.00000000000000000 0.00000000000000000 -0.00000000000000000 -0.00000000000000000 -0.00000000000000000 -0.00000000000000000 0.00000000000000000 0.00000000000000000 0.00000000000000000 0.00000000000000000 0.00000000000000000 0.00000000000000000 1.00000000000000000 
0.98365325834502182 0.22660803908444760 1.00000000000000000 1.34172186246645841 1.00941457058218886 0.00267595344727245 0.00000000000000000 0.00000000000000000 -0.00000000000000000 -0.00000000000000000 -0.00000000000000000 -0.00000000000000000 0.00000000000000000 0.00000000000000000 0.00000000000000000 0.00000000000000000 0.00000000000000000 0.00000000000000000 1.00000000000000000 
ZONE I=5
0.98365325834502182 0.22660803908444760 1.00000000000000000 1.34172186246645841 1.00941457058218886 0.00267595344727245 0.00000000000000000 0.00000000000000000 -0.00000000000000000 -0.00000000000000000 -0.00000000000000000 -0.00000000000000000 0.00000000000000000 0.00000000000000000 0.00000000000000000 0.00000000000000000 0.00000000000000000 0.00000000000000000 1.00000000000000000 
0.98545142912091266 0.21864840057913323 1.00000000000000000 1.34990309333515612 1.00941319416797981 0.00257792006442170 0.00000000000000000 0.00000000000000000 -0.00000000000000000 -0.00000000000000000 -0.00000000000000000 -0.00000000000000000 0.00000000000000000 0.00000000000000000 0.00000000000000000 0.00000000000000000 0.00000000000000000 0.00000000000000000 1.00000000000000000 
0.98718530638493374 0.21067428210531194 1.00000000000000000 1.35808432420385428 1.00941187395164489 0.00248012264467984 0.00000000000000000 0.00000000000000000 -0.00000000000000000 -0.00000000000000000 -0.00000000000000000 -0.00000000000000000 0.00000000000000000 0.00000000000000000 0.00000000000000000 0.00000000000000000 0.00000000000000000 0.00000000000000000 1.00000000000000000 
0.98885477171460379 0.20268620204827942 1.00000000000000000 1.36626555507255198 1.00941060993318388 0.00238256118804689 0.00000000000000000 0.00000000000000000 -0.00000000000000000 -0.00000000000000000 -0.00000000000000000 -0.00000000000000000 0.00000000000000000 0.00000000000000000 0.00000000000000000 0.00000000000000000 0.00000000000000000 0.00000000000000000 1.00000000000000000 
0.99045971085935336 0.19468467977705747 1.00000000000000000 1.37444678594125014 1.00940940211259655 0.00228523569452284 0.00000000000000000 0.00000000000000000 -0.00000000000000000 -0.00000000000000000 -0.00000000000000000 -0.00000000000000000 0.00000000000000000 0.00000000000000000 0.00000000000000000 0.00000000000000000 0.00000000000000000 0.00000000000000000 1.00000000000000000 
ZONE I=5
0.99045971085935336 0.19468467977705747 1.00000000000000000 1.37444678594125014 1.00940940211259655 0.00228523569452284 0.00000000000000000 0.00000000000000000 -0.00000000000000000 -0.00000000000000000 -0.00000000000000000 -0.00000000000000000 0.00000000000000000 0.00000000000000000 0.00000000000000000 0.00000000000000000 0.00000000000000000 0.00000000000000000 1.00000000000000000 
0.99200003847481244 0.18667021030729408 1.00000000000000000 1.38262801680994785 1.00940827004613931 0.00218817564629458 0.00000000000000000 0.00000000000000000 -0.00000000000000000 -0.00000000000000000 -0.00000000000000000 -0.00000000000000000 0.00000000000000000 0.00000000000000000 0.00000000000000000 0.00000000000000000 0.00000000000000000 0.00000000000000000 1.00000000000000000 
0.99347562428241609 0.17864336010639620 1.00000000000000000 1.39080924767864578 1.00940719855031413 0.00209133169218723 0.00000000000000000 0.00000000000000000 -0.00000000000000000 -0.00000000000000000 -0.00000000000000000 -0.00000000000000000 0.00000000000000000 0.00000000000000000 0.00000000000000000 0.00000000000000000 0.00000000000000000 0.00000000000000000 1.00000000000000000 
0.99488636709001499 0.17060465127800953 1.00000000000000000 1.39899047854734371 1.00940618762512102 0.00199470383220077 0.00000000000000000 0.00000000000000000 -0.00000000000000000 -0.00000000000000000 -0.00000000000000000 -0.00000000000000000 0.00000000000000000 0.00000000000000000 0.00000000000000000 0.00000000000000000 0.00000000000000000 0.00000000000000000 1.00000000000000000 
0.99623216990862695 0.16255460676693584 1.00000000000000000 1.40717170941604164 1.00940523727055997 0.00189829206633521 0.00000000000000000 0.00000000000000000 -0.00000000000000000 -0.00000000000000000 -0.00000000000000000 -0.00000000000000000 0.00000000000000000 0.00000000000000000 0.00000000000000000 0.00000000000000000 0.00000000000000000 0.00000000000000000 1.00000000000000000 
ZONE I=5
0.99623216990862695 0.16255460676693584 1.00000000000000000 1.40717170941604164 1.00940523727055997 0.00189829206633521 0.00000000000000000 0.00000000000000000 -0.00000000000000000 -0.00000000000000000 -0.00000000000000000 -0.00000000000000000 0.00000000000000000 0.00000000000000000 0.00000000000000000 0.00000000000000000 0.00000000000000000 0.00000000000000000 1.00000000000000000 
0.99751294850260586 0.15449376096643064 1.00000000000000000 1.41535294028473957 1.00940435757412028 0.00180208720443629 0.00000000000000000 0.00000000000000000 -0.00000000000000000 -0.00000000000000000 -0.00000000000000000 -0.00000000000000000 0.00000000000000000 0.00000000000000000 0.00000000000000000 0.00000000000000000 0.00000000000000000 0.00000000000000000 1.00000000000000000 
0.99872859888928700 0.14642265545288755 1.00000000000000000 1.42353417115343750 1.00940353555692908 0.00170606987098013 0.00000000000000000 0.00000000000000000 -0.00000000000000000 -0.00000000000000000 -0.00000000000000000 -0.00000000000000000 0.00000000000000000 0.00000000000000000 0.00000000000000000 0.00000000000000000 0.00000000000000000 0.00000000000000000 1.00000000000000000 
0.99987903741281825 0.13834181565982276 1.00000000000000000 1.43171540202213565 1.00940277121898681 0.00161024006596674 0.00000000000000000 0.00000000000000000 -0.00000000000000000 -0.00000000000000000 -0.00000000000000000 -0.00000000000000000 0.00000000000000000 0.00000000000000000 0.00000000000000000 0.00000000000000000 0.00000000000000000 0.00000000000000000 1.00000000000000000 
1.00096418465002834 0.13025176771526176 1.00000000000000000 1.43989663289083336 1.00940206456029347 0.00151459778939610 0.00000000000000000 0.00000000000000000 -0.00000000000000000 -0.00000000000000000 -0.00000000000000000 -0.00000000000000000 0.00000000000000000 0.00000000000000000 0.00000000000000000 0.00000000000000000 0.00000000000000000 0.00000000000000000 1.00000000000000000 
ZONE I=5
1.00096418465002834 0.13025176771526176 1.00000000000000000 1.43989663289083336 1.00940206456029347 0.00151459778939610 0.00000000000000000 0.00000000000000000 -0.00000000000000000 -0.00000000000000000 -0.00000000000000000 -0.00000000000000000 0.00000000000000000 0.00000000000000000 0.00000000000000000 0.00000000000000000 0.00000000000000000 0.00000000000000000 1.00000000000000000 
1.00198396504454235 0.12215307009411128 1.00000000000000000 1.44807786375953129 1.00940141909064862 0.00141911154763961 0.00000000000000000 0.00000000000000000 -0.00000000000000000 -0.00000000000000000 -0.00000000000000000 -0.00000000000000000 0.00000000000000000 0.00000000000000000 0.00000000000000000 0.00000000000000000 0.00000000000000000 0.00000000000000000 1.00000000000000000 
1.00293829804355439 0.11404625279929075 1.00000000000000000 1.45625909462822922 1.00940082478317739 0.00132377758804896 0.00000000000000000 0.00000000000000000 -0.00000000000000000 -0.00000000000000000 -0.00000000000000000 -0.00000000000000000 0.00000000000000000 0.00000000000000000 0.00000000000000000 0.00000000000000000 0.00000000000000000 0.00000000000000000 1.00000000000000000 
1.00382711779823652 0.10593184408584828 1.00000000000000000 1.46444032549692738 1.00940028163787998 0.00122859591062417 0.00000000000000000 0.00000000000000000 -0.00000000000000000 -0.00000000000000000 -0.00000000000000000 -0.00000000000000000 0.00000000000000000 0.00000000000000000 0.00000000000000000 0.00000000000000000 0.00000000000000000 0.00000000000000000 1.00000000000000000 
1.00465036271830188 0.09781037275307251 1.00000000000000000 1.47262155636562508 1.00939978965475596 0.00113356651536522 0.00000000000000000 0.00000000000000000 -0.00000000000000000 -0.00000000000000000 -0.00000000000000000 -0.00000000000000000 0.00000000000000000 0.00000000000000000 0.00000000000000000 0.00000000000000000 0.00000000000000000 0.00000000000000000 1.00000000000000000 
ZONE I=5
1.00465036271830188 0.09781037275307251 1.00000000000000000 1.47262155636562508 1.00939978965475596 0.00113356651536522 0.00000000000000000 0.00000000000000000 -0.00000000000000000 -0.00000000000000000 -0.00000000000000000 -0.00000000000000000 0.00000000000000000 0.00000000000000000 0.00000000000000000 0.00000000000000000 0.00000000000000000 0.00000000000000000 1.00000000000000000 
1.00540797122912395 0.08968240874004438 1.00000000000000000 1.48080278723432324 1.00939934825501965 0.00103864855511839 0.00000000000000000 0.00000000000000000 -0.00000000000000000 -0.00000000000000000 -0.00000000000000000 -0.00000000000000000 0.00000000000000000 0.00000000000000000 0.00000000000000000 0.00000000000000000 0.00000000000000000 0.00000000000000000 1.00000000000000000 
1.00609988462019828 0.08154848070657744 1.00000000000000000 1.48898401810302095 1.00939895071238839 0.00094384270769336 0.00000000000000000 0.00000000000000000 -0.00000000000000000 -0.00000000000000000 -0.00000000000000000 -0.00000000000000000 0.00000000000000000 0.00000000000000000 0.00000000000000000 0.00000000000000000 0.00000000000000000 0.00000000000000000 1.00000000000000000 
1.00672605507304214 0.07340911912593472 1.00000000000000000 1.49716524897171888 1.00939859702686174 0.00084914897309012 0.00000000000000000 0.00000000000000000 -0.00000000000000000 -0.00000000000000000 -0.00000000000000000 -0.00000000000000000 0.00000000000000000 0.00000000000000000 0.00000000000000000 0.00000000000000000 0.00000000000000000 0.00000000000000000 1.00000000000000000 
1.00728643904840975 0.06526485486236358 1.00000000000000000 1.50534647984041658 1.00939828719843949 0.00075456735130869 0.00000000000000000 0.00000000000000000 -0.00000000000000000 -0.00000000000000000 -0.00000000000000000 -0.00000000000000000 0.00000000000000000 0.00000000000000000 0.00000000000000000 0.00000000000000000 0.00000000000000000 0.00000000000000000 1.00000000000000000 
ZONE I=5
1.00728643904840975 0.06526485486236358 1.00000000000000000 1.50534647984041658 1.00939828719843949 0.00075456735130869 0.00000000000000000 0.00000000000000000 -0.00000000000000000 -0.00000000000000000 -0.00000000000000000 -0.00000000000000000 0.00000000000000000 0.00000000000000000 0.00000000000000000 0.00000000000000000 0.00000000000000000 0.00000000000000000 1.00000000000000000 
1.00778099241406949 0.05711625942793126 1.00000000000000000 1.51352771070911452 1.00939801866579670 0.00066005733802030 0.00000000000000000 0.00000000000000000 -0.00000000000000000 -0.00000000000000000 -0.00000000000000000 -0.00000000000000000 0.00000000000000000 0.00000000000000000 0.00000000000000000 0.00000000000000000 0.00000000000000000 0.00000000000000000 1.00000000000000000 
1.00820967759628655 0.04896386734258570 1.00000000000000000 1.52170894157781245 1.00939778798182700 0.00056561589882651 0.00000000000000000 0.00000000000000000 -0.00000000000000000 -0.00000000000000000 -0.00000000000000000 -0.00000000000000000 0.00000000000000000 0.00000000000000000 0.00000000000000000 0.00000000000000000 0.00000000000000000 0.00000000000000000 1.00000000000000000 
1.00857246497377684 0.04080821062379199 1.00000000000000000 1.52989017244651038 1.00939759514653060 0.00047124303372731 0.00000000000000000 0.00000000000000000 -0.00000000000000000 -0.00000000000000000 -0.00000000000000000 -0.00000000000000000 0.00000000000000000 0.00000000000000000 0.00000000000000000 0.00000000000000000 0.00000000000000000 0.00000000000000000 1.00000000000000000 
1.00886932921890660 0.03264982152451879 1.00000000000000000 1.53807140331520831 1.00939744015990729 0.00037693874272270 0.00000000000000000 0.00000000000000000 -0.00000000000000000 -0.00000000000000000 -0.00000000000000000 -0.00000000000000000 0.00000000000000000 0.00000000000000000 0.00000000000000000 0.00000000000000000 0.00000000000000000 0.00000000000000000 1.00000000000000000 
ZONE I=5
1.00886932921890660 0.03264982152451879 1.00000000000000000 1.53807140331520831 1.00939744015990729 0.00037693874272270 0.00000000000000000 0.00000000000000000 -0.00000000000000000 -0.00000000000000000 -0.00000000000000000 -0.00000000000000000 0.00000000000000000 0.00000000000000000 0.00000000000000000 0.00000000000000000 0.00000000000000000 0.00000000000000000 1.00000000000000000 
1.00910024567302448 0.02448926599766056 1.00000000000000000 1.54625263418390624 1.00939732021857775 0.00028266944785566 0.00000000000000000 0.00000000000000000 -0.00000000000000000 -0.00000000000000000 -0.00000000000000000 -0.00000000000000000 0.00000000000000000 0.00000000000000000 0.00000000000000000 0.00000000000000000 0.00000000000000000 0.00000000000000000 1.00000000000000000 
1.00926519768897349 0.01632708866187077 1.00000000000000000 1.55443386505260417 1.00939723478273069 0.00018842322577953 0.00000000000000000 0.00000000000000000 -0.00000000000000000 -0.00000000000000000 -0.00000000000000000 -0.00000000000000000 0.00000000000000000 0.00000000000000000 0.00000000000000000 0.00000000000000000 0.00000000000000000 0.00000000000000000 1.00000000000000000 
1.00936417394677247 0.00816382235784714 1.00000000000000000 1.56261509592130210 1.00939718385236565 0.00009420007649431 0.00000000000000000 0.00000000000000000 -0.00000000000000000 -0.00000000000000000 -0.00000000000000000 -0.00000000000000000 0.00000000000000000 0.00000000000000000 0.00000000000000000 0.00000000000000000 0.00000000000000000 0.00000000000000000 1.00000000000000000 
1.00939716742748264 0.00000000000494260 1.00000000000000000 1.57079632679000003 1.00939716742748264 0.00000000000000000 0.00000000000000000 0.00000000000000000 -0.00000000000000000 -0.00000000000000000 -0.00000000000000000 -0.00000000000000000 0.00000000000000000 0.00000000000000000 0.00000000000000000 0.00000000000000000 0.00000000000000000 0.00000000000000000 1.00000000000000000 
