#Contact mesh details for the compression of a sphere.
nreler=1_nreletheta=48_H=0.8500_lambda=1.00_vol=0.2430_t=0.10_nt=1.00e-05_CL=MR_C1=1.3000_C2=1.1000
# Contact options are: 
# Use_isoparametric_flag_pt = false 
# Use_collocated_penetration_flag_pt = false 
# Use_collocated_contact_pressure_flag_pt = false 

ZONE I=5
0.00000000000000000 0.85000001907350620 1.00000000000000000 0.00000000000000000 0.85000001907350620 0.00000000000000000 0.00000001907350633 0.08814516950850411 -0.00000000000000000 -0.00000000000000000 -0.00000000000000000 -0.00000000000000000 0.00000000000000000 0.00000000000000000 -0.00004329666311314 0.00000094472764674 0.00000094472764674 -0.00004329666311314 1.00000000000000000 
0.00772074678595719 0.85000002918409912 1.00000000000000000 0.00818123086869792 0.85003474752021591 0.00076651950072345 0.00000002918409925 0.09027625060687353 -0.00000000000000000 -0.00000000000000000 -0.00000000000000000 -0.00000000000000000 0.00000000000000000 0.00000000000000000 -0.00004329666311314 0.00000094472764674 0.00000059047998510 -0.00004330294309220 1.00000000000000000 
0.01544015769503512 0.85000001907350586 1.00000000000000000 0.01636246173739583 0.85013886401055694 0.00153061864870338 0.00000001907350600 0.09128591318261603 -0.00000000000000000 -0.00000000000000000 -0.00000000000000000 -0.00000000000000000 0.00000000000000000 0.00000000000000000 -0.00004329666311314 0.00000094472764674 0.00000023619280135 -0.00004330632471152 1.00000000000000000 
0.02315931719905203 0.85000001456132546 1.00000000000000000 0.02454369260609375 0.85031236854452974 0.00229229744393980 0.00000001456132559 0.09117415723573163 -0.00000000000000000 -0.00000000000000000 -0.00000000000000000 -0.00000000000000000 0.00000000000000000 0.00000000000000000 -0.00004329666311314 0.00000094472764674 -0.00000011811019130 -0.00004330680774477 1.00000000000000000 
0.03087931007826035 0.85000001907350564 1.00000000000000000 0.03272492347479167 0.85055526112213375 0.00305155588643269 0.00000001907350577 0.08994098276622035 -0.00000000000000000 -0.00000000000000000 -0.00000000000000000 -0.00000000000000000 0.00000000000000000 0.00000000000000000 -0.00004329666311314 0.00000094472764674 -0.00000047240527857 -0.00004330439215960 1.00000000000000000 
ZONE I=5
0.03087931007826035 0.85000001907350564 1.00000000000000000 0.03272492347479167 0.85055526112213375 0.00305155588643269 0.00000001907350577 0.08994098276622035 -0.00000000000000000 -0.00000000000000000 -0.00000000000000000 -0.00000000000000000 0.00000000000000000 0.00000000000000000 -0.00013035647814591 0.00000664466761490 0.00000237596557185 -0.00013050409108499 1.00000000000000000 
0.03859964290934534 0.85000003872384522 1.00000000000000000 0.04090615434348958 0.85086750226725716 0.00380681609043393 0.00000003872384535 0.09104513397655956 -0.00000000000000000 -0.00000000000000000 -0.00000000000000000 -0.00000000000000000 0.00000000000000000 0.00000000000000000 -0.00013035647814591 0.00000664466761490 0.00000130821386954 -0.00013051916173034 1.00000000000000000 
0.04631855158825220 0.85000001907350720 1.00000000000000000 0.04908738521218750 0.85124890042957813 0.00455523475028348 0.00000001907350733 0.09158710448619248 -0.00000000000000000 -0.00000000000000000 -0.00000000000000000 -0.00000000000000000 0.00000000000000000 0.00000000000000000 -0.00013035647814591 0.00000664466761490 0.00000024037460564 -0.00013052549644559 1.00000000000000000 
0.05403712025178402 0.85000000502098216 1.00000000000000000 0.05726861608088542 0.85169945560909688 0.00529681186598132 0.00000000502098230 0.09156689429511913 -0.00000000000000000 -0.00000000000000000 -0.00000000000000000 -0.00000000000000000 0.00000000000000000 0.00000000000000000 -0.00013035647814591 0.00000664466761490 -0.00000082748074705 -0.00013052309480675 1.00000000000000000 
0.06175643379570889 0.85000001907350586 1.00000000000000000 0.06544984694958333 0.85221916780581342 0.00603154743752747 0.00000001907350600 0.09098450340333951 -0.00000000000000000 -0.00000000000000000 -0.00000000000000000 -0.00000000000000000 0.00000000000000000 0.00000000000000000 -0.00013035647814591 0.00000664466761490 -0.00000189528071465 -0.00013051195697456 1.00000000000000000 
ZONE I=5
0.06175643379570889 0.85000001907350586 1.00000000000000000 0.06544984694958333 0.85221916780581342 0.00603154743752747 0.00000001907350600 0.09098450340333951 -0.00000000000000000 -0.00000000000000000 -0.00000000000000000 -0.00000000000000000 0.00000000000000000 0.00000000000000000 -0.00022057081420744 0.00001834318072661 0.00000387788510267 -0.00022129825658246 1.00000000000000000 
0.06947605095872121 0.85000004788641981 1.00000000000000000 0.07363107781828127 0.85280791130296119 0.00675792000658988 0.00000004788641994 0.09224485992885081 -0.00000000000000000 -0.00000000000000000 -0.00000000000000000 -0.00000000000000000 0.00000000000000000 0.00000000000000000 -0.00022057081420744 0.00001834318072661 0.00000206728339384 -0.00022132257611612 1.00000000000000000 
0.07719418640582169 0.85000001907350564 1.00000000000000000 0.08181230868697917 0.85346536425246911 0.00747307575346400 0.00000001907350577 0.09307681753383927 -0.00000000000000000 -0.00000000000000000 -0.00000000000000000 -0.00000000000000000 0.00000000000000000 0.00000000000000000 -0.00022057081420744 0.00001834318072661 0.00000025654331726 -0.00022133208205055 1.00000000000000000 
0.08491192389363283 0.84999999585752695 1.00000000000000000 0.08999353955567709 0.85419152665433717 0.00817701467814982 0.00000000000000000 0.09348037621830484 -0.00000000000000000 -0.00000000000000000 -0.00000000000000000 -0.00000000000000000 0.00000000000000000 0.00000000000000000 -0.00022057081420744 0.00001834318072661 -0.00000155421393032 -0.00022132677374950 1.00000000000000000 
0.09263034837592241 0.85000001907350586 1.00000000000000000 0.09817477042437500 0.85498639850856517 0.00886973678064736 0.00000001907350600 0.09345553598224754 -0.00000000000000000 -0.00000000000000000 -0.00000000000000000 -0.00000000000000000 0.00000000000000000 0.00000000000000000 -0.00022057081420744 0.00001834318072661 -0.00000336486715099 -0.00022130665156827 1.00000000000000000 
ZONE I=5
0.09263034837592241 0.85000001907350586 1.00000000000000000 0.09817477042437500 0.85498639850856517 0.00886973678064736 0.00000001907350600 0.09345553598224754 -0.00000000000000000 -0.00000000000000000 -0.00000000000000000 -0.00000000000000000 0.00000000000000000 0.00000000000000000 -0.00032124762484768 0.00003726279202523 0.00000559558797154 -0.00032335312204314 1.00000000000000000 
0.10034932958840237 0.85000005400625589 1.00000000000000000 0.10635600129307293 0.85584979787595028 0.00955003849074326 0.00000005400625602 0.09539206930783556 -0.00000000000000000 -0.00000000000000000 -0.00000000000000000 -0.00000000000000000 0.00000000000000000 0.00000000000000000 -0.00032124762484768 0.00003726279202523 0.00000295000367634 -0.00032338807896721 1.00000000000000000 
0.10806701932187532 0.85000001907350575 1.00000000000000000 0.11453723216177084 0.85678128276636667 0.01021501792920180 0.00000001907350589 0.09701132428349533 -0.00000000000000000 -0.00000000000000000 -0.00000000000000000 -0.00000000000000000 0.00000000000000000 0.00000000000000000 -0.00032124762484768 0.00003726279202523 0.00000030422193100 -0.00032340139082695 1.00000000000000000 
0.11578450109324279 0.84999998973730695 1.00000000000000000 0.12271846303046877 0.85778085317981478 0.01086467509602297 0.00000000000000000 0.09831330090922685 -0.00000000000000000 -0.00000000000000000 -0.00000000000000000 -0.00000000000000000 0.00000000000000000 0.00000000000000000 -0.00032124762484768 0.00003726279202523 -0.00000234158017657 -0.00032339305673138 1.00000000000000000 
0.12350285995513938 0.85000001907350597 1.00000000000000000 0.13089969389916667 0.85884850911629429 0.01149900999120677 0.00000001907350611 0.09929799918503013 -0.00000000000000000 -0.00000000000000000 -0.00000000000000000 -0.00000000000000000 0.00000000000000000 0.00000000000000000 -0.00032124762484768 0.00003726279202523 -0.00000498722555711 -0.00032336307723832 1.00000000000000000 
ZONE I=5
0.12350285995513938 0.85000001907350597 1.00000000000000000 0.13089969389916667 0.85884850911629429 0.01149900999120677 0.00000001907350611 0.09929799918503013 -0.00000000000000000 -0.00000000000000000 -0.00000000000000000 -0.00000000000000000 0.00000000000000000 0.00000000000000000 -0.00044978301521596 0.00006714218135093 0.00000785930638060 -0.00045469887243816 1.00000000000000000 
0.13122229535489480 0.85000005349561392 1.00000000000000000 0.13908092476786457 0.85998404419502827 0.01211715604906430 0.00000005349561405 0.10274952472477177 -0.00000000000000000 -0.00000000000000000 -0.00000000000000000 -0.00000000000000000 0.00000000000000000 0.00000000000000000 -0.00044978301521596 0.00006714218135093 0.00000413908840725 -0.00045474795353083 1.00000000000000000 
0.13894116952101010 0.85000001907350653 1.00000000000000000 0.14726215563656250 0.86118695606232332 0.01271643507189096 0.00000001907350666 0.10594517666381885 -0.00000000000000000 -0.00000000000000000 -0.00000000000000000 -0.00000000000000000 0.00000000000000000 0.00000000000000000 -0.00044978301521596 0.00006714218135093 0.00000041859339574 -0.00045476659735835 1.00000000000000000 
0.14666056622078716 0.84999999024964712 1.00000000000000000 0.15544338650526041 0.86245724471817931 0.01329684705968676 0.00000000000000000 0.10888495500217138 -0.00000000000000000 -0.00000000000000000 -0.00000000000000000 -0.00000000000000000 0.00000000000000000 0.00000000000000000 -0.00044978301521596 0.00006714218135093 -0.00000330192963312 -0.00045475480267285 1.00000000000000000 
0.15438157087884266 0.85000001907350531 1.00000000000000000 0.16362461737395834 0.86379491016259624 0.01385839201245170 0.00000001907350544 0.11156885973982936 -0.00000000000000000 -0.00000000000000000 -0.00000000000000000 -0.00000000000000000 0.00000000000000000 0.00000000000000000 -0.00044978301521596 0.00006714218135093 -0.00000702223165669 -0.00045471257026377 1.00000000000000000 
ZONE I=5
0.15438157087884266 0.85000001907350531 1.00000000000000000 0.16362461737395834 0.86379491016259624 0.01385839201245170 0.00000001907350544 0.11156885973982936 -0.00000000000000000 -0.00000000000000000 -0.00000000000000000 -0.00000000000000000 0.00000000000000000 0.00000000000000000 -0.00064041722985094 0.00011719375245313 0.00001130736659360 -0.00065095372136944 1.00000000000000000 
0.16210442258946672 0.85000004029610665 1.00000000000000000 0.17180584824265627 0.86519971399573847 0.01440025097487923 0.00000004029610678 0.11798110423927356 -0.00000000000000000 -0.00000000000000000 -0.00000000000000000 -0.00000000000000000 0.00000000000000000 0.00000000000000000 -0.00064041722985094 0.00011719375245313 0.00000598144491012 -0.00065102444364308 1.00000000000000000 
0.16982847683604430 0.85000001907350609 1.00000000000000000 0.17998707911135417 0.86667128468198018 0.01492073312869065 0.00000001907350622 0.12397798122836994 -0.00000000000000000 -0.00000000000000000 -0.00000000000000000 -0.00000000000000000 0.00000000000000000 0.00000000000000000 -0.00064041722985094 0.00011719375245313 0.00000065512287559 -0.00065105159144112 1.00000000000000000 
0.17755481875015497 0.85000000345579407 1.00000000000000000 0.18816830998005207 0.86820962222132136 0.01541983847388599 0.00000000345579421 0.12955949070711847 -0.00000000000000000 -0.00000000000000000 -0.00000000000000000 -0.00000000000000000 0.00000000000000000 0.00000000000000000 -0.00064041722985094 0.00011719375245313 -0.00000467124300773 -0.00065103516294649 1.00000000000000000 
0.18528453482701740 0.85000001907350653 1.00000000000000000 0.19634954084875000 0.86981472661376202 0.01589756701046522 0.00000001907350666 0.13472563267551915 -0.00000000000000000 -0.00000000000000000 -0.00000000000000000 -0.00000000000000000 0.00000000000000000 0.00000000000000000 -0.00064041722985094 0.00011719375245313 -0.00000999729623465 -0.00065097515925878 1.00000000000000000 
ZONE I=5
0.18528453482701740 0.85000001907350653 1.00000000000000000 0.19634954084875000 0.86981472661376202 0.01589756701046522 0.00000001907350666 0.13472563267551915 -0.00000000000000000 -0.00000000000000000 -0.00000000000000000 -0.00000000000000000 0.00000000000000000 0.00000000000000000 -0.00095028359730123 0.00020634606283807 0.00001699004809719 -0.00097228028428751 1.00000000000000000 
0.19301687710827736 0.85000000522311991 1.00000000000000000 0.20453077171744793 0.87148616249806332 0.01635213448865142 0.00000000522312005 0.14630885688005441 -0.00000000000000000 -0.00000000000000000 -0.00000000000000000 -0.00000000000000000 0.00000000000000000 0.00000000000000000 -0.00095028359730123 0.00020634606283807 0.00000903511876695 -0.00097238674383057 1.00000000000000000 
0.20075396751275443 0.85000001907350631 1.00000000000000000 0.21271200258614584 0.87322417906949090 0.01678454603159573 0.00000001907350644 0.15671385342300509 -0.00000000000000000 -0.00000000000000000 -0.00000000000000000 -0.00000000000000000 0.00000000000000000 0.00000000000000000 -0.00095028359730123 0.00020634606283807 0.00000107958469665 -0.00097242811942345 1.00000000000000000 
0.20849689465089086 0.85000003854500294 1.00000000000000000 0.22089323345484377 0.87502877632804521 0.01719480163929816 0.00000003854500308 0.16594062230437112 -0.00000000000000000 -0.00000000000000000 -0.00000000000000000 -0.00000000000000000 0.00000000000000000 0.00000000000000000 -0.00095028359730123 0.00020634606283807 -0.00000687602163260 -0.00097240440829680 1.00000000000000000 
0.21624674748731051 0.85000001907350642 1.00000000000000000 0.22907446432354167 0.87689995427372602 0.01758290131175870 0.00000001907350655 0.17398916352415256 -0.00000000000000000 -0.00000000000000000 -0.00000000000000000 -0.00000000000000000 0.00000000000000000 0.00000000000000000 -0.00095028359730123 0.00020634606283807 -0.00001483116773482 -0.00097231561203766 1.00000000000000000 
ZONE I=5
0.21624674748731051 0.85000001907350642 1.00000000000000000 0.22907446432354167 0.87689995427372602 0.01758290131175870 0.00000001907350655 0.17398916352415256 -0.00000000000000000 -0.00000000000000000 -0.00000000000000000 -0.00000000000000000 0.00000000000000000 0.00000000000000000 -0.00145497082414999 0.00036622167683268 0.00002626552280874 -0.00150012284097718 1.00000000000000000 
0.22399919247076402 0.84999993660737228 1.00000000000000000 0.23725569519223960 0.87883648021690242 0.01794356430750135 0.00000000000000000 0.19350488037927582 -0.00000000000000000 -0.00000000000000000 -0.00000000000000000 -0.00000000000000000 0.00000000000000000 0.00000000000000000 -0.00145497082414999 0.00036622167683268 0.00001399192941953 -0.00150028751965114 1.00000000000000000 
0.23176266391125128 0.85000001907350609 1.00000000000000000 0.24543692606093750 0.88084031748926084 0.01828386976595272 0.00000001907350622 0.20976308520355094 -0.00000000000000000 -0.00000000000000000 -0.00000000000000000 -0.00000000000000000 0.00000000000000000 0.00000000000000000 -0.00145497082414999 0.00036622167683268 0.00000171739952019 -0.00150035178083299 1.00000000000000000 
0.23953825740137263 0.85000010719308583 1.00000000000000000 0.25361815692963541 0.88291146609080129 0.01860381768711282 0.00000010719308596 0.22276377799697791 -0.00000000000000000 -0.00000000000000000 -0.00000000000000000 -0.00000000000000000 0.00000000000000000 0.00000000000000000 -0.00145497082414999 0.00036622167683268 -0.00001055724532841 -0.00150031562022160 1.00000000000000000 
0.24732706678089608 0.85000001907350586 1.00000000000000000 0.26179938779833334 0.88504992602152355 0.01890340807098166 0.00000001907350600 0.23250695875955674 -0.00000000000000000 -0.00000000000000000 -0.00000000000000000 -0.00000000000000000 0.00000000000000000 0.00000000000000000 -0.00145497082414999 0.00036622167683268 -0.00002283118355773 -0.00150017904023726 1.00000000000000000 
ZONE I=5
0.24732706678089608 0.85000001907350586 1.00000000000000000 0.26179938779833334 0.88504992602152355 0.01890340807098166 0.00000001907350600 0.23250695875955674 -0.00000000000000000 -0.00000000000000000 -0.00000000000000000 -0.00000000000000000 0.00000000000000000 0.00000000000000000 -0.00220855824975180 0.00063319376831313 0.00004000127660677 -0.00229718605877868 1.00000000000000000 
0.25511559554556473 0.84999982436405763 1.00000000000000000 0.26998061866703127 0.88725207061519873 0.01916850798939455 0.00000000000000000 0.26188034062491067 -0.00000000000000000 -0.00000000000000000 -0.00000000000000000 -0.00000000000000000 0.00000000000000000 0.00000000000000000 -0.00220855824975180 0.00063319376831313 0.00002120633807771 -0.00229743643698855 1.00000000000000000 
0.26292498413491938 0.85000001907350631 1.00000000000000000 0.27816184953572920 0.88952375445075860 0.01941828970674837 0.00000001907350644 0.28361092307419417 -0.00000000000000000 -0.00000000000000000 -0.00000000000000000 -0.00000000000000000 0.00000000000000000 0.00000000000000000 -0.00220855824975180 0.00063319376831313 0.00000240998016254 -0.00229753304280328 1.00000000000000000 
0.27075634011789790 0.85000021949208315 1.00000000000000000 0.28634308040442713 0.89186497752820326 0.01965275322304312 0.00000021949208329 0.29769870610740717 -0.00000000000000000 -0.00000000000000000 -0.00000000000000000 -0.00000000000000000 0.00000000000000000 0.00000000000000000 -0.00220855824975180 0.00063319376831313 -0.00001638653905783 -0.00229747586975685 1.00000000000000000 
0.27861076577621308 0.85000001907350542 1.00000000000000000 0.29452431127312501 0.89427573984753261 0.01987189853827880 0.00000001907350555 0.30414368972454964 -0.00000000000000000 -0.00000000000000000 -0.00000000000000000 -0.00000000000000000 0.00000000000000000 0.00000000000000000 -0.00220855824975180 0.00063319376831313 -0.00003518196149166 -0.00229726492167597 1.00000000000000000 
ZONE I=5
0.27861076577621308 0.85000001907350542 1.00000000000000000 0.29452431127312501 0.89427573984753261 0.01987189853827880 0.00000001907350555 0.30414368972454964 -0.00000000000000000 -0.00000000000000000 -0.00000000000000000 -0.00000000000000000 0.00000000000000000 0.00000000000000000 -0.00311731281548171 0.00100427424214227 0.00005612238590253 -0.00327460779648457 1.00000000000000000 
0.28645512532369161 0.84999966983502784 1.00000000000000000 0.30270554214182288 0.89674648694419090 0.02004284653237779 0.00000000000000000 0.33979457345318231 -0.00000000000000000 -0.00000000000000000 -0.00000000000000000 -0.00000000000000000 0.00000000000000000 0.00000000000000000 -0.00311731281548171 0.00100427424214227 0.00002933048417503 -0.00327495735326355 1.00000000000000000 
0.29433362526346385 0.85000001907350542 1.00000000000000000 0.31088677301052081 0.89929083910004959 0.02020648649373831 0.00000001907350555 0.36114588500357631 -0.00000000000000000 -0.00000000000000000 -0.00000000000000000 -0.00000000000000000 0.00000000000000000 0.00000000000000000 -0.00311731281548171 0.00100427424214227 0.00000253661929472 -0.00327508771005595 1.00000000000000000 
0.30224739083667723 0.85000037410408846 1.00000000000000000 0.31906800387921874 0.90190879631510823 0.02036281842236037 0.00000037410408860 0.36819762437573167 -0.00000000000000000 -0.00000000000000000 -0.00000000000000000 -0.00000000000000000 0.00000000000000000 0.00000000000000000 -0.00311731281548171 0.00100427424214227 -0.00002425741536702 -0.00327499885813670 1.00000000000000000 
0.31019753707974518 0.85000001907350564 1.00000000000000000 0.32724923474791667 0.90460035858936705 0.02051184231824395 0.00000001907350577 0.36094979156964840 -0.00000000000000000 -0.00000000000000000 -0.00000000000000000 -0.00000000000000000 0.00000000000000000 0.00000000000000000 -0.00311731281548171 0.00100427424214227 -0.00005104982642742 -0.00327469080345285 1.00000000000000000 
ZONE I=5
0.31019753707974518 0.85000001907350564 1.00000000000000000 0.32724923474791667 0.90460035858936705 0.02051184231824395 0.00000001907350577 0.36094979156964840 -0.00000000000000000 -0.00000000000000000 -0.00000000000000000 -0.00000000000000000 0.00000000000000000 0.00000000000000000 -0.00365275613100874 0.00130787973493366 0.00006433074913442 -0.00387930899882800 1.00000000000000000 
0.31811437837887768 0.84999949672639386 1.00000000000000000 0.33543046561661455 0.90734343375155835 0.02058629142011765 0.00000000000000000 0.37846487234322845 -0.00000000000000000 -0.00000000000000000 -0.00000000000000000 -0.00000000000000000 0.00000000000000000 0.00000000000000000 -0.00365275613100874 0.00130787973493366 0.00003259142775013 -0.00387970547239211 1.00000000000000000 
0.32608016018001662 0.85000001907350453 1.00000000000000000 0.34361169648531253 0.91016557072124804 0.02066245778334109 0.00000001907350466 0.38176451567320607 -0.00000000000000000 -0.00000000000000000 -0.00000000000000000 -0.00000000000000000 0.00000000000000000 0.00000000000000000 -0.00365275613100874 0.00130787973493366 0.00000084992495102 -0.00387984226886862 1.00000000000000000 
0.33409602950132455 0.85000054729128105 1.00000000000000000 0.35179292735401041 0.91306676949843624 0.02074034140791426 0.00000054729128118 0.37084872155958126 -0.00000000000000000 -0.00000000000000000 -0.00000000000000000 -0.00000000000000000 0.00000000000000000 0.00000000000000000 -0.00365275613100874 0.00130787973493366 -0.00003089163473541 -0.00387971937910146 1.00000000000000000 
0.34216311763147766 0.85000001897290378 1.00000000000000000 0.35997415822270834 0.91604703008312327 0.02081994229383718 0.00000001897290391 0.34571749000235397 -0.00000000000000000 -0.00000000000000000 -0.00000000000000000 -0.00000000000000000 0.00000000000000000 0.00000000000000000 -0.00365275613100874 0.00130787973493366 -0.00006263112677784 -0.00387933681131590 1.00000000000000000 
ZONE I=5
0.34216311763147766 0.85000001897290378 1.00000000000000000 0.35997415822270834 0.91604703008312327 0.02081994229383718 0.00000001897290391 0.34571749000235397 -0.00000000000000000 -0.00000000000000000 -0.00000000000000000 -0.00000000000000000 0.00000000000000000 0.00000000000000000 -0.00112758761531413 0.00043533071345695 0.00001023580329542 -0.00120866119678744 1.00000000000000000 
0.35015099364405960 0.85005217591696292 1.00000000000000000 0.36815538909140622 0.91911016341459439 0.02075879666750938 0.00005217591696305 0.18619852727037139 -0.00000000000000000 -0.00000000000000000 -0.00000000000000000 -0.00000000000000000 0.00000000000000000 0.00000000000000000 -0.00112758761531413 0.00043533071345695 0.00000034723475844 -0.00120870448816771 1.00000000000000000 
0.35819052237421511 0.85000001799129365 1.00000000000000000 0.37633661996010415 0.92215538217330473 0.02073480245189029 0.00000001799129379 0.07540580260618862 -0.00000000000000000 -0.00000000000000000 -0.00000000000000000 -0.00000000000000000 0.00000000000000000 0.00000000000000000 -0.00112758761531413 0.00043533071345695 -0.00000954135701972 -0.00120866687833950 1.00000000000000000 
0.36628027924828421 0.84984247834656901 1.00000000000000000 0.38451785082880208 0.92518268635925471 0.02074795964697991 0.00000000000000000 0.01333931600980569 -0.00000000000000000 -0.00000000000000000 -0.00000000000000000 -0.00000000000000000 0.00000000000000000 0.00000000000000000 -0.00112758761531413 0.00043533071345695 -0.00001942931017420 -0.00120854836982013 1.00000000000000000 
0.37441882387659414 0.84957850854833772 1.00000000000000000 0.39269908169750001 0.92819207597244402 0.02079826825277823 0.00000000000000000 -0.00000093251877741 0.00000000000000000 0.00000000000000000 -0.00000000000000000 -0.00000000000000000 0.00000000000000000 0.00000000000000000 -0.00112758761531413 0.00043533071345695 -0.00002931596288288 -0.00120834897054162 1.00000000000000000 
ZONE I=5
0.37441882387659414 0.84957850854833772 1.00000000000000000 0.39269908169750001 0.92819207597244402 0.02079826825277823 0.00000000000000000 -0.00000093251877741 0.00000000000000000 0.00000000000000000 -0.00000000000000000 -0.00000000000000000 0.00000000000000000 0.00000000000000000 0.00000001124668666 -0.00000000398908605 0.00000000061848570 0.00000001191714076 1.00000000000000000 
0.38248395134655777 0.84917285601072023 1.00000000000000000 0.40088031256619794 0.93110492176414994 0.02078790729379933 0.00000000000000000 -0.00000120038874226 0.00000000000000000 0.00000000000000000 -0.00000000000000000 -0.00000000000000000 0.00000000000000000 0.00000000000000000 0.00000001124668666 -0.00000000398908605 0.00000000071596079 0.00000001191168202 1.00000000000000000 
0.39059002408891003 0.84866115679628285 1.00000000000000000 0.40906154343489587 0.93399852695615693 0.02081051696400896 0.00000000000000000 -0.00000115412406536 0.00000000000000000 0.00000000000000000 -0.00000000000000000 -0.00000000000000000 0.00000000000000000 0.00000000000000000 0.00000001124668666 -0.00000000398908605 0.00000000081338797 0.00000001190542601 1.00000000000000000 
0.39873559130731678 0.84804253263512186 1.00000000000000000 0.41724277430359374 0.93687289154846476 0.02086609726340713 0.00000000000000000 -0.00000079372474670 0.00000000000000000 0.00000000000000000 -0.00000000000000000 -0.00000000000000000 0.00000000000000000 0.00000000000000000 0.00000001124668666 -0.00000000398908605 0.00000000091076070 0.00000001189837314 1.00000000000000000 
0.40691918911884806 0.84731612400595435 1.00000000000000000 0.42542400517229167 0.93972801554107377 0.02095464819199383 0.00000000000000000 -0.00000011919078630 0.00000000000000000 0.00000000000000000 -0.00000000000000000 -0.00000000000000000 0.00000000000000000 0.00000000000000000 0.00000001124668666 -0.00000000398908605 0.00000000100807247 0.00000001189052389 1.00000000000000000 
ZONE I=5
0.40691918911884806 0.84731612400595435 1.00000000000000000 0.42542400517229167 0.93972801554107377 0.02095464819199383 0.00000000000000000 -0.00000011919078630 0.00000000000000000 0.00000000000000000 -0.00000000000000000 -0.00000000000000000 0.00000000000000000 0.00000000000000000 0.00000004471118394 -0.00000001468164433 0.00000000507964122 0.00000004678501784 1.00000000000000000 
0.41505000362894762 0.84648676618908791 1.00000000000000000 0.43360523604098961 0.94253151498730048 0.02099271543638653 0.00000000000000000 -0.00000238974075065 0.00000000000000000 0.00000000000000000 -0.00000000000000000 -0.00000000000000000 0.00000000000000000 0.00000000000000000 0.00000004471118394 -0.00000001468164433 0.00000000546222598 0.00000004674189488 1.00000000000000000 
0.42320473444502482 0.84554257120854981 1.00000000000000000 0.44178646690968748 0.94530477102834698 0.02105651570640195 0.00000000000000000 -0.00000387067639561 0.00000000000000000 0.00000000000000000 -0.00000000000000000 -0.00000000000000000 0.00000000000000000 0.00000000000000000 0.00000004471118394 -0.00000001468164433 0.00000000584444515 0.00000004669564338 1.00000000000000000 
0.43138173068222047 0.84448301222264710 1.00000000000000000 0.44996769777838547 0.94804778366421316 0.02114604900204009 0.00000000000000000 -0.00000456199772118 0.00000000000000000 0.00000000000000000 -0.00000000000000000 -0.00000000000000000 0.00000000000000000 0.00000000000000000 0.00000004471118394 -0.00000001468164433 0.00000000622627314 0.00000004664626643 1.00000000000000000 
0.43957933381317399 0.84330758430993480 1.00000000000000000 0.45814892864708334 0.95076055289489936 0.02126131532330093 0.00000000000000000 -0.00000446370472736 0.00000000000000000 0.00000000000000000 -0.00000000000000000 -0.00000000000000000 0.00000000000000000 0.00000000000000000 0.00000004471118394 -0.00000001468164433 0.00000000660768439 0.00000004659376736 1.00000000000000000 
ZONE I=5
0.43957933381317399 0.84330758430993480 1.00000000000000000 0.45814892864708334 0.95076055289489936 0.02126131532330093 0.00000000000000000 -0.00000446370472736 0.00000000000000000 0.00000000000000000 -0.00000000000000000 -0.00000000000000000 0.00000000000000000 0.00000000000000000 0.00000001026070932 -0.00000000327311452 0.00000000160262850 0.00000001065021203 1.00000000000000000 
0.44772493018098120 0.84201922865414913 1.00000000000000000 0.46633015951578127 0.95341423828594496 0.02133740290016559 0.00000000000000000 -0.00000167388927276 0.00000000000000000 0.00000000000000000 -0.00000000000000000 -0.00000000000000000 0.00000000000000000 0.00000000000000000 0.00000001026070932 -0.00000000327311452 0.00000000168970573 0.00000001063674428 1.00000000000000000 
0.45587645902760754 0.84060770302511856 1.00000000000000000 0.47451139038447920 0.95602578590263931 0.02143252131590176 0.00000000000000000 0.00000000000000000 -0.00000000000000000 -0.00000000000000000 -0.00000000000000000 -0.00000000000000000 0.00000000000000000 0.00000000000000000 0.00000001026070932 -0.00000000327311452 0.00000000177666988 0.00000001062256459 1.00000000000000000 
0.46403207138645486 0.83907284847194918 1.00000000000000000 0.48269262125317713 0.95859519574498209 0.02154667057050946 0.00000000000000000 0.00000055796309092 -0.00000000000000000 -0.00000000000000000 -0.00000000000000000 -0.00000000000000000 0.00000000000000000 0.00000000000000000 0.00000001026070932 -0.00000000327311452 0.00000000186351510 0.00000001060767391 1.00000000000000000 
0.47218991632437257 0.83741453115007192 1.00000000000000000 0.49087385212187501 0.96112246781297328 0.02167985066398868 0.00000000000000000 0.00000000000000000 -0.00000000000000000 -0.00000000000000000 -0.00000000000000000 -0.00000000000000000 0.00000000000000000 0.00000000000000000 0.00000001026070932 -0.00000000327311452 0.00000000195023560 0.00000001059207324 1.00000000000000000 
ZONE I=5
0.47218991632437257 0.83741453115007192 1.00000000000000000 0.49087385212187501 0.96112246781297328 0.02167985066398868 0.00000000000000000 0.00000000000000000 -0.00000000000000000 -0.00000000000000000 -0.00000000000000000 -0.00000000000000000 0.00000000000000000 0.00000000000000000 0.00000000000000000 0.00000000000000000 0.00000000000000000 0.00000000000000000 1.00000000000000000 
0.48029460427570453 0.83563725980542980 1.00000000000000000 0.49905508299057288 0.96358603381520991 0.02178284434494471 0.00000000000000000 0.00000000000000000 -0.00000000000000000 -0.00000000000000000 -0.00000000000000000 -0.00000000000000000 0.00000000000000000 0.00000000000000000 0.00000000000000000 0.00000000000000000 0.00000000000000000 0.00000000000000000 1.00000000000000000 
0.48838777123475990 0.83373322968368435 1.00000000000000000 0.50723631385927082 0.96599906476431452 0.02189795070121881 0.00000000000000000 0.00000000000000000 -0.00000000000000000 -0.00000000000000000 -0.00000000000000000 -0.00000000000000000 0.00000000000000000 0.00000000000000000 0.00000000000000000 0.00000000000000000 0.00000000000000000 0.00000000000000000 1.00000000000000000 
0.49646747633441174 0.83170263027618618 1.00000000000000000 0.51541754472796875 0.96836156066028711 0.02202516973281097 0.00000000000000000 0.00000000000000000 -0.00000000000000000 -0.00000000000000000 -0.00000000000000000 -0.00000000000000000 0.00000000000000000 0.00000000000000000 0.00000000000000000 0.00000000000000000 0.00000000000000000 0.00000000000000000 1.00000000000000000 
0.50453178205922522 0.82954567768357201 1.00000000000000000 0.52359877559666668 0.97067352150312769 0.02216450143972118 0.00000000000000000 0.00000000000000000 -0.00000000000000000 -0.00000000000000000 -0.00000000000000000 -0.00000000000000000 0.00000000000000000 0.00000000000000000 0.00000000000000000 0.00000000000000000 0.00000000000000000 0.00000000000000000 1.00000000000000000 
ZONE I=5
0.50453178205922522 0.82954567768357201 1.00000000000000000 0.52359877559666668 0.97067352150312769 0.02216450143972118 0.00000000000000000 0.00000000000000000 -0.00000000000000000 -0.00000000000000000 -0.00000000000000000 -0.00000000000000000 0.00000000000000000 0.00000000000000000 0.00000000000000000 0.00000000000000000 0.00000000000000000 0.00000000000000000 1.00000000000000000 
0.51254116135381034 0.82726787730217821 1.00000000000000000 0.53178000646536461 0.97292042094296605 0.02228087543446404 0.00000000000000000 0.00000000000000000 -0.00000000000000000 -0.00000000000000000 -0.00000000000000000 -0.00000000000000000 0.00000000000000000 0.00000000000000000 0.00000000000000000 0.00000000000000000 0.00000000000000000 0.00000000000000000 1.00000000000000000 
0.52052340659183427 0.82486422465604803 1.00000000000000000 0.53996123733406254 0.97511215659881256 0.02240285652777327 0.00000000000000000 0.00000000000000000 -0.00000000000000000 -0.00000000000000000 -0.00000000000000000 -0.00000000000000000 0.00000000000000000 0.00000000000000000 0.00000000000000000 0.00000000000000000 0.00000000000000000 0.00000000000000000 1.00000000000000000 
0.52847658528923958 0.82233520965469231 1.00000000000000000 0.54814246820276047 0.97724872847066746 0.02253044471964887 0.00000000000000000 0.00000000000000000 -0.00000000000000000 -0.00000000000000000 -0.00000000000000000 -0.00000000000000000 0.00000000000000000 0.00000000000000000 0.00000000000000000 0.00000000000000000 0.00000000000000000 0.00000000000000000 1.00000000000000000 
0.53639877282607540 0.81968134873311438 1.00000000000000000 0.55632369907145840 0.97933013655853063 0.02266364001009084 0.00000000000000000 0.00000000000000000 -0.00000000000000000 -0.00000000000000000 -0.00000000000000000 -0.00000000000000000 0.00000000000000000 0.00000000000000000 0.00000000000000000 0.00000000000000000 0.00000000000000000 0.00000000000000000 1.00000000000000000 
ZONE I=5
0.53639877282607540 0.81968134873311438 1.00000000000000000 0.55632369907145840 0.97933013655853063 0.02266364001009084 0.00000000000000000 0.00000000000000000 -0.00000000000000000 -0.00000000000000000 -0.00000000000000000 -0.00000000000000000 0.00000000000000000 0.00000000000000000 0.00000000000000000 0.00000000000000000 0.00000000000000000 0.00000000000000000 1.00000000000000000 
0.54426419838703910 0.81690790640322264 1.00000000000000000 0.56450492994015622 0.98134760793222131 0.02277976285411513 0.00000000000000000 0.00000000000000000 -0.00000000000000000 -0.00000000000000000 -0.00000000000000000 -0.00000000000000000 0.00000000000000000 0.00000000000000000 0.00000000000000000 0.00000000000000000 0.00000000000000000 0.00000000000000000 1.00000000000000000 
0.55208932794602805 0.81401294722772866 1.00000000000000000 0.57268616080885415 0.98330843850680050 0.02289583035375175 0.00000000000000000 0.00000000000000000 -0.00000000000000000 -0.00000000000000000 -0.00000000000000000 -0.00000000000000000 0.00000000000000000 0.00000000000000000 0.00000000000000000 0.00000000000000000 0.00000000000000000 0.00000000000000000 1.00000000000000000 
0.55987231264307658 0.81099720181897461 1.00000000000000000 0.58086739167755197 0.98521262828226797 0.02301184250900069 0.00000000000000000 0.00000000000000000 -0.00000000000000000 -0.00000000000000000 -0.00000000000000000 -0.00000000000000000 0.00000000000000000 0.00000000000000000 0.00000000000000000 0.00000000000000000 0.00000000000000000 0.00000000000000000 1.00000000000000000 
0.56761131501635698 0.80786142604818567 1.00000000000000000 0.58904862254625001 0.98706017725862405 0.02312779931986196 0.00000000000000000 0.00000000000000000 -0.00000000000000000 -0.00000000000000000 -0.00000000000000000 -0.00000000000000000 0.00000000000000000 0.00000000000000000 0.00000000000000000 0.00000000000000000 0.00000000000000000 0.00000000000000000 1.00000000000000000 
ZONE I=5
0.56761131501635698 0.80786142604818567 1.00000000000000000 0.58904862254625001 0.98706017725862405 0.02312779931986196 0.00000000000000000 0.00000000000000000 -0.00000000000000000 -0.00000000000000000 -0.00000000000000000 -0.00000000000000000 0.00000000000000000 0.00000000000000000 0.00000000000000000 0.00000000000000000 0.00000000000000000 0.00000000000000000 1.00000000000000000 
0.57529190616874371 0.80460964392360101 1.00000000000000000 0.59722985341494794 0.98884667965818762 0.02323145555294103 0.00000000000000000 0.00000000000000000 -0.00000000000000000 -0.00000000000000000 -0.00000000000000000 -0.00000000000000000 0.00000000000000000 0.00000000000000000 0.00000000000000000 0.00000000000000000 0.00000000000000000 0.00000000000000000 1.00000000000000000 
0.58292169699985119 0.80124302820689164 1.00000000000000000 0.60541108428364587 0.99057750058020111 0.02333046136744221 0.00000000000000000 0.00000000000000000 -0.00000000000000000 -0.00000000000000000 -0.00000000000000000 -0.00000000000000000 0.00000000000000000 0.00000000000000000 0.00000000000000000 0.00000000000000000 0.00000000000000000 0.00000000000000000 1.00000000000000000 
0.59049897251724459 0.79776248792005233 1.00000000000000000 0.61359231515234369 0.99225264002466429 0.02342481676336550 0.00000000000000000 0.00000000000000000 -0.00000000000000000 -0.00000000000000000 -0.00000000000000000 -0.00000000000000000 0.00000000000000000 0.00000000000000000 0.00000000000000000 0.00000000000000000 0.00000000000000000 0.00000000000000000 1.00000000000000000 
0.59802203165445955 0.79416895529524856 1.00000000000000000 0.62177354602104162 0.99387209799157739 0.02351452174071091 0.00000000000000000 0.00000000000000000 -0.00000000000000000 -0.00000000000000000 -0.00000000000000000 -0.00000000000000000 0.00000000000000000 0.00000000000000000 0.00000000000000000 0.00000000000000000 0.00000000000000000 0.00000000000000000 1.00000000000000000 
ZONE I=5
0.59802203165445955 0.79416895529524856 1.00000000000000000 0.62177354602104162 0.99387209799157739 0.02351452174071091 0.00000000000000000 0.00000000000000000 -0.00000000000000000 -0.00000000000000000 -0.00000000000000000 -0.00000000000000000 0.00000000000000000 0.00000000000000000 0.00000000000000000 0.00000000000000000 0.00000000000000000 0.00000000000000000 1.00000000000000000 
0.60548534569301116 0.79046459288953042 1.00000000000000000 0.62995477688973955 0.99543458677161922 0.02359576063219614 0.00000000000000000 0.00000000000000000 -0.00000000000000000 -0.00000000000000000 -0.00000000000000000 -0.00000000000000000 0.00000000000000000 0.00000000000000000 0.00000000000000000 0.00000000000000000 0.00000000000000000 0.00000000000000000 1.00000000000000000 
0.61288995353838016 0.78665347491326887 1.00000000000000000 0.63813600775843748 0.99694411476892397 0.02366889877044259 0.00000000000000000 0.00000000000000000 -0.00000000000000000 -0.00000000000000000 -0.00000000000000000 -0.00000000000000000 0.00000000000000000 0.00000000000000000 0.00000000000000000 0.00000000000000000 0.00000000000000000 0.00000000000000000 1.00000000000000000 
0.62023430258523060 0.78273662965722102 1.00000000000000000 0.64631723862713542 0.99840068198349197 0.02373393615545026 0.00000000000000000 0.00000000000000000 -0.00000000000000000 -0.00000000000000000 -0.00000000000000000 -0.00000000000000000 0.00000000000000000 0.00000000000000000 0.00000000000000000 0.00000000000000000 0.00000000000000000 0.00000000000000000 1.00000000000000000 
0.62751685573735461 0.77871510613776618 1.00000000000000000 0.65449846949583335 0.99980428841532321 0.02379087278721916 0.00000000000000000 0.00000000000000000 -0.00000000000000000 -0.00000000000000000 -0.00000000000000000 -0.00000000000000000 0.00000000000000000 0.00000000000000000 0.00000000000000000 0.00000000000000000 0.00000000000000000 0.00000000000000000 1.00000000000000000 
ZONE I=5
0.62751685573735461 0.77871510613776618 1.00000000000000000 0.65449846949583335 0.99980428841532321 0.02379087278721916 0.00000000000000000 0.00000000000000000 -0.00000000000000000 -0.00000000000000000 -0.00000000000000000 -0.00000000000000000 0.00000000000000000 0.00000000000000000 0.00000000000000000 0.00000000000000000 0.00000000000000000 0.00000000000000000 1.00000000000000000 
0.63473869661532112 0.77458894636694609 1.00000000000000000 0.66267970036453117 1.00115572666910757 0.02384239443561668 0.00000000000000000 0.00000000000000000 -0.00000000000000000 -0.00000000000000000 -0.00000000000000000 -0.00000000000000000 0.00000000000000000 0.00000000000000000 0.00000000000000000 0.00000000000000000 0.00000000000000000 0.00000000000000000 1.00000000000000000 
0.64189628150227285 0.77036472567111525 1.00000000000000000 0.67086093123322921 1.00245809209412240 0.02388347461718245 0.00000000000000000 0.00000000000000000 -0.00000000000000000 -0.00000000000000000 -0.00000000000000000 -0.00000000000000000 0.00000000000000000 0.00000000000000000 0.00000000000000000 0.00000000000000000 0.00000000000000000 0.00000000000000000 1.00000000000000000 
0.64898823122801363 0.76604353942908643 1.00000000000000000 0.67904216210192703 1.00371138469036825 0.02391411333191644 0.00000000000000000 0.00000000000000000 -0.00000000000000000 -0.00000000000000000 -0.00000000000000000 -0.00000000000000000 0.00000000000000000 0.00000000000000000 0.00000000000000000 0.00000000000000000 0.00000000000000000 0.00000000000000000 1.00000000000000000 
0.65601318288990573 0.76162650110172880 1.00000000000000000 0.68722339297062507 1.00491560445784467 0.02393431057981867 0.00000000000000000 0.00000000000000000 -0.00000000000000000 -0.00000000000000000 -0.00000000000000000 -0.00000000000000000 0.00000000000000000 0.00000000000000000 0.00000000000000000 0.00000000000000000 0.00000000000000000 0.00000000000000000 1.00000000000000000 
ZONE I=5
0.65601318288990573 0.76162650110172880 1.00000000000000000 0.68722339297062507 1.00491560445784467 0.02393431057981867 0.00000000000000000 0.00000000000000000 -0.00000000000000000 -0.00000000000000000 -0.00000000000000000 -0.00000000000000000 0.00000000000000000 0.00000000000000000 0.00000000000000000 0.00000000000000000 0.00000000000000000 0.00000000000000000 1.00000000000000000 
0.66297681613708637 0.75711156803061219 1.00000000000000000 0.69540462383932289 1.00607281599916010 0.02395149449534388 0.00000000000000000 0.00000000000000000 -0.00000000000000000 -0.00000000000000000 -0.00000000000000000 -0.00000000000000000 0.00000000000000000 0.00000000000000000 0.00000000000000000 0.00000000000000000 0.00000000000000000 0.00000000000000000 1.00000000000000000 
0.66987264722979512 0.75250729801294980 1.00000000000000000 0.70358585470802082 1.00718551641304122 0.02395689039085567 0.00000000000000000 0.00000000000000000 -0.00000000000000000 -0.00000000000000000 -0.00000000000000000 -0.00000000000000000 0.00000000000000000 0.00000000000000000 0.00000000000000000 0.00000000000000000 0.00000000000000000 0.00000000000000000 1.00000000000000000 
0.67669946853427743 0.74781481043730547 1.00000000000000000 0.71176708557671875 1.00825370569948825 0.02395049826635405 0.00000000000000000 0.00000000000000000 -0.00000000000000000 -0.00000000000000000 -0.00000000000000000 -0.00000000000000000 0.00000000000000000 0.00000000000000000 0.00000000000000000 0.00000000000000000 0.00000000000000000 0.00000000000000000 1.00000000000000000 
0.68345608876982988 0.74303524017531719 1.00000000000000000 0.71994831644541668 1.00927738385850096 0.02393231812183901 0.00000000000000000 0.00000000000000000 -0.00000000000000000 -0.00000000000000000 -0.00000000000000000 -0.00000000000000000 0.00000000000000000 0.00000000000000000 0.00000000000000000 0.00000000000000000 0.00000000000000000 0.00000000000000000 1.00000000000000000 
ZONE I=5
0.68345608876982988 0.74303524017531719 1.00000000000000000 0.71994831644541668 1.00927738385850096 0.02393231812183901 0.00000000000000000 0.00000000000000000 -0.00000000000000000 -0.00000000000000000 -0.00000000000000000 -0.00000000000000000 0.00000000000000000 0.00000000000000000 0.00000000000000000 0.00000000000000000 0.00000000000000000 0.00000000000000000 1.00000000000000000 
0.69015110118904577 0.73816470457769101 1.00000000000000000 0.72812954731411472 1.01025929466512454 0.02391299018206378 0.00000000000000000 0.00000000000000000 -0.00000000000000000 -0.00000000000000000 -0.00000000000000000 -0.00000000000000000 0.00000000000000000 0.00000000000000000 0.00000000000000000 0.00000000000000000 0.00000000000000000 0.00000000000000000 1.00000000000000000 
0.69677637107023760 0.73321318052302820 1.00000000000000000 0.73631077818281254 1.01120154275159879 0.02388135907545503 0.00000000000000000 0.00000000000000000 -0.00000000000000000 -0.00000000000000000 -0.00000000000000000 -0.00000000000000000 0.00000000000000000 0.00000000000000000 0.00000000000000000 0.00000000000000000 0.00000000000000000 0.00000000000000000 1.00000000000000000 
0.70333085171841225 0.72818177812657858 1.00000000000000000 0.74449200905151047 1.01210412811792305 0.02383742480201275 0.00000000000000000 0.00000000000000000 -0.00000000000000000 -0.00000000000000000 -0.00000000000000000 -0.00000000000000000 0.00000000000000000 0.00000000000000000 0.00000000000000000 0.00000000000000000 0.00000000000000000 0.00000000000000000 1.00000000000000000 
0.70981351236487944 0.72307162056761831 1.00000000000000000 0.75267323992020829 1.01296705076409799 0.02378118736173694 0.00000000000000000 0.00000000000000000 -0.00000000000000000 -0.00000000000000000 -0.00000000000000000 -0.00000000000000000 0.00000000000000000 0.00000000000000000 0.00000000000000000 0.00000000000000000 0.00000000000000000 0.00000000000000000 1.00000000000000000 
ZONE I=5
0.70981351236487944 0.72307162056761831 1.00000000000000000 0.75267323992020829 1.01296705076409799 0.02378118736173694 0.00000000000000000 0.00000000000000000 -0.00000000000000000 -0.00000000000000000 -0.00000000000000000 -0.00000000000000000 0.00000000000000000 0.00000000000000000 0.00000000000000000 0.00000000000000000 0.00000000000000000 0.00000000000000000 1.00000000000000000 
0.71623452659296394 0.71787735266236552 1.00000000000000000 0.76085447078890622 1.01379332420899115 0.02372522578727254 0.00000000000000000 0.00000000000000000 -0.00000000000000000 -0.00000000000000000 -0.00000000000000000 -0.00000000000000000 0.00000000000000000 0.00000000000000000 0.00000000000000000 0.00000000000000000 0.00000000000000000 0.00000000000000000 1.00000000000000000 
0.72258507031243202 0.71260982177995702 1.00000000000000000 0.76903570165760415 1.01458478389697038 0.02365709661861356 0.00000000000000000 0.00000000000000000 -0.00000000000000000 -0.00000000000000000 -0.00000000000000000 -0.00000000000000000 0.00000000000000000 0.00000000000000000 0.00000000000000000 0.00000000000000000 0.00000000000000000 0.00000000000000000 1.00000000000000000 
0.72886424207131006 0.70727010487259523 1.00000000000000000 0.77721693252630208 1.01534142982803499 0.02357679985575999 0.00000000000000000 0.00000000000000000 -0.00000000000000000 -0.00000000000000000 -0.00000000000000000 -0.00000000000000000 0.00000000000000000 0.00000000000000000 0.00000000000000000 0.00000000000000000 0.00000000000000000 0.00000000000000000 1.00000000000000000 
0.73507115555734970 0.70185928979526957 1.00000000000000000 0.78539816339500002 1.01606326200218544 0.02348433549871185 0.00000000000000000 0.00000000000000000 -0.00000000000000000 -0.00000000000000000 -0.00000000000000000 -0.00000000000000000 0.00000000000000000 0.00000000000000000 0.00000000000000000 0.00000000000000000 0.00000000000000000 0.00000000000000000 1.00000000000000000 
ZONE I=5
0.73507115555734970 0.70185928979526957 1.00000000000000000 0.78539816339500002 1.01606326200218544 0.02348433549871185 0.00000000000000000 0.00000000000000000 -0.00000000000000000 -0.00000000000000000 -0.00000000000000000 -0.00000000000000000 0.00000000000000000 0.00000000000000000 0.00000000000000000 0.00000000000000000 0.00000000000000000 0.00000000000000000 1.00000000000000000 
0.74121656116051549 0.69637096580062197 1.00000000000000000 0.79357939426369795 1.01675329870372888 0.02339320678737514 0.00000000000000000 0.00000000000000000 -0.00000000000000000 -0.00000000000000000 -0.00000000000000000 -0.00000000000000000 0.00000000000000000 0.00000000000000000 0.00000000000000000 0.00000000000000000 0.00000000000000000 0.00000000000000000 1.00000000000000000 
0.74729162462516718 0.69081635807496555 1.00000000000000000 0.80176062513239588 1.01741317294371081 0.02329052037829475 0.00000000000000000 0.00000000000000000 -0.00000000000000000 -0.00000000000000000 -0.00000000000000000 -0.00000000000000000 0.00000000000000000 0.00000000000000000 0.00000000000000000 0.00000000000000000 0.00000000000000000 0.00000000000000000 1.00000000000000000 
0.75329557174297679 0.68519649481560552 1.00000000000000000 0.80994185600109381 1.01804288472213145 0.02317627627147068 0.00000000000000000 0.00000000000000000 -0.00000000000000000 -0.00000000000000000 -0.00000000000000000 -0.00000000000000000 0.00000000000000000 0.00000000000000000 0.00000000000000000 0.00000000000000000 0.00000000000000000 0.00000000000000000 1.00000000000000000 
0.75922764243235075 0.67951241325279943 1.00000000000000000 0.81812308686979174 1.01864243403899057 0.02305047446690294 0.00000000000000000 0.00000000000000000 -0.00000000000000000 -0.00000000000000000 -0.00000000000000000 -0.00000000000000000 0.00000000000000000 0.00000000000000000 0.00000000000000000 0.00000000000000000 0.00000000000000000 0.00000000000000000 1.00000000000000000 
ZONE I=5
0.75922764243235075 0.67951241325279943 1.00000000000000000 0.81812308686979174 1.01864243403899057 0.02305047446690294 0.00000000000000000 0.00000000000000000 -0.00000000000000000 -0.00000000000000000 -0.00000000000000000 -0.00000000000000000 0.00000000000000000 0.00000000000000000 0.00000000000000000 0.00000000000000000 0.00000000000000000 0.00000000000000000 1.00000000000000000 
0.76509844958640649 0.67375705884668191 1.00000000000000000 0.82630431773848967 1.01921468551247130 0.02292676909135924 0.00000000000000000 0.00000000000000000 -0.00000000000000000 -0.00000000000000000 -0.00000000000000000 -0.00000000000000000 0.00000000000000000 0.00000000000000000 0.00000000000000000 0.00000000000000000 0.00000000000000000 0.00000000000000000 1.00000000000000000 
0.77089959791085405 0.66794162116230549 1.00000000000000000 0.83448554860718749 1.01976110161425448 0.02279243239602661 0.00000000000000000 0.00000000000000000 -0.00000000000000000 -0.00000000000000000 -0.00000000000000000 -0.00000000000000000 0.00000000000000000 0.00000000000000000 0.00000000000000000 0.00000000000000000 0.00000000000000000 0.00000000000000000 1.00000000000000000 
0.77663042213208622 0.66206707091443451 1.00000000000000000 0.84266677947588542 1.02028168234434014 0.02264746438090504 0.00000000000000000 0.00000000000000000 -0.00000000000000000 -0.00000000000000000 -0.00000000000000000 -0.00000000000000000 0.00000000000000000 0.00000000000000000 0.00000000000000000 0.00000000000000000 0.00000000000000000 0.00000000000000000 1.00000000000000000 
0.78229026997322915 0.65613438627464316 1.00000000000000000 0.85084801034458335 1.02077642770272825 0.02249186504599452 0.00000000000000000 0.00000000000000000 -0.00000000000000000 -0.00000000000000000 -0.00000000000000000 -0.00000000000000000 0.00000000000000000 0.00000000000000000 0.00000000000000000 0.00000000000000000 0.00000000000000000 0.00000000000000000 1.00000000000000000 
ZONE I=5
0.78229026997322915 0.65613438627464316 1.00000000000000000 0.85084801034458335 1.02077642770272825 0.02249186504599452 0.00000000000000000 0.00000000000000000 -0.00000000000000000 -0.00000000000000000 -0.00000000000000000 -0.00000000000000000 0.00000000000000000 0.00000000000000000 0.00000000000000000 0.00000000000000000 0.00000000000000000 0.00000000000000000 1.00000000000000000 
0.78788914177328595 0.65013623978576085 1.00000000000000000 0.85902924121328128 1.02124796426521769 0.02233887846696394 0.00000000000000000 0.00000000000000000 -0.00000000000000000 -0.00000000000000000 -0.00000000000000000 -0.00000000000000000 0.00000000000000000 0.00000000000000000 0.00000000000000000 0.00000000000000000 0.00000000000000000 0.00000000000000000 1.00000000000000000 
0.79341935185558388 0.64408345996721827 1.00000000000000000 0.86721047208197921 1.02169759706732743 0.02217637141479587 0.00000000000000000 0.00000000000000000 -0.00000000000000000 -0.00000000000000000 -0.00000000000000000 -0.00000000000000000 0.00000000000000000 0.00000000000000000 0.00000000000000000 0.00000000000000000 0.00000000000000000 0.00000000000000000 1.00000000000000000 
0.79888032656158514 0.63797695668135945 1.00000000000000000 0.87539170295067714 1.02212532610905749 0.02200434388949031 0.00000000000000000 0.00000000000000000 -0.00000000000000000 -0.00000000000000000 -0.00000000000000000 -0.00000000000000000 0.00000000000000000 0.00000000000000000 0.00000000000000000 0.00000000000000000 0.00000000000000000 0.00000000000000000 1.00000000000000000 
0.80427150406703463 0.63181764594702894 1.00000000000000000 0.88357293381937496 1.02253115139040762 0.02182279589104725 0.00000000000000000 0.00000000000000000 -0.00000000000000000 -0.00000000000000000 -0.00000000000000000 -0.00000000000000000 0.00000000000000000 0.00000000000000000 0.00000000000000000 0.00000000000000000 0.00000000000000000 0.00000000000000000 1.00000000000000000 
ZONE I=5
0.80427150406703463 0.63181764594702894 1.00000000000000000 0.88357293381937496 1.02253115139040762 0.02182279589104725 0.00000000000000000 0.00000000000000000 -0.00000000000000000 -0.00000000000000000 -0.00000000000000000 -0.00000000000000000 0.00000000000000000 0.00000000000000000 0.00000000000000000 0.00000000000000000 0.00000000000000000 0.00000000000000000 1.00000000000000000 
0.80960198539194217 0.62559823802050862 1.00000000000000000 0.89175416468807289 1.02291742564393462 0.02164417886926686 0.00000000000000000 0.00000000000000000 -0.00000000000000000 -0.00000000000000000 -0.00000000000000000 -0.00000000000000000 0.00000000000000000 0.00000000000000000 0.00000000000000000 0.00000000000000000 0.00000000000000000 0.00000000000000000 1.00000000000000000 
0.81486493284370587 0.61932896133468529 1.00000000000000000 0.89993539555677082 1.02328530151552366 0.02145723254665636 0.00000000000000000 0.00000000000000000 -0.00000000000000000 -0.00000000000000000 -0.00000000000000000 -0.00000000000000000 0.00000000000000000 0.00000000000000000 0.00000000000000000 0.00000000000000000 0.00000000000000000 0.00000000000000000 1.00000000000000000 
0.82005984879807181 0.61301066547855565 1.00000000000000000 0.90811662642546886 1.02363477900517497 0.02126195692321574 0.00000000000000000 0.00000000000000000 -0.00000000000000000 -0.00000000000000000 -0.00000000000000000 -0.00000000000000000 0.00000000000000000 0.00000000000000000 0.00000000000000000 0.00000000000000000 0.00000000000000000 0.00000000000000000 1.00000000000000000 
0.82518624633175475 0.60664420514390838 1.00000000000000000 0.91629785729416668 1.02396585811288854 0.02105835199894500 0.00000000000000000 0.00000000000000000 -0.00000000000000000 -0.00000000000000000 -0.00000000000000000 -0.00000000000000000 0.00000000000000000 0.00000000000000000 0.00000000000000000 0.00000000000000000 0.00000000000000000 0.00000000000000000 1.00000000000000000 
ZONE I=5
0.82518624633175475 0.60664420514390838 1.00000000000000000 0.91629785729416668 1.02396585811288854 0.02105835199894500 0.00000000000000000 0.00000000000000000 -0.00000000000000000 -0.00000000000000000 -0.00000000000000000 -0.00000000000000000 0.00000000000000000 0.00000000000000000 0.00000000000000000 0.00000000000000000 0.00000000000000000 0.00000000000000000 1.00000000000000000 
0.83025218195437467 0.60022257173780580 1.00000000000000000 0.92447908816286462 1.02428061187492569 0.02085783787149104 0.00000000000000000 0.00000000000000000 -0.00000000000000000 -0.00000000000000000 -0.00000000000000000 -0.00000000000000000 0.00000000000000000 0.00000000000000000 0.00000000000000000 0.00000000000000000 0.00000000000000000 0.00000000000000000 1.00000000000000000 
0.83525171068751813 0.59375523280705667 1.00000000000000000 0.93266031903156255 1.02458004392815383 0.02065018828897685 0.00000000000000000 0.00000000000000000 -0.00000000000000000 -0.00000000000000000 -0.00000000000000000 -0.00000000000000000 0.00000000000000000 0.00000000000000000 0.00000000000000000 0.00000000000000000 0.00000000000000000 0.00000000000000000 1.00000000000000000 
0.84018439744764484 0.58724298097501493 1.00000000000000000 0.94084154990026059 1.02486415427257294 0.02043540325140241 0.00000000000000000 0.00000000000000000 -0.00000000000000000 -0.00000000000000000 -0.00000000000000000 -0.00000000000000000 0.00000000000000000 0.00000000000000000 0.00000000000000000 0.00000000000000000 0.00000000000000000 0.00000000000000000 1.00000000000000000 
0.84504981678984836 0.58068661312645631 1.00000000000000000 0.94902278076895841 1.02513294290818302 0.02021348275876773 0.00000000000000000 0.00000000000000000 -0.00000000000000000 -0.00000000000000000 -0.00000000000000000 -0.00000000000000000 0.00000000000000000 0.00000000000000000 0.00000000000000000 0.00000000000000000 0.00000000000000000 0.00000000000000000 1.00000000000000000 
ZONE I=5
0.84504981678984836 0.58068661312645631 1.00000000000000000 0.94902278076895841 1.02513294290818302 0.02021348275876773 0.00000000000000000 0.00000000000000000 -0.00000000000000000 -0.00000000000000000 -0.00000000000000000 -0.00000000000000000 0.00000000000000000 0.00000000000000000 0.00000000000000000 0.00000000000000000 0.00000000000000000 0.00000000000000000 1.00000000000000000 
0.84985493719470262 0.57407957952565314 1.00000000000000000 0.95720401163765634 1.02538821444880557 0.01999468859604692 0.00000000000000000 0.00000000000000000 -0.00000000000000000 -0.00000000000000000 -0.00000000000000000 -0.00000000000000000 0.00000000000000000 0.00000000000000000 0.00000000000000000 0.00000000000000000 0.00000000000000000 0.00000000000000000 1.00000000000000000 
0.85459468824558482 0.56743049276966384 1.00000000000000000 0.96538524250635416 1.02563082847311038 0.01976990106077850 0.00000000000000000 0.00000000000000000 -0.00000000000000000 -0.00000000000000000 -0.00000000000000000 -0.00000000000000000 0.00000000000000000 0.00000000000000000 0.00000000000000000 0.00000000000000000 0.00000000000000000 0.00000000000000000 1.00000000000000000 
0.85926868606924811 0.56074009355423726 1.00000000000000000 0.97356647337505220 1.02586078498109812 0.01953912015296249 0.00000000000000000 0.00000000000000000 -0.00000000000000000 -0.00000000000000000 -0.00000000000000000 -0.00000000000000000 0.00000000000000000 0.00000000000000000 0.00000000000000000 0.00000000000000000 0.00000000000000000 0.00000000000000000 1.00000000000000000 
0.86387655546554554 0.55400912617248232 1.00000000000000000 0.98174770424375002 1.02607808397276856 0.01930234587259887 0.00000000000000000 0.00000000000000000 -0.00000000000000000 -0.00000000000000000 -0.00000000000000000 -0.00000000000000000 0.00000000000000000 0.00000000000000000 0.00000000000000000 0.00000000000000000 0.00000000000000000 0.00000000000000000 1.00000000000000000 
ZONE I=5
0.86387655546554554 0.55400912617248232 1.00000000000000000 0.98174770424375002 1.02607808397276856 0.01930234587259887 0.00000000000000000 0.00000000000000000 -0.00000000000000000 -0.00000000000000000 -0.00000000000000000 -0.00000000000000000 0.00000000000000000 0.00000000000000000 0.00000000000000000 0.00000000000000000 0.00000000000000000 0.00000000000000000 1.00000000000000000 
0.86842420271409893 0.54723161821232091 1.00000000000000000 0.98992893511244806 1.02628428169802355 0.01906863840093734 0.00000000000000000 0.00000000000000000 -0.00000000000000000 -0.00000000000000000 -0.00000000000000000 -0.00000000000000000 0.00000000000000000 0.00000000000000000 0.00000000000000000 0.00000000000000000 0.00000000000000000 0.00000000000000000 1.00000000000000000 
0.87290737439649646 0.54041528739034506 1.00000000000000000 0.99811016598114588 1.02648010136573364 0.01882999259606107 0.00000000000000000 0.00000000000000000 -0.00000000000000000 -0.00000000000000000 -0.00000000000000000 -0.00000000000000000 0.00000000000000000 0.00000000000000000 0.00000000000000000 0.00000000000000000 0.00000000000000000 0.00000000000000000 1.00000000000000000 
0.87732572858780444 0.53356082846404929 1.00000000000000000 1.00629139684984370 1.02666554297589929 0.01858640845797005 0.00000000000000000 0.00000000000000000 -0.00000000000000000 -0.00000000000000000 -0.00000000000000000 -0.00000000000000000 0.00000000000000000 0.00000000000000000 0.00000000000000000 0.00000000000000000 0.00000000000000000 0.00000000000000000 1.00000000000000000 
0.88167893118087870 0.52666893926836322 1.00000000000000000 1.01447262771854163 1.02684060652852049 0.01833788598666429 0.00000000000000000 0.00000000000000000 -0.00000000000000000 -0.00000000000000000 -0.00000000000000000 -0.00000000000000000 0.00000000000000000 0.00000000000000000 0.00000000000000000 0.00000000000000000 0.00000000000000000 0.00000000000000000 1.00000000000000000 
ZONE I=5
0.88167893118087870 0.52666893926836322 1.00000000000000000 1.01447262771854163 1.02684060652852049 0.01833788598666429 0.00000000000000000 0.00000000000000000 -0.00000000000000000 -0.00000000000000000 -0.00000000000000000 -0.00000000000000000 0.00000000000000000 0.00000000000000000 0.00000000000000000 0.00000000000000000 0.00000000000000000 0.00000000000000000 1.00000000000000000 
0.88597189633229534 0.51973429290427708 1.00000000000000000 1.02265385858723956 1.02700662362528461 0.01809230060399302 0.00000000000000000 0.00000000000000000 -0.00000000000000000 -0.00000000000000000 -0.00000000000000000 -0.00000000000000000 0.00000000000000000 0.00000000000000000 0.00000000000000000 0.00000000000000000 0.00000000000000000 0.00000000000000000 1.00000000000000000 
0.89020110790861151 0.51276371417629873 1.00000000000000000 1.03083508945593749 1.02716419148784222 0.01784272464395076 0.00000000000000000 0.00000000000000000 -0.00000000000000000 -0.00000000000000000 -0.00000000000000000 -0.00000000000000000 0.00000000000000000 0.00000000000000000 0.00000000000000000 0.00000000000000000 0.00000000000000000 0.00000000000000000 1.00000000000000000 
0.89436625854901075 0.50575785826206410 1.00000000000000000 1.03901632032463542 1.02731331011619309 0.01758915810653751 0.00000000000000000 0.00000000000000000 -0.00000000000000000 -0.00000000000000000 -0.00000000000000000 -0.00000000000000000 0.00000000000000000 0.00000000000000000 0.00000000000000000 0.00000000000000000 0.00000000000000000 0.00000000000000000 1.00000000000000000 
0.89846704796961707 0.49871738301098778 1.00000000000000000 1.04719755119333335 1.02745397951033746 0.01733160099175328 0.00000000000000000 0.00000000000000000 -0.00000000000000000 -0.00000000000000000 -0.00000000000000000 -0.00000000000000000 0.00000000000000000 0.00000000000000000 0.00000000000000000 0.00000000000000000 0.00000000000000000 0.00000000000000000 1.00000000000000000 
ZONE I=5
0.89846704796961707 0.49871738301098778 1.00000000000000000 1.04719755119333335 1.02745397951033746 0.01733160099175328 0.00000000000000000 0.00000000000000000 -0.00000000000000000 -0.00000000000000000 -0.00000000000000000 -0.00000000000000000 0.00000000000000000 0.00000000000000000 0.00000000000000000 0.00000000000000000 0.00000000000000000 0.00000000000000000 1.00000000000000000 
0.90250749376043005 0.49163763462956245 1.00000000000000000 1.05537878206203128 1.02758733104005895 0.01707680192108970 0.00000000000000000 0.00000000000000000 -0.00000000000000000 -0.00000000000000000 -0.00000000000000000 -0.00000000000000000 0.00000000000000000 0.00000000000000000 0.00000000000000000 0.00000000000000000 0.00000000000000000 0.00000000000000000 1.00000000000000000 
0.90648472745179542 0.48452457784842795 1.00000000000000000 1.06356001293072921 1.02771384837235291 0.01681884378432953 0.00000000000000000 0.00000000000000000 -0.00000000000000000 -0.00000000000000000 -0.00000000000000000 -0.00000000000000000 0.00000000000000000 0.00000000000000000 0.00000000000000000 0.00000000000000000 0.00000000000000000 0.00000000000000000 1.00000000000000000 
0.91039847050545242 0.47737883457635660 1.00000000000000000 1.07174124379942715 1.02783353150721868 0.01655772658147277 0.00000000000000000 0.00000000000000000 -0.00000000000000000 -0.00000000000000000 -0.00000000000000000 -0.00000000000000000 0.00000000000000000 0.00000000000000000 0.00000000000000000 0.00000000000000000 0.00000000000000000 0.00000000000000000 1.00000000000000000 
0.91424845083144179 0.47020102907657008 1.00000000000000000 1.07992247466812508 1.02794638044465647 0.01629345031251941 0.00000000000000000 0.00000000000000000 -0.00000000000000000 -0.00000000000000000 -0.00000000000000000 -0.00000000000000000 0.00000000000000000 0.00000000000000000 0.00000000000000000 0.00000000000000000 0.00000000000000000 0.00000000000000000 1.00000000000000000 
ZONE I=5
0.91424845083144179 0.47020102907657008 1.00000000000000000 1.07992247466812508 1.02794638044465647 0.01629345031251941 0.00000000000000000 0.00000000000000000 -0.00000000000000000 -0.00000000000000000 -0.00000000000000000 -0.00000000000000000 0.00000000000000000 0.00000000000000000 0.00000000000000000 0.00000000000000000 0.00000000000000000 0.00000000000000000 1.00000000000000000 
0.91803789694180793 0.46298717696133695 1.00000000000000000 1.08810370553682301 1.02805334986802466 0.01603172096497078 0.00000000000000000 0.00000000000000000 -0.00000000000000000 -0.00000000000000000 -0.00000000000000000 -0.00000000000000000 0.00000000000000000 0.00000000000000000 0.00000000000000000 0.00000000000000000 0.00000000000000000 0.00000000000000000 1.00000000000000000 
0.92176449684383666 0.45574243715568674 1.00000000000000000 1.09628493640552094 1.02815482352136423 0.01576754692806889 0.00000000000000000 0.00000000000000000 -0.00000000000000000 -0.00000000000000000 -0.00000000000000000 -0.00000000000000000 0.00000000000000000 0.00000000000000000 0.00000000000000000 0.00000000000000000 0.00000000000000000 0.00000000000000000 1.00000000000000000 
0.92542799647657303 0.44846740428020970 1.00000000000000000 1.10446616727421887 1.02825080140467451 0.01550092820181372 0.00000000000000000 0.00000000000000000 -0.00000000000000000 -0.00000000000000000 -0.00000000000000000 -0.00000000000000000 0.00000000000000000 0.00000000000000000 0.00000000000000000 0.00000000000000000 0.00000000000000000 0.00000000000000000 1.00000000000000000 
0.92902814770434616 0.44116267505904644 1.00000000000000000 1.11264739814291680 1.02834128351795595 0.01523186478620527 0.00000000000000000 0.00000000000000000 -0.00000000000000000 -0.00000000000000000 -0.00000000000000000 -0.00000000000000000 0.00000000000000000 0.00000000000000000 0.00000000000000000 0.00000000000000000 0.00000000000000000 0.00000000000000000 1.00000000000000000 
ZONE I=5
0.92902814770434616 0.44116267505904644 1.00000000000000000 1.11264739814291680 1.02834128351795595 0.01523186478620527 0.00000000000000000 0.00000000000000000 -0.00000000000000000 -0.00000000000000000 -0.00000000000000000 -0.00000000000000000 0.00000000000000000 0.00000000000000000 0.00000000000000000 0.00000000000000000 0.00000000000000000 0.00000000000000000 1.00000000000000000 
0.93256749997267285 0.43382490784962219 1.00000000000000000 1.12082862901161451 1.02842706979530574 0.01496511905250519 0.00000000000000000 0.00000000000000000 -0.00000000000000000 -0.00000000000000000 -0.00000000000000000 -0.00000000000000000 0.00000000000000000 0.00000000000000000 0.00000000000000000 0.00000000000000000 0.00000000000000000 0.00000000000000000 1.00000000000000000 
0.93604421042161767 0.42645852370939863 1.00000000000000000 1.12900985988031244 1.02850845805999014 0.01469653045078273 0.00000000000000000 0.00000000000000000 -0.00000000000000000 -0.00000000000000000 -0.00000000000000000 -0.00000000000000000 0.00000000000000000 0.00000000000000000 0.00000000000000000 0.00000000000000000 0.00000000000000000 0.00000000000000000 1.00000000000000000 
0.93945804628117624 0.41906409544195489 1.00000000000000000 1.13719109074901015 1.02858544831200960 0.01442609898103787 0.00000000000000000 0.00000000000000000 -0.00000000000000000 -0.00000000000000000 -0.00000000000000000 -0.00000000000000000 0.00000000000000000 0.00000000000000000 0.00000000000000000 0.00000000000000000 0.00000000000000000 0.00000000000000000 1.00000000000000000 
0.94280878027996429 0.41164219775189537 1.00000000000000000 1.14537232161770830 1.02865804055136412 0.01415382464327062 0.00000000000000000 0.00000000000000000 -0.00000000000000000 -0.00000000000000000 -0.00000000000000000 -0.00000000000000000 0.00000000000000000 0.00000000000000000 0.00000000000000000 0.00000000000000000 0.00000000000000000 0.00000000000000000 1.00000000000000000 
ZONE I=5
0.94280878027996429 0.41164219775189537 1.00000000000000000 1.14537232161770830 1.02865804055136412 0.01415382464327062 0.00000000000000000 0.00000000000000000 -0.00000000000000000 -0.00000000000000000 -0.00000000000000000 -0.00000000000000000 0.00000000000000000 0.00000000000000000 0.00000000000000000 0.00000000000000000 0.00000000000000000 0.00000000000000000 1.00000000000000000 
0.94609838909040556 0.40419008921891059 1.00000000000000000 1.15355355248640623 1.02872690002465905 0.01388363165409092 0.00000000000000000 0.00000000000000000 -0.00000000000000000 -0.00000000000000000 -0.00000000000000000 -0.00000000000000000 0.00000000000000000 0.00000000000000000 0.00000000000000000 0.00000000000000000 0.00000000000000000 0.00000000000000000 1.00000000000000000 
0.94932541874478582 0.39671152847446656 1.00000000000000000 1.16173478335510416 1.02879225231399984 0.01361209308658504 0.00000000000000000 0.00000000000000000 -0.00000000000000000 -0.00000000000000000 -0.00000000000000000 -0.00000000000000000 0.00000000000000000 0.00000000000000000 0.00000000000000000 0.00000000000000000 0.00000000000000000 0.00000000000000000 1.00000000000000000 
0.95248965551903986 0.38920707136567501 1.00000000000000000 1.16991601422380187 1.02885409741938627 0.01333920894075299 0.00000000000000000 0.00000000000000000 -0.00000000000000000 -0.00000000000000000 -0.00000000000000000 -0.00000000000000000 0.00000000000000000 0.00000000000000000 0.00000000000000000 0.00000000000000000 0.00000000000000000 0.00000000000000000 1.00000000000000000 
0.95559089084670845 0.38167727547196006 1.00000000000000000 1.17809724509250002 1.02891243534081855 0.01306497921659476 0.00000000000000000 0.00000000000000000 -0.00000000000000000 -0.00000000000000000 -0.00000000000000000 -0.00000000000000000 0.00000000000000000 0.00000000000000000 0.00000000000000000 0.00000000000000000 0.00000000000000000 0.00000000000000000 1.00000000000000000 
ZONE I=5
0.95559089084670845 0.38167727547196006 1.00000000000000000 1.17809724509250002 1.02891243534081855 0.01306497921659476 0.00000000000000000 0.00000000000000000 -0.00000000000000000 -0.00000000000000000 -0.00000000000000000 -0.00000000000000000 0.00000000000000000 0.00000000000000000 0.00000000000000000 0.00000000000000000 0.00000000000000000 0.00000000000000000 1.00000000000000000 
0.95863062732056348 0.37411994703194423 1.00000000000000000 1.18627847596119795 1.02896781480068089 0.01279259584734374 0.00000000000000000 0.00000000000000000 -0.00000000000000000 -0.00000000000000000 -0.00000000000000000 -0.00000000000000000 0.00000000000000000 0.00000000000000000 0.00000000000000000 0.00000000000000000 0.00000000000000000 0.00000000000000000 1.00000000000000000 
0.96160772845796239 0.36653826044706078 1.00000000000000000 1.19445970682989588 1.02902040197951195 0.01251926960982208 0.00000000000000000 0.00000000000000000 -0.00000000000000000 -0.00000000000000000 -0.00000000000000000 -0.00000000000000000 0.00000000000000000 0.00000000000000000 0.00000000000000000 0.00000000000000000 0.00000000000000000 0.00000000000000000 1.00000000000000000 
0.96452199808440198 0.35893275881385611 1.00000000000000000 1.20264093769859359 1.02907019687731172 0.01224500050402976 0.00000000000000000 0.00000000000000000 -0.00000000000000000 -0.00000000000000000 -0.00000000000000000 -0.00000000000000000 0.00000000000000000 0.00000000000000000 0.00000000000000000 0.00000000000000000 0.00000000000000000 0.00000000000000000 1.00000000000000000 
0.96737324491637289 0.35130398681477892 1.00000000000000000 1.21082216856729175 1.02911719949408043 0.01196978852996681 0.00000000000000000 0.00000000000000000 -0.00000000000000000 -0.00000000000000000 -0.00000000000000000 -0.00000000000000000 0.00000000000000000 0.00000000000000000 0.00000000000000000 0.00000000000000000 0.00000000000000000 0.00000000000000000 1.00000000000000000 
ZONE I=5
0.96737324491637289 0.35130398681477892 1.00000000000000000 1.21082216856729175 1.02911719949408043 0.01196978852996681 0.00000000000000000 0.00000000000000000 -0.00000000000000000 -0.00000000000000000 -0.00000000000000000 -0.00000000000000000 0.00000000000000000 0.00000000000000000 0.00000000000000000 0.00000000000000000 0.00000000000000000 0.00000000000000000 1.00000000000000000 
0.97016258638902997 0.34365024036882080 1.00000000000000000 1.21900339943598968 1.02916185838122765 0.01169619544545353 0.00000000000000000 0.00000000000000000 -0.00000000000000000 -0.00000000000000000 -0.00000000000000000 -0.00000000000000000 0.00000000000000000 0.00000000000000000 0.00000000000000000 0.00000000000000000 0.00000000000000000 0.00000000000000000 1.00000000000000000 
0.97288914159829543 0.33597418705221538 1.00000000000000000 1.22718463030468761 1.02920429197242602 0.01142197841016617 0.00000000000000000 0.00000000000000000 -0.00000000000000000 -0.00000000000000000 -0.00000000000000000 -0.00000000000000000 0.00000000000000000 0.00000000000000000 0.00000000000000000 0.00000000000000000 0.00000000000000000 0.00000000000000000 1.00000000000000000 
0.97555273100486362 0.32827636075867878 1.00000000000000000 1.23536586117338532 1.02924450026767600 0.01114713742410471 0.00000000000000000 0.00000000000000000 -0.00000000000000000 -0.00000000000000000 -0.00000000000000000 -0.00000000000000000 0.00000000000000000 0.00000000000000000 0.00000000000000000 0.00000000000000000 0.00000000000000000 0.00000000000000000 1.00000000000000000 
0.97815317975705907 0.32055729683484130 1.00000000000000000 1.24354709204208325 1.02928248326697735 0.01087167248726917 0.00000000000000000 0.00000000000000000 -0.00000000000000000 -0.00000000000000000 -0.00000000000000000 -0.00000000000000000 0.00000000000000000 0.00000000000000000 0.00000000000000000 0.00000000000000000 0.00000000000000000 0.00000000000000000 1.00000000000000000 
ZONE I=5
0.97815317975705907 0.32055729683484130 1.00000000000000000 1.24354709204208325 1.02928248326697735 0.01087167248726917 0.00000000000000000 0.00000000000000000 -0.00000000000000000 -0.00000000000000000 -0.00000000000000000 -0.00000000000000000 0.00000000000000000 0.00000000000000000 0.00000000000000000 0.00000000000000000 0.00000000000000000 0.00000000000000000 1.00000000000000000 
0.98069129831969459 0.31281572105736583 1.00000000000000000 1.25172832291078118 1.02931860402228992 0.01059761077848732 0.00000000000000000 0.00000000000000000 -0.00000000000000000 -0.00000000000000000 -0.00000000000000000 -0.00000000000000000 0.00000000000000000 0.00000000000000000 0.00000000000000000 0.00000000000000000 0.00000000000000000 0.00000000000000000 1.00000000000000000 
0.98316640891404505 0.30505386823259373 1.00000000000000000 1.25990955377947911 1.02935294349353468 0.01032317111181852 0.00000000000000000 0.00000000000000000 -0.00000000000000000 -0.00000000000000000 -0.00000000000000000 -0.00000000000000000 0.00000000000000000 0.00000000000000000 0.00000000000000000 0.00000000000000000 0.00000000000000000 0.00000000000000000 1.00000000000000000 
0.98557834816222090 0.29727226596519651 1.00000000000000000 1.26809078464817704 1.02938550168071119 0.01004835348726275 0.00000000000000000 0.00000000000000000 -0.00000000000000000 -0.00000000000000000 -0.00000000000000000 -0.00000000000000000 0.00000000000000000 0.00000000000000000 0.00000000000000000 0.00000000000000000 0.00000000000000000 0.00000000000000000 1.00000000000000000 
0.98792695722320778 0.28947144318652207 1.00000000000000000 1.27627201551687497 1.02941627858382012 0.00977315790482002 0.00000000000000000 0.00000000000000000 -0.00000000000000000 -0.00000000000000000 -0.00000000000000000 -0.00000000000000000 0.00000000000000000 0.00000000000000000 0.00000000000000000 0.00000000000000000 0.00000000000000000 0.00000000000000000 1.00000000000000000 
ZONE I=5
0.98792695722320778 0.28947144318652207 1.00000000000000000 1.27627201551687497 1.02941627858382012 0.00977315790482002 0.00000000000000000 0.00000000000000000 -0.00000000000000000 -0.00000000000000000 -0.00000000000000000 -0.00000000000000000 0.00000000000000000 0.00000000000000000 0.00000000000000000 0.00000000000000000 0.00000000000000000 0.00000000000000000 1.00000000000000000 
0.99021280690841029 0.28165049654634305 1.00000000000000000 1.28445324638557290 1.02944556487780936 0.00949916436546373 0.00000000000000000 0.00000000000000000 -0.00000000000000000 -0.00000000000000000 -0.00000000000000000 -0.00000000000000000 0.00000000000000000 0.00000000000000000 0.00000000000000000 0.00000000000000000 0.00000000000000000 0.00000000000000000 1.00000000000000000 
0.99243537905564705 0.27381129701436879 1.00000000000000000 1.29263447725427083 1.02947341285948224 0.00922497639383806 0.00000000000000000 0.00000000000000000 -0.00000000000000000 -0.00000000000000000 -0.00000000000000000 -0.00000000000000000 0.00000000000000000 0.00000000000000000 0.00000000000000000 0.00000000000000000 0.00000000000000000 0.00000000000000000 1.00000000000000000 
0.99459452629696576 0.26595436822845875 1.00000000000000000 1.30081570812296876 1.02949982252883920 0.00895059398994301 0.00000000000000000 0.00000000000000000 -0.00000000000000000 -0.00000000000000000 -0.00000000000000000 -0.00000000000000000 0.00000000000000000 0.00000000000000000 0.00000000000000000 0.00000000000000000 0.00000000000000000 0.00000000000000000 1.00000000000000000 
0.99669010569328254 0.25808023502881833 1.00000000000000000 1.30899693899166669 1.02952479388588025 0.00867601715377859 0.00000000000000000 0.00000000000000000 -0.00000000000000000 -0.00000000000000000 -0.00000000000000000 -0.00000000000000000 0.00000000000000000 0.00000000000000000 0.00000000000000000 0.00000000000000000 0.00000000000000000 0.00000000000000000 1.00000000000000000 
ZONE I=5
0.99669010569328254 0.25808023502881833 1.00000000000000000 1.30899693899166669 1.02952479388588025 0.00867601715377859 0.00000000000000000 0.00000000000000000 -0.00000000000000000 -0.00000000000000000 -0.00000000000000000 -0.00000000000000000 0.00000000000000000 0.00000000000000000 0.00000000000000000 0.00000000000000000 0.00000000000000000 0.00000000000000000 1.00000000000000000 
0.99872250526037432 0.25018830875023407 1.00000000000000000 1.31717816986036462 1.02954855692441427 0.00840245700476937 0.00000000000000000 0.00000000000000000 -0.00000000000000000 -0.00000000000000000 -0.00000000000000000 -0.00000000000000000 0.00000000000000000 0.00000000000000000 0.00000000000000000 0.00000000000000000 0.00000000000000000 0.00000000000000000 1.00000000000000000 
1.00069133109756048 0.24228015917302020 1.00000000000000000 1.32535940072906255 1.02957114262830118 0.00812883323519710 0.00000000000000000 0.00000000000000000 -0.00000000000000000 -0.00000000000000000 -0.00000000000000000 -0.00000000000000000 0.00000000000000000 0.00000000000000000 0.00000000000000000 0.00000000000000000 0.00000000000000000 0.00000000000000000 1.00000000000000000 
1.00259645191996349 0.23435630775247504 1.00000000000000000 1.33354063159776048 1.02959255099754143 0.00785514584506176 0.00000000000000000 0.00000000000000000 -0.00000000000000000 -0.00000000000000000 -0.00000000000000000 -0.00000000000000000 0.00000000000000000 0.00000000000000000 0.00000000000000000 0.00000000000000000 0.00000000000000000 0.00000000000000000 1.00000000000000000 
1.00443774079741566 0.22641727702048428 1.00000000000000000 1.34172186246645841 1.02961278203213502 0.00758139483436337 0.00000000000000000 0.00000000000000000 -0.00000000000000000 -0.00000000000000000 -0.00000000000000000 -0.00000000000000000 0.00000000000000000 0.00000000000000000 0.00000000000000000 0.00000000000000000 0.00000000000000000 0.00000000000000000 1.00000000000000000 
ZONE I=5
1.00443774079741566 0.22641727702048428 1.00000000000000000 1.34172186246645841 1.02961278203213502 0.00758139483436337 0.00000000000000000 0.00000000000000000 -0.00000000000000000 -0.00000000000000000 -0.00000000000000000 -0.00000000000000000 0.00000000000000000 0.00000000000000000 0.00000000000000000 0.00000000000000000 0.00000000000000000 0.00000000000000000 1.00000000000000000 
1.00621545010293478 0.21846274099134416 1.00000000000000000 1.34990309333515612 1.02963201542235194 0.00730849126757893 0.00000000000000000 0.00000000000000000 -0.00000000000000000 -0.00000000000000000 -0.00000000000000000 -0.00000000000000000 0.00000000000000000 0.00000000000000000 0.00000000000000000 0.00000000000000000 0.00000000000000000 0.00000000000000000 1.00000000000000000 
1.00792928204857035 0.21049402391117178 1.00000000000000000 1.35808432420385428 1.02965026678479488 0.00703561107965645 0.00000000000000000 0.00000000000000000 -0.00000000000000000 -0.00000000000000000 -0.00000000000000000 -0.00000000000000000 0.00000000000000000 0.00000000000000000 0.00000000000000000 0.00000000000000000 0.00000000000000000 0.00000000000000000 1.00000000000000000 
1.00957912165056163 0.20251164635874952 1.00000000000000000 1.36626555507255198 1.02966753611946338 0.00676275427059596 0.00000000000000000 0.00000000000000000 -0.00000000000000000 -0.00000000000000000 -0.00000000000000000 -0.00000000000000000 0.00000000000000000 0.00000000000000000 0.00000000000000000 0.00000000000000000 0.00000000000000000 0.00000000000000000 1.00000000000000000 
1.01116485823166991 0.19451612986013458 1.00000000000000000 1.37444678594125014 1.02968382342635789 0.00648992084039744 0.00000000000000000 0.00000000000000000 -0.00000000000000000 -0.00000000000000000 -0.00000000000000000 -0.00000000000000000 0.00000000000000000 0.00000000000000000 0.00000000000000000 0.00000000000000000 0.00000000000000000 0.00000000000000000 1.00000000000000000 
ZONE I=5
1.01116485823166991 0.19451612986013458 1.00000000000000000 1.37444678594125014 1.02968382342635789 0.00648992084039744 0.00000000000000000 0.00000000000000000 -0.00000000000000000 -0.00000000000000000 -0.00000000000000000 -0.00000000000000000 0.00000000000000000 0.00000000000000000 0.00000000000000000 0.00000000000000000 0.00000000000000000 0.00000000000000000 1.00000000000000000 
1.01268664692323651 0.18650736423321251 1.00000000000000000 1.38262801680994785 1.02969926724618710 0.00621778115675133 0.00000000000000000 0.00000000000000000 -0.00000000000000000 -0.00000000000000000 -0.00000000000000000 -0.00000000000000000 0.00000000000000000 0.00000000000000000 0.00000000000000000 0.00000000000000000 0.00000000000000000 0.00000000000000000 1.00000000000000000 
1.01414426408706548 0.17848647648045962 1.00000000000000000 1.39080924767864578 1.02971387245574642 0.00594571604573398 0.00000000000000000 0.00000000000000000 -0.00000000000000000 -0.00000000000000000 -0.00000000000000000 -0.00000000000000000 0.00000000000000000 0.00000000000000000 0.00000000000000000 0.00000000000000000 0.00000000000000000 0.00000000000000000 1.00000000000000000 
1.01553761133917653 0.17045398719452429 1.00000000000000000 1.39899047854734371 1.02972763905503606 0.00567372550734539 0.00000000000000000 0.00000000000000000 -0.00000000000000000 -0.00000000000000000 -0.00000000000000000 -0.00000000000000000 0.00000000000000000 0.00000000000000000 0.00000000000000000 0.00000000000000000 0.00000000000000000 0.00000000000000000 1.00000000000000000 
1.01686659457307149 0.16241041778131643 1.00000000000000000 1.40717170941604164 1.02974056704405581 0.00540180954158557 0.00000000000000000 0.00000000000000000 -0.00000000000000000 -0.00000000000000000 -0.00000000000000000 -0.00000000000000000 0.00000000000000000 0.00000000000000000 0.00000000000000000 0.00000000000000000 0.00000000000000000 0.00000000000000000 1.00000000000000000 
ZONE I=5
1.01686659457307149 0.16241041778131643 1.00000000000000000 1.40717170941604164 1.02974056704405581 0.00540180954158557 0.00000000000000000 0.00000000000000000 -0.00000000000000000 -0.00000000000000000 -0.00000000000000000 -0.00000000000000000 0.00000000000000000 0.00000000000000000 0.00000000000000000 0.00000000000000000 0.00000000000000000 0.00000000000000000 1.00000000000000000 
1.01813130238038885 0.15435583273668524 1.00000000000000000 1.41535294028473957 1.02975276182711073 0.00513044793953336 0.00000000000000000 0.00000000000000000 -0.00000000000000000 -0.00000000000000000 -0.00000000000000000 -0.00000000000000000 0.00000000000000000 0.00000000000000000 0.00000000000000000 0.00000000000000000 0.00000000000000000 0.00000000000000000 1.00000000000000000 
1.01933156845568629 0.14629120260539755 1.00000000000000000 1.42353417115343750 1.02976422094883602 0.00485918343964276 0.00000000000000000 0.00000000000000000 -0.00000000000000000 -0.00000000000000000 -0.00000000000000000 -0.00000000000000000 0.00000000000000000 0.00000000000000000 0.00000000000000000 0.00000000000000000 0.00000000000000000 0.00000000000000000 1.00000000000000000 
1.02046731134289792 0.13821704853176869 1.00000000000000000 1.43171540202213565 1.02977494440923145 0.00458801604191377 0.00000000000000000 0.00000000000000000 -0.00000000000000000 -0.00000000000000000 -0.00000000000000000 -0.00000000000000000 0.00000000000000000 0.00000000000000000 0.00000000000000000 0.00000000000000000 0.00000000000000000 0.00000000000000000 1.00000000000000000 
1.02153845384780118 0.13013389233427361 1.00000000000000000 1.43989663289083336 1.02978493220829748 0.00431694574634638 0.00000000000000000 0.00000000000000000 -0.00000000000000000 -0.00000000000000000 -0.00000000000000000 -0.00000000000000000 0.00000000000000000 0.00000000000000000 0.00000000000000000 0.00000000000000000 0.00000000000000000 0.00000000000000000 1.00000000000000000 
ZONE I=5
1.02153845384780118 0.13013389233427361 1.00000000000000000 1.43989663289083336 1.02978493220829748 0.00431694574634638 0.00000000000000000 0.00000000000000000 -0.00000000000000000 -0.00000000000000000 -0.00000000000000000 -0.00000000000000000 0.00000000000000000 0.00000000000000000 0.00000000000000000 0.00000000000000000 0.00000000000000000 0.00000000000000000 1.00000000000000000 
1.02254504211200925 0.12204193819913726 1.00000000000000000 1.44807786375953129 1.02979426355910442 0.00404630300578626 0.00000000000000000 0.00000000000000000 -0.00000000000000000 -0.00000000000000000 -0.00000000000000000 -0.00000000000000000 0.00000000000000000 0.00000000000000000 0.00000000000000000 0.00000000000000000 0.00000000000000000 0.00000000000000000 1.00000000000000000 
1.02348695446404303 0.11394203350750765 1.00000000000000000 1.45625909462822922 1.02980293095938547 0.00377575758853862 0.00000000000000000 0.00000000000000000 -0.00000000000000000 -0.00000000000000000 -0.00000000000000000 -0.00000000000000000 0.00000000000000000 0.00000000000000000 0.00000000000000000 0.00000000000000000 0.00000000000000000 0.00000000000000000 1.00000000000000000 
1.02436412669336185 0.10583470020285046 1.00000000000000000 1.46444032549692738 1.02981093440914107 0.00350530949460345 0.00000000000000000 0.00000000000000000 -0.00000000000000000 -0.00000000000000000 -0.00000000000000000 -0.00000000000000000 0.00000000000000000 0.00000000000000000 0.00000000000000000 0.00000000000000000 0.00000000000000000 0.00000000000000000 1.00000000000000000 
1.02517649884429551 0.09772046075880807 1.00000000000000000 1.47262155636562508 1.02981827390837055 0.00323495872398077 0.00000000000000000 0.00000000000000000 -0.00000000000000000 -0.00000000000000000 -0.00000000000000000 -0.00000000000000000 0.00000000000000000 0.00000000000000000 0.00000000000000000 0.00000000000000000 0.00000000000000000 0.00000000000000000 1.00000000000000000 
ZONE I=5
1.02517649884429551 0.09772046075880807 1.00000000000000000 1.47262155636562508 1.02981827390837055 0.00323495872398077 0.00000000000000000 0.00000000000000000 -0.00000000000000000 -0.00000000000000000 -0.00000000000000000 -0.00000000000000000 0.00000000000000000 0.00000000000000000 0.00000000000000000 0.00000000000000000 0.00000000000000000 0.00000000000000000 1.00000000000000000 
1.02592409316589284 0.08959963043274054 1.00000000000000000 1.48080278723432324 1.02982500841956703 0.00296491915265798 0.00000000000000000 0.00000000000000000 -0.00000000000000000 -0.00000000000000000 -0.00000000000000000 -0.00000000000000000 0.00000000000000000 0.00000000000000000 0.00000000000000000 0.00000000000000000 0.00000000000000000 0.00000000000000000 1.00000000000000000 
1.02660682303998740 0.08147295934802644 1.00000000000000000 1.48898401810302095 1.02983112664411269 0.00269496050032593 0.00000000000000000 0.00000000000000000 -0.00000000000000000 -0.00000000000000000 -0.00000000000000000 -0.00000000000000000 0.00000000000000000 0.00000000000000000 0.00000000000000000 0.00000000000000000 0.00000000000000000 0.00000000000000000 1.00000000000000000 
1.02722464177809658 0.07334097026521244 1.00000000000000000 1.49716524897171888 1.02983662858200709 0.00242508276698462 0.00000000000000000 0.00000000000000000 -0.00000000000000000 -0.00000000000000000 -0.00000000000000000 -0.00000000000000000 0.00000000000000000 0.00000000000000000 0.00000000000000000 0.00000000000000000 0.00000000000000000 0.00000000000000000 1.00000000000000000 
1.02777750694458625 0.06520418632681983 1.00000000000000000 1.50534647984041658 1.02984151423325043 0.00215528595263404 0.00000000000000000 0.00000000000000000 -0.00000000000000000 -0.00000000000000000 -0.00000000000000000 -0.00000000000000000 0.00000000000000000 0.00000000000000000 0.00000000000000000 0.00000000000000000 0.00000000000000000 0.00000000000000000 1.00000000000000000 
ZONE I=5
1.02777750694458625 0.06520418632681983 1.00000000000000000 1.50534647984041658 1.02984151423325043 0.00215528595263404 0.00000000000000000 0.00000000000000000 -0.00000000000000000 -0.00000000000000000 -0.00000000000000000 -0.00000000000000000 0.00000000000000000 0.00000000000000000 0.00000000000000000 0.00000000000000000 0.00000000000000000 0.00000000000000000 1.00000000000000000 
1.02826543097209999 0.05706301174326003 1.00000000000000000 1.51352771070911452 1.02984582729988672 0.00188569203778750 0.00000000000000000 0.00000000000000000 -0.00000000000000000 -0.00000000000000000 -0.00000000000000000 -0.00000000000000000 0.00000000000000000 0.00000000000000000 0.00000000000000000 0.00000000000000000 0.00000000000000000 0.00000000000000000 1.00000000000000000 
1.02868835486491950 0.04891811804546278 1.00000000000000000 1.52170894157781245 1.02984955297521297 0.00161615115588806 0.00000000000000000 0.00000000000000000 -0.00000000000000000 -0.00000000000000000 -0.00000000000000000 -0.00000000000000000 0.00000000000000000 0.00000000000000000 0.00000000000000000 0.00000000000000000 0.00000000000000000 0.00000000000000000 1.00000000000000000 
1.02904624966962666 0.04077002865851462 1.00000000000000000 1.52989017244651038 1.02985269125922940 0.00134666330693571 0.00000000000000000 0.00000000000000000 -0.00000000000000000 -0.00000000000000000 -0.00000000000000000 -0.00000000000000000 0.00000000000000000 0.00000000000000000 0.00000000000000000 0.00000000000000000 0.00000000000000000 0.00000000000000000 1.00000000000000000 
1.02933909068581397 0.03261926723803923 1.00000000000000000 1.53807140331520831 1.02985524215193625 0.00107722849093046 0.00000000000000000 0.00000000000000000 -0.00000000000000000 -0.00000000000000000 -0.00000000000000000 -0.00000000000000000 0.00000000000000000 0.00000000000000000 0.00000000000000000 0.00000000000000000 0.00000000000000000 0.00000000000000000 1.00000000000000000 
ZONE I=5
1.02933909068581397 0.03261926723803923 1.00000000000000000 1.53807140331520831 1.02985524215193625 0.00107722849093046 0.00000000000000000 0.00000000000000000 -0.00000000000000000 -0.00000000000000000 -0.00000000000000000 -0.00000000000000000 0.00000000000000000 0.00000000000000000 0.00000000000000000 0.00000000000000000 0.00000000000000000 0.00000000000000000 1.00000000000000000 
1.02956689113717959 0.02446631141219936 1.00000000000000000 1.54625263418390624 1.02985723817803754 0.00080789374335676 0.00000000000000000 0.00000000000000000 -0.00000000000000000 -0.00000000000000000 -0.00000000000000000 -0.00000000000000000 0.00000000000000000 0.00000000000000000 0.00000000000000000 0.00000000000000000 0.00000000000000000 0.00000000000000000 1.00000000000000000 
1.02972961342881808 0.01631176570247049 1.00000000000000000 1.55443386505260417 1.02985866040295360 0.00053857741234378 0.00000000000000000 0.00000000000000000 -0.00000000000000000 -0.00000000000000000 -0.00000000000000000 -0.00000000000000000 0.00000000000000000 0.00000000000000000 0.00000000000000000 0.00000000000000000 0.00000000000000000 0.00000000000000000 1.00000000000000000 
1.02982724647642176 0.00815615393300801 1.00000000000000000 1.56261509592130210 1.02985950882668442 0.00026927949789153 0.00000000000000000 0.00000000000000000 -0.00000000000000000 -0.00000000000000000 -0.00000000000000000 -0.00000000000000000 0.00000000000000000 0.00000000000000000 0.00000000000000000 0.00000000000000000 0.00000000000000000 0.00000000000000000 1.00000000000000000 
1.02985978344923002 0.00000000000504280 1.00000000000000000 1.57079632679000003 1.02985978344923002 0.00000000000000000 0.00000000000000000 0.00000000000000000 -0.00000000000000000 -0.00000000000000000 -0.00000000000000000 -0.00000000000000000 0.00000000000000000 0.00000000000000000 0.00000000000000000 0.00000000000000000 0.00000000000000000 0.00000000000000000 1.00000000000000000 
