ZONE I=2, J=2
0.00000000000000000 0.72907329005907406 0.83510371543141504 0.72907329005907406 0.00000000000000000 0.90000000000000002 0.00000000000000000 
0.00000000000000000 0.83000000953675301 -1.22306314404685135 0.83000000953675301 0.00000000000000000 1.00000000000000000 0.00000000000000000 
0.03098866616016182 0.72908650877551207 0.83662821547698607 0.72971006746253075 0.00711703257541779 0.90000000000000002 0.03272492347479167 
0.03094508830876523 0.83000000953675279 -1.22153864400128032 0.83056811204433145 0.00377168086691648 1.00000000000000000 0.03272492347479167 

ZONE I=2, J=2
0.03098866616016182 0.72908650877551207 0.83713140037307843 0.72971006746253075 0.00711703257541779 0.90000000000000002 0.03272492347479167 
0.03094508830876523 0.83000000953675279 -1.22158849094427913 0.83056811204433145 0.00377168086691648 1.00000000000000000 0.03272492347479167 
0.06197625222235426 0.72912677472398790 0.84066972979332688 0.73161909916381018 0.01415638363668141 0.90000000000000002 0.06544984694958333 
0.06188747042704408 0.83000000953675301 -1.21805016152403089 0.83227055003044015 0.00747036671770869 1.00000000000000000 0.06544984694958333 

ZONE I=2, J=2
0.06197625222235426 0.72912677472398790 0.84161596842518926 0.73161909916381018 0.01415638363668141 0.90000000000000002 0.06544984694958333 
0.06188747042704408 0.83000000953675301 -1.21845776962952002 0.83227055003044015 0.00747036671770869 1.00000000000000000 0.06544984694958333 
0.09296173472658996 0.72919509960958717 0.84771158587218809 0.73479566929364148 0.02104048015901875 0.90000000000000002 0.09817477042437500 
0.09282487137869465 0.83000000953675335 -1.21236215218252141 0.83510176107275025 0.01102366684334304 1.00000000000000000 0.09817477042437500 

ZONE I=2, J=2
0.09296173472658996 0.72919509960958717 0.84912190771761353 0.73479566929364148 0.02104048015901875 0.90000000000000002 0.09817477042437500 
0.09282487137869465 0.83000000953675335 -1.21334010726743302 0.83510176107275025 0.01102366684334304 1.00000000000000000 0.09817477042437500 
0.12394412740090420 0.72929387121663569 0.85747236993558595 0.73923261604681256 0.02769181619006087 0.90000000000000002 0.13089969389916667 
0.12375614111136461 0.83000000953675357 -1.20498964504946060 0.83905266225853581 0.01436064938121804 1.00000000000000000 0.13089969389916667 

ZONE I=2, J=2
0.12394412740090420 0.72929387121663569 0.85951140975374485 0.73923261604681256 0.02769181619006087 0.90000000000000002 0.13089969389916667 
0.12375614111136461 0.83000000953675357 -1.20660587313593726 0.83905266225853581 0.01436064938121804 1.00000000000000000 0.13089969389916667 
0.15492178589924155 0.72942760088862635 0.86961342017765397 0.74492093630860823 0.03403209269871592 0.90000000000000002 0.16362461737395834 
0.15468281148070245 0.83000000953675301 -1.19650386271202813 0.84411110484196938 0.01741352006500544 1.00000000000000000 0.16362461737395834 

ZONE I=2, J=2
0.15492178589924155 0.72942760088862635 0.87217656488725170 0.74492093630860823 0.03403209269871592 0.90000000000000002 0.16362461737395834 
0.15468281148070245 0.83000000953675301 -1.19860531057142961 0.84411110484196938 0.01741352006500544 1.00000000000000000 0.16362461737395834 
0.18589060779681799 0.72960387529899795 0.88317366620726467 0.75185019995324176 0.03998011691649266 0.90000000000000002 0.19634954084875000 
0.18561188817635055 0.83000000953675290 -1.18760820925141664 0.85026287512252152 0.02012043865782081 1.00000000000000000 0.19634954084875000 

ZONE I=2, J=2
0.18589060779681799 0.72960387529899795 0.88538758833818432 0.75185019995324176 0.03998011691649266 0.90000000000000002 0.19634954084875000 
0.18561188817635055 0.83000000953675290 -1.18933064219106721 0.85026287512252152 0.02012043865782081 1.00000000000000000 0.19634954084875000 
0.21683998176945501 0.72983383426805359 0.89595866791948287 0.76000758262798318 0.04544752671109398 0.90000000000000002 0.22907446432354167 
0.21656050023120338 0.83000000953675312 -1.17875956260976866 0.85749365120115140 0.02242998531246494 1.00000000000000000 0.22907446432354167 

ZONE I=2, J=2
0.21683998176945501 0.72983383426805359 0.89513992977040224 0.76000758262798318 0.04544752671109398 0.90000000000000002 0.22907446432354167 
0.21656050023120338 0.83000000953675312 -1.17755968161977820 0.85749365120115140 0.02242998531246494 1.00000000000000000 0.22907446432354167 
0.24774494480006060 0.73013043606438022 0.90359702610285886 0.76937295479637147 0.05033157825309604 0.90000000000000002 0.26179938779833334 
0.24756257917133540 0.83000000953675279 -1.16910258528732158 0.86579235537594490 0.02430727894164610 1.00000000000000000 0.26179938779833334 

ZONE I=2, J=2
0.24774494480006060 0.73013043606438022 0.89334727892691501 0.76937295479637147 0.05033157825309604 0.90000000000000002 0.26179938779833334 
0.24756257917133540 0.83000000953675279 -1.15902333495196319 0.86579235537594490 0.02430727894164610 1.00000000000000000 0.26179938779833334 
0.27855305418797199 0.73050066987793594 0.89838842894199034 0.77990523971874559 0.05450550200490091 0.90000000000000002 0.29452431127312501 
0.27867639250656789 0.83000000953675268 -1.15398218493688787 0.87515597444102000 0.02574039571710241 1.00000000000000000 0.29452431127312501 

ZONE I=2, J=2
0.27855305418797199 0.73050066987793594 0.86556994299744672 0.77990523971874559 0.05450550200490091 0.90000000000000002 0.29452431127312501 
0.27867639250656789 0.83000000953675268 -1.12295951320979603 0.87515597444102000 0.02574039571710241 1.00000000000000000 0.29452431127312501 
0.30916683156817049 0.73092424452202198 0.86866081963734387 0.79151261054503697 0.05781148951697057 0.90000000000000002 0.32724923474791667 
0.30998843620005445 0.83000000953675290 -1.11986863656989866 0.88559453369385788 0.02674263076669341 1.00000000000000000 0.32724923474791667 

ZONE I=2, J=2
0.30916683156817049 0.73092424452202198 0.78970475719097788 0.79151261054503697 0.05781148951697057 0.90000000000000002 0.32724923474791667 
0.30998843620005445 0.83000000953675290 -1.04659715253272867 0.88559453369385788 0.02674263076669341 1.00000000000000000 0.32724923474791667 
0.33943152634152052 0.73130587551025905 0.80087612216276538 0.80399827458221707 0.06007344753864821 0.90000000000000002 0.35997415822270834 
0.34160348251387146 0.83000000953675279 -1.03542578756094117 0.89713177121962462 0.02734118075273606 1.00000000000000000 0.35997415822270834 

ZONE I=2, J=2
0.33943152634152052 0.73130587551025905 0.63979321562952518 0.80399827458221707 0.06007344753864821 0.90000000000000002 0.35997415822270834 
0.34160348251387146 0.83000000953675279 -0.88767594316811516 0.89713177121962462 0.02734118075273606 1.00000000000000000 0.35997415822270834 
0.36916462988727844 0.73139028398665429 0.68838982216776623 0.81698970132586424 0.06117270140647051 0.90000000000000002 0.39269908169750001 
0.37360729272809523 0.83000000953675213 -0.83907933662987411 0.90979334193296069 0.02754087843697226 1.00000000000000000 0.39269908169750001 

ZONE I=2, J=2
0.36916462988727844 0.73139028398665429 0.40423769251852404 0.81698970132586424 0.06117270140647051 0.90000000000000002 0.39269908169750001 
0.37360729272809523 0.83000000953675213 -0.55343757338815802 0.90979334193296069 0.02754087843697226 1.00000000000000000 0.39269908169750001 
0.39837912731686259 0.73085026145464638 0.50029616233331575 0.83011893096414846 0.06124209504098598 0.90000000000000002 0.42542400517229167 
0.40593395574122737 0.82967680017917855 -0.45737910357336631 0.92325438083024303 0.02733710769349892 1.00000000000000000 0.42542400517229167 

ZONE I=2, J=2
0.39837912731686259 0.73085026145464638 0.22636861096613584 0.83011893096414846 0.06124209504098598 0.90000000000000002 0.42542400517229167 
0.40593395574122737 0.82967680017917855 -0.19597182326038878 0.92325438083024303 0.02733710769349892 1.00000000000000000 0.42542400517229167 
0.42699172156507265 0.72924796507944190 0.27098680682970971 0.84289623096321942 0.06041910861317447 0.90000000000000002 0.45814892864708334 
0.43850123747717179 0.82751373889464130 -0.15135362739681493 0.93611865364155278 0.02727983930902493 1.00000000000000000 0.45814892864708334 

ZONE I=2, J=2
0.42699172156507265 0.72924796507944190 0.08600732148704343 0.84289623096321942 0.06041910861317447 0.90000000000000002 0.45814892864708334 
0.43850123747717179 0.82751373889464130 0.01622032046573374 0.93611865364155278 0.02727983930902493 1.00000000000000000 0.45814892864708334 
0.45497372467634190 0.72627389334170867 0.11707870497433603 0.85498951943302937 0.05888785914995402 0.90000000000000002 0.49087385212187501 
0.47124223305917151 0.82349190114065740 0.04729170395302633 0.94839706955324699 0.02740715099499500 1.00000000000000000 0.49087385212187501 

ZONE I=2, J=2
0.45497372467634190 0.72627389334170867 -0.02124190537160840 0.85498951943302937 0.05888785914995402 0.90000000000000002 0.49087385212187501 
0.47124223305917151 0.82349190114065740 0.17560706022497227 0.94839706955324699 0.02740715099499500 1.00000000000000000 0.49087385212187501 
0.48240104636876496 0.72169244487240714 0.01058798884737648 0.86620451416309474 0.05692533853275559 0.90000000000000002 0.52359877559666668 
0.50393443044048636 0.81749327499674473 0.20743695444395713 0.95993715879031705 0.02767338110629775 1.00000000000000000 0.52359877559666668 

ZONE I=2, J=2
0.48240104636876496 0.72169244487240714 -0.08901969201861332 0.86620451416309474 0.05692533853275559 0.90000000000000002 0.52359877559666668 
0.50393443044048636 0.81749327499674473 0.29992163252927223 0.95993715879031705 0.02767338110629775 1.00000000000000000 0.52359877559666668 
0.50928556027119110 0.71540882441716602 -0.05655519903572940 0.87646406555800416 0.05470200855752196 0.90000000000000002 0.55632369907145840 
0.53633832223165123 0.80942247278718149 0.33238612551215613 0.97058635470975640 0.02802968780427364 1.00000000000000000 0.55632369907145840 

ZONE I=2, J=2
0.50928556027119110 0.71540882441716602 -0.12334948839157356 0.87646406555800416 0.05470200855752196 0.90000000000000002 0.55632369907145840 
0.53633832223165123 0.80942247278718149 0.39425343512063205 0.97058635470975640 0.02802968780427364 1.00000000000000000 0.55632369907145840 
0.53560289247623882 0.70739178310375994 -0.09159025873187732 0.88573979542219028 0.05233171158185869 0.90000000000000002 0.58904862254625001 
0.56822790056653572 0.79926186324636739 0.42601266478032829 0.98025245868760436 0.02841813257788086 1.00000000000000000 0.58904862254625001 

ZONE I=2, J=2
0.53560289247623882 0.70739178310375994 -0.13120096860146921 0.88573979542219028 0.05233171158185869 0.90000000000000002 0.58904862254625001 
0.56822790056653572 0.79926186324636739 0.46262405134849754 0.98025245868760436 0.02841813257788086 1.00000000000000000 0.58904862254625001 
0.56131181845304623 0.69765350958660832 -0.10119140634284415 0.89403695749829071 0.04989284117763543 0.90000000000000002 0.62177354602104162 
0.59940751565257655 0.78705998441981095 0.49263361360712260 0.98890060811287972 0.02878152479775060 1.00000000000000000 0.62177354602104162 

ZONE I=2, J=2
0.56131181845304623 0.69765350958660832 -0.11900626503411627 0.89403695749829071 0.04989284117763543 0.90000000000000002 0.62177354602104162 
0.59940751565257655 0.78705998441981095 0.50906752153625578 0.98890060811287972 0.02878152479775060 1.00000000000000000 0.62177354602104162 
0.58636537842816649 0.68623882975501327 -0.09145817224704389 0.90138649351676114 0.04743920096602509 0.90000000000000002 0.65449846949583335 
0.62971862605724971 0.77291273318151099 0.53661561432332816 0.99654130929514018 0.02906991547754688 1.00000000000000000 0.65449846949583335 

ZONE I=2, J=2
0.58636537842816649 0.68623882975501327 -0.09246935235087027 0.90138649351676114 0.04743920096602509 0.90000000000000002 0.65449846949583335 
0.62971862605724971 0.77291273318151099 0.53751915352400270 0.99654130929514018 0.02906991547754688 1.00000000000000000 0.65449846949583335 
0.61071749618365279 0.67321617054415173 -0.06781433835864449 0.90783821530351017 0.04500719121984852 0.90000000000000002 0.68722339297062507 
0.65904084901941118 0.75694599100248416 0.56217416751622840 1.00321825228329531 0.02924401232063598 1.00000000000000000 0.68722339297062507 

ZONE I=2, J=2
0.61071749618365279 0.67321617054415173 -0.05647144274897286 0.90783821530351017 0.04500719121984852 0.90000000000000002 0.68722339297062507 
0.65904084901941118 0.75694599100248416 0.55166045096906946 1.00321825228329531 0.02924401232063598 1.00000000000000000 0.68722339297062507 
0.63432675591452692 0.65866978000258858 -0.03490607170299188 0.91345485250751712 0.04262094307000244 0.90000000000000002 0.71994831644541668 
0.68728944319131136 0.73930117434641152 0.57322582201505035 1.00899747072016988 0.02927642724968071 1.00000000000000000 0.71994831644541668 

ZONE I=2, J=2
0.63432675591452692 0.65866978000258858 -0.01502364937730044 0.91345485250751712 0.04262094307000244 0.90000000000000002 0.71994831644541668 
0.68728944319131136 0.73930117434641152 0.55481038391733495 1.00899747072016988 0.02927642724968071 1.00000000000000000 0.71994831644541668 
0.65715820354496612 0.64269330068237251 0.00344316985994947 0.91830703908607447 0.04029596994013650 0.90000000000000002 0.75267323992020829 
0.71441058489615561 0.72012407919464283 0.57327720315458486 1.01395826960738122 0.02915134203436388 1.00000000000000000 0.75267323992020829 

ZONE I=2, J=2
0.65715820354496612 0.64269330068237251 0.02871700864597373 0.91830703908607447 0.04029596994013650 0.90000000000000002 0.75267323992020829 
0.71441058489615561 0.72012407919464283 0.54985998364987565 1.01395826960738122 0.02915134203436388 1.00000000000000000 0.75267323992020829 
0.67918379411617846 0.62538468533130831 0.04421499775235502 0.92246921833944795 0.03804171464583296 0.90000000000000002 0.78539816339500002 
0.74037556383958847 0.69955695050048783 0.56535797275625699 1.01818604534079293 0.02886311829320258 1.00000000000000000 0.78539816339500002 

ZONE I=2, J=2
0.67918379411617846 0.62538468533130831 0.07237857897421550 0.92246921833944795 0.03804171464583296 0.90000000000000002 0.78539816339500002 
0.74037556383958847 0.69955695050048783 0.53924603412001448 1.01818604534079293 0.02886311829320258 1.00000000000000000 0.78539816339500002 
0.70038197762996302 0.60684234676504401 0.08513042993447907 0.92601639942715563 0.03586330169031188 0.90000000000000002 0.81812308686979174 
0.76517479361228258 0.67773339684214906 0.55199788508027803 1.02176692409661873 0.02841434139535208 1.00000000000000000 0.81812308686979174 

ZONE I=2, J=2
0.70038197762996302 0.60684234676504401 0.11427248612856232 0.92601639942715563 0.03586330169031188 0.90000000000000002 0.81812308686979174 
0.76517479361228258 0.67773339684214906 0.52495770755859616 1.02176692409661873 0.02841434139535208 1.00000000000000000 0.81812308686979174 
0.72073680281367403 0.58716238466241100 0.12455521547456262 0.92902168018169429 0.03376274048277923 0.90000000000000002 0.85084801034458335 
0.78881225514552689 0.65477560131674484 0.53524043690459655 1.02478400660342395 0.02781369729665589 1.00000000000000000 0.85084801034458335 

ZONE I=2, J=2
0.72073680281367403 0.58716238466241100 0.15327821898566846 0.92902168018169429 0.03376274048277923 0.90000000000000002 0.85084801034458335 
0.78881225514552689 0.65477560131674484 0.50856758051414330 1.02478400660342395 0.02781369729665589 1.00000000000000000 0.85084801034458335 
0.74023681418579135 0.56643671407345664 0.16139293564693097 0.93155444264138332 0.03173976246550252 0.90000000000000002 0.88357293381937496 
0.81130072501654538 0.63079324235991563 0.51668229717540581 1.02731493790742356 0.02707396113563330 1.00000000000000000 0.88357293381937496 

ZONE I=2, J=2
0.74023681418579135 0.56643671407345664 0.18872847466732087 0.93155444264138332 0.03173976246550252 0.90000000000000002 0.88357293381937496 
0.81130072501654538 0.63079324235991563 0.49127793534287623 1.02731493790742356 0.02707396113563330 1.00000000000000000 0.88357293381937496 
0.75887392850584068 0.54475192170034481 0.19497833603795736 0.93367912434950417 0.02979242044630625 0.90000000000000002 0.91629785729416668 
0.83265792793079862 0.60588358990964364 0.49752779671351266 1.02943050845013118 0.02621026020307303 1.00000000000000000 0.91629785729416668 

ZONE I=2, J=2
0.75887392850584068 0.54475192170034481 0.22030363200966219 0.93367912434950417 0.02979242044630625 0.90000000000000002 0.91629785729416668 
0.83265792793079862 0.60588358990964364 0.47397435722037062 1.02943050845013118 0.02621026020307303 1.00000000000000000 0.91629785729416668 
0.77664240542455043 0.52218868874455615 0.22497889653433534 0.93545446911286700 0.02791753522707400 0.90000000000000002 0.94902278076895841 
0.85290360689503575 0.58013233811732823 0.47864962174504377 1.03119401732589977 0.02523868093446016 1.00000000000000000 0.94902278076895841 

ZONE I=2, J=2
0.77664240542455043 0.52218868874455615 0.24794017532490065 0.93545446911286700 0.02791753522707400 0.90000000000000002 0.94902278076895841 
0.85290360689503575 0.58013233811732823 0.45728051141103732 1.03119401732589977 0.02523868093446016 1.00000000000000000 0.94902278076895841 
0.79353797371388479 0.49882163802271284 0.25130894474136362 0.93693316502264945 0.02611104299412761 0.90000000000000002 0.98174770424375002 
0.87205741919753765 0.55361484229097346 0.46064928082750034 1.03266117118036727 0.02417522530859875 1.00000000000000000 0.98174770424375002 

ZONE I=2, J=2
0.79353797371388479 0.49882163802271284 0.27175465357395207 0.93693316502264945 0.02611104299412761 0.90000000000000002 0.98174770424375002 
0.87205741919753765 0.55361484229097346 0.44160995889174554 1.03266117118036727 0.02417522530859875 1.00000000000000000 0.98174770424375002 
0.80955713675852703 0.47471948456546670 0.27405791039485566 0.93816178448201160 0.02436827528354077 0.90000000000000002 1.01447262771854163 
0.89013752685692560 0.52639752531411854 0.44391321571264913 1.03388033944580138 0.02303508374689851 1.00000000000000000 1.01447262771854163 

ZONE I=2, J=2
0.80955713675852703 0.47471948456546670 0.29198282033010059 0.93816178448201160 0.02436827528354077 0.90000000000000002 1.01447262771854163 
0.89013752685692560 0.52639752531411854 0.42721257788641398 1.03388033944580138 0.02303508374689851 1.00000000000000000 1.01447262771854163 
0.82469665619618981 0.44994539066501360 0.29343254035295163 0.93918095001441437 0.02268418946954541 0.90000000000000002 1.04719755119333335 
0.90715974133734989 0.49853929868620100 0.42866229790926502 1.03489303063169458 0.02183217322492526 1.00000000000000000 1.04719755119333335 

ZONE I=2, J=2
0.82469665619618981 0.44994539066501360 0.30893250769881409 0.93918095001441437 0.02268418946954541 0.90000000000000002 1.04719755119333335 
0.90715974133734989 0.49853929868620100 0.41421447048882698 1.03489303063169458 0.02183217322492526 1.00000000000000000 1.04719755119333335 
0.83895319777113420 0.42455744681318047 0.30971185852940530 0.94002565993025367 0.02105355950022335 0.90000000000000002 1.07992247466812508 
0.92313709129626198 0.47009290382791941 0.41499382131941820 1.03573449159233166 0.02057888437847923 1.00000000000000000 1.07992247466812508 

ZONE I=2, J=2
0.83895319777113420 0.42455744681318047 0.32294828825298338 0.94002565993025367 0.02105355950022335 0.90000000000000002 1.07992247466812508 
0.92313709129626198 0.47009290382791941 0.40265114596804463 1.03573449159233166 0.02057888437847923 1.00000000000000000 1.07992247466812508 
0.85232311591928722 0.39860921827817186 0.32321315482523372 0.94072571870761956 0.01947113218923655 0.90000000000000002 1.11264739814291680 
0.93807969974684202 0.44110612232736079 0.40291601254029497 1.03643436117979548 0.01928598448706607 1.00000000000000000 1.11264739814291680 

ZONE I=2, J=2
0.85232311591928722 0.39860921827817186 0.33438586095073208 0.94072571870761956 0.01947113218923655 0.90000000000000002 1.11264739814291680 
0.93807969974684202 0.44110612232736079 0.39249434651934989 1.03643436117979548 0.01928598448706607 1.00000000000000000 1.11264739814291680 
0.86480235104472880 0.37215031276840249 0.33426714048944617 0.94130622749678694 0.01793175233704943 0.90000000000000002 1.14537232161770830 
0.95199487737760802 0.41162283275005684 0.39237562605806398 1.03701733201741675 0.01796263037160801 1.00000000000000000 1.14537232161770830 

ZONE I=2, J=2
0.86480235104472880 0.37215031276840249 0.34359420203374480 0.94130622749678694 0.01793175233704943 0.90000000000000002 1.14537232161770830 
0.95199487737760802 0.41162283275005684 0.38367319714209380 1.03701733201741675 0.01796263037160801 1.00000000000000000 1.14537232161770830 
0.87638641405333573 0.34522693762621193 0.34320047462801584 0.94178809995046597 0.01643045926711413 0.90000000000000002 1.17809724509250002 
0.96488735849261742 0.38168391003288832 0.38327946973636484 1.03750379046006258 0.01661645382918495 1.00000000000000000 1.17809724509250002 

ZONE I=2, J=2
0.87638641405333573 0.34522693762621193 0.35090374110607636 0.94178809995046597 0.01643045926711413 0.90000000000000002 1.17809724509250002 
0.96488735849261742 0.38168391003288832 0.37609049582524501 1.03750379046006258 0.01661645382918495 1.00000000000000000 1.17809724509250002 
0.88707043511581085 0.31788242541125422 0.35032404848211107 0.94218857726046290 0.01496255732822374 0.90000000000000002 1.21082216856729175 
0.97675962345260903 0.35132797440686192 0.37551080320127972 1.03791041642738002 0.01525369068959695 1.00000000000000000 1.21082216856729175 

ZONE I=2, J=2
0.88707043511581085 0.31788242541125422 0.35661908569419876 0.94218857726046290 0.01496255732822374 0.90000000000000002 1.21082216856729175 
0.97675962345260903 0.35132797440686192 0.36963497684750435 1.03791041642738002 0.01525369068959695 1.00000000000000000 1.21082216856729175 
0.89684925687963568 0.29015771483840075 0.35592564465322807 0.94252172366581299 0.01352366310665083 0.90000000000000002 1.24354709204208325 
0.98761226601268159 0.32059200267273846 0.36894153580653366 1.03825073286588432 0.01387933211199352 1.00000000000000000 1.24354709204208325 

ZONE I=2, J=2
0.89684925687963568 0.29015771483840075 0.36101508244250974 0.94252172366581299 0.01352366310665083 0.90000000000000002 1.24354709204208325 
0.98761226601268159 0.32059200267273846 0.36419032709748883 1.03825073286588432 0.01387933211199352 1.00000000000000000 1.24354709204208325 
0.90571755580845292 0.26209178016023360 0.36026582687361414 0.94279888974870929 0.01210973227612195 0.90000000000000002 1.27627201551687497 
0.99744437556584664 0.28951181727424341 0.36344107152859323 1.03853560006694168 0.01249728302368597 1.00000000000000000 1.27627201551687497 

ZONE I=2, J=2
0.90571755580845292 0.26209178016023360 0.36433524667164180 0.94279888974870929 0.01210973227612195 0.90000000000000002 1.27627201551687497 
0.99744437556584664 0.28951181727424341 0.35964164677054083 1.03853560006694168 0.01249728302368597 1.00000000000000000 1.27627201551687497 
0.91366997861905352 0.23372200657605885 0.36357613901322444 0.94302913561454160 0.01071706908495332 0.90000000000000002 1.30899693899166669 
1.00625391330831593 0.25812246923027904 0.35888253911212348 1.03877365367458396 0.01111051760233985 1.00000000000000000 1.30899693899166669 

ZONE I=2, J=2
0.91366997861905352 0.23372200657605885 0.36679180376597353 0.94302913561454160 0.01071706908495332 0.90000000000000002 1.30899693899166669 
1.00625391330831593 0.25812246923027904 0.35587994414542290 1.03877365367458396 0.01111051760233985 1.00000000000000000 1.30899693899166669 
0.92070128371022075 0.20508451243686876 0.36605888840866374 0.94321960968682461 0.00934232141122959 0.90000000000000002 1.34172186246645841 
1.01403806814531738 0.22645853044589431 0.35514702878811311 1.03897168750345359 0.00972122553114752 1.00000000000000000 1.34172186246645841 

ZONE I=2, J=2
0.92070128371022075 0.20508451243686876 0.36856676275099132 0.94321960968682461 0.00934232141122959 0.90000000000000002 1.34172186246645841 
1.01403806814531738 0.22645853044589431 0.35280515296535109 1.03897168750345359 0.00972122553114752 1.00000000000000000 1.34172186246645841 
0.92680647995157561 0.17621442119130512 0.36788795432731369 0.94337588149290019 0.00798246412522186 0.90000000000000002 1.37444678594125014 
1.02079358317052149 0.19455430977230631 0.35212634454167346 1.03913498364678736 0.00833094559349810 1.00000000000000000 1.37444678594125014 

ZONE I=2, J=2
0.92680647995157561 0.17621442119130512 0.36981358590991820 0.94337588149290019 0.00798246412522186 0.90000000000000002 1.37444678594125014 
1.02079358317052149 0.19455430977230631 0.35032806794430404 1.03913498364678736 0.00833094559349810 1.00000000000000000 1.37444678594125014 
0.93198095721696905 0.14714608743176680 0.36921019788008613 0.94350222863853550 0.00663477321780757 0.90000000000000002 1.40717170941604164 
1.02651704715325587 0.16244400577649748 0.34972467991447198 1.03926759306626471 0.00694068521166503 1.00000000000000000 1.40717170941604164 

ZONE I=2, J=2
0.93198095721696905 0.14714608743176680 0.37065913184274618 0.94350222863853550 0.00663477321780757 0.90000000000000002 1.40717170941604164 
1.02651704715325587 0.16244400577649748 0.34837151242447112 1.03926759306626471 0.00694068521166503 1.00000000000000000 1.40717170941604164 
0.93622060463820367 0.11791328225771548 0.37014715767620571 0.94360187932607287 0.00529679282348281 0.90000000000000002 1.43989663289083336 
1.03120514797523954 0.13016180772252056 0.34785953825793064 1.03937257011674511 0.00555102595396914 1.00000000000000000 1.43989663289083336 

ZONE I=2, J=2
0.93622060463820367 0.11791328225771548 0.37120563750084185 0.94360187932607287 0.00529679282348281 0.90000000000000002 1.43989663289083336 
1.03120514797523954 0.13016180772252056 0.34687098325489346 1.03937257011674511 0.00555102595396914 1.00000000000000000 1.43989663289083336 
0.93952191377507566 0.08854934364052665 0.37079679979336916 0.94367721240447366 0.00396629692162091 0.90000000000000002 1.47262155636562508 
1.03485488663272029 0.09774195488459837 0.34646214554742077 1.03945216440696120 0.00416221599234724 1.00000000000000000 1.47262155636562508 

ZONE I=2, J=2
0.93952191377507566 0.08854934364052665 0.37153257190650252 0.94367721240447366 0.00396629692162091 0.90000000000000002 1.47262155636562508 
1.03485488663272029 0.09774195488459837 0.34577496078070519 1.03945216440696120 0.00416221599234724 1.00000000000000000 1.47262155636562508 
0.94188206480697667 0.05908729768044119 0.37123515525581158 0.94372991717208377 0.00264124716806941 0.90000000000000002 1.50534647984041658 
1.03746375146799452 0.06521876307645505 0.34547754413001425 1.03950797312864163 0.00277425111530332 1.00000000000000000 1.50534647984041658 

ZONE I=2, J=2
0.94188206480697667 0.05908729768044119 0.37169824484238972 0.94372991717208377 0.00264124716806941 0.90000000000000002 1.50534647984041658 
1.03746375146799452 0.06521876307645505 0.34504502520693742 1.03950797312864163 0.00277425111530332 1.00000000000000000 1.50534647984041658 
0.94329899451001764 0.02955995669100931 0.37151772698891333 0.94376111508600025 0.00131974801159755 0.90000000000000002 1.53807140331520831 
1.03902985287861149 0.03262662622969752 0.34486450735346103 1.03954105656874818 0.00138694629020718 1.00000000000000000 1.53807140331520831 

ZONE I=2, J=2
0.94329899451001764 0.02955995669100931 0.37174109136067640 0.94376111508600025 0.00131974801159755 0.90000000000000002 1.53807140331520831 
1.03902985287861149 0.03262662622969752 0.34465588258599439 1.03954105656874818 0.00138694629020718 1.00000000000000000 1.53807140331520831 
0.94377144524778889 0.00000000000462126 0.37168058464347836 0.94377144524778889 0.00000000000000000 0.90000000000000002 1.57079632679000003 
1.03955201900004734 0.00000000000509026 0.34459537586879635 1.03955201900004734 0.00000000000000000 1.00000000000000000 1.57079632679000003 

