ZONE I=2, J=2
0.00000000000000000 0.58848155324377849 1.39038045908255237 0.58848155324377849 0.00000000000000000 0.90000000000000002 0.00000000000000000 
0.00000000000000000 0.68000002843037100 -0.67417484859056831 0.68000002843037100 0.00000000000000000 1.00000000000000000 0.00000000000000000 
0.03253441657140635 0.58849461404744186 1.39202419623296780 0.58924402293134615 0.01326199322019755 0.90000000000000002 0.03272492347479167 
0.03250179876295289 0.68000002843037100 -0.67253111144015287 0.68069937694465832 0.01023541964390057 1.00000000000000000 0.03272492347479167 

ZONE I=2, J=2
0.03253441657140635 0.58849461404744186 1.39228285007880648 0.58924402293134615 0.01326199322019755 0.90000000000000002 0.03272492347479167 
0.03250179876295289 0.68000002843037100 -0.67235026207638593 0.68069937694465832 0.01023541964390057 1.00000000000000000 0.03272492347479167 
0.06506713168515119 0.58853404335249271 1.39613712636882714 0.59152954081121323 0.02643584986796837 0.90000000000000002 0.06544984694958333 
0.06500188836992367 0.68000002843037133 -0.66849598578636527 0.68279542307700736 0.02038858460149471 1.00000000000000000 0.06544984694958333 

ZONE I=2, J=2
0.06506713168515119 0.58853404335249271 1.39650633052302431 0.59152954081121323 0.02643584986796837 0.90000000000000002 0.06544984694958333 
0.06500188836992367 0.68000002843037133 -0.66836169311308891 0.68279542307700736 0.02038858460149471 1.00000000000000000 0.06544984694958333 
0.09759637471886998 0.58859974675277171 1.40326264126563882 0.59533159564794524 0.03943355752356785 0.90000000000000002 0.09817477042437500 
0.09749858646250428 0.68000002843037044 -0.66160538237047462 0.68628217506178413 0.03037744590905808 1.00000000000000000 0.09817477042437500 

ZONE I=2, J=2
0.09759637471886998 0.58859974675277171 1.40361039862031389 0.59533159564794524 0.03943355752356785 0.90000000000000002 0.09817477042437500 
0.09749858646250428 0.68000002843037044 -0.66160907563634352 0.68628217506178413 0.03037744590905808 1.00000000000000000 0.09817477042437500 
0.13012043941529269 0.58869168579563902 1.41321724402813387 0.60063947230242887 0.05216755687973146 0.90000000000000002 0.13089969389916667 
0.12999016332546418 0.68000002843037177 -0.65200223022852355 0.69114965496625613 0.04012026503791258 1.00000000000000000 0.13089969389916667 

ZONE I=2, J=2
0.13012043941529269 0.58869168579563902 1.41358713162539185 0.60063947230242887 0.05216755687973146 0.90000000000000002 0.13089969389916667 
0.12999016332546418 0.68000002843037177 -0.65211186221272688 0.69114965496625613 0.04012026503791258 1.00000000000000000 0.13089969389916667 
0.16263761827925838 0.58880982464340259 1.42603174701059410 0.60743821917181529 0.06455086649703409 0.90000000000000002 0.16362461737395834 
0.16247489011129995 0.68000002843037155 -0.63966724682752463 0.69738391800774291 0.04953584042039409 1.00000000000000000 0.16362461737395834 

ZONE I=2, J=2
0.16263761827925838 0.58880982464340259 1.42644914098204145 0.60743821917181529 0.06455086649703409 0.90000000000000002 0.16362461737395834 
0.16247489011129995 0.68000002843037155 -0.63987472452585858 0.69738391800774291 0.04953584042039409 1.00000000000000000 0.16362461737395834 
0.19514623423215854 0.58895411239045425 1.44173507571128878 0.61570866594204721 0.07649730662242224 0.90000000000000002 0.19634954084875000 
0.19495100934646303 0.68000002843037111 -0.62458878979661125 0.70496707374902101 0.05854365584973757 1.00000000000000000 0.19634954084875000 

ZONE I=2, J=2
0.19514623423215854 0.58895411239045425 1.44222592004798300 0.61570866594204721 0.07649730662242224 0.90000000000000002 0.19634954084875000 
0.19495100934646303 0.68000002843037111 -0.62490206402590798 0.70496707374902101 0.05854365584973757 1.00000000000000000 0.19634954084875000 
0.22764467282778195 0.58912449548125423 1.46036491118814582 0.62542748568291950 0.08792171742665011 0.90000000000000002 0.22907446432354167 
0.22741671456998730 0.68000002843037033 -0.60676307288574516 0.71387731129232956 0.06706403770386855 1.00000000000000000 0.22907446432354167 

ZONE I=2, J=2
0.22764467282778195 0.58912449548125423 1.46096777915408294 0.62542748568291950 0.08792171742665011 0.90000000000000002 0.22907446432354167 
0.22741671456998730 0.68000002843037033 -0.60720847625784136 0.71387731129232956 0.06706403770386855 1.00000000000000000 0.22907446432354167 
0.26013143562388796 0.58932095620601455 1.48197385582313390 0.63656730134200035 0.09874018475513992 0.90000000000000002 0.26179938779833334 
0.25987013625906774 0.68000002843037100 -0.58620239958879039 0.72408892985536866 0.07501831806644807 1.00000000000000000 0.26179938779833334 

ZONE I=2, J=2
0.26013143562388796 0.58932095620601455 1.48275315917991746 0.63656730134200035 0.09874018475513992 0.90000000000000002 0.26179938779833334 
0.25987013625906774 0.68000002843037100 -0.58683305513924999 0.72408892985536866 0.07501831806644807 1.00000000000000000 0.26179938779833334 
0.29260521656770055 0.58954361045134274 1.50663243201609864 0.64909687136831351 0.10887025749258847 0.90000000000000002 0.29452431127312501 
0.29230936708406052 0.68000002843037111 -0.56295378230306881 0.73557238578644801 0.08232903508983017 1.00000000000000000 0.29452431127312501 

ZONE I=2, J=2
0.29260521656770055 0.58954361045134274 1.50769228940137734 0.64909687136831351 0.10887025749258847 0.90000000000000002 0.29452431127312501 
0.29230936708406052 0.68000002843037111 -0.56385999969151201 0.73557238578644801 0.08232903508983017 1.00000000000000000 0.29452431127312501 
0.32506497855662064 0.58979292231613001 1.53442128513725451 0.66298140120001303 0.11823110065073496 0.90000000000000002 0.32724923474791667 
0.32473261246256457 0.68000002843037044 -0.53713100395563462 0.74829439229462102 0.08892024922643069 1.00000000000000000 0.32724923474791667 

ZONE I=2, J=2
0.32506497855662064 0.58979292231613001 1.53590958824639645 0.66298140120001303 0.11823110065073496 0.90000000000000002 0.32724923474791667 
0.32473261246256457 0.68000002843037044 -0.53844158307330647 0.74829439229462102 0.08892024922643069 1.00000000000000000 0.32724923474791667 
0.35750993875360987 0.59007012049676910 1.56539194252834624 0.67818301603346964 0.12674344233303808 0.90000000000000002 0.35997415822270834 
0.35713865565858399 0.68000002843037055 -0.50895922879135669 0.76221816537328857 0.09471814190482966 1.00000000000000000 0.35997415822270834 

ZONE I=2, J=2
0.35750993875360987 0.59007012049676910 1.56746226523447185 0.67818301603346964 0.12674344233303808 0.90000000000000002 0.35997415822270834 
0.35713865565858399 0.68000002843037055 -0.51080309028878745 0.76221816537328857 0.09471814190482966 1.00000000000000000 0.35997415822270834 
0.38993920936757387 0.59037790617591568 1.59945130532432134 0.69466133901714533 0.13432901093127092 0.90000000000000002 0.39269908169750001 
0.38952800589202935 0.68000002843037133 -0.47881405019893775 0.77730402267088194 0.09965220709644021 1.00000000000000000 0.39269908169750001 

ZONE I=2, J=2
0.38993920936757387 0.59037790617591568 1.60210380583042666 0.69466133901714533 0.13432901093127092 0.90000000000000002 0.39269908169750001 
0.38952800589202935 0.68000002843037133 -0.48116946128687410 0.77730402267088194 0.09965220709644021 1.00000000000000000 0.39269908169750001 
0.42235050411448127 0.59072144930561343 1.63608417672015416 0.71237382086678103 0.14090890085138083 0.90000000000000002 0.42542400517229167 
0.42190536062596345 0.68000002843037033 -0.44718909039714683 0.79351073508495129 0.10365753853516337 1.00000000000000000 0.42542400517229167 

ZONE I=2, J=2
0.42235050411448127 0.59072144930561343 1.63871747945040513 0.71237382086678103 0.14090890085138083 0.90000000000000002 0.42542400517229167 
0.42190536062596345 0.68000002843037033 -0.44946757663160813 0.79351073508495129 0.10365753853516337 1.00000000000000000 0.42542400517229167 
0.45473670249522768 0.59110929667564394 1.67377107836711514 0.73127471599585681 0.14639999644052809 0.90000000000000002 0.45814892864708334 
0.45428428884668903 0.68000002843036977 -0.41441397771489824 0.81079829284157190 0.10667887365096378 1.00000000000000000 0.45814892864708334 

ZONE I=2, J=2
0.45473670249522768 0.59110929667564394 1.67412622331858874 0.73127471599585681 0.14639999644052809 0.90000000000000002 0.45814892864708334 
0.45428428884668903 0.68000002843036977 -0.41449267033233372 0.81079829284157190 0.10667887365096378 1.00000000000000000 0.45814892864708334 
0.48707810882013958 0.59155277230662284 1.70891110645647570 0.75130999995839276 0.15070849504249831 0.90000000000000002 0.49087385212187501 
0.48669504154162119 0.68000002843037022 -0.37970778719444676 0.82913293924217668 0.10867691194606832 1.00000000000000000 0.49087385212187501 

ZONE I=2, J=2
0.48707810882013958 0.59155277230662284 1.70088102758087145 0.75130999995839276 0.15070849504249831 0.90000000000000002 0.49087385212187501 
0.48669504154162119 0.68000002843037022 -0.37194714099997050 0.82913293924217668 0.10867691194606832 1.00000000000000000 0.49087385212187501 
0.51932726839853294 0.59206002684980075 1.73412578662654160 0.77240265801623986 0.15372059388746934 0.90000000000000002 0.52359877559666668 
0.51919532309626881 0.68000002843036900 -0.33870238195430036 0.84849496074279562 0.10963632511363865 1.00000000000000000 0.52359877559666668 

ZONE I=2, J=2
0.51932726839853294 0.59206002684980075 1.70376438249061435 0.77240265801623986 0.15372059388746934 0.90000000000000002 0.52359877559666668 
0.51919532309626881 0.68000002843036900 -0.31039013587312148 0.84849496074279562 0.10963632511363865 1.00000000000000000 0.52359877559666668 
0.55138394309655658 0.59261605531664374 1.73631434708480326 0.79441898069642369 0.15529496074574084 0.90000000000000002 0.55632369907145840 
0.55187990780931862 0.68000002843037022 -0.27784017127893279 0.86888754431500625 0.10957146819845265 1.00000000000000000 0.55632369907145840 

ZONE I=2, J=2
0.55138394309655658 0.59261605531664374 1.65586682238097249 0.79441898069642369 0.15529496074574084 0.90000000000000002 0.55632369907145840 
0.55187990780931862 0.68000002843037022 -0.20401196663187693 0.86888754431500625 0.10957146819845265 1.00000000000000000 0.55632369907145840 
0.58306611837198985 0.59313179586581133 1.69654470212476238 0.81710524360233483 0.15527538935050475 0.90000000000000002 0.58904862254625001 
0.58487507894417501 0.68000002843036922 -0.16333408688808682 0.89033854390089318 0.10851808088837216 1.00000000000000000 0.58904862254625001 

ZONE I=2, J=2
0.58306611837198985 0.59313179586581133 1.51891388989713261 0.81710524360233483 0.15527538935050475 0.90000000000000002 0.58904862254625001 
0.58487507894417501 0.68000002843036922 -0.00217265892152354 0.89033854390089318 0.10851808088837216 1.00000000000000000 0.58904862254625001 
0.61411518720675695 0.59333796078149259 1.59759137562316211 0.84000119411901930 0.15357536501975755 0.90000000000000002 0.62177354602104162 
0.61828779458347649 0.68000002843036933 0.07650482680450602 0.91287461922207958 0.10648833352224836 1.00000000000000000 0.62177354602104162 

ZONE I=2, J=2
0.61411518720675695 0.59333796078149259 1.25545159211706414 0.84000119411901930 0.15357536501975755 0.90000000000000002 0.62177354602104162 
0.61828779458347649 0.68000002843036933 0.39872050719978325 0.91287461922207958 0.10648833352224836 1.00000000000000000 0.62177354602104162 
0.64443782728965193 0.59279041406536392 1.41575712485141691 0.86260114773919772 0.15039896332292926 0.90000000000000002 0.65449846949583335 
0.65202464951116501 0.67987768384682334 0.55902603993413613 0.93631068885446178 0.10340262327408359 1.00000000000000000 0.65449846949583335 

ZONE I=2, J=2
0.64443782728965193 0.59279041406536392 1.03851352787506612 0.86260114773919772 0.15039896332292926 0.90000000000000002 0.65449846949583335 
0.65202464951116501 0.67987768384682334 0.93831879236499049 0.93631068885446178 0.10340262327408359 1.00000000000000000 0.65449846949583335 
0.67405111428585962 0.59084077666463508 1.13118417983271269 0.88433959672037921 0.14622313671958781 0.90000000000000002 0.68722339297062507 
0.68581391256786239 0.67735114707367561 1.03098944432263706 0.95867525760402217 0.10043430475452790 1.00000000000000000 0.68722339297062507 

ZONE I=2, J=2
0.67405111428585962 0.59084077666463508 0.92266428945397405 0.88433959672037921 0.14622313671958781 0.90000000000000002 0.68722339297062507 
0.68581391256786239 0.67735114707367561 1.21050135034392725 0.95867525760402217 0.10043430475452790 1.00000000000000000 0.68722339297062507 
0.70281122952910946 0.58711018619651589 0.98092082395320235 0.90480845235397023 0.14129281523396475 0.90000000000000002 0.71994831644541668 
0.71968931232590649 0.67223193996155728 1.26875788484315533 0.97993486857602996 0.09785775763573297 1.00000000000000000 0.71994831644541668 

ZONE I=2, J=2
0.70281122952910946 0.58711018619651589 0.85435715939541090 0.90480845235397023 0.14129281523396475 0.90000000000000002 0.71994831644541668 
0.71968931232590649 0.67223193996155728 1.38448983472834675 0.97993486857602996 0.09785775763573297 1.00000000000000000 0.71994831644541668 
0.73086795727764864 0.58130500252286299 0.91225625970883950 0.92388934601082451 0.13605863905316534 0.90000000000000002 0.75267323992020829 
0.75332821329853450 0.66456377376308073 1.44238893504177534 1.00001058999346282 0.09553651789088771 1.00000000000000000 0.75267323992020829 

ZONE I=2, J=2
0.73086795727764864 0.58130500252286299 0.83931895413489321 0.92388934601082451 0.13605863905316534 0.90000000000000002 0.75267323992020829 
0.75332821329853450 0.66456377376308073 1.50975584068742541 1.00001058999346282 0.09553651789088771 1.00000000000000000 0.75267323992020829 
0.75824320427533543 0.57337528017800699 0.89767153657917242 0.94159646030999156 0.13072136275540633 0.90000000000000002 0.78539816339500002 
0.78639389408721794 0.65433659828366741 1.56810842313170462 1.01875030101745789 0.09337860937034256 1.00000000000000000 0.78539816339500002 

ZONE I=2, J=2
0.75824320427533543 0.57337528017800699 0.86248508418386438 0.94159646030999156 0.13072136275540633 0.90000000000000002 0.78539816339500002 
0.78639389408721794 0.65433659828366741 1.60063004712090362 1.01875030101745789 0.09337860937034256 1.00000000000000000 0.78539816339500002 
0.78489455643750083 0.56335558120789564 0.91955423584192630 0.95797187621485380 0.12537487780532380 0.90000000000000002 0.81812308686979174 
0.81860073930516963 0.64163273168510349 1.65769919877896554 1.03608246560834072 0.09128448509796026 1.00000000000000000 0.81812308686979174 

ZONE I=2, J=2
0.78489455643750083 0.56335558120789564 0.91038148494537308 0.95797187621485380 0.12537487780532380 0.90000000000000002 0.81812308686979174 
0.81860073930516963 0.64163273168510349 1.66617556890867147 1.03608246560834072 0.09128448509796026 1.00000000000000000 0.81812308686979174 
0.81075564495159791 0.55132491861433097 0.96493531485359596 0.97307214586133028 0.12006032090081283 0.90000000000000002 0.85084801034458335 
0.84973003914308010 0.62660082789950100 1.72072939881689435 1.05200750265197529 0.08916249946246918 1.00000000000000000 0.85084801034458335 

ZONE I=2, J=2
0.81075564495159791 0.55132491861433097 0.97299472854083224 0.97307214586133028 0.12006032090081283 0.90000000000000002 0.85084801034458335 
0.84973003914308010 0.62660082789950100 1.71328635729494683 1.05200750265197529 0.08916249946246918 1.00000000000000000 0.85084801034458335 
0.83575510443671941 0.53738970692750709 1.02430140692152993 0.98696385323401403 0.11478956447835892 0.90000000000000002 0.88357293381937496 
0.87962572167443576 0.60942355487765631 1.76459303567564452 1.06657408832636080 0.08693787196489189 1.00000000000000000 0.88357293381937496 

ZONE I=2, J=2
0.83575510443671941 0.53738970692750709 1.04312213792883712 0.98696385323401403 0.11478956447835892 0.90000000000000002 0.88357293381937496 
0.87962572167443576 0.60942355487765631 1.74720616528483852 1.06657408832636080 0.08693787196489189 1.00000000000000000 0.88357293381937496 
0.85982568482403732 0.52167202328395335 1.09079588877960276 0.99971938549124584 0.10955847038592692 0.90000000000000002 0.91629785729416668 
0.90818360763881478 0.59029450349622548 1.79487991613560416 1.07985902420211222 0.08455503468729800 1.00000000000000000 0.91629785729416668 

ZONE I=2, J=2
0.85982568482403732 0.52167202328395335 1.11572175025534093 0.99971938549124584 0.10955847038592692 0.90000000000000002 0.91629785729416668 
0.90818360763881478 0.59029450349622548 1.77184530974528420 1.07985902420211222 0.08455503468729800 1.00000000000000000 0.91629785729416668 
0.88290831682497029 0.50430102270297594 1.15961698965740223 1.01141319636133842 0.10435498859235359 0.90000000000000002 0.94902278076895841 
0.93533954556302601 0.56940370408402374 1.81574054914734551 1.09195260672094885 0.08197651123327450 1.00000000000000000 0.94902278076895841 

ZONE I=2, J=2
0.88290831682497029 0.50430102270297594 1.18739360368741642 1.01141319636133842 0.10435498859235359 0.90000000000000002 0.94902278076895841 
0.93533954556302601 0.56940370408402374 1.79006197732237893 1.09195260672094885 0.08197651123327450 1.00000000000000000 0.94902278076895841 
0.90495338007232251 0.48540688710428753 1.22752788196582885 1.02211885345815712 0.09916408401219759 0.90000000000000002 0.98174770424375002 
0.96105853229715432 0.54692954868140897 1.83019625560079136 1.10294874205516202 0.07918021293824522 1.00000000000000000 0.98174770424375002 

ZONE I=2, J=2
0.90495338007232251 0.48540688710428753 1.25595981373171472 1.02211885345815712 0.09916408401219759 0.90000000000000002 0.98174770424375002 
0.96105853229715432 0.54692954868140897 1.80390217482186266 1.10294874205516202 0.07918021293824522 1.00000000000000000 0.98174770424375002 
0.92592044304305066 0.46511679214003104 1.29245552605037028 1.03190688487869808 0.09397062368428491 0.90000000000000002 1.01447262771854163 
0.98532565393405158 0.52303510419123844 1.84039788714051822 1.11293871811961731 0.07615624877296130 1.00000000000000000 1.01447262771854163 

ZONE I=2, J=2
0.92592044304305066 0.46511679214003104 1.32012768101536238 1.03190688487869808 0.09397062368428491 0.90000000000000002 1.01447262771854163 
0.98532565393405158 0.52303510419123844 1.81479764462621351 1.11293871811961731 0.07615624877296130 1.00000000000000000 1.01447262771854163 
0.94577724932544105 0.44355242444594728 1.35316903463479288 1.04084333645988458 0.08876095718575003 0.90000000000000002 1.04719755119333335 
1.00813903710897801 0.49786721112016841 1.84783899824564402 1.12200762224300399 0.07290386601677548 1.00000000000000000 1.04719755119333335 

ZONE I=2, J=2
0.94577724932544105 0.44355242444594728 1.37922615293825124 1.04084333645988458 0.08876095718575003 0.90000000000000002 1.04719755119333335 
1.00813903710897801 0.49786721112016841 1.82372542059878628 1.12200762224300399 0.07290386601677548 1.00000000000000000 1.04719755119333335 
0.96449841981745577 0.42082864696877559 1.40902865898332919 1.04898891681110062 0.08352367537060103 0.90000000000000002 1.07992247466812508 
1.02950465587983020 0.47155719313743166 1.85352792664386423 1.13023256983763631 0.06942881934840317 1.00000000000000000 1.07992247466812508 

ZONE I=2, J=2
0.96449841981745577 0.42082864696877559 1.43300543926525203 1.04898891681110062 0.08352367537060103 0.90000000000000002 1.07992247466812508 
1.02950465587983020 0.47155719313743166 1.83133352901493551 1.13023256983763631 0.06942881934840317 1.00000000000000000 1.07992247466812508 
0.98206414042250123 0.39705297968513198 1.45979517532135294 1.05639860031388899 0.07824986795825425 0.90000000000000002 1.11264739814291680 
1.04943268681213220 0.44422238073266990 1.85812326507103642 1.13768210581520313 0.06574126406920391 1.00000000000000000 1.11264739814291680 

ZONE I=2, J=2
0.98206414042250123 0.39705297968513198 1.48148884925912361 1.05639860031388899 0.07824986795825425 0.90000000000000002 1.11264739814291680 
1.04943268681213220 0.44422238073266990 1.83803760593825150 1.13768210581520313 0.06574126406920391 1.00000000000000000 1.11264739814291680 
0.99845897490116964 0.37232563085588721 1.50548898117062935 1.06312156613567588 0.07293308967921504 0.90000000000000002 1.14537232161770830 
1.06793507056851711 0.41596794654624147 1.86203773784975724 1.14441631885821704 0.06185415616664874 1.00000000000000000 1.14537232161770830 

ZONE I=2, J=2
0.99845897490116964 0.37232563085588721 1.52486621903519315 1.06312156613567588 0.07293308967921504 0.90000000000000002 1.14537232161770830 
1.06793507056851711 0.41596794654624147 1.84409330487411149 1.14441631885821704 0.06185415616664874 1.00000000000000000 1.14537232161770830 
1.01367086149048191 0.34673987616433755 1.54628870565334631 1.06920136758230644 0.06756916987385202 0.90000000000000002 1.17809724509250002 
1.08502396641418186 0.38688875953255419 1.86551579149226465 1.15048735329545382 0.05778208937918025 1.00000000000000000 1.17809724509250002 

ZONE I=2, J=2
1.01367086149048191 0.34673987616433755 1.56341938744814679 1.06920136758230644 0.06756916987385202 0.90000000000000002 1.17809724509250002 
1.08502396641418186 0.38688875953255419 1.84964920736513583 1.15048735329545382 0.05778208937918025 1.00000000000000000 1.17809724509250002 
1.02769030438992370 0.32038263704763470 1.58246026090975511 1.07467624600249545 0.06215595013057143 0.90000000000000002 1.21082216856729175 
1.10071083972760375 0.35707110418147070 1.86869008082674415 1.15594011210610592 0.05354048336861163 1.00000000000000000 1.21082216856729175 

ZONE I=2, J=2
1.02769030438992370 0.32038263704763470 1.59747164799337282 1.07467624600249545 0.06215595013057143 0.90000000000000002 1.21082216856729175 
1.10071083972760375 0.35707110418147070 1.85478452544959582 1.15594011210610592 0.05354048336861163 1.00000000000000000 1.21082216856729175 
1.04050974589239398 0.29333515394368032 1.61430867910394227 1.07957952345686148 0.05669300105720874 0.90000000000000002 1.24354709204208325 
1.11500598075580171 0.32659419763470882 1.87162155656016527 1.16081302200353398 0.04914504040988716 1.00000000000000000 1.24354709204208325 

ZONE I=2, J=2
1.04050974589239398 0.29333515394368032 1.62735464890807813 1.07957952345686148 0.05669300105720874 0.90000000000000002 1.24354709204208325 
1.11500598075580171 0.32659419763470882 1.85953529061920464 1.16081302200353398 0.04914504040988716 1.00000000000000000 1.24354709204208325 
1.05212309359511358 0.26567368500023308 1.64214654443378394 1.08394002632161079 0.05118134734120030 0.90000000000000002 1.27627201551687497 
1.12791830521811565 0.29553148802819690 1.87432718614491045 1.16513878429454620 0.04461139983113438 1.00000000000000000 1.27627201551687497 

ZONE I=2, J=2
1.05212309359511358 0.26567368500023308 1.65338765198059701 1.08394002632161079 0.05118134734120030 0.90000000000000002 1.27627201551687497 
1.12791830521811565 0.29553148802819690 1.86391206606954540 1.16513878429454620 0.04461139983113438 1.00000000000000000 1.27627201551687497 
1.06252537404488256 0.23747018690934474 1.66627418839102326 1.08778250689341216 0.04562321620250559 0.90000000000000002 1.30899693899166669 
1.13945533017769862 0.26395174447086367 1.87679860247997166 1.16894506977830703 0.03995493361987930 1.00000000000000000 1.30899693899166669 

ZONE I=2, J=2
1.06252537404488256 0.23747018690934474 1.67586530233139452 1.08778250689341216 0.04562321620250559 0.90000000000000002 1.30899693899166669 
1.13945533017769862 0.26395174447086367 1.86791158170333116 1.16894506977830703 0.03995493361987930 1.00000000000000000 1.30899693899166669 
1.07171248555631360 0.20879295331088571 1.68696799012452603 1.09112804167296451 0.04002181560717217 0.90000000000000002 1.34172186246645841 
1.14962325152409273 0.23191996177502053 1.87901426949646266 1.17225513774406886 0.03519064005084746 1.00000000000000000 1.34172186246645841 

ZONE I=2, J=2
1.07171248555631360 0.20879295331088571 1.69505107768289731 1.09112804167296451 0.04002181560717217 0.90000000000000002 1.34172186246645841 
1.14962325152409273 0.23191996177502053 1.87152412494778053 1.17225513774406886 0.03519064005084746 1.00000000000000000 1.34172186246645841 
1.07968102640253960 0.17970719916848893 1.70447408612051099 1.09399439358051209 0.03438114339331685 0.90000000000000002 1.37444678594125014 
1.15842707364204056 0.19949810742727361 1.88094713338539421 1.17508837226816754 0.03033310360108908 1.00000000000000000 1.37444678594125014 

ZONE I=2, J=2
1.07968102640253960 0.17970719916848893 1.71117438408180256 1.09399439358051209 0.03438114339331685 0.90000000000000002 1.37444678594125014 
1.15842707364204056 0.19949810742727361 1.87473804746784412 1.17508837226816754 0.03033310360108908 1.00000000000000000 1.37444678594125014 
1.08642817870643205 0.15027558808574626 1.71900555077902784 1.09639633137057246 0.02870582552447912 0.90000000000000002 1.40717170941604164 
1.16587075906880733 0.16674573817659633 1.88256921416506939 1.17746073646467075 0.02539649849507713 1.00000000000000000 1.40717170941604164 

ZONE I=2, J=2
1.08642817870643205 0.15027558808574626 1.72442987141273085 1.09639633137057246 0.02870582552447912 0.90000000000000002 1.40717170941604164 
1.16587075906880733 0.16674573817659633 1.87754237112706890 1.17746073646467075 0.02539649849507713 1.00000000000000000 1.40717170941604164 
1.09195163239450066 0.12055870492101059 1.73074168594449085 1.09834590349848882 0.02300098018203625 0.90000000000000002 1.43989663289083336 
1.17195737782645470 0.13372051135728563 1.88385418565882889 1.17938514916425685 0.02039462013171809 1.00000000000000000 1.43989663289083336 

ZONE I=2, J=2
1.09195163239450066 0.12055870492101059 1.73497798992183516 1.09834590349848882 0.02300098018203625 0.90000000000000002 1.43989663289083336 
1.17195737782645470 0.13372051135728563 1.87992818737947975 1.17938514916425685 0.02039462013171809 1.00000000000000000 1.43989663289083336 
1.09624953715815110 0.09061547925320684 1.73982848369789411 1.09985266614716948 0.01727210377202243 0.90000000000000002 1.47262155636562508 
1.17668924408118469 0.10047861301581296 1.88477868115553870 1.18087179006106768 0.01534093373626757 1.00000000000000000 1.47262155636562508 

ZONE I=2, J=2
1.09624953715815110 0.09061547925320684 1.74294613106105212 1.09985266614716948 0.01727210377202243 0.90000000000000002 1.47262155636562508 
1.17668924408118469 0.10047861301581296 1.88188932917070639 1.18087179006106768 0.01534093373626757 1.00000000000000000 1.47262155636562508 
1.09932047337882022 0.06050356699269228 1.74637963383342143 1.10092386647079499 0.01152497477948066 0.90000000000000002 1.50534647984041658 
1.18006803295868967 0.06707512181790537 1.88532283194307571 1.18192833957679078 0.01024863323219109 1.00000000000000000 1.50534647984041658 

ZONE I=2, J=2
1.09932047337882022 0.06050356699269228 1.74842992292669064 1.10092386647079499 0.01152497477948066 0.90000000000000002 1.50534647984041658 
1.18006803295868967 0.06707512181790537 1.88342263840941793 1.18192833957679078 0.01024863323219109 1.00000000000000000 1.50534647984041658 
1.10116343542667017 0.03027969826508117 1.75047766368585456 1.10156458268810020 0.00576557151390018 0.90000000000000002 1.53807140331520831 
1.18209487358536758 0.03356432495361319 1.88547037916858184 1.18256015911391565 0.00513070588402088 1.00000000000000000 1.53807140331520831 

ZONE I=2, J=2
1.10116343542667017 0.03027969826508117 1.75149440667802714 1.10156458268810020 0.00576557151390018 0.90000000000000002 1.53807140331520831 
1.18209487358536758 0.03356432495361319 1.88452804077153879 1.18256015911391565 0.00513070588402088 1.00000000000000000 1.53807140331520831 
1.10177782271619007 0.00000000000539495 1.75217494669824592 1.10177782271619007 0.00000000000000000 0.90000000000000002 1.57079632679000003 
1.18277041635804037 0.00000000000579154 1.88520858079175757 1.18277041635804037 0.00000000000000000 1.00000000000000000 1.57079632679000003 

