ZONE I=2, J=2
0.00000000000000000 0.84950942847337974 0.83581135012808694 0.84950942847337974 0.00000000000000000 0.90000000000000002 0.00000000000000000 
0.00000000000000000 0.95000001907349718 -1.18490623240905801 0.95000001907349718 0.00000000000000000 1.00000000000000000 0.00000000000000000 
0.03080265202837855 0.84955168158987127 0.83272625606649886 0.85010465550291991 0.00298960807148994 0.90000000000000002 0.03272492347479167 
0.03126320345927151 0.95000001907349685 -1.18799132647064631 0.95051428050908982 0.00016333544395279 1.00000000000000000 0.03272492347479167 

ZONE I=2, J=2
0.03080265202837855 0.84955168158987127 0.80174510799129051 0.85010465550291991 0.00298960807148994 0.90000000000000002 0.03272492347479167 
0.03126320345927151 0.95000001907349685 -1.15818263849432013 0.95051428050908982 0.00016333544395279 1.00000000000000000 0.03272492347479167 
0.06149212484733858 0.84965318793701172 0.79581758097283650 0.85185579262909883 0.00579048823654544 0.90000000000000002 0.06544984694958333 
0.06262411421257080 0.95000001907349729 -1.16411016551277413 0.95206180914410077 0.00035705716101915 1.00000000000000000 0.06544984694958333 

ZONE I=2, J=2
0.06149212484733858 0.84965318793701172 0.72152524954021979 0.85185579262909883 0.00579048823654544 0.90000000000000002 0.06544984694958333 
0.06262411421257080 0.95000001907349729 -1.09475985757923455 0.95206180914410077 0.00035705716101915 1.00000000000000000 0.06544984694958333 
0.09194213401255834 0.84971783459826045 0.72340791980107744 0.85463811602486650 0.00821249527285985 0.90000000000000002 0.09817477042437500 
0.09416984165367819 0.95000001907349751 -1.09287718731837691 0.95465576790442130 0.00060010294455969 1.00000000000000000 0.09817477042437500 

ZONE I=2, J=2
0.09194213401255834 0.84971783459826045 0.58520658233219824 0.85463811602486650 0.00821249527285985 0.90000000000000002 0.09817477042437500 
0.09416984165367819 0.95000001907349751 -0.96552807618590475 0.95465576790442130 0.00060010294455969 1.00000000000000000 0.09817477042437500 
0.12203529183106482 0.84953009354555764 0.61871977353658980 0.85819104778732314 0.01010533470566687 0.90000000000000002 0.13089969389916667 
0.12595468446568880 0.95000001877436246 -0.93201488498151319 0.95831302227444914 0.00087723962026286 1.00000000000000000 0.13089969389916667 

ZONE I=2, J=2
0.12203529183106482 0.84953009354555764 0.39602764046564753 0.85819104778732314 0.01010533470566687 0.90000000000000002 0.13089969389916667 
0.12595468446568880 0.95000001877436246 -0.70272338215789620 0.95831302227444914 0.00087723962026286 1.00000000000000000 0.13089969389916667 
0.15183262606208212 0.84886608613866699 0.45727032717585936 0.86226091122082482 0.01152820514736004 0.90000000000000002 0.16362461737395834 
0.15791771430779200 0.94969107567542188 -0.64148069544768438 0.96273044818522979 0.00110808248959490 1.00000000000000000 0.16362461737395834 

ZONE I=2, J=2
0.15183262606208212 0.84886608613866699 0.26947743649505068 0.86226091122082482 0.01152820514736004 0.90000000000000002 0.16362461737395834 
0.15791771430779200 0.94969107567542188 -0.46700355767670471 0.96273044818522979 0.00110808248959490 1.00000000000000000 0.16362461737395834 
0.18125536692694572 0.84744084181893886 0.28725464316771371 0.86651867156945928 0.01244508915648965 0.90000000000000002 0.19634954084875000 
0.19005133333072266 0.94803774270483476 -0.44922635100404168 0.96689863913069130 0.00144656174464289 1.00000000000000000 0.19634954084875000 

ZONE I=2, J=2
0.18125536692694572 0.84744084181893886 0.16326719579094340 0.86651867156945928 0.01244508915648965 0.90000000000000002 0.19634954084875000 
0.19005133333072266 0.94803774270483476 -0.33530380958211786 0.96689863913069130 0.00144656174464289 1.00000000000000000 0.19634954084875000 
0.21032047129529233 0.84506633197558489 0.17445667511448654 0.87074943333471300 0.01293176058468536 0.90000000000000002 0.22907446432354167 
0.22232561457273448 0.94519327342924675 -0.32411433025857478 0.97098683969452526 0.00188684156122489 1.00000000000000000 0.22907446432354167 

ZONE I=2, J=2
0.21032047129529233 0.84506633197558489 0.07890584608767356 0.87074943333471300 0.01293176058468536 0.90000000000000002 0.22907446432354167 
0.22232561457273448 0.94519327342924675 -0.23450201627844749 0.97098683969452526 0.00188684156122489 1.00000000000000000 0.22907446432354167 
0.23908775880646785 0.84161067554517810 0.09099047298383536 0.87481395261965822 0.01311616958876241 0.90000000000000002 0.26179938779833334 
0.25463340329361422 0.94109950720250746 -0.22241738938228570 0.97493629340647336 0.00238250467737168 1.00000000000000000 0.26179938779833334 

ZONE I=2, J=2
0.23908775880646785 0.84161067554517810 0.01725388418016550 0.87481395261965822 0.01311616958876241 0.90000000000000002 0.26179938779833334 
0.25463340329361422 0.94109950720250746 -0.15324581563548439 0.97493629340647336 0.00238250467737168 1.00000000000000000 0.26179938779833334 
0.26756990431077560 0.83701502941446937 0.02997657868589709 0.87864488657663575 0.01307579639308174 0.90000000000000002 0.29452431127312501 
0.28686774987896990 0.93569445731883660 -0.14052312112975279 0.97867708031778244 0.00289755732923553 1.00000000000000000 0.29452431127312501 

ZONE I=2, J=2
0.26756990431077560 0.83701502941446937 -0.02617394040591141 0.87864488657663575 0.01307579639308174 0.90000000000000002 0.29452431127312501 
0.28686774987896990 0.93569445731883660 -0.08797613432364600 0.97867708031778244 0.00289755732923553 1.00000000000000000 0.29452431127312501 
0.29575705440254252 0.83124643975189227 -0.01348017162063898 0.88220028826338315 0.01286585469638559 0.90000000000000002 0.32724923474791667 
0.31892818993345673 0.92894222552604111 -0.07528236553837357 0.98215948875315773 0.00340401992371019 1.00000000000000000 0.32724923474791667 

ZONE I=2, J=2
0.29575705440254252 0.83124643975189227 -0.05525891960579378 0.88220028826338315 0.01286585469638559 0.90000000000000002 0.32724923474791667 
0.31892818993345673 0.92894222552604111 -0.03626643392984888 0.98215948875315773 0.00340401992371019 1.00000000000000000 0.32724923474791667 
0.32362793631347420 0.82428967782365870 -0.04304226517806052 0.88545555091510586 0.01252922514665453 0.90000000000000002 0.35997415822270834 
0.35072332718760946 0.92083080720967536 -0.02404977950211562 0.98535331881719301 0.00388134460108183 1.00000000000000000 0.35997415822270834 

ZONE I=2, J=2
0.32362793631347420 0.82428967782365870 -0.07308484803106716 0.88545555091510586 0.01252922514665453 0.90000000000000002 0.35997415822270834 
0.35072332718760946 0.92083080720967536 0.00396198017934564 0.98535331881719301 0.00388134460108183 1.00000000000000000 0.35997415822270834 
0.35115501132880789 0.81614384556311048 -0.06163552713771508 0.88839979952830572 0.01210019958280730 0.90000000000000002 0.39269908169750001 
0.38217113755406434 0.91136708551870593 0.01541130107269771 0.98824395958525091 0.00431500747309873 1.00000000000000000 0.39269908169750001 

ZONE I=2, J=2
0.35115501132880789 0.81614384556311048 -0.08216894280447504 0.88839979952830572 0.01210019958280730 0.90000000000000002 0.39269908169750001 
0.38217113755406434 0.91136708551870593 0.03453293215479792 0.98824395958525091 0.00431500747309873 1.00000000000000000 0.39269908169750001 
0.37830740094201915 0.80681960376762696 -0.07167201337497528 0.89103291410495378 0.01160640396032205 0.90000000000000002 0.42542400517229167 
0.41319881240086576 0.90057244331707942 0.04502986158429766 0.99082891492306213 0.00469527251257545 1.00000000000000000 0.42542400517229167 

ZONE I=2, J=2
0.37830740094201915 0.80681960376762696 -0.08459846521234997 0.89103291410495378 0.01160640396032205 0.90000000000000002 0.42542400517229167 
0.41319881240086576 0.90057244331707942 0.05705378146085483 0.99082891492306213 0.00469527251257545 1.00000000000000000 0.42542400517229167 
0.40505278596473959 0.79633671773706072 -0.07515978416574610 0.89336296139386651 0.01107007875370202 0.90000000000000002 0.45814892864708334 
0.44374244166781396 0.88847903771109582 0.06649246250745870 0.99311489366610706 0.00501627031816047 1.00000000000000000 0.45814892864708334 

ZONE I=2, J=2
0.40505278596473959 0.79633671773706072 -0.08210446615754559 0.89336296139386651 0.01107007875370202 0.90000000000000002 0.45814892864708334 
0.44374244166781396 0.88847903771109582 0.07294236011271853 0.99311489366610706 0.00501627031816047 1.00000000000000000 0.45814892864708334 
0.43135868250205667 0.78472192622055881 -0.07376761448890266 0.89540402866732671 0.01050903932504193 0.90000000000000002 0.49087385212187501 
0.47374651196174072 0.87512664125878248 0.08127921178136145 0.99511535374532967 0.00527527981255865 1.00000000000000000 0.49087385212187501 

ZONE I=2, J=2
0.43135868250205667 0.78472192622055881 -0.07611041908768110 0.89540402866732671 0.01050903932504193 0.90000000000000002 0.49087385212187501 
0.47374651196174072 0.87512664125878248 0.08344439254465211 0.99511535374532967 0.00527527981255865 1.00000000000000000 0.49087385212187501 
0.45719327897060635 0.77200712391278326 -0.06887076711281553 0.89717442069631825 0.00993743207312361 0.90000000000000002 0.52359877559666668 
0.50316321518341101 0.86056001529165449 0.09068404451951767 0.99684844231539438 0.00547211895448976 1.00000000000000000 0.52359877559666668 

ZONE I=2, J=2
0.45719327897060635 0.77200712391278326 -0.06777121209466759 0.89717442069631825 0.00993743207312361 0.90000000000000002 0.52359877559666668 
0.50316321518341101 0.86056001529165449 0.08964549692636813 0.99684844231539438 0.00547211895448976 1.00000000000000000 0.52359877559666668 
0.48252594995482750 0.75822783710827213 -0.06158826723101531 0.89869517464218074 0.00936634510134016 0.90000000000000002 0.55632369907145840 
0.53195161029877736 0.84482679089800805 0.09582844179002041 0.99833529734315518 0.00560860029267044 1.00000000000000000 0.55632369907145840 

ZONE I=2, J=2
0.48252594995482750 0.75822783710827213 -0.05800793769545816 0.89869517464218074 0.00936634510134016 0.90000000000000002 0.55632369907145840 
0.53195161029877736 0.84482679089800805 0.09248142242776833 0.99833529734315518 0.00560860029267044 1.00000000000000000 0.55632369907145840 
0.50732753304087097 0.74342196964514751 -0.05281599800593645 0.89998885262680572 0.00880431030190604 0.90000000000000002 0.58904862254625001 
0.56007670156656575 0.82797582077584408 0.09767336211729002 0.99959867829454940 0.00568803823004409 1.00000000000000000 0.58904862254625001 

ZONE I=2, J=2
0.50732753304087097 0.74342196964514751 -0.04754020183066489 0.89998885262680572 0.00880431030190604 0.90000000000000002 0.58904862254625001 
0.56007670156656575 0.82797582077584408 0.09274850800356288 0.99959867829454940 0.00568803823004409 1.00000000000000000 0.58904862254625001 
0.53157043638327139 0.72762879471098074 -0.04325725959995147 0.90107857690173809 0.00825772232485984 0.90000000000000002 0.62177354602104162 
0.58750849654021398 0.81005595158909827 0.09703145023427628 1.00066189053790233 0.00571480856838319 1.00000000000000000 0.62177354602104162 

ZONE I=2, J=2
0.53157043638327139 0.72762879471098074 -0.03691628354440532 0.90107857690173809 0.00825772232485984 0.90000000000000002 0.62177354602104162 
0.58750849654021398 0.81005595158909827 0.09111505129217351 1.00066189053790233 0.00571480856838319 1.00000000000000000 0.62177354602104162 
0.55522863070018935 0.71088816645739994 -0.03345122015412214 0.90198727608407658 0.00773119271516812 0.90000000000000002 0.65449846949583335 
0.61422109666146563 0.79111515799270782 0.09458011468245670 1.00154796567946880 0.00569396462566224 1.00000000000000000 0.65449846949583335 

ZONE I=2, J=2
0.55522863070018935 0.71088816645739994 -0.02654098704765966 0.90198727608407658 0.00773119271516812 0.90000000000000002 0.65449846949583335 
0.61422109666146563 0.79111515799270782 0.08813354609116077 1.00154796567946880 0.00569396462566224 1.00000000000000000 0.65449846949583335 
0.57827756770245031 0.69323992424179759 -0.02379918922758498 0.90273711346020824 0.00722785252799495 0.90000000000000002 0.68722339297062507 
0.64019185904274811 0.77119997677672403 0.09087534391123546 1.00227905963445418 0.00563091318560200 1.00000000000000000 0.68722339297062507 

ZONE I=2, J=2
0.57827756770245031 0.69323992424179759 -0.01670092643051698 0.90273711346020824 0.00722785252799495 0.90000000000000002 0.68722339297062507 
0.64019185904274811 0.77119997677672403 0.08425342042689060 1.00227905963445418 0.00563091318560200 1.00000000000000000 0.68722339297062507 
0.60069405703609313 0.67472346208217215 -0.01458850829171785 0.90334907049562430 0.00674961312409934 0.90000000000000002 0.71994831644541668 
0.66540065390532288 0.75035518151290070 0.08636583856568975 1.00287603172682394 0.00553115076163077 1.00000000000000000 0.71994831644541668 

ZONE I=2, J=2
0.60069405703609313 0.67472346208217215 -0.00758704817244514 0.90334907049562430 0.00674961312409934 0.90000000000000002 0.71994831644541668 
0.66540065390532288 0.75035518151290070 0.07983381827497819 1.00287603172682394 0.00553115076163077 1.00000000000000000 0.71994831644541668 
0.62245612545361095 0.65537743663832604 -0.00601388705015221 0.90384266076617270 0.00629739219596643 0.90000000000000002 0.75267323992020829 
0.68982922998115692 0.72862364316989159 0.08140697939727111 1.00335817099338276 0.00540005771961605 1.00000000000000000 0.75267323992020829 

ZONE I=2, J=2
0.62245612545361095 0.65537743663832604 0.00068568249203463 0.90384266076617270 0.00629739219596643 0.90000000000000002 0.75267323992020829 
0.68982922998115692 0.72862364316989159 0.07515600306786369 1.00335817099338276 0.00540005771961605 1.00000000000000000 0.75267323992020829 
0.64354287502002960 0.63523958858028351 0.00180388719121387 0.90423575167420644 0.00587131014989274 0.90000000000000002 0.78539816339500002 
0.71346069069976847 0.70604632900370679 0.07627420776704291 1.00374303957422062 0.00524274543591241 1.00000000000000000 0.78539816339500002 

ZONE I=2, J=2
0.64354287502002960 0.63523958858028351 0.00806138340987602 0.90423575167420644 0.00587131014989274 0.90000000000000002 0.78539816339500002 
0.71346069069976847 0.70604632900370679 0.07043505051291994 1.00374303957422062 0.00524274543591241 1.00000000000000000 0.78539816339500002 
0.66393435159959846 0.61434665435189417 0.00880183254731948 0.90454447355092626 0.00547086061077578 0.90000000000000002 0.81812308686979174 
0.73627907718869190 0.68266239952912089 0.07117549965036342 1.00404640711769866 0.00506395011125258 1.00000000000000000 0.81812308686979174 

ZONE I=2, J=2
0.66393435159959846 0.61434665435189417 0.01452899894688492 0.90454447355092626 0.00547086061077578 0.90000000000000002 0.81812308686979174 
0.73627907718869190 0.68266239952912089 0.06583060182434844 1.00404640711769866 0.00506395011125258 1.00000000000000000 0.81812308686979174 
0.68361143052321216 0.59273434785298895 0.01496112293142342 0.90478319803792340 0.00509505789648279 0.90000000000000002 0.85084801034458335 
0.75826904969118303 0.65850937076594973 0.06626272580888695 1.00428225415578187 0.00486796609667715 1.00000000000000000 0.85084801034458335 

ZONE I=2, J=2
0.68361143052321216 0.59273434785298895 0.02011047021447252 0.90478319803792340 0.00509505789648279 0.90000000000000002 0.85084801034458335 
0.75826904969118303 0.65850937076594973 0.06145654509311412 1.00428225415578187 0.00486796609667715 1.00000000000000000 0.85084801034458335 
0.70255572304868485 0.57043739424192141 0.02029571598438099 0.90496456992932095 0.00474256371730642 0.90000000000000002 0.88357293381937496 
0.77941565648411715 0.63362331575611652 0.06164179086302259 1.00446282618197125 0.00465861147445322 1.00000000000000000 0.88357293381937496 

ZONE I=2, J=2
0.70255572304868485 0.57043739424192141 0.02485107807161549 0.90496456992932095 0.00474256371730642 0.90000000000000002 0.88357293381937496 
0.77941565648411715 0.63362331575611652 0.05738957266102721 1.00446282618197125 0.00465861147445322 1.00000000000000000 0.88357293381937496 
0.72074950482809497 0.54748960073805319 0.02484302985056296 0.90509957888132142 0.00441179499881503 0.90000000000000002 0.91629785729416668 
0.79970417828682105 0.60803908531760231 0.05738152443997468 1.00459872355979329 0.00443921899665222 1.00000000000000000 0.91629785729416668 

ZONE I=2, J=2
0.72074950482809497 0.54748960073805319 0.02881168951034025 0.90509957888132142 0.00441179499881503 0.90000000000000002 0.91629785729416668 
0.79970417828682105 0.60803908531760231 0.05367662336725447 1.00459872355979329 0.00443921899665222 1.00000000000000000 0.91629785729416668 
0.73817566592374750 0.52392395186081853 0.02865642309108886 0.90519765950608067 0.00410101452559504 0.90000000000000002 0.94902278076895841 
0.81912003606390804 0.58179053305586281 0.05352135694800307 1.00469901535096939 0.00421264614650171 1.00000000000000000 0.94902278076895841 

ZONE I=2, J=2
0.73817566592374750 0.52392395186081853 0.03206264037430936 0.90519765950608067 0.00410101452559504 0.90000000000000002 0.94902278076895841 
0.81912003606390804 0.58179053305586281 0.05034126141913654 1.00469901535096939 0.00421264614650171 1.00000000000000000 0.94902278076895841 
0.75481768081430334 0.49977271889902147 0.03179923171209053 0.90526681032133294 0.00380840599773035 0.90000000000000002 0.98174770424375002 
0.83764875069570655 0.55491073381174383 0.05007785275691771 1.00477136767552722 0.00398129891069586 1.00000000000000000 0.98174770424375002 

ZONE I=2, J=2
0.75481768081430334 0.49977271889902147 0.03467900163466779 0.90526681032133294 0.00380840599773035 0.90000000000000002 0.98174770424375002 
0.83764875069570655 0.55491073381174383 0.04738907110062603 1.00477136767552722 0.00398129891069586 1.00000000000000000 0.98174770424375002 
0.77065959617123214 0.47506757551520978 0.03434012852773445 0.90531372379898978 0.00353213503602728 0.90000000000000002 1.01447262771854163 
0.85527594395321538 0.52743218806518555 0.04705019799369269 1.00482217932766593 0.00374716472722426 1.00000000000000000 1.01447262771854163 

ZONE I=2, J=2
0.77065959617123214 0.47506757551520978 0.03673699795296366 0.90531372379898978 0.00353213503602728 0.90000000000000002 1.01447262771854163 
0.85527594395321538 0.52743218806518555 0.04481216177880670 1.00482217932766593 0.00374716472722426 1.00000000000000000 1.01447262771854163 
0.78568603384968372 0.44983971323580241 0.03634958854976802 0.90534392133035702 0.00327039763448541 0.90000000000000002 1.04719755119333335 
0.87198737137822280 0.49938700744111802 0.04442475237561107 1.00485671911330421 0.00351185092849503 1.00000000000000000 1.04719755119333335 

ZONE I=2, J=2
0.78568603384968372 0.44983971323580241 0.03831137233480736 0.90534392133035702 0.00327039763448541 0.90000000000000002 1.04719755119333335 
0.87198737137822280 0.49938700744111802 0.04259288386507523 1.00485671911330421 0.00351185092849503 1.00000000000000000 1.04719755119333335 
0.79988220643495811 0.42411995215762355 0.03789726635441910 0.90536188829876207 0.00302145751945083 0.90000000000000002 1.07992247466812508 
0.88776897890004836 0.47080707848918024 0.04217877788468698 1.00487926079514867 0.00327662578688050 1.00000000000000000 1.07992247466812508 

ZONE I=2, J=2
0.79988220643495811 0.42411995215762355 0.03947351674169668 0.90536188829876207 0.00302145751945083 0.90000000000000002 1.07992247466812508 
0.88776897890004836 0.47080707848918024 0.04070685617521784 1.00487926079514867 0.00327662578688050 1.00000000000000000 1.07992247466812508 
0.81323394274281291 0.39793884352782444 0.03905011497368131 0.90537120562635987 0.00278367382334575 0.90000000000000002 1.11264739814291680 
0.90260697623161446 0.44172420343860636 0.04028345440720248 1.00489321267626042 0.00304245996417342 1.00000000000000000 1.11264739814291680 

ZONE I=2, J=2
0.81323394274281291 0.39793884352782444 0.04029021390215535 0.90537120562635987 0.00278367382334575 0.90000000000000002 1.11264739814291680 
0.90260697623161446 0.44172420343860636 0.03912540073693386 1.00489321267626042 0.00304245996417342 1.00000000000000000 1.11264739814291680 
0.82572772083297163 0.37132676194746028 0.03987109911351839 0.90537467515157621 0.00255552041230220 0.90000000000000002 1.14537232161770830 
0.91648792122593303 0.41217021775871698 0.03870628594829690 1.00490123976693124 0.00281006675804798 1.00000000000000000 1.14537232161770830 

ZONE I=2, J=2
0.82572772083297163 0.37132676194746028 0.04082285913064309 0.90537467515157621 0.00255552041230220 0.90000000000000002 1.14537232161770830 
0.91648792122593303 0.41217021775871698 0.03781747414184853 1.00490123976693124 0.00281006675804798 1.00000000000000000 1.14537232161770830 
0.83735070631816577 0.34431398583363021 0.04041837734063774 0.90537443701133269 0.00233559812142078 0.90000000000000002 1.17809724509250002 
0.92939881041040995 0.38217708516557325 0.03741299235184318 1.00490537720095285 0.00257994002828141 1.00000000000000000 1.17809724509250002 

ZONE I=2, J=2
0.83735070631816577 0.34431398583363021 0.04112705224509104 0.90537443701133269 0.00233559812142078 0.90000000000000002 1.17809724509250002 
0.92939881041040995 0.38217708516557325 0.03675117627791959 1.00490537720095285 0.00257994002828141 1.00000000000000000 1.17809724509250002 
0.84809079400504039 0.31693076547724680 0.04074484771822436 0.90537207786470897 0.00212264105135844 0.90000000000000002 1.21082216856729175 
0.94132717183703651 0.35177697127444929 0.03636897175105292 1.00490713412899635 0.00235238908044964 1.00000000000000000 1.21082216856729175 

ZONE I=2, J=2
0.84809079400504039 0.31693076547724680 0.04125246838309524 0.90537207786470897 0.00212264105135844 0.90000000000000002 1.21082216856729175 
0.94132717183703651 0.35177697127444929 0.03589490854006262 1.00490713412899635 0.00235238908044964 1.00000000000000000 1.21082216856729175 
0.85793665116664031 0.28920737857934159 0.04089796896786581 0.90536872932008916 0.00191551796942366 0.90000000000000002 1.24354709204208325 
0.95226115718869386 0.32100229746210451 0.03554040912483319 1.00490758774714606 0.00212757009558219 1.00000000000000000 1.24354709204208325 

ZONE I=2, J=2
0.85793665116664031 0.28920737857934159 0.04124293273607294 0.90536872932008916 0.00191551796942366 0.90000000000000002 1.24354709204208325 
0.95226115718869386 0.32100229746210451 0.03521824494460431 1.00490758774714606 0.00212757009558219 1.00000000000000000 1.24354709204208325 
0.86687776100380265 0.26117417356289396 0.04091978453277039 0.90536515633366321 0.00171322974180390 0.90000000000000002 1.27627201551687497 
0.96218963076863262 0.28988577671755900 0.03489509674130176 1.00490746744089354 0.00190551393316777 1.00000000000000000 1.27627201551687497 

ZONE I=2, J=2
0.86687776100380265 0.26117417356289396 0.04113663802092320 0.90536515633366321 0.00171322974180390 0.90000000000000002 1.27627201551687497 
0.96218963076863262 0.28988577671755900 0.03469257134956456 1.00490746744089354 0.00190551393316777 1.00000000000000000 1.27627201551687497 
0.87490446509467079 0.23286160126211719 0.04084709002206513 0.90536183565026407 0.00151490360532261 0.90000000000000002 1.30899693899166669 
0.97110225357834756 0.25846043336198204 0.03440302335070650 1.00490722925836673 0.00168615031395120 1.00000000000000000 1.30899693899166669 

ZONE I=2, J=2
0.87490446509467079 0.23286160126211719 0.04096645515713482 0.90536183565026407 0.00151490360532261 0.90000000000000002 1.30899693899166669 
0.97110225357834756 0.25846043336198204 0.03429154036454479 1.00490722925836673 0.00168615031395120 1.00000000000000000 1.30899693899166669 
0.88200800385183065 0.20430023580758691 0.04071169561540260 0.90535902457387429 0.00131978497092768 0.90000000000000002 1.34172186246645841 
0.97898956116747082 0.22675960853709831 0.03403678082281256 1.00490712108755442 0.00146932851955317 1.00000000000000000 1.34172186246645841 

ZONE I=2, J=2
0.88200800385183065 0.20430023580758691 0.04076029735466832 0.90535902457387429 0.00131978497092768 0.90000000000000002 1.34172186246645841 
0.97898956116747082 0.22675960853709831 0.03399138259451799 1.00490712108755442 0.00146932851955317 1.00000000000000000 1.34172186246645841 
0.88818055420168784 0.17552078567139764 0.04054074431409364 0.90535682049855104 0.00112722734023241 0.90000000000000002 1.37444678594125014 
0.98584303432730302 0.19481695332090071 0.03377182955394331 1.00490723901384560 0.00125483483843332 1.00000000000000000 1.37444678594125014 

ZONE I=2, J=2
0.88818055420168784 0.17552078567139764 0.04054150588089567 0.90535682049855104 0.00112722734023241 0.90000000000000002 1.37444678594125014 
0.98584303432730302 0.19481695332090071 0.03377110867408475 1.00490723901384560 0.00125483483843332 1.00000000000000000 1.37444678594125014 
0.89341526386971803 0.14655409592769567 0.04035705466768594 0.90535521171396394 0.00093668081319191 0.90000000000000002 1.40717170941604164 
0.99165516200679849 0.16266641124907200 0.03358665746087502 1.00490757538736997 0.00104240705061950 1.00000000000000000 1.40717170941604164 

ZONE I=2, J=2
0.89341526386971803 0.14655409592769567 0.04032923244106968 0.90535521171396394 0.00093668081319191 0.90000000000000002 1.40717170941604164 
0.99165516200679849 0.16266641124907200 0.03361263099169810 1.00490757538736997 0.00104240705061950 1.00000000000000000 1.40717170941604164 
0.89770628179806766 0.11743114283387791 0.04017946300925782 0.90535412003383575 0.00074767957128390 0.90000000000000002 1.43989663289083336 
0.99641949606576730 0.13034219191587026 0.03346286155988624 1.00490805914347670 0.00083174628460927 1.00000000000000000 1.43989663289083336 

ZONE I=2, J=2
0.89770628179806766 0.11743114283387791 0.04013879856706802 0.90535412003383575 0.00074767957128390 0.90000000000000002 1.43989663289083336 
0.99641949606576730 0.13034219191587026 0.03350082909689459 1.00490805914347670 0.00083174628460927 1.00000000000000000 1.43989663289083336 
0.90104878434013758 0.08818302185816267 0.04002314551162454 0.90535343579000882 0.00055982863755929 0.90000000000000002 1.47262155636562508 
1.00013069765399343 0.09787873721237567 0.03338517604145111 1.00490858890188584 0.00062252660474798 1.00000000000000000 1.47262155636562508 

ZONE I=2, J=2
0.90104878434013758 0.08818302185816267 0.03998201690509483 0.90535343579000882 0.00055982863755929 0.90000000000000002 1.47262155636562508 
1.00013069765399343 0.09787873721237567 0.03342357840163458 1.00490858890188584 0.00062252660474798 1.00000000000000000 1.47262155636562508 
0.90343899697240437 0.05884093027987877 0.03989990472438806 0.90535304569776232 0.00037279014334794 0.90000000000000002 1.50534647984041658 
1.00278457512578711 0.06531068164323399 0.03334146622092782 1.00490905932691765 0.00041440270116498 1.00000000000000000 1.50534647984041658 

ZONE I=2, J=2
0.90343899697240437 0.05884093027987877 0.03986746298273940 0.90535304569776232 0.00037279014334794 0.90000000000000002 1.50534647984041658 
1.00278457512578711 0.06531068164323399 0.03337175787969737 1.00490905932691765 0.00041440270116498 1.00000000000000000 1.50534647984041658 
0.90487421133935775 0.02943614547767182 0.03981840882476291 0.90535285403612975 0.00018626927170709 0.90000000000000002 1.53807140331520831 
1.00437811347581274 0.03267280805383362 0.03332270372172089 1.00490938116812600 0.00020701606079328 1.00000000000000000 1.53807140331520831 

ZONE I=2, J=2
0.90487421133935775 0.02943614547767182 0.03980068909295304 0.90535285403612975 0.00018626927170709 0.90000000000000002 1.53807140331520831 
1.00437811347581274 0.03267280805383362 0.03333924893667824 1.00490938116812600 0.00020701606079328 1.00000000000000000 1.53807140331520831 
0.90535279750635944 0.00000000000443314 0.03978437478483401 0.90535279750635944 0.00000000000000000 0.90000000000000002 1.57079632679000003 
1.00490949532220686 0.00000000000492063 0.03332293462855921 1.00490949532220686 0.00000000000000000 1.00000000000000000 1.57079632679000003 

