ZONE I=2, J=2
0.00000000000000000 0.78834341760461124 0.84494249106458374 0.78834341760461124 0.00000000000000000 0.90000000000000002 0.00000000000000000 
0.00000000000000000 0.89000002843037118 -1.23261300947175823 0.89000002843037118 0.00000000000000000 1.00000000000000000 0.00000000000000000 
0.03089151056903196 0.78836363329760994 0.84556966038751002 0.78895227542796198 0.00508043585593894 0.90000000000000002 0.03272492347479167 
0.03083032728857476 0.89000002843037196 -1.23198584014883217 0.89053225130109248 0.00169383570373110 1.00000000000000000 0.03272492347479167 

ZONE I=2, J=2
0.03089151056903196 0.78836363329760994 0.84690171025838679 0.78895227542796198 0.00508043585593894 0.90000000000000002 0.03272492347479167 
0.03083032728857476 0.89000002843037196 -1.23261660415665841 0.89053225130109248 0.00169383570373110 1.00000000000000000 0.03272492347479167 
0.06178022740077917 0.78842711987217740 0.84792387059524132 0.79077965708432307 0.01008235038218939 0.90000000000000002 0.06544984694958333 
0.06166768981893853 0.89000002843037107 -1.23159444381980410 0.89212772993840839 0.00332686768725764 1.00000000000000000 0.06544984694958333 

ZONE I=2, J=2
0.06178022740077917 0.78842711987217740 0.84960145735206649 0.79077965708432307 0.01008235038218939 0.90000000000000002 0.06544984694958333 
0.06166768981893853 0.89000002843037107 -1.23249769349615246 0.89212772993840839 0.00332686768725764 1.00000000000000000 0.06544984694958333 
0.09265932360963297 0.78854069426418216 0.85071537604259451 0.79382585721628740 0.01492263975506469 0.90000000000000002 0.09817477042437500 
0.09252447952199475 0.89000002843037096 -1.23138377480562422 0.89478341992495158 0.00484369118388487 1.00000000000000000 0.09817477042437500 

ZONE I=2, J=2
0.09265932360963297 0.78854069426418216 0.85071158984766782 0.79382585721628740 0.01492263975506469 0.90000000000000002 0.09817477042437500 
0.09252447952199475 0.89000002843037096 -1.23077549172543033 0.89478341992495158 0.00484369118388487 1.00000000000000000 0.09817477042437500 
0.12351224032623691 0.78871443271507868 0.85054970539207919 0.79808845382906834 0.01950768433724305 0.90000000000000002 0.13089969389916667 
0.12342429209726133 0.89000002843037052 -1.23093737618101895 0.89849605768474439 0.00620006538214264 1.00000000000000000 0.13089969389916667 

ZONE I=2, J=2
0.12351224032623691 0.78871443271507868 0.84445267886110420 0.79808845382906834 0.01950768433724305 0.90000000000000002 0.13089969389916667 
0.12342429209726133 0.89000002843037052 -1.22461522632714326 0.89849605768474439 0.00620006538214264 1.00000000000000000 0.13089969389916667 
0.15430337694928931 0.78895650309806009 0.84169763757348104 0.80355399472123012 0.02372495492570798 0.90000000000000002 0.16362461737395834 
0.15440834762073641 0.89000002843037096 -1.22737026761476642 0.90326501448793062 0.00736899064634164 1.00000000000000000 0.16362461737395834 

ZONE I=2, J=2
0.15430337694928931 0.78895650309806009 0.82046190437843547 0.80355399472123012 0.02372495492570798 0.90000000000000002 0.16362461737395834 
0.15440834762073641 0.89000002843037096 -1.20694643193505335 0.90326501448793062 0.00736899064634164 1.00000000000000000 0.16362461737395834 
0.18496505400380911 0.78925958700035825 0.81527571122425357 0.81017907729440108 0.02743409537420418 0.90000000000000002 0.19634954084875000 
0.18553994074379540 0.89000002843037140 -1.21213262508923547 0.90909597422952015 0.00834445066811411 1.00000000000000000 0.19634954084875000 

ZONE I=2, J=2
0.18496505400380911 0.78925958700035825 0.76244301546035165 0.81017907729440108 0.02743409537420418 0.90000000000000002 0.19634954084875000 
0.18553994074379540 0.89000002843037140 -1.16259726656348850 0.90909597422952015 0.00834445066811411 1.00000000000000000 0.19634954084875000 
0.21538523675692053 0.78957003198461262 0.76006698904571168 0.81785295235259570 0.03046611148735075 0.90000000000000002 0.22907446432354167 
0.21690082012932363 0.89000002843037151 -1.16497329297812868 0.91600356692856233 0.00913683495452141 1.00000000000000000 0.22907446432354167 

ZONE I=2, J=2
0.21538523675692053 0.78957003198461262 0.64964397943840779 0.81785295235259570 0.03046611148735075 0.90000000000000002 0.22907446432354167 
0.21690082012932363 0.89000002843037151 -1.06299180386551151 0.91600356692856233 0.00913683495452141 1.00000000000000000 0.22907446432354167 
0.24541478458636085 0.78972791164644596 0.66771361850481903 0.82633660580128976 0.03265585460266760 0.90000000000000002 0.26179938779833334 
0.24857009257438059 0.89000002843036830 -1.04492216479910005 0.92400868686003623 0.00975131456184858 1.00000000000000000 0.26179938779833334 

ZONE I=2, J=2
0.24541478458636085 0.78972791164644596 0.46035082290548751 0.82633660580128976 0.03265585460266760 0.90000000000000002 0.26179938779833334 
0.24857009257438059 0.89000002843036830 -0.85132306992908069 0.92400868686003623 0.00975131456184858 1.00000000000000000 0.26179938779833334 
0.27497865374555519 0.78946343303582178 0.53186844288626789 0.83529149241196532 0.03396902737222592 0.90000000000000002 0.29452431127312501 
0.28056173253764516 0.89000002676075296 -0.77980544994830037 0.93311969638974368 0.01012746800433292 1.00000000000000000 0.29452431127312501 

ZONE I=2, J=2
0.27497865374555519 0.78946343303582178 0.27190853457276987 0.83529149241196532 0.03396902737222592 0.90000000000000002 0.29452431127312501 
0.28056173253764516 0.89000002676075296 -0.51131800008697659 0.93311969638974368 0.01012746800433292 1.00000000000000000 0.29452431127312501 
0.30411758966431035 0.78842065761084834 0.31813495427993277 0.84433467081900393 0.03454859394702803 0.90000000000000002 0.32724923474791667 
0.31276768683756018 0.88879826184146138 -0.46509158037981368 0.94216573120172120 0.01047430815123791 1.00000000000000000 0.32724923474791667 

ZONE I=2, J=2
0.30411758966431035 0.78842065761084834 0.13624652192593978 0.84433467081900393 0.03454859394702803 0.90000000000000002 0.32724923474791667 
0.31276768683756018 0.88879826184146138 -0.30190319713961900 0.94216573120172120 0.01047430815123791 1.00000000000000000 0.32724923474791667 
0.33271702143920034 0.78633284836562489 0.15878772232947946 0.85313315993548755 0.03440604878011776 0.90000000000000002 0.35997415822270834 
0.34519828738812414 0.88606286239149956 -0.27936199673607931 0.95086759766654727 0.01095743733545998 1.00000000000000000 0.35997415822270834 

ZONE I=2, J=2
0.33271702143920034 0.78633284836562489 0.01995889762586310 0.85313315993548755 0.03440604878011776 0.90000000000000002 0.35997415822270834 
0.34519828738812414 0.88606286239149956 -0.15003979068238105 0.95086759766654727 0.01095743733545998 1.00000000000000000 0.35997415822270834 
0.36085848790061437 0.78294497330450041 0.04234577755484381 0.86144140066646568 0.03376970136824423 0.90000000000000002 0.39269908169750001 
0.37771092131461265 0.88174931997264183 -0.12765291075340035 0.95917386133891158 0.01152853315701158 1.00000000000000000 0.39269908169750001 

ZONE I=2, J=2
0.36085848790061437 0.78294497330450041 -0.06445676530065098 0.86144140066646568 0.03376970136824423 0.90000000000000002 0.39269908169750001 
0.37771092131461265 0.88174931997264183 -0.02785631175707906 0.95917386133891158 0.01152853315701158 1.00000000000000000 0.39269908169750001 
0.38857399352090166 0.77813857008959386 -0.04099487992095716 0.86914549299570187 0.03279473596658221 0.90000000000000002 0.42542400517229167 
0.41013371169401336 0.87574221607813219 -0.00439442637738523 0.96694697055774648 0.01215099249208566 1.00000000000000000 0.42542400517229167 

ZONE I=2, J=2
0.38857399352090166 0.77813857008959386 -0.12017625478310236 0.86914549299570187 0.03279473596658221 0.90000000000000002 0.42542400517229167 
0.41013371169401336 0.87574221607813219 0.06939814183290728 0.96694697055774648 0.01215099249208566 1.00000000000000000 0.42542400517229167 
0.41585791424665192 0.77185495097850176 -0.09667790293420177 0.87618491815897992 0.03158891233237867 0.90000000000000002 0.45814892864708334 
0.44229514699690403 0.86797882932872672 0.09289649368180787 0.97408869350785154 0.01278524149348330 1.00000000000000000 0.45814892864708334 

ZONE I=2, J=2
0.41585791424665192 0.77185495097850176 -0.15225751090973000 0.87618491815897992 0.03158891233237867 0.90000000000000002 0.45814892864708334 
0.44229514699690403 0.86797882932872672 0.14455619424825467 0.97408869350785154 0.01278524149348330 1.00000000000000000 0.45814892864708334 
0.44268515527876295 0.76407263722009333 -0.12961793902780572 0.88253224391079932 0.03023210396945864 0.90000000000000002 0.49087385212187501 
0.47403754021138739 0.85844902411262780 0.16719576613017895 0.98054419831267037 0.01339371811515644 1.00000000000000000 0.49087385212187501 

ZONE I=2, J=2
0.44268515527876295 0.76407263722009333 -0.16544868329454196 0.88253224391079932 0.03023210396945864 0.90000000000000002 0.49087385212187501 
0.47403754021138739 0.85844902411262780 0.20043282461494297 0.98054419831267037 0.01339371811515644 1.00000000000000000 0.49087385212187501 
0.46902091902263515 0.75479908929920136 -0.14430133766400413 0.88818564559773805 0.02878448613177515 0.90000000000000002 0.52359877559666668 
0.50522326283648900 0.84718421692339785 0.22158017024548080 0.98629468495911088 0.01394407173917285 1.00000000000000000 0.52359877559666668 

ZONE I=2, J=2
0.46902091902263515 0.75479908929920136 -0.16404336146589915 0.88818564559773805 0.02878448613177515 0.90000000000000002 0.52359877559666668 
0.50522326283648900 0.84718421692339785 0.23986150637229503 0.98629468495911088 0.01394407173917285 1.00000000000000000 0.52359877559666668 
0.49482658538525526 0.74406430788712530 -0.14481143412669117 0.89316304484281606 0.02729137597644769 0.90000000000000002 0.55632369907145840 
0.53573723764266057 0.83424617797404477 0.25909343371150301 0.99134928586106963 0.01441064481685138 1.00000000000000000 0.55632369907145840 

ZONE I=2, J=2
0.49482658538525526 0.74406430788712530 -0.15185057853638675 0.89316304484281606 0.02729137597644769 0.90000000000000002 0.55632369907145840 
0.53573723764266057 0.83424617797404477 0.26558940587658753 0.99134928586106963 0.01441064481685138 1.00000000000000000 0.55632369907145840 
0.52006348118549306 0.73191513567532862 -0.13478104974475921 0.89749698352549279 0.02578671859794592 0.90000000000000002 0.58904862254625001 
0.56548724138116968 0.81971709614906973 0.28265893466821512 0.99573773459655657 0.01477503923737504 1.00000000000000000 0.58904862254625001 

ZONE I=2, J=2
0.52006348118549306 0.73191513567532862 -0.13215520725026428 0.89749698352549279 0.02578671859794592 0.90000000000000002 0.58904862254625001 
0.56548724138116968 0.81971709614906973 0.28019497823716710 0.99573773459655657 0.01477503923737504 1.00000000000000000 0.58904862254625001 
0.54469521045295077 0.71841029703263148 -0.11734759419683927 0.90123023979896244 0.02429572070967923 0.90000000000000002 0.62177354602104162 
0.59440263225256107 0.80369118620452884 0.29500259129059214 0.99950399238845566 0.01502601780759479 1.00000000000000000 0.62177354602104162 

ZONE I=2, J=2
0.54469521045295077 0.71841029703263148 -0.10769921543501540 0.90123023979896244 0.02429572070967923 0.90000000000000002 0.62177354602104162 
0.59440263225256107 0.80369118620452884 0.28602753301938044 0.99950399238845566 0.01502601780759479 1.00000000000000000 0.62177354602104162 
0.56868892142145755 0.70361622219541609 -0.09513576809800525 0.90441216062774121 0.02283683850077938 0.90000000000000002 0.65449846949583335 
0.62243198080938200 0.78626796469910121 0.29859098035639065 1.00270089825623998 0.01515888130725581 1.00000000000000000 0.65449846949583335 

ZONE I=2, J=2
0.56868892142145755 0.70361622219541609 -0.08069387343544776 0.90441216062774121 0.02283683850077938 0.90000000000000002 0.65449846949583335 
0.62243198080938200 0.78626796469910121 0.28516736868716241 1.00270089825623998 0.01515888130725581 1.00000000000000000 0.65449846949583335 
0.59201580215125449 0.68760364449147138 -0.07026989764768199 0.90709565396568592 0.02142326938895240 0.90000000000000002 0.68722339297062507 
0.64954007035625683 0.76754718324717863 0.29559134447492819 1.00538585452835205 0.01517448593477476 1.00000000000000000 0.68722339297062507 

ZONE I=2, J=2
0.59201580215125449 0.68760364449147138 -0.05285811740869418 0.90709565396568592 0.02142326938895240 0.90000000000000002 0.68722339297062507 
0.64954007035625683 0.76754718324717863 0.27940641537767141 1.00538585452835205 0.01517448593477476 1.00000000000000000 0.68722339297062507 
0.61465104893622435 0.67044492135258116 -0.04440984554334389 0.90933477745790492 0.02006407315208413 0.90000000000000002 0.71994831644541668 
0.67570467666366896 0.74762527757154751 0.28785468724302166 1.00761749555751079 0.01507807598789176 1.00000000000000000 0.71994831644541668 

ZONE I=2, J=2
0.61465104893622435 0.67044492135258116 -0.02547403640358360 0.90933477745790492 0.02006407315208413 0.90000000000000002 0.71994831644541668 
0.67570467666366896 0.74762527757154751 0.27024729498800920 1.00761749555751079 0.01507807598789176 1.00000000000000000 0.71994831644541668 
0.63657350570900817 0.65221200661899081 -0.01880234926918583 0.91118285958771061 0.01876502443882157 0.90000000000000002 0.75267323992020829 
0.70091344082812346 0.72659310617955875 0.27691898212240701 1.00945323620481719 0.01487808444660316 1.00000000000000000 0.75267323992020829 

ZONE I=2, J=2
0.63657350570900817 0.65221200661899081 0.00054926104385334 0.91118285958771061 0.01876502443882157 0.90000000000000002 0.75267323992020829 
0.70091344082812346 0.72659310617955875 0.25891691579553350 1.00945323620481719 0.01487808444660316 1.00000000000000000 0.75267323992020829 
0.65776512721989866 0.63297498877547986 0.00565991033335250 0.91269108876980021 0.01752927500283637 0.90000000000000002 0.78539816339500002 
0.72516104310395313 0.70453471819818270 0.26402756508503261 1.01094756785036810 0.01458501421430239 1.00000000000000000 0.78539816339500002 

ZONE I=2, J=2
0.65776512721989866 0.63297498877547986 0.02461032600685066 0.91269108876980021 0.01752927500283637 0.90000000000000002 0.78539816339500002 
0.72516104310395313 0.70453471819818270 0.24639009040283885 1.01094756785036810 0.01458501421430239 1.00000000000000000 0.78539816339500002 
0.67821037714241539 0.61280110523642928 0.02837768820104654 0.91390750621778705 0.01635788254731893 0.90000000000000002 0.81812308686979174 
0.74844679084732058 0.68152689456996951 0.25015745259703476 1.01215096171499841 0.01421046977558514 1.00000000000000000 0.81812308686979174 

ZONE I=2, J=2
0.67821037714241539 0.61280110523642928 0.04635339526927956 0.91390750621778705 0.01635788254731893 0.90000000000000002 0.81812308686979174 
0.74844679084732058 0.68152689456996951 0.23341894547635839 1.01215096171499841 0.01421046977558514 1.00000000000000000 0.81812308686979174 
0.69789563676334521 0.59175414462562870 0.04898737605717887 0.91487634001156048 0.01525024530871640 0.90000000000000002 0.85084801034458335 
0.77077266024514568 0.65763923545281489 0.23605292626425772 1.01310924623015541 0.01376637175540494 1.00000000000000000 0.85084801034458335 

ZONE I=2, J=2
0.69789563676334521 0.59175414462562870 0.06561265752414526 0.91487634001156048 0.01525024530871640 0.90000000000000002 0.85084801034458335 
0.77077266024514568 0.65763923545281489 0.22056464832395783 1.01310924623015541 0.01376637175540494 1.00000000000000000 0.85084801034458335 
0.71680867140655591 0.56989415519077447 0.06730873298809757 0.91563762079542554 0.01420446790031187 0.90000000000000002 0.88357293381937496 
0.79214178094466892 0.63293460633674059 0.22226072378791017 1.01386334079035678 0.01326435894619081 1.00000000000000000 0.88357293381937496 

ZONE I=2, J=2
0.71680867140655591 0.56989415519077447 0.08236415436851970 0.91563762079542554 0.01420446790031187 0.90000000000000002 0.88357293381937496 
0.79214178094466892 0.63293460633674059 0.20822887949893415 1.01386334079035678 0.01326435894619081 1.00000000000000000 0.88357293381937496 
0.73493818005398981 0.54727738632069112 0.08329951175304683 0.91622702381409793 0.01321767422197529 0.90000000000000002 0.91629785729416668 
0.81255732220578680 0.60746979694985626 0.20916423688346131 1.01444924742085796 0.01271536408418500 1.00000000000000000 0.91629785729416668 

ZONE I=2, J=2
0.73493818005398981 0.54727738632069112 0.09668564740045486 0.91622702381409793 0.01321767422197529 0.90000000000000002 0.91629785729416668 
0.81255732220578680 0.60746979694985626 0.19668333562322349 1.01444924742085796 0.01271536408418500 1.00000000000000000 0.91629785729416668 
0.75227343801656155 0.52395640022431411 0.09701737222396063 0.91667588725986449 0.01228627680053070 0.90000000000000002 0.94902278076895841 
0.83202172413120490 0.58129628505469555 0.19701506044672923 1.01489822128468199 0.01212933954679273 1.00000000000000000 0.94902278076895841 

ZONE I=2, J=2
0.75227343801656155 0.52395640022431411 0.10872409849409442 0.91667588725986449 0.01228627680053070 0.90000000000000002 0.94902278076895841 
0.83202172413120490 0.58129628505469555 0.18609625865050161 1.01489822128468199 0.01212933954679273 1.00000000000000000 0.94902278076895841 
0.76880403195831015 0.49998030117383196 0.10858882991439300 0.91701136281733153 0.01140620800837861 0.90000000000000002 0.98174770424375002 
0.85053621314867800 0.55446102920423490 0.18596099007080019 1.01523705859125624 0.01151510514441273 1.00000000000000000 0.98174770424375002 

ZONE I=2, J=2
0.76880403195831015 0.49998030117383196 0.11867002080553679 0.91701136281733153 0.01140620800837861 0.90000000000000002 0.98174770424375002 
0.85053621314867800 0.55446102920423490 0.17655552935677210 1.01523705859125624 0.01151510514441273 1.00000000000000000 0.98174770424375002 
0.78451968001474048 0.47539503961444923 0.11818460878268980 0.91725666049806653 0.01057311649369451 0.90000000000000002 1.01447262771854163 
0.86810054321109076 0.52700723981463282 0.17607011733392508 1.01548845548532829 0.01088029027422182 1.00000000000000000 1.01447262771854163 

ZONE I=2, J=2
0.78451968001474048 0.47539503961444923 0.12673777926288279 0.91725666049806653 0.01057311649369451 0.90000000000000002 1.01447262771854163 
0.86810054321109076 0.52700723981463282 0.16808824343280668 1.01548845548532829 0.01088029027422182 1.00000000000000000 1.01447262771854163 
0.79941012616422125 0.45024375746573236 0.12600058261069200 0.91743135603357306 0.00978253122442179 0.90000000000000002 1.04719755119333335 
0.88471291011969799 0.49897509698312126 0.16735104678061588 1.01567140371124442 0.01023134521997755 1.00000000000000000 1.04719755119333335 

ZONE I=2, J=2
0.79941012616422125 0.45024375746573236 0.13315087985584173 0.91743135603357306 0.00978253122442179 0.90000000000000002 1.04719755119333335 
0.88471291011969799 0.49897509698312126 0.16067693455220827 1.01567140371124442 0.01023134521997755 1.00000000000000000 1.04719755119333335 
0.81346509653902987 0.42456714885305652 0.13224343577971720 0.91755173497577602 0.00902999531616881 0.90000000000000002 1.07992247466812508 
0.90036999388472050 0.47040239729144301 0.15976949047608374 1.01580159846641394 0.00957360008495359 1.00000000000000000 1.07992247466812508 

ZONE I=2, J=2
0.81346509653902987 0.42456714885305652 0.13813133239794767 0.91755173497577602 0.00902999531616881 0.90000000000000002 1.07992247466812508 
0.90036999388472050 0.47040239729144301 0.15427275110224992 1.01580159846641394 0.00957360008495359 1.00000000000000000 1.07992247466812508 
0.82667430529323527 0.39840381723224594 0.13712020312102047 0.91763115304484610 0.00831117193085794 0.90000000000000002 1.11264739814291680 
0.91506709180484047 0.44132512147008940 0.15326162182532271 1.01589184124906806 0.00891135390027116 1.00000000000000000 1.11264739814291680 

ZONE I=2, J=2
0.82667430529323527 0.39840381723224594 0.14189226250509193 0.91763115304484610 0.00831117193085794 0.90000000000000002 1.11264739814291680 
0.91506709180484047 0.44132512147008940 0.14880596099054202 1.01589184124906806 0.00891135390027116 1.00000000000000000 1.11264739814291680 
0.83902749843621949 0.37179061543022740 0.14083092354319851 0.91768039704299054 0.00762192476652520 0.90000000000000002 1.14537232161770830 
0.92879831222719367 0.41177792126643264 0.14774462202864860 1.01595242608046199 0.00824798034741374 1.00000000000000000 1.14537232161770830 

ZONE I=2, J=2
0.83902749843621949 0.37179061543022740 0.14463305903477100 0.91768039704299054 0.00762192476652520 0.90000000000000002 1.14537232161770830 
0.92879831222719367 0.41177792126643264 0.14419417636471890 1.01595242608046199 0.00824798034741374 1.00000000000000000 1.14537232161770830 
0.85051452529752458 0.34476295960805697 0.14356373855205876 0.91770803476106844 0.00695837587069256 0.90000000000000002 1.17809724509250002 
0.94155680537712183 0.38179452801179886 0.14312485588200666 1.01599150162237262 0.00758603999724880 1.00000000000000000 1.17809724509250002 

ZONE I=2, J=2
0.85051452529752458 0.34476295960805697 0.14653645669700233 0.91770803476106844 0.00695837587069256 0.90000000000000002 1.17809724509250002 
0.94155680537712183 0.38179452801179886 0.14034867599128331 1.01599150162237262 0.00758603999724880 1.00000000000000000 1.17809724509250002 
0.86112542873869868 0.31735511168447139 0.14549186853394802 0.91772074573687090 0.00631694363063343 0.90000000000000002 1.21082216856729175 
0.95333501309831425 0.35140808789197825 0.13930408782822901 1.01601540474381724 0.00692739188414417 1.00000000000000000 1.21082216856729175 

ZONE I=2, J=2
0.86112542873869868 0.31735511168447139 0.14776706029394590 0.91772074573687090 0.00631694363063343 0.90000000000000002 1.21082216856729175 
0.95333501309831425 0.35140808789197825 0.13717917106676117 1.01601540474381724 0.00692739188414417 1.00000000000000000 1.21082216856729175 
0.87085054669374518 0.28960042747542258 0.14677199720321979 0.91772362751083647 0.00569436380062118 0.90000000000000002 1.24354709204208325 
0.96412492383408144 0.32065143030138332 0.13618410797603506 1.01602896328041203 0.00627329958853750 1.00000000000000000 1.24354709204208325 

ZONE I=2, J=2
0.87085054669374518 0.28960042747542258 0.14847091230959925 0.91772362751083647 0.00569436380062118 0.90000000000000002 1.24354709204208325 
0.96412492383408144 0.32065143030138332 0.13459731995044877 1.01602896328041203 0.00627329958853750 1.00000000000000000 1.24354709204208325 
0.87968061899521310 0.26153156984454501 0.14754368266704970 0.91772047422255287 0.00508769632407171 0.90000000000000002 1.27627201551687497 
0.97391832279428725 0.28955727627475591 0.13367009030789923 1.01603576728059131 0.00562452883652033 1.00000000000000000 1.27627201551687497 

ZONE I=2, J=2
0.87968061899521310 0.26153156984454501 0.14877578743431472 0.91772047422255287 0.00508769632407171 0.90000000000000002 1.27627201551687497 
0.97391832279428725 0.28955727627475591 0.13251925475200724 1.01603576728059131 0.00562452883652033 1.00000000000000000 1.27627201551687497 
0.88760689467231901 0.23318068764868202 0.14792949003830283 0.91771402606979646 0.00449432051754173 0.90000000000000002 1.30899693899166669 
0.98270703010543681 0.25815839410712166 0.13167295735599535 1.01603840910265553 0.00498143501018881 1.00000000000000000 1.30899693899166669 

ZONE I=2, J=2
0.88760689467231901 0.23318068764868202 0.14879196600431152 0.91771402606979646 0.00449432051754173 0.90000000000000002 1.30899693899166669 
0.98270703010543681 0.25815839410712166 0.13086734153905824 1.01603840910265553 0.00498143501018881 1.00000000000000000 1.30899693899166669 
0.89462123596613119 0.20457956231383195 0.14803560499589749 0.91770618938346682 0.00391192093014579 0.90000000000000002 1.34172186246645841 
0.99048312195331134 0.22648770907770091 0.13011098053064421 1.01603869343363606 0.00434403997599187 1.00000000000000000 1.34172186246645841 

ZONE I=2, J=2
0.89462123596613119 0.20457956231383195 0.14861329436311388 0.91770618938346682 0.00391192093014579 0.90000000000000002 1.34172186246645841 
0.99048312195331134 0.22648770907770091 0.12957135832112943 1.01603869343363606 0.00434403997599187 1.00000000000000000 1.34172186246645841 
0.90071621619401088 0.17575972458871084 0.14795274080776821 0.91769822793104294 0.00333846590203668 0.90000000000000002 1.37444678594125014 
0.99723913140995257 0.19457837381483445 0.12891080476578376 1.01603781873387899 0.00371209835581784 1.00000000000000000 1.37444678594125014 

ZONE I=2, J=2
0.90071621619401088 0.17575972458871084 0.14831838527386379 0.91769822793104294 0.00333846590203668 0.90000000000000002 1.37444678594125014 
0.99723913140995257 0.19457837381483445 0.12856924171060793 1.01603781873387899 0.00371209835581784 1.00000000000000000 1.37444678594125014 
0.90588520931981686 0.14675254447730010 0.14775719436177429 0.91769092661419027 0.00277218054231543 0.90000000000000002 1.40717170941604164 
1.00296822688803777 0.16246380536417765 0.12800805079851843 1.01603653183634690 0.00308515385541364 1.00000000000000000 1.40717170941604164 

ZONE I=2, J=2
0.90588520931981686 0.14675254447730010 0.14797184721509307 0.91769092661419027 0.00277218054231543 0.90000000000000002 1.40717170941604164 
1.00296822688803777 0.16246380536417765 0.12780752436296935 1.01603653183634690 0.00308515385541364 1.00000000000000000 1.40717170941604164 
0.91012246966453036 0.11758929761629684 0.14751194106526896 0.91768472903341591 0.00221151554910647 0.90000000000000002 1.43989663289083336 
1.00766436706963436 0.13017769451150274 0.12734761821314525 1.01603525749724244 0.00246258658506916 1.00000000000000000 1.43989663289083336 

ZONE I=2, J=2
0.91012246966453036 0.11758929761629684 0.14762545957450271 0.91768472903341591 0.00221151554910647 0.90000000000000002 1.43989663289083336 
1.00766436706963436 0.13017769451150274 0.12724156089942620 1.01603525749724244 0.00246258658506916 1.00000000000000000 1.43989663289083336 
0.91342320064330595 0.08830121149420764 0.14726768557188194 0.91767985050654211 0.00165511301625703 0.90000000000000002 1.47262155636562508 
1.01132243178246828 0.09775399240597951 0.12688378689680543 1.01603420464232030 0.00184365250545802 1.00000000000000000 1.47262155636562508 

ZONE I=2, J=2
0.91342320064330595 0.08830121149420764 0.14731923256807325 0.91767985050654211 0.00165511301625703 0.90000000000000002 1.47262155636562508 
1.01132243178246828 0.09775399240597951 0.12683561933300572 1.01603420464232030 0.00184365250545802 1.00000000000000000 1.47262155636562508 
0.91578361175845724 0.05891949494984795 0.14706380645526082 0.91767636809122799 0.00110177012257429 0.90000000000000002 1.50534647984041658 
1.01393832870279899 0.06522687905815663 0.12658019322019329 1.01603345091003794 0.00122751624512556 1.00000000000000000 1.50534647984041658 

ZONE I=2, J=2
0.91578361175845724 0.05891949494984795 0.14708230769316119 0.91767636809122799 0.00110177012257429 0.90000000000000002 1.50534647984041658 
1.01393832870279899 0.06522687905815663 0.12656289767119636 1.01603345091003794 0.00122751624512556 1.00000000000000000 1.50534647984041658 
0.91720096333319545 0.02947535437485284 0.14692914941197840 0.91767428901172665 0.00055040138692960 0.90000000000000002 1.53807140331520831 
1.01550907599798146 0.03263071786987524 0.12640973939001357 1.01603300688134324 0.00061327859384230 1.00000000000000000 1.53807140331520831 

ZONE I=2, J=2
0.91720096333319545 0.02947535437485284 0.14693366766400701 0.91767428901172665 0.00055040138692960 0.90000000000000002 1.53807140331520831 
1.01550907599798146 0.03263071786987524 0.12640551055608512 1.01603300688134324 0.00061327859384230 1.00000000000000000 1.53807140331520831 
0.91767359865614639 0.00000000000449347 0.14688263639339838 0.91767359865614639 0.00000000000000000 0.90000000000000002 1.57079632679000003 
1.01603286112359203 0.00000000000497510 0.12635447928547650 1.01603286112359203 0.00000000000000000 1.00000000000000000 1.57079632679000003 

