ZONE I=5
0 1.05 1.03144e-10 0.782928 -0 -0 -0 -0 0 0 
0.00953516 1.05 1.04757e-08 0.783892 -0 -0 -0 -0 0 0 
0.0190688 1.05 1.03144e-10 0.784384 -0 -0 -0 -0 0 0 
0.0286022 1.05 0 0.784403 -0 -0 -0 -0 0 0 
0.0381368 1.05 5.25674e-09 0.783951 -0 -0 -0 -0 0 0 
ZONE I=5
0.0381368 1.05 5.25674e-09 0.783951 -0 -0 -0 -0 0 0 
0.0476722 1.05 2.20818e-08 0.784746 -0 -0 -0 -0 0 0 
0.0572062 1.05 2.39706e-09 0.785253 -0 -0 -0 -0 0 0 
0.0667403 1.05 0 0.78547 -0 -0 -0 -0 0 0 
0.0762758 1.05 7.62129e-10 0.785399 -0 -0 -0 -0 0 0 
ZONE I=5
0.0762758 1.05 7.62129e-10 0.785399 -0 -0 -0 -0 0 0 
0.085812 1.05 2.35528e-08 0.786982 -0 -0 -0 -0 0 0 
0.0953475 1.05 1.92891e-09 0.788014 -0 -0 -0 -0 0 0 
0.104884 1.05 0 0.788495 -0 -0 -0 -0 0 0 
0.114422 1.05 2.27687e-10 0.788424 -0 -0 -0 -0 0 0 
ZONE I=5
0.114422 1.05 2.27687e-10 0.788424 -0 -0 -0 -0 0 0 
0.12396 1.05 1.16411e-08 0.791978 -0 -0 -0 -0 0 0 
0.133499 1.05 1.06139e-09 0.794164 -0 -0 -0 -0 0 0 
0.143041 1.05 0 0.794983 -0 -0 -0 -0 0 0 
0.152587 1.05 9.43008e-10 0.794435 -0 -0 -0 -0 0 0 
ZONE I=5
0.152587 1.05 9.43008e-10 0.794435 -0 -0 -0 -0 0 0 
0.162131 1.05 0 0.802106 -0 -0 -0 -0 0 0 
0.17168 1.05 9.44476e-10 0.806376 -0 -0 -0 -0 0 0 
0.181234 1.05 3.08867e-08 0.807246 -0 -0 -0 -0 0 0 
0.190796 1.05 1.25634e-09 0.804714 -0 -0 -0 -0 0 0 
ZONE I=5
0.190796 1.05 1.25634e-09 0.804714 -0 -0 -0 -0 0 0 
0.200353 1.05 0 0.819973 -0 -0 -0 -0 0 0 
0.209922 1.05 1.6667e-09 0.827193 -0 -0 -0 -0 0 0 
0.219504 1.05 1.11236e-07 0.826375 -0 -0 -0 -0 0 0 
0.229101 1.05 1.05676e-09 0.817517 -0 -0 -0 -0 0 0 
ZONE I=5
0.229101 1.05 1.05676e-09 0.817517 -0 -0 -0 -0 0 0 
0.238682 1.05 0 0.844026 -0 -0 -0 -0 0 0 
0.248287 1.05 1.07346e-09 0.852848 -0 -0 -0 -0 0 0 
0.257919 1.05 2.56101e-07 0.843985 -0 -0 -0 -0 0 0 
0.267578 1.05 1.47895e-09 0.817435 -0 -0 -0 -0 0 0 
ZONE I=5
0.267578 1.05 1.47895e-09 0.817435 -0 -0 -0 -0 0 0 
0.277195 1.05 0 0.852272 -0 -0 -0 -0 0 0 
0.286854 1.05 1.61918e-09 0.851552 -0 -0 -0 -0 0 0 
0.296555 1.05 4.509e-07 0.815274 -0 -0 -0 -0 0 0 
0.3063 1.05 1.83868e-09 0.743439 -0 -0 -0 -0 0 0 
ZONE I=5
0.3063 1.05 1.83868e-09 0.743439 -0 -0 -0 -0 0 0 
0.315944 1.05 0 0.753021 -0 -0 -0 -0 0 0 
0.325633 1.05 2.33507e-09 0.696624 -0 -0 -0 -0 0 0 
0.335368 1.05 4.87244e-07 0.574245 -0 -0 -0 -0 0 0 
0.345152 1.05 1.08759e-09 0.385887 -0 -0 -0 -0 0 0 
ZONE I=5
0.345152 1.05 1.08759e-09 0.385887 -0 -0 -0 -0 0 0 
0.354736 1.04994 0 0.144707 -0 -0 -0 -0 0 0 
0.364355 1.04968 0 -1.13932e-08 0 0 -0 -0 0 0 
0.374006 1.04923 0 -0.0482358 0 0 -0 -0 0 0 
0.383686 1.04858 0 -1.42397e-08 0 0 -0 -0 0 0 
ZONE I=5
0.383686 1.04858 0 -1.42397e-08 0 0 -0 -0 0 0 
0.39329 1.04776 0 -1.34952e-08 0 0 -0 -0 0 0 
0.402917 1.04681 0 -1.38856e-08 0 0 -0 -0 0 0 
0.412566 1.04573 0 -1.54111e-08 0 0 -0 -0 0 0 
0.422236 1.04452 0 -1.80716e-08 0 0 -0 -0 0 0 
ZONE I=5
0.422236 1.04452 0 -1.80716e-08 0 0 -0 -0 0 0 
0.431857 1.04316 0 -6.77686e-09 0 0 -0 -0 0 0 
0.441476 1.04168 0 0 -0 -0 -0 -0 0 0 
0.451089 1.04007 0 2.25895e-09 -0 -0 -0 -0 0 0 
0.460696 1.03833 0 0 -0 -0 -0 -0 0 0 
ZONE I=5
0.460696 1.03833 0 0 -0 -0 -0 -0 0 0 
0.470264 1.03646 0 0 -0 -0 -0 -0 0 0 
0.479814 1.03446 0 0 -0 -0 -0 -0 0 0 
0.489342 1.03234 0 0 -0 -0 -0 -0 0 0 
0.498847 1.03009 0 0 -0 -0 -0 -0 0 0 
ZONE I=5
0.498847 1.03009 0 0 -0 -0 -0 -0 0 0 
0.508316 1.02773 0 0 -0 -0 -0 -0 0 0 
0.517757 1.02524 0 0 -0 -0 -0 -0 0 0 
0.527167 1.02264 0 0 -0 -0 -0 -0 0 0 
0.536546 1.01991 0 0 -0 -0 -0 -0 0 0 
ZONE I=5
0.536546 1.01991 0 0 -0 -0 -0 -0 0 0 
0.545887 1.01708 0 0 -0 -0 -0 -0 0 0 
0.555193 1.01413 0 0 -0 -0 -0 -0 0 0 
0.564462 1.01107 0 0 -0 -0 -0 -0 0 0 
0.573694 1.0079 0 0 -0 -0 -0 -0 0 0 
ZONE I=5
0.573694 1.0079 0 0 -0 -0 -0 -0 0 0 
0.582886 1.00462 0 0 -0 -0 -0 -0 0 0 
0.592039 1.00123 0 0 -0 -0 -0 -0 0 0 
0.601151 0.997738 0 0 -0 -0 -0 -0 0 0 
0.610221 0.994141 0 0 -0 -0 -0 -0 0 0 
ZONE I=5
0.610221 0.994141 0 0 -0 -0 -0 -0 0 0 
0.61925 0.990441 0 0 -0 -0 -0 -0 0 0 
0.628235 0.986641 0 0 -0 -0 -0 -0 0 0 
0.637176 0.98274 0 0 -0 -0 -0 -0 0 0 
0.646072 0.97874 0 0 -0 -0 -0 -0 0 0 
ZONE I=5
0.646072 0.97874 0 0 -0 -0 -0 -0 0 0 
0.654924 0.974641 0 0 -0 -0 -0 -0 0 0 
0.66373 0.970447 0 0 -0 -0 -0 -0 0 0 
0.672489 0.966157 0 0 -0 -0 -0 -0 0 0 
0.681199 0.961774 0 0 -0 -0 -0 -0 0 0 
ZONE I=5
0.681199 0.961774 0 0 -0 -0 -0 -0 0 0 
0.689864 0.957296 0 0 -0 -0 -0 -0 0 0 
0.698479 0.952727 0 0 -0 -0 -0 -0 0 0 
0.707046 0.948067 0 0 -0 -0 -0 -0 0 0 
0.715561 0.943318 0 0 -0 -0 -0 -0 0 0 
ZONE I=5
0.715561 0.943318 0 0 -0 -0 -0 -0 0 0 
0.724028 0.938479 0 0 -0 -0 -0 -0 0 0 
0.732444 0.933552 0 0 -0 -0 -0 -0 0 0 
0.740807 0.92854 0 0 -0 -0 -0 -0 0 0 
0.749117 0.923441 0 0 -0 -0 -0 -0 0 0 
ZONE I=5
0.749117 0.923441 0 0 -0 -0 -0 -0 0 0 
0.757378 0.918256 0 0 -0 -0 -0 -0 0 0 
0.765584 0.912988 0 0 -0 -0 -0 -0 0 0 
0.773736 0.907638 0 0 -0 -0 -0 -0 0 0 
0.781833 0.902206 0 0 -0 -0 -0 -0 0 0 
ZONE I=5
0.781833 0.902206 0 0 -0 -0 -0 -0 0 0 
0.789877 0.896691 0 0 -0 -0 -0 -0 0 0 
0.797866 0.891096 0 0 -0 -0 -0 -0 0 0 
0.805798 0.885423 0 0 -0 -0 -0 -0 0 0 
0.813672 0.879671 0 0 -0 -0 -0 -0 0 0 
ZONE I=5
0.813672 0.879671 0 0 -0 -0 -0 -0 0 0 
0.821492 0.87384 0 0 -0 -0 -0 -0 0 0 
0.829254 0.867933 0 0 -0 -0 -0 -0 0 0 
0.836957 0.861951 0 0 -0 -0 -0 -0 0 0 
0.844601 0.855894 0 0 -0 -0 -0 -0 0 0 
ZONE I=5
0.844601 0.855894 0 0 -0 -0 -0 -0 0 0 
0.852188 0.849761 0 0 -0 -0 -0 -0 0 0 
0.859715 0.843554 0 0 -0 -0 -0 -0 0 0 
0.867182 0.837276 0 0 -0 -0 -0 -0 0 0 
0.874587 0.830927 0 0 -0 -0 -0 -0 0 0 
ZONE I=5
0.874587 0.830927 0 0 -0 -0 -0 -0 0 0 
0.881933 0.824504 0 0 -0 -0 -0 -0 0 0 
0.889218 0.818012 0 0 -0 -0 -0 -0 0 0 
0.896439 0.811451 0 0 -0 -0 -0 -0 0 0 
0.903598 0.804822 0 0 -0 -0 -0 -0 0 0 
ZONE I=5
0.903598 0.804822 0 0 -0 -0 -0 -0 0 0 
0.910696 0.798123 0 0 -0 -0 -0 -0 0 0 
0.91773 0.791357 0 0 -0 -0 -0 -0 0 0 
0.9247 0.784526 0 0 -0 -0 -0 -0 0 0 
0.931605 0.777629 0 0 -0 -0 -0 -0 0 0 
ZONE I=5
0.931605 0.777629 0 0 -0 -0 -0 -0 0 0 
0.938446 0.770667 0 0 -0 -0 -0 -0 0 0 
0.945223 0.76364 0 0 -0 -0 -0 -0 0 0 
0.951934 0.75655 0 0 -0 -0 -0 -0 0 0 
0.958578 0.749398 0 0 -0 -0 -0 -0 0 0 
ZONE I=5
0.958578 0.749398 0 0 -0 -0 -0 -0 0 0 
0.965157 0.742183 0 0 -0 -0 -0 -0 0 0 
0.971668 0.734908 0 0 -0 -0 -0 -0 0 0 
0.978113 0.727572 0 0 -0 -0 -0 -0 0 0 
0.984489 0.720176 0 0 -0 -0 -0 -0 0 0 
ZONE I=5
0.984489 0.720176 0 0 -0 -0 -0 -0 0 0 
0.990798 0.712721 0 0 -0 -0 -0 -0 0 0 
0.997039 0.705209 0 0 -0 -0 -0 -0 0 0 
1.00321 0.697638 0 0 -0 -0 -0 -0 0 0 
1.00931 0.690012 0 0 -0 -0 -0 -0 0 0 
ZONE I=5
1.00931 0.690012 0 0 -0 -0 -0 -0 0 0 
1.01534 0.682328 0 0 -0 -0 -0 -0 0 0 
1.02131 0.67459 0 0 -0 -0 -0 -0 0 0 
1.0272 0.666798 0 0 -0 -0 -0 -0 0 0 
1.03302 0.658951 0 0 -0 -0 -0 -0 0 0 
ZONE I=5
1.03302 0.658951 0 0 -0 -0 -0 -0 0 0 
1.03877 0.651051 0 0 -0 -0 -0 -0 0 0 
1.04445 0.6431 0 0 -0 -0 -0 -0 0 0 
1.05005 0.635097 0 0 -0 -0 -0 -0 0 0 
1.05559 0.627045 0 0 -0 -0 -0 -0 0 0 
ZONE I=5
1.05559 0.627045 0 0 -0 -0 -0 -0 0 0 
1.06105 0.618935 0 0 -0 -0 -0 -0 0 0 
1.06644 0.610778 0 0 -0 -0 -0 -0 0 0 
1.07176 0.602576 0 0 -0 -0 -0 -0 0 0 
1.077 0.594328 0 0 -0 -0 -0 -0 0 0 
ZONE I=5
1.077 0.594328 0 0 -0 -0 -0 -0 0 0 
1.08217 0.586031 0 0 -0 -0 -0 -0 0 0 
1.08726 0.577688 0 0 -0 -0 -0 -0 0 0 
1.09228 0.569299 0 0 -0 -0 -0 -0 0 0 
1.09722 0.560866 0 0 -0 -0 -0 -0 0 0 
ZONE I=5
1.09722 0.560866 0 0 -0 -0 -0 -0 0 0 
1.10209 0.552389 0 0 -0 -0 -0 -0 0 0 
1.10688 0.543865 0 0 -0 -0 -0 -0 0 0 
1.1116 0.535297 0 0 -0 -0 -0 -0 0 0 
1.11624 0.526684 0 0 -0 -0 -0 -0 0 0 
ZONE I=5
1.11624 0.526684 0 0 -0 -0 -0 -0 0 0 
1.1208 0.518035 0 0 -0 -0 -0 -0 0 0 
1.12529 0.509346 0 0 -0 -0 -0 -0 0 0 
1.1297 0.500618 0 0 -0 -0 -0 -0 0 0 
1.13403 0.49185 0 0 -0 -0 -0 -0 0 0 
ZONE I=5
1.13403 0.49185 0 0 -0 -0 -0 -0 0 0 
1.13828 0.483044 0 0 -0 -0 -0 -0 0 0 
1.14246 0.474199 0 0 -0 -0 -0 -0 0 0 
1.14656 0.465313 0 0 -0 -0 -0 -0 0 0 
1.15058 0.456389 0 0 -0 -0 -0 -0 0 0 
ZONE I=5
1.15058 0.456389 0 0 -0 -0 -0 -0 0 0 
1.15452 0.447436 0 0 -0 -0 -0 -0 0 0 
1.15838 0.438447 0 0 -0 -0 -0 -0 0 0 
1.16216 0.429425 0 0 -0 -0 -0 -0 0 0 
1.16587 0.42037 0 0 -0 -0 -0 -0 0 0 
ZONE I=5
1.16587 0.42037 0 0 -0 -0 -0 -0 0 0 
1.16949 0.411283 0 0 -0 -0 -0 -0 0 0 
1.17303 0.402161 0 0 -0 -0 -0 -0 0 0 
1.1765 0.393006 0 0 -0 -0 -0 -0 0 0 
1.17988 0.383817 0 0 -0 -0 -0 -0 0 0 
ZONE I=5
1.17988 0.383817 0 0 -0 -0 -0 -0 0 0 
1.18318 0.374605 0 0 -0 -0 -0 -0 0 0 
1.18641 0.365365 0 0 -0 -0 -0 -0 0 0 
1.18954 0.356096 0 0 -0 -0 -0 -0 0 0 
1.1926 0.3468 0 0 -0 -0 -0 -0 0 0 
ZONE I=5
1.1926 0.3468 0 0 -0 -0 -0 -0 0 0 
1.19558 0.337478 0 0 -0 -0 -0 -0 0 0 
1.19848 0.328127 0 0 -0 -0 -0 -0 0 0 
1.20129 0.318749 0 0 -0 -0 -0 -0 0 0 
1.20402 0.309343 0 0 -0 -0 -0 -0 0 0 
ZONE I=5
1.20402 0.309343 0 0 -0 -0 -0 -0 0 0 
1.20667 0.29992 0 0 -0 -0 -0 -0 0 0 
1.20924 0.290474 0 0 -0 -0 -0 -0 0 0 
1.21172 0.281005 0 0 -0 -0 -0 -0 0 0 
1.21413 0.271516 0 0 -0 -0 -0 -0 0 0 
ZONE I=5
1.21413 0.271516 0 0 -0 -0 -0 -0 0 0 
1.21644 0.262006 0 0 -0 -0 -0 -0 0 0 
1.21868 0.252474 0 0 -0 -0 -0 -0 0 0 
1.22083 0.242919 0 0 -0 -0 -0 -0 0 0 
1.2229 0.233343 0 0 -0 -0 -0 -0 0 0 
ZONE I=5
1.2229 0.233343 0 0 -0 -0 -0 -0 0 0 
1.22489 0.223756 0 0 -0 -0 -0 -0 0 0 
1.22679 0.214152 0 0 -0 -0 -0 -0 0 0 
1.22861 0.204532 0 0 -0 -0 -0 -0 0 0 
1.23034 0.194896 0 0 -0 -0 -0 -0 0 0 
ZONE I=5
1.23034 0.194896 0 0 -0 -0 -0 -0 0 0 
1.232 0.185247 0 0 -0 -0 -0 -0 0 0 
1.23356 0.17558 0 0 -0 -0 -0 -0 0 0 
1.23505 0.165897 0 0 -0 -0 -0 -0 0 0 
1.23645 0.156198 0 0 -0 -0 -0 -0 0 0 
ZONE I=5
1.23645 0.156198 0 0 -0 -0 -0 -0 0 0 
1.23776 0.146495 0 0 -0 -0 -0 -0 0 0 
1.23899 0.13678 0 0 -0 -0 -0 -0 0 0 
1.24013 0.127055 0 0 -0 -0 -0 -0 0 0 
1.2412 0.117321 0 0 -0 -0 -0 -0 0 0 
ZONE I=5
1.2412 0.117321 0 0 -0 -0 -0 -0 0 0 
1.24217 0.107579 0 0 -0 -0 -0 -0 0 0 
1.24306 0.0978254 0 0 -0 -0 -0 -0 0 0 
1.24387 0.0880616 0 0 -0 -0 -0 -0 0 0 
1.24459 0.0782882 0 0 -0 -0 -0 -0 0 0 
ZONE I=5
1.24459 0.0782882 0 0 -0 -0 -0 -0 0 0 
1.24523 0.0685162 0 0 -0 -0 -0 -0 0 0 
1.24578 0.0587389 0 0 -0 -0 -0 -0 0 0 
1.24625 0.0489571 0 0 -0 -0 -0 -0 0 0 
1.24663 0.0391717 0 0 -0 -0 -0 -0 0 0 
ZONE I=5
1.24663 0.0391717 0 0 -0 -0 -0 -0 0 0 
1.24693 0.0293848 0 0 -0 -0 -0 -0 0 0 
1.24714 0.0195925 0 0 -0 -0 -0 -0 0 0 
1.24727 0.00979581 0 0 -0 -0 -0 -0 0 0 
1.24731 -4.58163e-06 0 0 -0 -0 -0 -0 0 0 
