ZONE I=5, J=5
0 0.427209 25.9306 0.427209 0 0.9 0 
0 0.433716 23.6102 0.433716 0 0.925 0 
0 0.440595 21.2898 0.440595 0 0.95 0 
0 0.447846 18.9694 0.447846 0 0.975 0 
0 0.455469 16.649 0.455469 0 1 0 
0.0146296 0.427209 25.9324 0.427315 0.0111341 0.9 0.00818126 
0.0146293 0.433717 23.612 0.433822 0.0110805 0.925 0.00818126 
0.0146291 0.440596 21.2916 0.440701 0.011024 0.95 0.00818126 
0.0146289 0.447846 18.9712 0.447951 0.0109645 0.975 0.00818126 
0.0146289 0.455469 16.6508 0.455573 0.0109021 1 0.00818126 
0.0292561 0.42721 25.9341 0.427632 0.0222623 0.9 0.0163625 
0.0292555 0.433717 23.6137 0.434138 0.0221552 0.925 0.0163625 
0.029255 0.440596 21.2933 0.441016 0.0220422 0.95 0.0163625 
0.0292546 0.447847 18.9729 0.448265 0.0219232 0.975 0.0163625 
0.0292544 0.455469 16.6525 0.455886 0.0217982 1 0.0163625 
0.0438823 0.427212 25.9359 0.42816 0.0333847 0.9 0.0245437 
0.0438812 0.433718 23.6155 0.434665 0.033224 0.925 0.0245437 
0.0438804 0.440597 21.2951 0.441541 0.0330544 0.95 0.0245437 
0.0438798 0.447847 18.9747 0.448789 0.0328758 0.975 0.0245437 
0.0438793 0.455469 16.6543 0.456408 0.0326883 1 0.0245437 
0.0585107 0.427213 25.9376 0.428899 0.0445014 0.9 0.0327249 
0.0585093 0.43372 23.6172 0.435402 0.044287 0.925 0.0327249 
0.058508 0.440598 21.2968 0.442276 0.0440608 0.95 0.0327249 
0.0585071 0.447847 18.9764 0.449522 0.0438226 0.975 0.0327249 
0.0585063 0.455469 16.656 0.457139 0.0435724 1 0.0327249 

ZONE I=5, J=5
0.0585107 0.427213 25.9405 0.428899 0.0445014 0.9 0.0327249 
0.0585093 0.43372 23.619 0.435402 0.044287 0.925 0.0327249 
0.058508 0.440598 21.2974 0.442276 0.0440608 0.95 0.0327249 
0.0585071 0.447847 18.9759 0.449522 0.0438226 0.975 0.0327249 
0.0585063 0.455469 16.6544 0.457139 0.0435724 1 0.0327249 
0.0731393 0.427216 25.9447 0.429849 0.0556072 0.9 0.0409062 
0.0731376 0.433721 23.6231 0.436349 0.0553395 0.925 0.0409062 
0.0731363 0.440599 21.3016 0.443221 0.0550569 0.95 0.0409062 
0.0731353 0.447848 18.98 0.450464 0.0547595 0.975 0.0409062 
0.0731346 0.455469 16.6585 0.458079 0.0544471 1 0.0409062 
0.0877648 0.427218 25.9488 0.43101 0.0666965 0.9 0.0490874 
0.0877629 0.433723 23.6273 0.437507 0.0663753 0.925 0.0490874 
0.0877613 0.4406 21.3057 0.444376 0.0660363 0.95 0.0490874 
0.0877601 0.447849 18.9842 0.451615 0.0656795 0.975 0.0490874 
0.0877593 0.455469 16.6627 0.459226 0.0653048 1 0.0490874 
0.10239 0.427221 25.953 0.432381 0.0777692 0.9 0.0572686 
0.102388 0.433726 23.6314 0.438875 0.0773946 0.925 0.0572686 
0.102386 0.440602 21.3099 0.44574 0.0769991 0.95 0.0572686 
0.102384 0.447849 18.9883 0.452975 0.0765827 0.975 0.0572686 
0.102383 0.455469 16.6668 0.460582 0.0761455 1 0.0572686 
0.117018 0.427225 25.9571 0.433963 0.0888254 0.9 0.0654498 
0.117015 0.433728 23.6356 0.440453 0.0883972 0.925 0.0654498 
0.117012 0.440603 21.314 0.447313 0.0879451 0.95 0.0654498 
0.11701 0.44785 18.9925 0.454544 0.0874691 0.975 0.0654498 
0.117009 0.455469 16.6709 0.462146 0.0869693 1 0.0654498 

ZONE I=5, J=5
0.117018 0.427225 25.9626 0.433963 0.0888254 0.9 0.0654498 
0.117015 0.433728 23.6388 0.440453 0.0883972 0.925 0.0654498 
0.117012 0.440603 21.315 0.447313 0.0879451 0.95 0.0654498 
0.11701 0.44785 18.9912 0.454544 0.0874691 0.975 0.0654498 
0.117009 0.455469 16.6675 0.462146 0.0869693 1 0.0654498 
0.131644 0.427229 25.9697 0.435756 0.0998587 0.9 0.0736311 
0.131641 0.433732 23.6459 0.44224 0.0993774 0.925 0.073631 
0.131639 0.440606 21.3221 0.449096 0.0988693 0.95 0.0736311 
0.131637 0.447852 18.9984 0.456322 0.0983344 0.975 0.0736311 
0.131636 0.455469 16.6746 0.463918 0.0977728 1 0.0736311 
0.146268 0.427233 25.9768 0.437757 0.110865 0.9 0.0818123 
0.146265 0.433735 23.653 0.444237 0.11033 0.925 0.0818123 
0.146262 0.440608 21.3293 0.451087 0.109766 0.95 0.0818123 
0.14626 0.447853 19.0055 0.458307 0.109172 0.975 0.0818123 
0.146259 0.455469 16.6817 0.465898 0.108548 1 0.0818123 
0.160891 0.427238 25.9839 0.439969 0.121843 0.9 0.0899936 
0.160888 0.433739 23.6602 0.446443 0.121255 0.925 0.0899936 
0.160885 0.440611 21.3364 0.453287 0.120635 0.95 0.0899936 
0.160882 0.447854 19.0126 0.4605 0.119982 0.975 0.0899935 
0.160881 0.455469 16.6888 0.468084 0.119296 1 0.0899936 
0.175517 0.427243 25.9911 0.44239 0.132795 0.9 0.0981748 
0.175513 0.433743 23.6673 0.448857 0.132153 0.925 0.0981748 
0.175509 0.440613 21.3435 0.455695 0.131476 0.95 0.0981748 
0.175506 0.447855 19.0197 0.462901 0.130763 0.975 0.0981748 
0.175504 0.455469 16.6959 0.470478 0.130015 1 0.0981748 

ZONE I=5, J=5
0.175517 0.427243 25.9988 0.44239 0.132795 0.9 0.0981748 
0.175513 0.433743 23.6716 0.448857 0.132153 0.925 0.0981748 
0.175509 0.440613 21.3445 0.455695 0.131476 0.95 0.0981748 
0.175506 0.447855 19.0173 0.462901 0.130763 0.975 0.0981748 
0.175504 0.455469 16.6902 0.470478 0.130015 1 0.0981748 
0.19014 0.427249 26.0088 0.44502 0.143711 0.9 0.106356 
0.190136 0.433747 23.6817 0.451481 0.143017 0.925 0.106356 
0.190132 0.440617 21.3545 0.458311 0.142284 0.95 0.106356 
0.19013 0.447857 19.0274 0.46551 0.141513 0.975 0.106356 
0.190128 0.455469 16.7002 0.473078 0.140703 1 0.106356 
0.204761 0.427256 26.0189 0.447858 0.154589 0.9 0.114537 
0.204756 0.433752 23.6917 0.454311 0.153842 0.925 0.114537 
0.204753 0.44062 21.3646 0.461134 0.153054 0.95 0.114537 
0.20475 0.447859 19.0374 0.468325 0.152224 0.975 0.114537 
0.204748 0.455469 16.7103 0.475884 0.151352 1 0.114537 
0.219381 0.427263 26.0289 0.450904 0.16543 0.9 0.122718 
0.219376 0.433758 23.7018 0.457349 0.16463 0.925 0.122718 
0.219372 0.440624 21.3746 0.464163 0.163785 0.95 0.122718 
0.219369 0.447861 19.0475 0.471346 0.162896 0.975 0.122718 
0.219367 0.455469 16.7203 0.478896 0.161963 1 0.122718 
0.234005 0.42727 26.039 0.454158 0.176233 0.9 0.1309 
0.233999 0.433763 23.7118 0.460595 0.17538 0.925 0.1309 
0.233994 0.440627 21.3847 0.4674 0.174479 0.95 0.1309 
0.23399 0.447863 19.0575 0.474573 0.17353 0.975 0.1309 
0.233987 0.455469 16.7304 0.482114 0.172534 1 0.1309 

ZONE I=5, J=5
0.234005 0.42727 26.0491 0.454158 0.176233 0.9 0.1309 
0.233999 0.433763 23.7174 0.460595 0.17538 0.925 0.1309 
0.233994 0.440627 21.3858 0.4674 0.174479 0.95 0.1309 
0.23399 0.447863 19.0541 0.474573 0.17353 0.975 0.1309 
0.233987 0.455469 16.7225 0.482114 0.172534 1 0.1309 
0.248624 0.427278 26.062 0.457619 0.186988 0.9 0.139081 
0.248618 0.433769 23.7304 0.464047 0.186083 0.925 0.139081 
0.248614 0.440632 21.3988 0.470843 0.185127 0.95 0.139081 
0.24861 0.447865 19.0671 0.478006 0.184121 0.975 0.139081 
0.248608 0.455469 16.7355 0.485536 0.183064 1 0.139081 
0.26324 0.427286 26.075 0.461287 0.197695 0.9 0.147262 
0.263234 0.433776 23.7434 0.467705 0.196737 0.925 0.147262 
0.26323 0.440636 21.4118 0.47449 0.195726 0.95 0.147262 
0.263226 0.447867 19.0801 0.481643 0.194662 0.975 0.147262 
0.263224 0.455469 16.7485 0.489162 0.193544 1 0.147262 
0.277857 0.427295 26.088 0.46516 0.208354 0.9 0.155443 
0.27785 0.433782 23.7564 0.471568 0.207343 0.925 0.155443 
0.277845 0.44064 21.4248 0.478343 0.206276 0.95 0.155443 
0.277841 0.447869 19.0931 0.485484 0.205153 0.975 0.155443 
0.277838 0.455469 16.7615 0.492992 0.203974 1 0.155443 
0.292476 0.427304 26.101 0.469239 0.218964 0.9 0.163625 
0.292469 0.433789 23.7694 0.475637 0.2179 0.925 0.163625 
0.292463 0.440645 21.4377 0.482401 0.216777 0.95 0.163625 
0.292458 0.447872 19.1061 0.48953 0.215595 0.975 0.163625 
0.292454 0.455469 16.7745 0.497025 0.214354 1 0.163625 

ZONE I=5, J=5
0.292476 0.427304 26.1135 0.469239 0.218964 0.9 0.163625 
0.292469 0.433789 23.7762 0.475637 0.2179 0.925 0.163625 
0.292463 0.440645 21.439 0.482401 0.216777 0.95 0.163625 
0.292458 0.447872 19.1017 0.48953 0.215595 0.975 0.163625 
0.292454 0.455469 16.7644 0.497025 0.214354 1 0.163625 
0.30709 0.427313 26.1294 0.473523 0.229515 0.9 0.171806 
0.307083 0.433797 23.7921 0.47991 0.2284 0.925 0.171806 
0.307078 0.44065 21.4549 0.486662 0.227222 0.95 0.171806 
0.307073 0.447874 19.1176 0.493779 0.225983 0.975 0.171806 
0.30707 0.455469 16.7804 0.501261 0.224682 1 0.171806 
0.321702 0.427323 26.1453 0.478011 0.240007 0.9 0.179987 
0.321695 0.433804 23.8081 0.484386 0.23884 0.925 0.179987 
0.321689 0.440656 21.4708 0.491125 0.237608 0.95 0.179987 
0.321685 0.447877 19.1336 0.498229 0.236311 0.975 0.179987 
0.321682 0.455469 16.7963 0.505698 0.234949 1 0.179987 
0.336313 0.427334 26.1613 0.482702 0.25044 0.9 0.188168 
0.336306 0.433812 23.824 0.489064 0.24922 0.925 0.188168 
0.336299 0.440661 21.4868 0.495791 0.247933 0.95 0.188168 
0.336295 0.44788 19.1495 0.502881 0.246578 0.975 0.188168 
0.336291 0.455469 16.8122 0.510336 0.245155 1 0.188168 
0.350928 0.427345 26.1772 0.487596 0.260814 0.9 0.19635 
0.350919 0.433821 23.8399 0.493946 0.259542 0.925 0.19635 
0.350912 0.440667 21.5027 0.500659 0.258199 0.95 0.19635 
0.350906 0.447883 19.1654 0.507735 0.256785 0.975 0.19635 
0.350901 0.455469 16.8282 0.515175 0.255301 1 0.19635 

ZONE I=5, J=5
0.350928 0.427345 26.1921 0.487596 0.260814 0.9 0.19635 
0.350919 0.433821 23.8481 0.493946 0.259542 0.925 0.19635 
0.350912 0.440667 21.504 0.500659 0.258199 0.95 0.19635 
0.350906 0.447883 19.16 0.507735 0.256785 0.975 0.19635 
0.350901 0.455469 16.816 0.515175 0.255301 1 0.19635 
0.365536 0.427357 26.211 0.492692 0.271117 0.9 0.204531 
0.365528 0.43383 23.867 0.499029 0.269795 0.925 0.204531 
0.365521 0.440673 21.5229 0.505728 0.268398 0.95 0.204531 
0.365516 0.447886 19.1789 0.51279 0.266928 0.975 0.204531 
0.365512 0.455469 16.8349 0.520214 0.265384 1 0.204531 
0.380141 0.427368 26.2299 0.497989 0.281351 0.9 0.212712 
0.380133 0.433839 23.8858 0.504312 0.279977 0.925 0.212712 
0.380126 0.440679 21.5418 0.510996 0.278526 0.95 0.212712 
0.380121 0.447889 19.1978 0.518043 0.276999 0.975 0.212712 
0.380118 0.455469 16.8538 0.525451 0.275396 1 0.212712 
0.394746 0.427381 26.2487 0.503485 0.291515 0.9 0.220893 
0.394737 0.433848 23.9047 0.509794 0.290089 0.925 0.220893 
0.39473 0.440686 21.5607 0.516464 0.288584 0.95 0.220893 
0.394724 0.447892 19.2167 0.523494 0.287 0.975 0.220893 
0.39472 0.455469 16.8727 0.530885 0.285336 1 0.220893 
0.409353 0.427393 26.2676 0.509183 0.301609 0.9 0.229074 
0.409343 0.433858 23.9236 0.515476 0.300131 0.925 0.229074 
0.409335 0.440692 21.5796 0.52213 0.298571 0.95 0.229074 
0.409328 0.447896 19.2356 0.529144 0.296928 0.975 0.229074 
0.409322 0.455469 16.8916 0.536518 0.295203 1 0.229074 

ZONE I=5, J=5
0.409353 0.427393 26.285 0.509183 0.301609 0.9 0.229074 
0.409343 0.433858 23.933 0.515476 0.300131 0.925 0.229074 
0.409335 0.440692 21.5811 0.52213 0.298571 0.95 0.229074 
0.409328 0.447896 19.2292 0.529144 0.296928 0.975 0.229074 
0.409322 0.455469 16.8773 0.536518 0.295203 1 0.229074 
0.423956 0.427407 26.3068 0.515079 0.311623 0.9 0.237256 
0.423946 0.433869 23.9549 0.521357 0.310095 0.925 0.237256 
0.423938 0.4407 21.603 0.527995 0.308482 0.95 0.237256 
0.423932 0.4479 19.2511 0.534992 0.306784 0.975 0.237256 
0.423928 0.455469 16.8991 0.542348 0.305001 1 0.237256 
0.438554 0.427421 26.3287 0.521171 0.321557 0.9 0.245437 
0.438545 0.433879 23.9768 0.527434 0.319978 0.925 0.245437 
0.438537 0.440707 21.6248 0.534055 0.318312 0.95 0.245437 
0.438531 0.447903 19.2729 0.541035 0.316557 0.975 0.245437 
0.438528 0.455469 16.921 0.548372 0.314715 1 0.245437 
0.453152 0.427435 26.3505 0.527461 0.33141 0.9 0.253618 
0.453142 0.43389 23.9986 0.533707 0.32978 0.925 0.253618 
0.453134 0.440714 21.6467 0.540311 0.32806 0.95 0.253618 
0.453127 0.447907 19.2948 0.547272 0.326249 0.975 0.253618 
0.453123 0.455469 16.9429 0.554591 0.324347 1 0.253618 
0.467752 0.427449 26.3724 0.533947 0.341182 0.9 0.261799 
0.467741 0.433901 24.0205 0.540176 0.339501 0.925 0.261799 
0.467731 0.440722 21.6686 0.546762 0.337726 0.95 0.261799 
0.467723 0.447911 19.3166 0.553704 0.335858 0.975 0.261799 
0.467716 0.455469 16.9647 0.561003 0.333896 1 0.261799 

ZONE I=5, J=5
0.467752 0.427449 26.3922 0.533947 0.341182 0.9 0.261799 
0.467741 0.433901 24.0312 0.540176 0.339501 0.925 0.261799 
0.467731 0.440722 21.6703 0.546762 0.337726 0.95 0.261799 
0.467723 0.447911 19.3093 0.553704 0.335858 0.975 0.261799 
0.467716 0.455469 16.9483 0.561003 0.333896 1 0.261799 
0.482346 0.427465 26.4171 0.540628 0.350864 0.9 0.269981 
0.482336 0.433913 24.0561 0.54684 0.349133 0.925 0.269981 
0.482327 0.44073 21.6951 0.553408 0.347307 0.95 0.269981 
0.48232 0.447915 19.3341 0.560331 0.345384 0.975 0.269981 
0.482315 0.455469 16.9732 0.56761 0.343364 1 0.269981 
0.496937 0.42748 26.4419 0.547502 0.360454 0.9 0.278162 
0.496926 0.433925 24.0809 0.553696 0.358674 0.925 0.278162 
0.496917 0.440738 21.72 0.560245 0.356795 0.95 0.278162 
0.496911 0.447919 19.359 0.567148 0.354817 0.975 0.278162 
0.496907 0.455469 16.998 0.574406 0.35274 1 0.278162 
0.511527 0.427496 26.4668 0.554568 0.369954 0.9 0.286343 
0.511515 0.433937 24.1058 0.560744 0.368124 0.925 0.286343 
0.511506 0.440746 21.7448 0.567273 0.366192 0.95 0.286343 
0.511498 0.447923 19.3838 0.574156 0.364158 0.975 0.286343 
0.511493 0.455469 17.0229 0.581393 0.362022 1 0.286343 
0.526118 0.427512 26.4916 0.561828 0.379363 0.9 0.294524 
0.526105 0.43395 24.1306 0.567984 0.377482 0.925 0.294524 
0.526094 0.440755 21.7697 0.574493 0.375497 0.95 0.294524 
0.526085 0.447928 19.4087 0.581355 0.373406 0.975 0.294524 
0.526078 0.455469 17.0477 0.588569 0.37121 1 0.294524 

ZONE I=5, J=5
0.526118 0.427512 26.5139 0.561828 0.379363 0.9 0.294524 
0.526105 0.43395 24.1427 0.567984 0.377482 0.925 0.294524 
0.526094 0.440755 21.7715 0.574493 0.375497 0.95 0.294524 
0.526085 0.447928 19.4003 0.581355 0.373406 0.975 0.294524 
0.526078 0.455469 17.0292 0.588569 0.37121 1 0.294524 
0.540703 0.42753 26.5418 0.569277 0.388671 0.9 0.302706 
0.540691 0.433963 24.1706 0.575414 0.386742 0.925 0.302706 
0.540681 0.440764 21.7994 0.581903 0.384705 0.95 0.302706 
0.540674 0.447933 19.4282 0.588744 0.38256 0.975 0.302706 
0.540668 0.455469 17.057 0.595936 0.380309 1 0.302706 
0.555284 0.427547 26.5696 0.576915 0.397878 0.9 0.310887 
0.555272 0.433976 24.1985 0.583032 0.395899 0.925 0.310887 
0.555263 0.440773 21.8273 0.5895 0.393811 0.95 0.310887 
0.555255 0.447937 19.4561 0.596319 0.391612 0.975 0.310887 
0.555251 0.455469 17.0849 0.603488 0.389304 1 0.310887 
0.569865 0.427564 26.5975 0.584741 0.406983 0.9 0.319068 
0.569852 0.43399 24.2263 0.590838 0.404956 0.925 0.319068 
0.569842 0.440782 21.8551 0.597284 0.402815 0.95 0.319068 
0.569833 0.447942 19.4839 0.60408 0.400562 0.975 0.319068 
0.569828 0.455469 17.1128 0.611225 0.398195 1 0.319068 
0.584447 0.427583 26.6254 0.592755 0.415988 0.9 0.327249 
0.584432 0.434004 24.2542 0.598831 0.413911 0.925 0.327249 
0.58442 0.440792 21.883 0.605255 0.411717 0.95 0.327249 
0.58441 0.447947 19.5118 0.612027 0.409408 0.975 0.327249 
0.584402 0.455469 17.1406 0.619147 0.406983 1 0.327249 

ZONE I=5, J=5
0.584447 0.427583 26.6502 0.592755 0.415988 0.9 0.327249 
0.584432 0.434004 24.2676 0.598831 0.413911 0.925 0.327249 
0.58442 0.440792 21.8851 0.605255 0.411717 0.95 0.327249 
0.58441 0.447947 19.5025 0.612027 0.409408 0.975 0.327249 
0.584402 0.455469 17.1199 0.619147 0.406983 1 0.327249 
0.599021 0.427602 26.6811 0.600954 0.424881 0.9 0.335431 
0.599008 0.434019 24.2986 0.607009 0.422756 0.925 0.335431 
0.598997 0.440802 21.916 0.613411 0.420513 0.95 0.335431 
0.598989 0.447952 19.5334 0.62016 0.418151 0.975 0.335431 
0.598983 0.455469 17.1508 0.627256 0.415671 1 0.335431 
0.613592 0.427621 26.712 0.609337 0.433663 0.9 0.343612 
0.613579 0.434033 24.3295 0.61537 0.43149 0.925 0.343612 
0.613568 0.440812 21.9469 0.621749 0.429196 0.95 0.343612 
0.61356 0.447957 19.5643 0.628474 0.426782 0.975 0.343612 
0.613555 0.455469 17.1817 0.635545 0.424246 1 0.343612 
0.628162 0.42764 26.743 0.617903 0.442334 0.9 0.351793 
0.628148 0.434048 24.3604 0.623913 0.440113 0.925 0.351793 
0.628137 0.440822 21.9778 0.630269 0.437768 0.95 0.351793 
0.628128 0.447962 19.5952 0.636969 0.435299 0.975 0.351793 
0.628121 0.455469 17.2126 0.644013 0.432707 1 0.351793 
0.642733 0.42766 26.7739 0.626652 0.450895 0.9 0.359974 
0.642718 0.434063 24.3913 0.63264 0.448625 0.925 0.359974 
0.642704 0.440833 22.0087 0.63897 0.446228 0.95 0.359974 
0.642694 0.447968 19.6261 0.645644 0.443704 0.975 0.359974 
0.642685 0.455469 17.2435 0.652662 0.441054 1 0.359974 

ZONE I=5, J=5
0.642733 0.42766 26.8013 0.626652 0.450895 0.9 0.359974 
0.642718 0.434063 24.4061 0.63264 0.448625 0.925 0.359974 
0.642704 0.440833 22.011 0.63897 0.446228 0.95 0.359974 
0.642694 0.447968 19.6158 0.645644 0.443704 0.975 0.359974 
0.642685 0.455469 17.2207 0.652662 0.441054 1 0.359974 
0.657297 0.427681 26.8353 0.635581 0.459333 0.9 0.368156 
0.657282 0.434079 24.4401 0.641546 0.457016 0.925 0.368156 
0.65727 0.440844 22.0449 0.647852 0.454571 0.95 0.368156 
0.657261 0.447974 19.6498 0.654501 0.451996 0.975 0.368156 
0.657254 0.455469 17.2546 0.661492 0.449292 1 0.368156 
0.671856 0.427701 26.8692 0.644687 0.46765 0.9 0.376337 
0.671841 0.434095 24.4741 0.650629 0.465287 0.925 0.376337 
0.67183 0.440854 22.0789 0.656911 0.462792 0.95 0.376337 
0.671821 0.447979 19.6838 0.663533 0.460165 0.975 0.376337 
0.671815 0.455469 17.2886 0.670497 0.457407 1 0.376337 
0.686414 0.427722 26.9032 0.653972 0.475848 0.9 0.384518 
0.686399 0.434111 24.5081 0.659889 0.473437 0.925 0.384518 
0.686386 0.440865 22.1129 0.666145 0.470892 0.95 0.384518 
0.686376 0.447984 19.7178 0.672741 0.468212 0.975 0.384518 
0.68637 0.455469 17.3226 0.679676 0.465399 1 0.384518 
0.700973 0.427744 26.9372 0.663435 0.483924 0.9 0.392699 
0.700956 0.434128 24.5421 0.669326 0.481466 0.925 0.392699 
0.700942 0.440877 22.1469 0.675556 0.47887 0.95 0.392699 
0.70093 0.44799 19.7517 0.682123 0.476136 0.975 0.392699 
0.700921 0.455469 17.3566 0.689029 0.473266 1 0.392699 

ZONE I=5, J=5
0.700973 0.427744 26.9672 0.663435 0.483924 0.9 0.392699 
0.700956 0.434128 24.5583 0.669326 0.481466 0.925 0.392699 
0.700942 0.440877 22.1494 0.675556 0.47887 0.95 0.392699 
0.70093 0.44799 19.7404 0.682123 0.476136 0.975 0.392699 
0.700921 0.455469 17.3315 0.689029 0.473266 1 0.392699 
0.715524 0.427766 27.0043 0.67307 0.491868 0.9 0.400881 
0.715508 0.434145 24.5954 0.678938 0.489365 0.925 0.400881 
0.715495 0.440889 22.1864 0.685141 0.486721 0.95 0.400881 
0.715485 0.447997 19.7775 0.691682 0.483938 0.975 0.400881 
0.715478 0.455469 17.3686 0.698559 0.481016 1 0.400881 
0.73007 0.427789 27.0414 0.682878 0.499683 0.9 0.409062 
0.730055 0.434163 24.6325 0.68872 0.497133 0.925 0.409062 
0.730042 0.4409 22.2235 0.694897 0.494442 0.95 0.409062 
0.730032 0.448003 19.8146 0.701409 0.491608 0.975 0.409062 
0.730026 0.455469 17.4057 0.708257 0.488633 1 0.409062 
0.744615 0.427811 27.0785 0.692858 0.507367 0.9 0.417243 
0.744599 0.43418 24.6696 0.698674 0.504772 0.925 0.417243 
0.744585 0.440912 22.2606 0.704823 0.502031 0.95 0.417243 
0.744575 0.448008 19.8517 0.711306 0.499146 0.975 0.417243 
0.744567 0.455468 17.4428 0.718123 0.496116 1 0.417243 
0.759162 0.427835 27.1156 0.703011 0.514922 0.9 0.425424 
0.759143 0.434198 24.7066 0.708799 0.51228 0.925 0.425424 
0.759128 0.440925 22.2977 0.71492 0.509489 0.95 0.425424 
0.759115 0.448015 19.8888 0.721373 0.506551 0.975 0.425424 
0.759105 0.455469 17.4799 0.728158 0.503466 1 0.425424 

ZONE I=5, J=5
0.759162 0.427835 27.1482 0.703011 0.514922 0.9 0.425424 
0.759143 0.434198 24.7243 0.708799 0.51228 0.925 0.425424 
0.759128 0.440925 22.3004 0.71492 0.509489 0.95 0.425424 
0.759115 0.448015 19.8765 0.721373 0.506551 0.975 0.425424 
0.759105 0.455469 17.4526 0.728158 0.503466 1 0.425424 
0.773697 0.427859 27.1884 0.713328 0.522334 0.9 0.433605 
0.77368 0.434217 24.7645 0.71909 0.519647 0.925 0.433605 
0.773666 0.440938 22.3406 0.725184 0.516811 0.95 0.433605 
0.773655 0.448022 19.9167 0.731608 0.513825 0.975 0.433605 
0.773647 0.455469 17.4928 0.738363 0.510689 1 0.433605 
0.788229 0.427883 27.2287 0.723812 0.529607 0.9 0.441786 
0.788212 0.434235 24.8048 0.729547 0.526876 0.925 0.441786 
0.788198 0.44095 22.3809 0.735612 0.523993 0.95 0.441786 
0.788188 0.448028 19.9569 0.742006 0.520957 0.975 0.441786 
0.788181 0.455469 17.533 0.74873 0.51777 1 0.441786 
0.80276 0.427907 27.2689 0.734463 0.536742 0.9 0.449967 
0.802742 0.434254 24.845 0.74017 0.533965 0.925 0.449967 
0.802728 0.440963 22.4211 0.746205 0.531034 0.95 0.449967 
0.802716 0.448034 19.9972 0.752568 0.527949 0.975 0.449967 
0.802708 0.455468 17.5733 0.759259 0.524708 1 0.449967 
0.817293 0.427932 27.3091 0.74528 0.543738 0.9 0.458149 
0.817273 0.434273 24.8852 0.750958 0.540916 0.925 0.458149 
0.817257 0.440976 22.4613 0.756963 0.537936 0.95 0.458149 
0.817243 0.448041 20.0374 0.763293 0.534799 0.975 0.458149 
0.817232 0.455469 17.6135 0.76995 0.531504 1 0.458149 

ZONE I=5, J=5
0.817293 0.427932 27.3444 0.74528 0.543738 0.9 0.458149 
0.817273 0.434273 24.9043 0.750958 0.540916 0.925 0.458149 
0.817257 0.440976 22.4642 0.756963 0.537936 0.95 0.458149 
0.817243 0.448041 20.0241 0.763293 0.534799 0.975 0.458149 
0.817232 0.455469 17.584 0.76995 0.531504 1 0.458149 
0.831813 0.427958 27.3878 0.756255 0.550581 0.9 0.46633 
0.831795 0.434293 24.9477 0.761905 0.547716 0.925 0.46633 
0.83178 0.44099 22.5076 0.76788 0.544692 0.95 0.46633 
0.831768 0.448048 20.0675 0.77418 0.541508 0.975 0.46633 
0.83176 0.455469 17.6274 0.780805 0.538164 1 0.46633 
0.846329 0.427984 27.4313 0.767389 0.557276 0.9 0.474511 
0.846311 0.434313 24.9912 0.773011 0.554368 0.925 0.474511 
0.846297 0.441003 22.551 0.778955 0.551299 0.95 0.474511 
0.846286 0.448055 20.1109 0.785223 0.548067 0.975 0.474511 
0.846278 0.455469 17.6708 0.791814 0.544673 1 0.474511 
0.860845 0.42801 27.4747 0.778683 0.563824 0.9 0.482692 
0.860826 0.434333 25.0346 0.784275 0.560873 0.925 0.482692 
0.86081 0.441017 22.5945 0.790188 0.557757 0.95 0.482692 
0.860798 0.448062 20.1543 0.796423 0.554476 0.975 0.482692 
0.86079 0.455468 17.7142 0.80298 0.55103 1 0.482692 
0.875362 0.428036 27.5181 0.790137 0.570225 0.9 0.490874 
0.875341 0.434353 25.078 0.795698 0.567229 0.925 0.490874 
0.875323 0.441031 22.6379 0.801579 0.564066 0.95 0.490874 
0.875309 0.448069 20.1978 0.80778 0.560735 0.975 0.490874 
0.875297 0.455469 17.7577 0.8143 0.557236 1 0.490874 

ZONE I=5, J=5
0.875362 0.428036 27.5561 0.790137 0.570225 0.9 0.490874 
0.875341 0.434353 25.0985 0.795698 0.567229 0.925 0.490874 
0.875323 0.441031 22.641 0.801579 0.564066 0.95 0.490874 
0.875309 0.448069 20.1834 0.80778 0.560735 0.975 0.490874 
0.875297 0.455469 17.7258 0.8143 0.557236 1 0.490874 
0.889865 0.428064 27.6028 0.801741 0.576464 0.9 0.499055 
0.889846 0.434374 25.1452 0.807273 0.573426 0.925 0.499055 
0.88983 0.441045 22.6876 0.813122 0.57022 0.95 0.499055 
0.889818 0.448077 20.23 0.819291 0.566844 0.975 0.499055 
0.889809 0.455469 17.7725 0.825777 0.563298 1 0.499055 
0.904365 0.428091 27.6494 0.813497 0.582546 0.9 0.507236 
0.904346 0.434395 25.1918 0.818998 0.579467 0.925 0.507236 
0.90433 0.44106 22.7343 0.824816 0.576216 0.95 0.507236 
0.904319 0.448084 20.2767 0.830951 0.572794 0.975 0.507236 
0.904311 0.455469 17.8191 0.837402 0.5692 1 0.507236 
0.918863 0.428118 27.6961 0.825406 0.588472 0.9 0.515417 
0.918843 0.434416 25.2385 0.830876 0.585351 0.925 0.515417 
0.918827 0.441074 22.7809 0.836661 0.582055 0.95 0.515417 
0.918814 0.448091 20.3234 0.84276 0.578585 0.975 0.515417 
0.918805 0.455468 17.8658 0.849174 0.574941 1 0.515417 
0.933363 0.428147 27.7427 0.837468 0.594243 0.9 0.523599 
0.933341 0.434438 25.2852 0.842905 0.591078 0.925 0.523599 
0.933323 0.441089 22.8276 0.848656 0.587736 0.95 0.523599 
0.933307 0.448099 20.37 0.854719 0.584218 0.975 0.523599 
0.933294 0.455469 17.9124 0.861095 0.580522 1 0.523599 

ZONE I=5, J=5
0.933363 0.428147 27.7834 0.837468 0.594243 0.9 0.523599 
0.933341 0.434438 25.3072 0.842905 0.591078 0.925 0.523599 
0.933323 0.441089 22.8309 0.848656 0.587736 0.95 0.523599 
0.933307 0.448099 20.3546 0.854719 0.584218 0.975 0.523599 
0.933294 0.455469 17.8783 0.861095 0.580522 1 0.523599 
0.947849 0.428176 27.8334 0.849671 0.599842 0.9 0.53178 
0.947828 0.434461 25.3571 0.855078 0.596637 0.925 0.53178 
0.947811 0.441104 22.8808 0.860795 0.593254 0.95 0.53178 
0.947798 0.448107 20.4045 0.866825 0.589692 0.975 0.53178 
0.947789 0.455469 17.9282 0.873165 0.585951 1 0.53178 
0.96233 0.428204 27.8833 0.862019 0.605277 0.9 0.539961 
0.962309 0.434483 25.407 0.867394 0.602032 0.925 0.539961 
0.962293 0.441119 22.9307 0.873078 0.598606 0.95 0.539961 
0.962281 0.448115 20.4545 0.879072 0.594999 0.975 0.539961 
0.962273 0.455469 17.9782 0.885376 0.591211 1 0.539961 
0.97681 0.428233 27.9332 0.874513 0.610548 0.9 0.548142 
0.976789 0.434505 25.457 0.879854 0.607262 0.925 0.548142 
0.976771 0.441134 22.9807 0.885504 0.603792 0.95 0.548142 
0.976758 0.448122 20.5044 0.891461 0.600139 0.975 0.548142 
0.976748 0.455468 18.0281 0.897726 0.596303 1 0.548142 
0.991291 0.428263 27.9832 0.887151 0.615654 0.9 0.556324 
0.991268 0.434528 25.5069 0.892459 0.612327 0.925 0.556324 
0.991248 0.44115 23.0306 0.898072 0.608813 0.95 0.556324 
0.991232 0.448131 20.5543 0.903991 0.605112 0.975 0.556324 
0.991218 0.455469 18.078 0.910216 0.601226 1 0.556324 

ZONE I=5, J=5
0.991291 0.428263 28.0267 0.887151 0.615654 0.9 0.556324 
0.991268 0.434528 25.5304 0.892459 0.612327 0.925 0.556324 
0.991248 0.44115 23.0341 0.898072 0.608813 0.95 0.556324 
0.991232 0.448131 20.5378 0.903991 0.605112 0.975 0.556324 
0.991218 0.455469 18.0416 0.910216 0.601226 1 0.556324 
1.00576 0.428294 28.0799 0.899923 0.620581 0.9 0.564505 
1.00574 0.434551 25.5837 0.905198 0.617215 0.925 0.564505 
1.00572 0.441167 23.0874 0.910778 0.613661 0.95 0.564505 
1.0057 0.448139 20.5911 0.916661 0.609919 0.975 0.564505 
1.00569 0.455469 18.0948 0.922849 0.605989 1 0.564505 
1.02022 0.428324 28.1332 0.912832 0.625336 0.9 0.572686 
1.0202 0.434575 25.6369 0.918074 0.621931 0.925 0.572686 
1.02018 0.441182 23.1406 0.923618 0.618336 0.95 0.572686 
1.02017 0.448147 20.6444 0.929464 0.614551 0.975 0.572686 
1.02016 0.455469 18.1481 0.935613 0.610576 1 0.572686 
1.03468 0.428355 28.1865 0.925878 0.629918 0.9 0.580867 
1.03466 0.434598 25.6902 0.931085 0.626474 0.925 0.580867 
1.03464 0.441198 23.1939 0.936593 0.622837 0.95 0.580867 
1.03462 0.448155 20.6976 0.942401 0.619007 0.975 0.580867 
1.03461 0.455468 18.2014 0.948509 0.614985 1 0.580867 
1.04914 0.428386 28.2397 0.939061 0.634329 0.9 0.589049 
1.04912 0.434622 25.7435 0.944233 0.630844 0.925 0.589049 
1.04909 0.441215 23.2472 0.949702 0.627164 0.95 0.589049 
1.04908 0.448164 20.7509 0.95547 0.623289 0.975 0.589049 
1.04906 0.455469 18.2546 0.961537 0.619218 1 0.589049 

ZONE I=5, J=5
1.04914 0.428386 28.2861 0.939061 0.634329 0.9 0.589049 
1.04912 0.434622 25.7685 0.944233 0.630844 0.925 0.589049 
1.04909 0.441215 23.2509 0.949702 0.627164 0.95 0.589049 
1.04908 0.448164 20.7333 0.95547 0.623289 0.975 0.589049 
1.04906 0.455469 18.2158 0.961537 0.619218 1 0.589049 
1.06358 0.428418 28.3427 0.952368 0.638551 0.9 0.59723 
1.06356 0.434647 25.8251 0.957506 0.63503 0.925 0.59723 
1.06354 0.441232 23.3076 0.962941 0.631311 0.95 0.59723 
1.06353 0.448173 20.79 0.968672 0.627396 0.975 0.59723 
1.06352 0.455469 18.2724 0.974699 0.623284 1 0.59723 
1.07802 0.42845 28.3994 0.965804 0.642594 0.9 0.605411 
1.078 0.434671 25.8818 0.970907 0.639035 0.925 0.605411 
1.07798 0.441248 23.3642 0.976305 0.635277 0.95 0.605411 
1.07797 0.448181 20.8466 0.981998 0.631321 0.975 0.605411 
1.07796 0.455469 18.3291 0.987985 0.627166 1 0.605411 
1.09246 0.428482 28.456 0.979369 0.646457 0.9 0.613592 
1.09244 0.434696 25.9384 0.984436 0.64286 0.925 0.613592 
1.09242 0.441265 23.4209 0.989796 0.639062 0.95 0.613592 
1.09241 0.448189 20.9033 0.995449 0.635063 0.975 0.613592 
1.09239 0.455468 18.3857 1.00139 0.630863 1 0.613592 
1.1069 0.428515 28.5127 0.993063 0.650141 0.9 0.621774 
1.10688 0.434721 25.9951 0.998093 0.646505 0.925 0.621774 
1.10685 0.441282 23.4775 1.00341 0.642665 0.95 0.621774 
1.10684 0.448198 20.9599 1.00902 0.638622 0.975 0.621774 
1.10682 0.455469 18.4424 1.01493 0.634375 1 0.621774 

ZONE I=5, J=5
1.1069 0.428515 28.5619 0.993063 0.650141 0.9 0.621774 
1.10688 0.434721 26.0217 0.998093 0.646505 0.925 0.621774 
1.10685 0.441282 23.4815 1.00341 0.642665 0.95 0.621774 
1.10684 0.448198 20.9413 1.00902 0.638622 0.975 0.621774 
1.10682 0.455469 18.4011 1.01493 0.634375 1 0.621774 
1.12132 0.428548 28.622 1.00687 0.653629 0.9 0.629955 
1.1213 0.434747 26.0818 1.01187 0.649958 0.925 0.629955 
1.12128 0.4413 23.5416 1.01715 0.646081 0.95 0.629955 
1.12127 0.448208 21.0014 1.02272 0.642 0.975 0.629955 
1.12125 0.455469 18.4612 1.02858 0.637713 1 0.629955 
1.13574 0.428581 28.682 1.0208 0.65693 0.9 0.638136 
1.13572 0.434773 26.1418 1.02576 0.653223 0.925 0.638136 
1.1357 0.441318 23.6017 1.031 0.649309 0.95 0.638136 
1.13568 0.448216 21.0615 1.03654 0.645188 0.975 0.638136 
1.13567 0.455469 18.5213 1.04236 0.64086 1 0.638136 
1.15016 0.428614 28.7421 1.03485 0.660044 0.9 0.646317 
1.15013 0.434798 26.2019 1.03977 0.656301 0.925 0.646317 
1.15011 0.441335 23.6617 1.04498 0.652348 0.95 0.646317 
1.1501 0.448225 21.1216 1.05047 0.648186 0.975 0.646317 
1.15008 0.455468 18.5814 1.05624 0.643815 1 0.646317 
1.16457 0.428649 28.8022 1.04902 0.662971 0.9 0.654498 
1.16454 0.434825 26.262 1.0539 0.65919 0.925 0.654498 
1.16452 0.441353 23.7218 1.05906 0.655198 0.95 0.654498 
1.1645 0.448235 21.1816 1.06451 0.650993 0.975 0.654498 
1.16449 0.455469 18.6414 1.07024 0.646577 1 0.654498 

ZONE I=5, J=5
1.16457 0.428649 28.8544 1.04902 0.662971 0.9 0.654498 
1.16454 0.434825 26.2902 1.0539 0.65919 0.925 0.654498 
1.16452 0.441353 23.726 1.05906 0.655198 0.95 0.654498 
1.1645 0.448235 21.1619 1.06451 0.650993 0.975 0.654498 
1.16449 0.455469 18.5977 1.07024 0.646577 1 0.654498 
1.17897 0.428684 28.918 1.06329 0.665696 0.9 0.66268 
1.17894 0.434852 26.3538 1.06814 0.661882 0.925 0.66268 
1.17892 0.441372 23.7896 1.07326 0.657854 0.95 0.66268 
1.17891 0.448244 21.2255 1.07867 0.653614 0.975 0.66268 
1.1789 0.455469 18.6613 1.08436 0.64916 1 0.66268 
1.19336 0.428718 28.9816 1.07768 0.668227 0.9 0.670861 
1.19334 0.434878 26.4174 1.08248 0.664379 0.925 0.670861 
1.19332 0.44139 23.8532 1.08757 0.660315 0.95 0.670861 
1.1933 0.448253 21.2891 1.09294 0.656037 0.975 0.670861 
1.19329 0.455469 18.7249 1.09859 0.651543 1 0.670861 
1.20775 0.428753 29.0452 1.09217 0.670564 0.9 0.679042 
1.20773 0.434905 26.481 1.09694 0.666681 0.925 0.679042 
1.20771 0.441408 23.9168 1.10199 0.66258 0.95 0.679042 
1.20769 0.448262 21.3527 1.10731 0.658263 0.975 0.679042 
1.20768 0.455468 18.7885 1.11291 0.653728 1 0.679042 
1.22214 0.428789 29.1088 1.10678 0.672708 0.9 0.687223 
1.22211 0.434932 26.5446 1.11151 0.668789 0.925 0.687223 
1.22209 0.441427 23.9804 1.11651 0.66465 0.95 0.687223 
1.22207 0.448272 21.4163 1.12179 0.660292 0.975 0.687223 
1.22205 0.455469 18.8521 1.12734 0.655714 1 0.687223 

ZONE I=5, J=5
1.22214 0.428789 29.1639 1.10678 0.672708 0.9 0.687223 
1.22211 0.434932 26.5744 1.11151 0.668789 0.925 0.687223 
1.22209 0.441427 23.9849 1.11651 0.66465 0.95 0.687223 
1.22207 0.448272 21.3954 1.12179 0.660292 0.975 0.687223 
1.22205 0.455469 18.8059 1.12734 0.655714 1 0.687223 
1.23651 0.428825 29.231 1.12148 0.674642 0.9 0.695405 
1.23649 0.43496 26.6415 1.12617 0.670691 0.925 0.695405 
1.23647 0.441446 24.0521 1.13114 0.666519 0.95 0.695405 
1.23645 0.448282 21.4626 1.13638 0.662126 0.975 0.695405 
1.23644 0.455469 18.8731 1.14189 0.657513 1 0.695405 
1.25088 0.428861 29.2982 1.13628 0.676375 0.9 0.703586 
1.25085 0.434988 26.7087 1.14094 0.672392 0.925 0.703586 
1.25083 0.441465 24.1192 1.14586 0.668186 0.95 0.703586 
1.25082 0.448292 21.5297 1.15106 0.663758 0.975 0.703586 
1.25081 0.455469 18.9402 1.15653 0.659106 1 0.703586 
1.26524 0.428897 29.3654 1.15119 0.677909 0.9 0.711767 
1.26522 0.435015 26.7759 1.1558 0.673893 0.925 0.711767 
1.26519 0.441483 24.1864 1.16069 0.669651 0.95 0.711767 
1.26518 0.448301 21.5969 1.16584 0.665185 0.975 0.711767 
1.26517 0.455468 19.0074 1.17126 0.660495 1 0.711767 
1.27961 0.428934 29.4326 1.16619 0.679243 0.9 0.719948 
1.27958 0.435044 26.8431 1.17077 0.675192 0.925 0.719948 
1.27955 0.441503 24.2536 1.17561 0.670915 0.95 0.719948 
1.27953 0.448311 21.6641 1.18071 0.66641 0.975 0.719948 
1.27951 0.455469 19.0746 1.18608 0.661678 1 0.719948 

ZONE I=5, J=5
1.27961 0.428934 29.4907 1.16619 0.679243 0.9 0.719948 
1.27958 0.435044 26.8745 1.17077 0.675192 0.925 0.719948 
1.27955 0.441503 24.2583 1.17561 0.670915 0.95 0.719948 
1.27953 0.448311 21.642 1.18071 0.66641 0.975 0.719948 
1.27951 0.455469 19.0258 1.18608 0.661678 1 0.719948 
1.29395 0.428971 29.5615 1.18128 0.680361 0.9 0.72813 
1.29392 0.435073 26.9453 1.18582 0.67628 0.925 0.72813 
1.2939 0.441523 24.3291 1.19062 0.671971 0.95 0.72813 
1.29388 0.448322 21.7129 1.19568 0.667434 0.975 0.72813 
1.29387 0.455469 19.0966 1.20101 0.662668 1 0.72813 
1.30829 0.429008 29.6324 1.19647 0.681272 0.9 0.736311 
1.30826 0.435101 27.0161 1.20096 0.677161 0.925 0.736311 
1.30824 0.441542 24.3999 1.20572 0.67282 0.95 0.736311 
1.30822 0.448332 21.7837 1.21074 0.668248 0.975 0.736311 
1.30821 0.455469 19.1674 1.21602 0.663447 1 0.736311 
1.32262 0.429046 29.7032 1.21174 0.681978 0.9 0.744492 
1.32259 0.43513 27.0869 1.2162 0.677835 0.925 0.744492 
1.32257 0.441562 24.4707 1.22091 0.67346 0.95 0.744492 
1.32255 0.448341 21.8545 1.22589 0.668854 0.975 0.744492 
1.32254 0.455468 19.2383 1.23112 0.664015 1 0.744492 
1.33696 0.429084 29.774 1.22711 0.682478 0.9 0.752673 
1.33693 0.435159 27.1578 1.23152 0.678302 0.925 0.752673 
1.3369 0.441582 24.5415 1.23619 0.673893 0.95 0.752673 
1.33688 0.448352 21.9253 1.24112 0.669249 0.975 0.752673 
1.33686 0.455469 19.3091 1.2463 0.664372 1 0.752673 

ZONE I=5, J=5
1.33696 0.429084 29.8352 1.22711 0.682478 0.9 0.752673 
1.33693 0.435159 27.1908 1.23152 0.678302 0.925 0.752673 
1.3369 0.441582 24.5465 1.23619 0.673893 0.95 0.752673 
1.33688 0.448352 21.9021 1.24112 0.669249 0.975 0.752673 
1.33686 0.455469 19.2577 1.2463 0.664372 1 0.752673 
1.35127 0.429123 29.9098 1.24255 0.682755 0.9 0.760855 
1.35124 0.43519 27.2654 1.24692 0.678552 0.925 0.760855 
1.35122 0.441603 24.621 1.25155 0.674113 0.95 0.760855 
1.3512 0.448363 21.9766 1.25643 0.669439 0.975 0.760855 
1.35119 0.455469 19.3323 1.26157 0.664529 1 0.760855 
1.36558 0.429161 29.9843 1.25807 0.682822 0.9 0.769036 
1.36555 0.435219 27.3399 1.2624 0.678589 0.925 0.769036 
1.36553 0.441623 24.6956 1.26699 0.67412 0.95 0.769036 
1.36551 0.448373 22.0512 1.27183 0.669414 0.975 0.769036 
1.3655 0.455469 19.4068 1.27692 0.66447 1 0.769036 
1.37988 0.4292 30.0589 1.27367 0.682676 0.9 0.777217 
1.37985 0.435248 27.4145 1.27796 0.678414 0.925 0.777217 
1.37983 0.441643 24.7701 1.28251 0.673913 0.95 0.777217 
1.37981 0.448383 22.1257 1.2873 0.669173 0.975 0.777217 
1.3798 0.455468 19.4813 1.29234 0.664195 1 0.777217 
1.39418 0.429239 30.1334 1.28935 0.682319 0.9 0.785398 
1.39415 0.435279 27.489 1.2936 0.678026 0.925 0.785398 
1.39413 0.441664 24.8446 1.2981 0.673493 0.95 0.785398 
1.3941 0.448394 22.2003 1.30284 0.668718 0.975 0.785398 
1.39409 0.455469 19.5559 1.30783 0.663702 1 0.785398 

ZONE I=5, J=5
1.39418 0.429239 30.1978 1.28935 0.682319 0.9 0.785398 
1.39415 0.435279 27.5238 1.2936 0.678026 0.925 0.785398 
1.39413 0.441664 24.8498 1.2981 0.673493 0.95 0.785398 
1.3941 0.448394 22.1759 1.30284 0.668718 0.975 0.785398 
1.39409 0.455469 19.5019 1.30783 0.663702 1 0.785398 
1.40847 0.429279 30.2761 1.3051 0.681735 0.9 0.79358 
1.40844 0.43531 27.6021 1.30931 0.677416 0.925 0.79358 
1.40841 0.441685 24.9282 1.31377 0.672854 0.95 0.79358 
1.4084 0.448405 22.2542 1.31847 0.668051 0.975 0.79358 
1.40838 0.455469 19.5802 1.32341 0.663006 1 0.79358 
1.42274 0.429319 30.3545 1.32092 0.680934 0.9 0.801761 
1.42271 0.43534 27.6805 1.32509 0.676588 0.925 0.801761 
1.42269 0.441706 25.0065 1.3295 0.671998 0.95 0.801761 
1.42267 0.448415 22.3325 1.33415 0.667164 0.975 0.801761 
1.42266 0.455469 19.6586 1.33905 0.662088 1 0.801761 
1.43701 0.429358 30.4328 1.33681 0.679917 0.9 0.809942 
1.43698 0.435371 27.7588 1.34094 0.675542 0.925 0.809942 
1.43696 0.441726 25.0849 1.3453 0.670923 0.95 0.809942 
1.43694 0.448426 22.4109 1.34991 0.666058 0.975 0.809942 
1.43693 0.455468 19.7369 1.35475 0.660948 1 0.809942 
1.45128 0.429399 30.5111 1.35277 0.678683 0.9 0.818123 
1.45125 0.435402 27.8372 1.35685 0.67428 0.925 0.818123 
1.45122 0.441748 25.1632 1.36117 0.669629 0.95 0.818123 
1.4512 0.448437 22.4892 1.36573 0.664731 0.975 0.818123 
1.45118 0.455469 19.8153 1.37052 0.659586 1 0.818123 

ZONE I=5, J=5
1.45128 0.429399 30.5787 1.35277 0.678683 0.9 0.818123 
1.45125 0.435402 27.8737 1.35685 0.67428 0.925 0.818123 
1.45122 0.441748 25.1686 1.36117 0.669629 0.95 0.818123 
1.4512 0.448437 22.4636 1.36573 0.664731 0.975 0.818123 
1.45118 0.455469 19.7586 1.37052 0.659586 1 0.818123 
1.46553 0.42944 30.6609 1.36879 0.677217 0.9 0.826305 
1.4655 0.435434 27.9559 1.37283 0.672789 0.925 0.826305 
1.46548 0.44177 25.2509 1.3771 0.668112 0.95 0.826305 
1.46546 0.448448 22.5458 1.38161 0.663188 0.975 0.826305 
1.46544 0.455469 19.8408 1.38636 0.658015 1 0.826305 
1.47977 0.429481 30.7432 1.38486 0.675529 0.9 0.834486 
1.47974 0.435465 28.0381 1.38886 0.671076 0.925 0.834486 
1.47972 0.441791 25.3331 1.39309 0.666373 0.95 0.834486 
1.4797 0.448459 22.6281 1.39755 0.66142 0.975 0.834486 
1.47969 0.455469 19.923 1.40225 0.656218 1 0.834486 
1.49401 0.429522 30.8254 1.40099 0.673621 0.9 0.842667 
1.49398 0.435496 28.1204 1.40495 0.669141 0.925 0.842667 
1.49395 0.441812 25.4153 1.40913 0.66441 0.95 0.842667 
1.49393 0.44847 22.7103 1.41355 0.659428 0.975 0.842667 
1.49392 0.455468 20.0053 1.4182 0.654195 1 0.842667 
1.50824 0.429563 30.9076 1.41719 0.671491 0.9 0.850848 
1.50821 0.435529 28.2026 1.4211 0.666984 0.925 0.850848 
1.50818 0.441835 25.4976 1.42523 0.662224 0.95 0.850848 
1.50816 0.448481 22.7925 1.4296 0.657211 0.975 0.850848 
1.50814 0.455469 20.0875 1.43419 0.651945 1 0.850848 

ZONE I=5, J=5
1.50824 0.429563 30.9784 1.41719 0.671491 0.9 0.850848 
1.50821 0.435529 28.2408 1.4211 0.666984 0.925 0.850848 
1.50818 0.441835 25.5033 1.42523 0.662224 0.95 0.850848 
1.50816 0.448481 22.7657 1.4296 0.657211 0.975 0.850848 
1.50814 0.455469 20.0282 1.43419 0.651945 1 0.850848 
1.52245 0.429606 31.0646 1.43342 0.669125 0.9 0.859029 
1.52242 0.435561 28.327 1.43729 0.664595 0.925 0.859029 
1.5224 0.441857 25.5895 1.44138 0.659812 0.95 0.859029 
1.52238 0.448493 22.8519 1.4457 0.654774 0.975 0.859029 
1.52236 0.455469 20.1144 1.45025 0.649482 1 0.859029 
1.53666 0.429647 31.1508 1.44971 0.666533 0.9 0.86721 
1.53663 0.435593 28.4132 1.45353 0.66198 0.925 0.86721 
1.5366 0.441879 25.6757 1.45758 0.657171 0.95 0.86721 
1.53659 0.448504 22.9381 1.46185 0.652108 0.975 0.86721 
1.53657 0.455469 20.2006 1.46635 0.646789 1 0.86721 
1.55086 0.429689 31.237 1.46604 0.663716 0.9 0.875391 
1.55083 0.435625 28.4995 1.46982 0.659138 0.925 0.875391 
1.5508 0.441901 25.7619 1.47382 0.654304 0.95 0.875391 
1.55078 0.448515 23.0243 1.47804 0.649213 0.975 0.875391 
1.55077 0.455468 20.2868 1.48249 0.643865 1 0.875391 
1.56506 0.429732 31.3232 1.48242 0.660673 0.9 0.883573 
1.56502 0.435659 28.5857 1.48616 0.656071 0.925 0.883573 
1.56499 0.441923 25.8481 1.49011 0.651209 0.95 0.883573 
1.56497 0.448527 23.1106 1.49428 0.646089 0.975 0.883573 
1.56495 0.455469 20.373 1.49867 0.64071 1 0.883573 

ZONE I=5, J=5
1.56506 0.429732 31.397 1.48242 0.660673 0.9 0.883573 
1.56502 0.435659 28.6256 1.48616 0.656071 0.925 0.883573 
1.56499 0.441923 25.8541 1.49011 0.651209 0.95 0.883573 
1.56497 0.448527 23.0826 1.49428 0.646089 0.975 0.883573 
1.56495 0.455469 20.3111 1.49867 0.64071 1 0.883573 
1.57923 0.429776 31.4873 1.49883 0.657391 0.9 0.891754 
1.5792 0.435692 28.7158 1.50253 0.652767 0.925 0.891754 
1.57917 0.441947 25.9444 1.50643 0.647884 0.95 0.891754 
1.57915 0.448539 23.1729 1.51056 0.642741 0.975 0.891754 
1.57914 0.455469 20.4014 1.5149 0.637339 1 0.891754 
1.59339 0.429818 31.5776 1.51528 0.653879 0.9 0.899935 
1.59336 0.435725 28.8061 1.51893 0.649234 0.925 0.899935 
1.59334 0.441969 26.0346 1.5228 0.644328 0.95 0.899935 
1.59332 0.44855 23.2632 1.52687 0.639161 0.975 0.899935 
1.59331 0.455469 20.4917 1.53116 0.633734 1 0.899935 
1.60755 0.429861 31.6679 1.53177 0.650139 0.9 0.908116 
1.60752 0.435758 28.8964 1.53538 0.645471 0.925 0.908116 
1.6075 0.441991 26.1249 1.53919 0.640541 0.95 0.908116 
1.60748 0.448561 23.3534 1.54322 0.635349 0.975 0.908116 
1.60746 0.455468 20.582 1.54745 0.629895 1 0.908116 
1.62171 0.429905 31.7582 1.5483 0.646169 0.9 0.916298 
1.62168 0.435792 28.9867 1.55186 0.641478 0.925 0.916298 
1.62165 0.442015 26.2152 1.55562 0.636523 0.95 0.916298 
1.62162 0.448574 23.4437 1.55959 0.631304 0.975 0.916298 
1.6216 0.455469 20.6722 1.56378 0.625821 1 0.916298 

ZONE I=5, J=5
1.62171 0.429905 31.8346 1.5483 0.646169 0.9 0.916298 
1.62168 0.435792 29.028 1.55186 0.641478 0.925 0.916298 
1.62165 0.442015 26.2214 1.55562 0.636523 0.95 0.916298 
1.62162 0.448574 23.4148 1.55959 0.631304 0.975 0.916298 
1.6216 0.455469 20.6082 1.56378 0.625821 1 0.916298 
1.63584 0.42995 31.9291 1.56484 0.641956 0.9 0.924479 
1.63581 0.435826 29.1225 1.56836 0.637246 0.925 0.924479 
1.63579 0.442038 26.3159 1.57208 0.632271 0.95 0.924479 
1.63577 0.448586 23.5093 1.576 0.627032 0.975 0.924479 
1.63575 0.455469 20.7027 1.58014 0.621528 1 0.924479 
1.64997 0.429993 32.0235 1.58141 0.637511 0.9 0.93266 
1.64994 0.43586 29.2169 1.58488 0.632781 0.925 0.93266 
1.64991 0.442061 26.4103 1.58856 0.627785 0.95 0.93266 
1.64989 0.448597 23.6037 1.59244 0.622524 0.975 0.93266 
1.64988 0.455469 20.7971 1.59652 0.616997 1 0.93266 
1.66409 0.430037 32.118 1.59801 0.632833 0.9 0.940841 
1.66405 0.435893 29.3114 1.60143 0.628082 0.925 0.940841 
1.66403 0.442084 26.5048 1.60506 0.623065 0.95 0.940841 
1.66401 0.448609 23.6982 1.60889 0.617781 0.975 0.940841 
1.66399 0.455468 20.8916 1.61292 0.61223 1 0.940841 
1.6782 0.430082 32.2125 1.61463 0.627923 0.9 0.949023 
1.67817 0.435928 29.4059 1.61801 0.623151 0.925 0.949023 
1.67814 0.442108 26.5993 1.62159 0.618111 0.95 0.949023 
1.67811 0.448622 23.7927 1.62536 0.612802 0.975 0.949023 
1.67809 0.455469 20.9861 1.62933 0.607225 1 0.949023 

ZONE I=5, J=5
1.6782 0.430082 32.2899 1.61463 0.627923 0.9 0.949023 
1.67817 0.435928 29.4478 1.61801 0.623151 0.925 0.949023 
1.67814 0.442108 26.6056 1.62159 0.618111 0.95 0.949023 
1.67811 0.448622 23.7634 1.62536 0.612802 0.975 0.949023 
1.67809 0.455469 20.9212 1.62933 0.607225 1 0.949023 
1.69229 0.430128 32.3887 1.63126 0.622768 0.9 0.957204 
1.69226 0.435963 29.5465 1.6346 0.617979 0.925 0.957204 
1.69223 0.442132 26.7044 1.63813 0.612921 0.95 0.957204 
1.69221 0.448634 23.8622 1.64185 0.607593 0.975 0.957204 
1.6922 0.455469 21.02 1.64578 0.601997 1 0.957204 
1.70637 0.430172 32.4875 1.6479 0.617378 0.9 0.965385 
1.70634 0.435998 29.6453 1.65119 0.61257 0.925 0.965385 
1.70631 0.442156 26.8032 1.65468 0.607493 0.95 0.965385 
1.7063 0.448646 23.961 1.65836 0.602147 0.975 0.965385 
1.70629 0.455469 21.1188 1.66223 0.59653 1 0.965385 
1.72044 0.430217 32.5863 1.66456 0.611752 0.9 0.973566 
1.72041 0.436032 29.7441 1.66781 0.606926 0.925 0.973566 
1.72039 0.442179 26.9019 1.67124 0.60183 0.95 0.973566 
1.72037 0.448658 24.0598 1.67487 0.596462 0.975 0.973566 
1.72036 0.455468 21.2176 1.67869 0.590824 1 0.973566 
1.73451 0.430263 32.6851 1.68123 0.605891 0.9 0.981748 
1.73448 0.436068 29.8429 1.68443 0.601046 0.925 0.981748 
1.73445 0.442204 27.0007 1.68782 0.595929 0.95 0.981748 
1.73443 0.448671 24.1585 1.69139 0.59054 0.975 0.981748 
1.73441 0.455469 21.3164 1.69516 0.584879 1 0.981748 

ZONE I=5, J=5
1.73451 0.430263 32.759 1.68123 0.605891 0.9 0.981748 
1.73448 0.436068 29.8829 1.68443 0.601046 0.925 0.981748 
1.73445 0.442204 27.0068 1.68782 0.595929 0.95 0.981748 
1.73443 0.448671 24.1307 1.69139 0.59054 0.975 0.981748 
1.73441 0.455469 21.2547 1.69516 0.584879 1 0.981748 
1.74855 0.43031 32.8622 1.6979 0.599783 0.9 0.989929 
1.74852 0.436104 29.9862 1.70105 0.594923 0.925 0.989929 
1.7485 0.442229 27.1101 1.7044 0.58979 0.95 0.989929 
1.74848 0.448684 24.234 1.70792 0.584385 0.975 0.989929 
1.74847 0.455469 21.3579 1.71164 0.578706 1 0.989929 
1.76258 0.430355 32.9655 1.71457 0.593438 0.9 0.99811 
1.76256 0.436139 30.0894 1.71768 0.588562 0.925 0.99811 
1.76254 0.442253 27.2133 1.72097 0.583413 0.95 0.99811 
1.76252 0.448696 24.3373 1.72445 0.57799 0.975 0.99811 
1.76252 0.455469 21.4612 1.72812 0.572294 1 0.99811 
1.7766 0.430401 33.0688 1.73123 0.586855 0.9 1.00629 
1.77658 0.436175 30.1927 1.7343 0.581963 0.925 1.00629 
1.77656 0.442278 27.3166 1.73755 0.576797 0.95 1.00629 
1.77655 0.448709 24.4405 1.74098 0.571357 0.975 1.00629 
1.77654 0.455468 21.5645 1.74459 0.565643 1 1.00629 
1.79062 0.430447 33.172 1.7479 0.580035 0.9 1.01447 
1.79059 0.436212 30.2959 1.75092 0.575126 0.925 1.01447 
1.79057 0.442304 27.4199 1.75412 0.569943 0.95 1.01447 
1.79056 0.448723 24.5438 1.7575 0.564485 0.975 1.01447 
1.79055 0.455469 21.6677 1.76106 0.558753 1 1.01447 

ZONE I=5, J=5
1.79062 0.430447 33.2287 1.7479 0.580035 0.9 1.01447 
1.79059 0.436212 30.3268 1.75092 0.575126 0.925 1.01447 
1.79057 0.442304 27.4248 1.75412 0.569943 0.95 1.01447 
1.79056 0.448723 24.5228 1.7575 0.564485 0.975 1.01447 
1.79055 0.455469 21.6208 1.76106 0.558753 1 1.01447 
1.80462 0.430496 33.3368 1.76457 0.572962 0.9 1.02266 
1.8046 0.436249 30.4349 1.76755 0.56804 0.925 1.02266 
1.80458 0.442329 27.5329 1.7707 0.562843 0.95 1.02266 
1.80458 0.448736 24.6309 1.77403 0.557371 0.975 1.02266 
1.80457 0.455469 21.7289 1.77754 0.551624 1 1.02266 
1.8186 0.430543 33.4449 1.78121 0.56565 0.9 1.03084 
1.81858 0.436286 30.543 1.78415 0.560715 0.925 1.03084 
1.81858 0.442355 27.641 1.78726 0.555505 0.95 1.03084 
1.81857 0.448749 24.739 1.79055 0.55002 0.975 1.03084 
1.81858 0.455469 21.837 1.79401 0.54426 1 1.03084 
1.83256 0.430588 33.553 1.79784 0.558099 0.9 1.03902 
1.83255 0.436323 30.6511 1.80074 0.553151 0.925 1.03902 
1.83255 0.442381 27.7491 1.80381 0.547928 0.95 1.03902 
1.83256 0.448763 24.8471 1.80705 0.542431 0.975 1.03902 
1.83257 0.455468 21.9451 1.81046 0.536658 1 1.03902 
1.84651 0.430634 33.6611 1.81444 0.55031 0.9 1.0472 
1.84651 0.436362 30.7592 1.8173 0.545348 0.925 1.0472 
1.84651 0.442411 27.8572 1.82033 0.540112 0.95 1.0472 
1.84652 0.448779 24.9552 1.82353 0.534603 0.975 1.0472 
1.84655 0.455469 22.0532 1.82689 0.528821 1 1.0472 

ZONE I=5, J=5
1.84651 0.430634 33.661 1.81444 0.55031 0.9 1.0472 
1.84651 0.436362 30.7594 1.8173 0.545348 0.925 1.0472 
1.84651 0.442411 27.8578 1.82033 0.540112 0.95 1.0472 
1.84652 0.448779 24.9562 1.82353 0.534603 0.975 1.0472 
1.84655 0.455469 22.0546 1.82689 0.528821 1 1.0472 
1.86045 0.430687 33.7746 1.83104 0.542274 0.9 1.05538 
1.86045 0.436402 30.873 1.83386 0.537303 0.925 1.05538 
1.86046 0.442437 27.9714 1.83684 0.532058 0.95 1.05538 
1.86048 0.448793 25.0698 1.83999 0.526537 0.975 1.05538 
1.86051 0.455469 22.1682 1.84331 0.520742 1 1.05538 
1.87436 0.430736 33.8882 1.84759 0.533992 0.9 1.06356 
1.87437 0.436441 30.9866 1.85038 0.529012 0.925 1.06356 
1.8744 0.442465 28.085 1.85333 0.523759 0.95 1.06356 
1.87443 0.448808 25.1834 1.85644 0.518232 0.975 1.06356 
1.87448 0.455469 22.2818 1.85971 0.512431 1 1.06356 
1.88824 0.430782 34.0019 1.86411 0.525463 0.9 1.07174 
1.88827 0.436482 31.1003 1.86687 0.520475 0.925 1.07174 
1.88832 0.442497 28.1987 1.86979 0.515216 0.95 1.07174 
1.88838 0.448826 25.2971 1.87287 0.509687 0.975 1.07174 
1.88844 0.455468 22.3955 1.87611 0.503887 1 1.07174 
1.90209 0.430826 34.1155 1.88058 0.516688 0.9 1.07992 
1.90215 0.436526 31.2139 1.88332 0.511691 0.925 1.07992 
1.90223 0.442533 28.3123 1.88622 0.506429 0.95 1.07992 
1.90232 0.448847 25.4107 1.88928 0.500902 0.975 1.07992 
1.90242 0.455469 22.5091 1.89249 0.495111 1 1.07992 

ZONE I=5, J=5
1.90209 0.430826 33.9451 1.88058 0.516688 0.9 1.07992 
1.90215 0.436526 31.1225 1.88332 0.511691 0.925 1.07992 
1.90223 0.442533 28.2999 1.88622 0.506429 0.95 1.07992 
1.90232 0.448847 25.4774 1.88928 0.500902 0.975 1.07992 
1.90242 0.455469 22.6548 1.89249 0.495111 1 1.07992 
1.91596 0.430886 34.0663 1.89706 0.507677 0.9 1.0881 
1.91604 0.436571 31.2437 1.89977 0.502678 0.925 1.0881 
1.91613 0.442562 28.4211 1.90263 0.497412 0.95 1.0881 
1.91623 0.448862 25.5986 1.90564 0.491878 0.975 1.0881 
1.91634 0.455469 22.776 1.9088 0.486078 1 1.0881 
1.92978 0.430937 34.1875 1.91346 0.498405 0.9 1.09628 
1.92989 0.436616 31.3649 1.91616 0.493406 0.925 1.09628 
1.93001 0.442597 28.5424 1.919 0.488143 0.95 1.09628 
1.93015 0.448881 25.7198 1.92199 0.482616 0.975 1.09628 
1.9303 0.455469 22.8972 1.92514 0.476825 1 1.09628 
1.94353 0.430982 34.3087 1.92978 0.488873 0.9 1.10446 
1.9437 0.436663 31.4861 1.93249 0.483875 0.925 1.10446 
1.94389 0.442638 28.6636 1.93534 0.478623 0.95 1.10446 
1.94409 0.448907 25.841 1.93834 0.473114 0.975 1.10446 
1.94431 0.455469 23.0184 1.94148 0.467351 1 1.10446 
1.95722 0.431022 34.4299 1.94602 0.479079 0.9 1.11265 
1.95747 0.436716 31.6073 1.94876 0.474086 0.925 1.11265 
1.95775 0.442688 28.7848 1.95165 0.468851 0.95 1.11265 
1.95804 0.448939 25.9622 1.95468 0.463374 0.975 1.11265 
1.95836 0.455469 23.1396 1.95785 0.457657 1 1.11265 

ZONE I=5, J=5
1.95722 0.431022 33.7981 1.94602 0.479079 0.9 1.11265 
1.95747 0.436716 31.2716 1.94876 0.474086 0.925 1.11265 
1.95775 0.442688 28.7451 1.95165 0.468851 0.95 1.11265 
1.95804 0.448939 26.2187 1.95468 0.463374 0.975 1.11265 
1.95836 0.455469 23.6922 1.95785 0.457657 1 1.11265 
1.97098 0.43109 33.9225 1.96229 0.469067 0.9 1.12083 
1.97129 0.436774 31.396 1.96504 0.464085 0.925 1.12083 
1.97161 0.442731 28.8696 1.96792 0.458861 0.95 1.12083 
1.97194 0.448963 26.3431 1.97093 0.453394 0.975 1.12083 
1.97229 0.455468 23.8166 1.97407 0.447685 1 1.12083 
1.9846 0.431122 34.047 1.97838 0.458794 0.9 1.12901 
1.98501 0.436809 31.5205 1.98119 0.453831 0.925 1.12901 
1.98543 0.442762 28.994 1.98412 0.44863 0.95 1.12901 
1.98586 0.448982 26.4676 1.98716 0.443189 0.975 1.12901 
1.98629 0.455469 23.9411 1.99032 0.437509 1 1.12901 
1.99808 0.431124 34.1714 1.99431 0.448259 0.9 1.13719 
1.99865 0.436825 31.6449 1.99722 0.443324 0.925 1.13719 
1.99922 0.442783 29.1185 2.00024 0.438157 0.95 1.13719 
1.99979 0.448997 26.592 2.00337 0.432758 0.975 1.13719 
2.00036 0.455469 24.0655 2.00661 0.427127 1 1.13719 
2.01143 0.4311 34.2958 2.01006 0.437463 0.9 1.14537 
2.01219 0.436825 31.7694 2.01311 0.432563 0.925 1.14537 
2.01296 0.442795 29.2429 2.01628 0.427444 0.95 1.14537 
2.01374 0.449009 26.7164 2.01955 0.422103 0.975 1.14537 
2.01452 0.455469 24.19 2.02293 0.416541 1 1.14537 

ZONE I=5, J=5
2.01143 0.4311 33.0166 2.01006 0.437463 0.9 1.14537 
2.01219 0.436825 31.0653 2.01311 0.432563 0.925 1.14537 
2.01296 0.442795 29.114 2.01628 0.427444 0.95 1.14537 
2.01374 0.449009 27.1627 2.01955 0.422103 0.975 1.14537 
2.01452 0.455469 25.2114 2.02293 0.416541 1 1.14537 
2.0249 0.430985 33.0908 2.02583 0.42657 0.9 1.15355 
2.02571 0.436724 31.1395 2.0289 0.421654 0.925 1.15355 
2.02653 0.442741 29.1882 2.03209 0.416486 0.95 1.15355 
2.02737 0.449037 27.2369 2.0354 0.411068 0.975 1.15355 
2.02821 0.455611 25.2856 2.03884 0.4054 1 1.15355 
2.03821 0.430494 33.165 2.04127 0.415727 0.9 1.16173 
2.03908 0.436237 31.2137 2.04436 0.410806 0.925 1.16173 
2.03998 0.442274 29.2624 2.04758 0.405624 0.95 1.16173 
2.04089 0.448605 27.3111 2.05094 0.400178 0.975 1.16173 
2.04182 0.455231 25.3598 2.05443 0.394471 1 1.16173 
2.05136 0.429634 33.2393 2.05637 0.404932 0.9 1.16991 
2.0523 0.435368 31.288 2.05949 0.400022 0.925 1.16991 
2.05329 0.441396 29.3366 2.06274 0.394856 0.95 1.16991 
2.0543 0.447716 27.3853 2.06615 0.389433 0.975 1.16991 
2.05536 0.45433 25.434 2.06969 0.383755 1 1.16991 
2.06434 0.428408 33.3135 2.07114 0.394185 0.9 1.1781 
2.06537 0.434123 31.3622 2.07429 0.3893 0.925 1.1781 
2.06646 0.440112 29.4109 2.07758 0.384183 0.95 1.1781 
2.0676 0.446375 27.4596 2.08103 0.378833 0.975 1.1781 
2.06879 0.452912 25.5083 2.08464 0.373251 1 1.1781 

ZONE I=5, J=5
2.06434 0.428408 32.5536 2.07114 0.394185 0.9 1.1781 
2.06537 0.434123 30.9804 2.07429 0.3893 0.925 1.1781 
2.06646 0.440112 29.4072 2.07758 0.384183 0.95 1.1781 
2.0676 0.446375 27.8339 2.08103 0.378833 0.975 1.1781 
2.06879 0.452912 26.2607 2.08464 0.373251 1 1.1781 
2.0773 0.426635 32.6845 2.08566 0.383737 0.9 1.18628 
2.07843 0.432341 31.1112 2.08884 0.378869 0.925 1.18628 
2.07961 0.438299 29.538 2.09217 0.37379 0.95 1.18628 
2.08085 0.44451 27.9648 2.09565 0.368498 0.975 1.18628 
2.08215 0.450973 26.3915 2.09928 0.362995 1 1.18628 
2.09013 0.424433 32.8153 2.09984 0.373424 0.9 1.19446 
2.09137 0.430113 31.2421 2.10309 0.3686 0.925 1.19446 
2.09268 0.436031 29.6688 2.10648 0.363577 0.95 1.19446 
2.09405 0.442187 28.0956 2.11001 0.358355 0.975 1.19446 
2.09549 0.448582 26.5224 2.1137 0.352935 1 1.19446 
2.1028 0.421806 32.9461 2.1137 0.363246 0.9 1.20264 
2.10419 0.427441 31.3729 2.11703 0.35849 0.925 1.20264 
2.10565 0.433309 29.7997 2.12051 0.353543 0.95 1.20264 
2.10719 0.439408 28.2264 2.12413 0.348403 0.975 1.20264 
2.10878 0.44574 26.6532 2.1279 0.343071 1 1.20264 
2.1153 0.418758 33.077 2.12723 0.353202 0.9 1.21082 
2.11688 0.424331 31.5037 2.13067 0.348541 0.925 1.21082 
2.11853 0.430136 29.9305 2.13426 0.343688 0.95 1.21082 
2.12025 0.436175 28.3573 2.13799 0.338643 0.975 1.21082 
2.12204 0.442447 26.7841 2.14188 0.333405 1 1.21082 

ZONE I=5, J=5
2.1153 0.418758 32.8397 2.12723 0.353202 0.9 1.21082 
2.11688 0.424331 31.3734 2.13067 0.348541 0.925 1.21082 
2.11853 0.430136 29.9071 2.13426 0.343688 0.95 1.21082 
2.12025 0.436175 28.4408 2.13799 0.338643 0.975 1.21082 
2.12204 0.442447 26.9745 2.14188 0.333405 1 1.21082 
2.12773 0.415263 32.9637 2.14051 0.343357 0.9 1.219 
2.12946 0.42079 31.4974 2.14404 0.338763 0.925 1.219 
2.13126 0.42654 30.0311 2.14771 0.333987 0.95 1.219 
2.13315 0.432512 28.5648 2.15154 0.32903 0.975 1.219 
2.13511 0.438706 27.0985 2.15551 0.32389 1 1.219 
2.14001 0.411365 33.0877 2.1535 0.33364 0.9 1.22718 
2.1419 0.416835 31.6214 2.15712 0.329124 0.925 1.22718 
2.14386 0.42252 30.1551 2.16088 0.324434 0.95 1.22718 
2.14591 0.42842 28.6887 2.1648 0.31957 0.975 1.22718 
2.14804 0.434534 27.2224 2.16887 0.314531 1 1.22718 
2.15213 0.407069 33.2116 2.16619 0.32405 0.9 1.23536 
2.15418 0.41247 31.7453 2.1699 0.319624 0.925 1.23536 
2.15631 0.418081 30.279 2.17376 0.315029 0.95 1.23536 
2.15853 0.423903 28.8127 2.17777 0.310263 0.975 1.23536 
2.16085 0.429934 27.3464 2.18194 0.305329 1 1.23536 
2.16408 0.40238 33.3356 2.17857 0.314588 0.9 1.24355 
2.16629 0.407699 31.8693 2.18238 0.310264 0.925 1.24355 
2.1686 0.413227 30.403 2.18634 0.305771 0.95 1.24355 
2.17101 0.418964 28.9367 2.19046 0.301111 0.975 1.24355 
2.1735 0.424912 27.4704 2.19474 0.296282 1 1.24355 

ZONE I=5, J=5
2.16408 0.40238 33.3132 2.17857 0.314588 0.9 1.24355 
2.16629 0.407699 31.8569 2.18238 0.310264 0.925 1.24355 
2.1686 0.413227 30.4005 2.18634 0.305771 0.95 1.24355 
2.17101 0.418964 28.9442 2.19046 0.301111 0.975 1.24355 
2.1735 0.424912 27.4879 2.19474 0.296282 1 1.24355 
2.17586 0.397296 33.4311 2.19066 0.305278 0.9 1.25173 
2.17823 0.402538 31.9748 2.19456 0.301047 0.925 1.25173 
2.18071 0.407982 30.5184 2.19862 0.296654 0.95 1.25173 
2.18328 0.41363 29.0621 2.20284 0.292099 0.975 1.25173 
2.18596 0.419481 27.6058 2.20721 0.287382 1 1.25173 
2.18745 0.391841 33.549 2.20245 0.296088 0.9 1.25991 
2.18998 0.396998 32.0927 2.20644 0.291953 0.925 1.25991 
2.19262 0.402353 30.6363 2.21059 0.287662 0.95 1.25991 
2.19536 0.407907 29.18 2.2149 0.283214 0.975 1.25991 
2.19821 0.413659 27.7237 2.21937 0.27861 1 1.25991 
2.19884 0.386019 33.6669 2.21394 0.287018 0.9 1.26809 
2.20153 0.391085 32.2106 2.21802 0.282983 0.925 1.26809 
2.20433 0.396346 30.7542 2.22226 0.278796 0.95 1.26809 
2.20724 0.401801 29.2979 2.22666 0.274457 0.975 1.26809 
2.21026 0.40745 27.8416 2.23123 0.269965 1 1.26809 
2.21004 0.379835 33.7848 2.22514 0.278066 0.9 1.27627 
2.21288 0.384804 32.3284 2.2293 0.274136 0.925 1.27627 
2.21584 0.389964 30.8721 2.23363 0.270056 0.95 1.27627 
2.21891 0.395316 29.4158 2.23812 0.265827 0.975 1.27627 
2.2221 0.40086 27.9595 2.24278 0.261448 1 1.27627 

ZONE I=5, J=5
2.21004 0.379835 33.8355 2.22514 0.278066 0.9 1.27627 
2.21288 0.384804 32.3558 2.2293 0.274136 0.925 1.27627 
2.21584 0.389964 30.8761 2.23363 0.270056 0.95 1.27627 
2.21891 0.395316 29.3964 2.23812 0.265827 0.975 1.27627 
2.2221 0.40086 27.9168 2.24278 0.261448 1 1.27627 
2.22102 0.373303 33.9458 2.23602 0.269226 0.9 1.28445 
2.22401 0.378171 32.4662 2.24027 0.2654 0.925 1.28445 
2.22713 0.383227 30.9865 2.24468 0.26143 0.95 1.28445 
2.23036 0.388469 29.5068 2.24927 0.257316 0.975 1.28445 
2.23372 0.393897 28.0271 2.25402 0.253056 1 1.28445 
2.23178 0.366431 34.0562 2.24661 0.260486 0.9 1.29263 
2.23492 0.371196 32.5766 2.25094 0.256766 0.925 1.29263 
2.23818 0.376142 31.0969 2.25544 0.252906 0.95 1.29263 
2.24158 0.381271 29.6172 2.26011 0.248905 0.975 1.29263 
2.24509 0.386583 28.1375 2.26495 0.244764 1 1.29263 
2.24232 0.359225 34.1666 2.25691 0.251848 0.9 1.30081 
2.2456 0.363882 32.687 2.26131 0.248234 0.925 1.30081 
2.24901 0.368717 31.2073 2.26588 0.244483 0.95 1.30081 
2.25255 0.37373 29.7276 2.27063 0.240596 0.975 1.30081 
2.25623 0.378922 28.2479 2.27556 0.236573 1 1.30081 
2.25263 0.351689 34.277 2.2669 0.243312 0.9 1.309 
2.25604 0.356235 32.7973 2.27137 0.239804 0.925 1.309 
2.25959 0.360956 31.3177 2.27602 0.236162 0.95 1.309 
2.26328 0.365851 29.838 2.28085 0.232389 0.975 1.309 
2.26711 0.37092 28.3583 2.28586 0.228482 1 1.309 

ZONE I=5, J=5
2.25263 0.351689 34.3494 2.2669 0.243312 0.9 1.309 
2.25604 0.356235 32.8365 2.27137 0.239804 0.925 1.309 
2.25959 0.360956 31.3236 2.27602 0.236162 0.95 1.309 
2.26328 0.365851 29.8108 2.28085 0.232389 0.975 1.309 
2.26711 0.37092 28.2979 2.28586 0.228482 1 1.309 
2.26268 0.343854 34.4506 2.27658 0.234866 0.9 1.31718 
2.26623 0.348283 32.9377 2.28112 0.231468 0.925 1.31718 
2.26992 0.352883 31.4248 2.28585 0.227942 0.95 1.31718 
2.27375 0.357652 29.912 2.29075 0.224287 0.975 1.31718 
2.27772 0.36259 28.3991 2.29584 0.220504 1 1.31718 
2.27248 0.335718 34.5518 2.28595 0.226509 0.9 1.32536 
2.27615 0.340029 33.0389 2.29056 0.22322 0.925 1.32536 
2.27998 0.344506 31.526 2.29536 0.219806 0.95 1.32536 
2.28395 0.349147 30.0132 2.30034 0.216269 0.975 1.32536 
2.28807 0.353953 28.5003 2.3055 0.212608 1 1.32536 
2.28202 0.327288 34.653 2.29502 0.218239 0.9 1.33354 
2.28582 0.331479 33.1401 2.29969 0.215058 0.925 1.33354 
2.28977 0.335831 31.6272 2.30456 0.211757 0.95 1.33354 
2.29387 0.340343 30.1144 2.30961 0.208336 0.975 1.33354 
2.29813 0.345015 28.6015 2.31484 0.204794 1 1.33354 
2.2913 0.318569 34.7542 2.30378 0.210057 0.9 1.34172 
2.29521 0.322639 33.2413 2.30852 0.206983 0.925 1.34172 
2.29929 0.326864 31.7284 2.31344 0.203792 0.95 1.34172 
2.30352 0.331245 30.2156 2.31856 0.200486 0.975 1.34172 
2.3079 0.335782 28.7027 2.32386 0.197063 1 1.34172 

ZONE I=5, J=5
2.2913 0.318569 34.8285 2.30378 0.210057 0.9 1.34172 
2.29521 0.322639 33.2815 2.30852 0.206983 0.925 1.34172 
2.29929 0.326864 31.7346 2.31344 0.203792 0.95 1.34172 
2.30352 0.331245 30.1876 2.31856 0.200486 0.975 1.34172 
2.3079 0.335782 28.6406 2.32386 0.197063 1 1.34172 
2.30029 0.309588 34.919 2.31223 0.201941 0.9 1.3499 
2.30433 0.313529 33.3721 2.31703 0.198979 0.925 1.3499 
2.30852 0.317622 31.8251 2.32202 0.195906 0.95 1.3499 
2.31288 0.321865 30.2781 2.3272 0.19272 0.975 1.3499 
2.31739 0.326259 28.7311 2.33257 0.189422 1 1.3499 
2.30901 0.300343 35.0096 2.32038 0.193896 0.9 1.35808 
2.31316 0.304155 33.4626 2.32523 0.191045 0.925 1.35808 
2.31747 0.308113 31.9156 2.33028 0.188086 0.95 1.35808 
2.32194 0.312217 30.3686 2.33552 0.185019 0.975 1.35808 
2.32659 0.316467 28.8216 2.34096 0.181845 1 1.35808 
2.31746 0.290839 35.1001 2.32822 0.185921 0.9 1.36626 
2.32171 0.294521 33.5531 2.33313 0.183179 0.925 1.36626 
2.32613 0.298344 32.0061 2.33824 0.180333 0.95 1.36626 
2.33072 0.302308 30.4591 2.34354 0.177384 0.975 1.36626 
2.33547 0.306413 28.9122 2.34903 0.174331 1 1.36626 
2.32562 0.281083 35.1906 2.33577 0.178015 0.9 1.37445 
2.32996 0.284634 33.6436 2.34072 0.175381 0.925 1.37445 
2.33449 0.288321 32.0966 2.34588 0.172647 0.95 1.37445 
2.33918 0.292145 30.5497 2.35123 0.169814 0.975 1.37445 
2.34405 0.296104 29.0027 2.35678 0.16688 1 1.37445 

ZONE I=5, J=5
2.32562 0.281083 35.2593 2.33577 0.178015 0.9 1.37445 
2.32996 0.284634 33.6809 2.34072 0.175381 0.925 1.37445 
2.33449 0.288321 32.1024 2.34588 0.172647 0.95 1.37445 
2.33918 0.292145 30.5239 2.35123 0.169814 0.975 1.37445 
2.34405 0.296104 28.9454 2.35678 0.16688 1 1.37445 
2.33346 0.271111 35.3379 2.34299 0.170167 0.9 1.38263 
2.33791 0.274525 33.7594 2.348 0.167646 0.925 1.38263 
2.34254 0.27807 32.1809 2.3532 0.165029 0.95 1.38263 
2.34734 0.281746 30.6025 2.35861 0.162316 0.975 1.38263 
2.35232 0.285553 29.024 2.36422 0.159508 1 1.38263 
2.34101 0.260917 35.4164 2.3499 0.162377 0.9 1.39081 
2.34556 0.264193 33.838 2.35496 0.159967 0.925 1.39081 
2.35028 0.267595 32.2595 2.36022 0.157465 0.95 1.39081 
2.35518 0.271123 30.681 2.36567 0.154872 0.975 1.39081 
2.36027 0.274777 29.1025 2.37133 0.152188 1 1.39081 
2.34826 0.250507 35.495 2.35652 0.154645 0.9 1.39899 
2.35289 0.253645 33.9165 2.36161 0.152345 0.925 1.39899 
2.3577 0.256904 32.3381 2.36691 0.149957 0.95 1.39899 
2.3627 0.260284 30.7596 2.37242 0.147481 0.975 1.39899 
2.36789 0.263784 29.1811 2.37812 0.144919 1 1.39899 
2.3552 0.239887 35.5736 2.36282 0.146972 0.9 1.40717 
2.35991 0.242888 33.9951 2.36796 0.144779 0.925 1.40717 
2.36481 0.246004 32.4166 2.3733 0.142503 0.95 1.40717 
2.3699 0.249235 30.8381 2.37885 0.140144 0.975 1.40717 
2.37518 0.252582 29.2597 2.3846 0.137702 1 1.40717 

ZONE I=5, J=5
2.3552 0.239887 35.6332 2.36282 0.146972 0.9 1.40717 
2.35991 0.242888 34.0274 2.36796 0.144779 0.925 1.40717 
2.36481 0.246004 32.4215 2.3733 0.142503 0.95 1.40717 
2.3699 0.249235 30.8157 2.37885 0.140144 0.975 1.40717 
2.37518 0.252582 29.2099 2.3846 0.137702 1 1.40717 
2.36182 0.229086 35.6988 2.36881 0.139339 0.9 1.41535 
2.36661 0.231943 34.0929 2.37399 0.137259 0.925 1.41535 
2.3716 0.23491 32.4871 2.37937 0.135099 0.95 1.41535 
2.37678 0.237986 30.8813 2.38496 0.132861 0.975 1.41535 
2.38214 0.241173 29.2755 2.39076 0.130543 1 1.41535 
2.36813 0.218097 35.7643 2.3745 0.131749 0.9 1.42353 
2.373 0.220811 34.1585 2.37971 0.12978 0.925 1.42353 
2.37806 0.223628 32.5527 2.38513 0.127736 0.95 1.42353 
2.38332 0.226551 30.9469 2.39076 0.125617 0.975 1.42353 
2.38877 0.229578 29.341 2.3966 0.123423 1 1.42353 
2.37411 0.206929 35.8299 2.37988 0.124203 0.9 1.43171 
2.37905 0.209499 34.2241 2.38513 0.122343 0.925 1.43171 
2.38419 0.212168 32.6183 2.39058 0.120413 0.95 1.43171 
2.38953 0.214935 31.0124 2.39625 0.118411 0.975 1.43171 
2.39506 0.217802 29.4066 2.40213 0.116339 1 1.43171 
2.37978 0.195589 35.8955 2.38495 0.1167 0.9 1.4399 
2.38479 0.198015 34.2897 2.39023 0.114948 0.925 1.4399 
2.38999 0.200534 32.6839 2.39572 0.11313 0.95 1.4399 
2.3954 0.203147 31.078 2.40142 0.111245 0.975 1.4399 
2.401 0.205854 29.4722 2.40733 0.109293 1 1.4399 

ZONE I=5, J=5
2.37978 0.195589 35.9445 2.38495 0.1167 0.9 1.4399 
2.38479 0.198015 34.3162 2.39023 0.114948 0.925 1.4399 
2.38999 0.200534 32.6879 2.39572 0.11313 0.95 1.4399 
2.3954 0.203147 31.0597 2.40142 0.111245 0.975 1.4399 
2.401 0.205854 29.4314 2.40733 0.109293 1 1.4399 
2.38511 0.18411 35.9963 2.38971 0.109232 0.9 1.44808 
2.39018 0.186388 34.368 2.39502 0.107592 0.925 1.44808 
2.39545 0.188754 32.7397 2.40055 0.10589 0.95 1.44808 
2.40093 0.191207 31.1115 2.40628 0.104125 0.975 1.44808 
2.40661 0.193749 29.4832 2.41222 0.102297 1 1.44808 
2.39011 0.172488 36.0481 2.39416 0.101798 0.9 1.45626 
2.39524 0.174618 34.4198 2.3995 0.100269 0.925 1.45626 
2.40058 0.17683 32.7915 2.40506 0.098681 0.95 1.45626 
2.40611 0.179124 31.1633 2.41082 0.097035 0.975 1.45626 
2.41186 0.1815 29.535 2.4168 0.0953307 1 1.45626 
2.39478 0.16073 36.0998 2.39831 0.0943987 0.9 1.46444 
2.39996 0.162711 34.4716 2.40368 0.0929785 0.925 1.46444 
2.40535 0.16477 32.8433 2.40925 0.0915041 0.95 1.46444 
2.41095 0.166904 31.2151 2.41505 0.0899757 0.975 1.46444 
2.41676 0.169115 29.5868 2.42105 0.0883931 1 1.46444 
2.39911 0.148841 36.1516 2.40215 0.0870334 0.9 1.47262 
2.40435 0.150675 34.5234 2.40754 0.0857212 0.925 1.47262 
2.40979 0.15258 32.8951 2.41314 0.0843589 0.95 1.47262 
2.41544 0.154556 31.2668 2.41896 0.0829467 0.975 1.47262 
2.4213 0.156602 29.6386 2.42499 0.0814845 1 1.47262 

ZONE I=5, J=5
2.39911 0.148841 36.189 2.40215 0.0870334 0.9 1.47262 
2.40435 0.150675 34.5436 2.40754 0.0857212 0.925 1.47262 
2.40979 0.15258 32.8982 2.41314 0.0843589 0.95 1.47262 
2.41544 0.154556 31.2528 2.41896 0.0829467 0.975 1.47262 
2.4213 0.156602 29.6075 2.42499 0.0814845 1 1.47262 
2.40311 0.136846 36.2264 2.40568 0.0796896 0.9 1.4808 
2.40839 0.138529 34.581 2.41109 0.0784883 0.925 1.4808 
2.41388 0.140276 32.9356 2.41672 0.0772413 0.95 1.4808 
2.41958 0.142089 31.2902 2.42256 0.0759484 0.975 1.4808 
2.42549 0.143967 29.6448 2.42861 0.0746098 1 1.4808 
2.40676 0.124743 36.2638 2.4089 0.0723674 0.9 1.48898 
2.41208 0.126274 34.6184 2.41433 0.0712762 0.925 1.48898 
2.41762 0.127864 32.973 2.41998 0.0701433 0.95 1.48898 
2.42337 0.129514 31.3276 2.42584 0.0689689 0.975 1.48898 
2.42932 0.131223 29.6822 2.43192 0.0677528 1 1.48898 
2.41007 0.112538 36.3012 2.41182 0.0650667 0.9 1.49716 
2.41543 0.113918 34.6558 2.41727 0.0640847 0.925 1.49716 
2.42101 0.115352 33.0104 2.42293 0.0630651 0.95 1.49716 
2.4268 0.116838 31.365 2.42882 0.0620081 0.975 1.49716 
2.4328 0.118378 29.7196 2.43491 0.0609137 1 1.49716 
2.41304 0.100239 36.3386 2.41443 0.0577877 0.9 1.50535 
2.41844 0.101468 34.6932 2.4199 0.0569138 0.925 1.50535 
2.42405 0.102745 33.0478 2.42558 0.0560066 0.95 1.50535 
2.42987 0.104069 31.4024 2.43148 0.0550661 0.975 1.50535 
2.43591 0.105441 29.757 2.43759 0.0540923 1 1.50535 

ZONE I=5, J=5
2.41304 0.100239 36.3637 2.41443 0.0577877 0.9 1.50535 
2.41844 0.101468 34.7068 2.4199 0.0569138 0.925 1.50535 
2.42405 0.102745 33.0499 2.42558 0.0560066 0.95 1.50535 
2.42987 0.104069 31.393 2.43148 0.0550661 0.975 1.50535 
2.43591 0.105441 29.7361 2.43759 0.0540923 1 1.50535 
2.41567 0.0878776 36.3863 2.41674 0.0505272 0.9 1.51353 
2.42109 0.0889535 34.7294 2.42221 0.0497635 0.925 1.51353 
2.42673 0.090071 33.0725 2.42791 0.0489707 0.95 1.51353 
2.43259 0.0912301 31.4156 2.43382 0.0481487 0.975 1.51353 
2.43866 0.0924307 29.7587 2.43995 0.0472976 1 1.51353 
2.41794 0.0754503 36.4089 2.41873 0.0432807 0.9 1.52171 
2.42339 0.076373 34.752 2.42422 0.0426266 0.925 1.52171 
2.42906 0.0773313 33.0951 2.42993 0.0419475 0.95 1.52171 
2.43494 0.0783253 31.4382 2.43585 0.0412435 0.975 1.52171 
2.44105 0.079355 29.7813 2.442 0.0405145 1 1.52171 
2.41987 0.0629648 36.4316 2.42042 0.0360482 0.9 1.52989 
2.42534 0.0637343 34.7746 2.42592 0.0355031 0.925 1.52989 
2.43103 0.0645336 33.1177 2.43164 0.0349372 0.95 1.52989 
2.43694 0.0653626 31.4608 2.43757 0.0343505 0.975 1.52989 
2.44307 0.0662214 29.8039 2.44373 0.0337429 1 1.52989 
2.42145 0.0504282 36.4542 2.4218 0.0288297 0.9 1.53807 
2.42694 0.0510448 34.7973 2.42731 0.028393 0.925 1.53807 
2.43264 0.0516853 33.1403 2.43303 0.0279397 0.95 1.53807 
2.43857 0.0523497 31.4834 2.43898 0.0274697 0.975 1.53807 
2.44472 0.0530378 29.8265 2.44515 0.026983 1 1.53807 

ZONE I=5, J=5
2.42145 0.0504282 36.4668 2.4218 0.0288297 0.9 1.53807 
2.42694 0.0510448 34.8041 2.42731 0.028393 0.925 1.53807 
2.43264 0.0516853 33.1414 2.43303 0.0279397 0.95 1.53807 
2.43857 0.0523497 31.4787 2.43898 0.0274697 0.975 1.53807 
2.44472 0.0530378 29.816 2.44515 0.026983 1 1.53807 
2.42267 0.0378576 36.4744 2.42287 0.0216186 0.9 1.54625 
2.42818 0.0383201 34.8117 2.42839 0.0212914 0.925 1.54625 
2.4339 0.0388005 33.149 2.43412 0.0209516 0.95 1.54625 
2.43984 0.0392987 31.4863 2.44007 0.0205994 0.975 1.54625 
2.44601 0.0398149 29.8235 2.44625 0.0202346 1 1.54625 
2.42355 0.0252562 36.4819 2.42364 0.01441 0.9 1.55443 
2.42907 0.0255645 34.8192 2.42916 0.014192 0.925 1.55443 
2.4348 0.0258848 33.1565 2.4349 0.0139657 0.95 1.55443 
2.44075 0.0262169 31.4938 2.44086 0.013731 0.975 1.55443 
2.44693 0.026561 29.8311 2.44703 0.013488 1 1.55443 
2.42408 0.0126316 36.4895 2.4241 0.00720378 0.9 1.56261 
2.4296 0.0127857 34.8268 2.42962 0.00709486 0.925 1.56261 
2.43534 0.0129458 33.1641 2.43536 0.00698178 0.95 1.56261 
2.4413 0.0131118 31.5014 2.44132 0.00686454 0.975 1.56261 
2.44748 0.0132838 29.8386 2.44751 0.00674313 1 1.56261 
2.42425 -8.90478e-06 36.497 2.42425 0 0.9 1.5708 
2.42978 -8.92507e-06 34.8343 2.42978 0 0.925 1.5708 
2.43552 -8.94616e-06 33.1716 2.43552 0 0.95 1.5708 
2.44148 -8.96806e-06 31.5089 2.44148 0 0.975 1.5708 
2.44766 -8.99077e-06 29.8462 2.44766 0 1 1.5708 

