ZONE I=5, J=5
0 0.431718 24.5806 0.431718 0 0.9 0 
0 0.43841 22.3744 0.43841 0 0.925 0 
0 0.445485 20.1682 0.445485 0 0.95 0 
0 0.452942 17.962 0.452942 0 0.975 0 
0 0.460781 15.7557 0.460781 0 1 0 
0.0144261 0.431719 24.5823 0.431822 0.0108936 0.9 0.00818126 
0.0144257 0.438411 22.3761 0.438514 0.0108386 0.925 0.00818126 
0.0144255 0.445485 20.1699 0.445588 0.0107804 0.95 0.00818126 
0.0144253 0.452942 17.9636 0.453045 0.0107193 0.975 0.00818126 
0.0144253 0.460781 15.7574 0.460884 0.0106551 1 0.00818126 
0.0288491 0.43172 24.584 0.432134 0.0217815 0.9 0.0163625 
0.0288484 0.438412 22.3778 0.438825 0.0216714 0.925 0.0163625 
0.0288479 0.445486 20.1716 0.445898 0.0215551 0.95 0.0163625 
0.0288475 0.452942 17.9653 0.453354 0.0214327 0.975 0.0163625 
0.0288473 0.460781 15.7591 0.461192 0.0213042 1 0.0163625 
0.0432717 0.431721 24.5857 0.432653 0.0326637 0.9 0.0245437 
0.0432707 0.438413 22.3795 0.439342 0.0324984 0.925 0.0245437 
0.0432698 0.445486 20.1733 0.446414 0.032324 0.95 0.0245437 
0.0432691 0.452943 17.967 0.453868 0.0321403 0.975 0.0245437 
0.0432687 0.460781 15.7608 0.461704 0.0319475 1 0.0245437 
0.0576966 0.431723 24.5874 0.433379 0.0435402 0.9 0.0327249 
0.0576951 0.438414 22.3812 0.440067 0.0433198 0.925 0.0327249 
0.0576939 0.445487 20.175 0.447137 0.0430871 0.95 0.0327249 
0.0576929 0.452943 17.9687 0.454588 0.0428421 0.975 0.0327249 
0.0576921 0.460781 15.7625 0.462422 0.0425848 1 0.0327249 

ZONE I=5, J=5
0.0576966 0.431723 24.5902 0.433379 0.0435402 0.9 0.0327249 
0.0576951 0.438414 22.3828 0.440067 0.0433198 0.925 0.0327249 
0.0576939 0.445487 20.1755 0.447137 0.0430871 0.95 0.0327249 
0.0576929 0.452943 17.9682 0.454588 0.0428421 0.975 0.0327249 
0.0576921 0.460781 15.7609 0.462422 0.0425848 1 0.0327249 
0.0721217 0.431725 24.5942 0.434313 0.0544061 0.9 0.0409062 
0.0721199 0.438416 22.3869 0.440998 0.0541307 0.925 0.0409062 
0.0721186 0.445489 20.1796 0.448065 0.0538401 0.95 0.0409062 
0.0721175 0.452944 17.9722 0.455514 0.0535342 0.975 0.0409062 
0.0721168 0.460781 15.7649 0.463345 0.053213 1 0.0409062 
0.0865438 0.431728 24.5982 0.435454 0.0652557 0.9 0.0490874 
0.0865417 0.438418 22.3909 0.442136 0.0649253 0.925 0.0490874 
0.0865401 0.44549 20.1836 0.4492 0.0645767 0.95 0.0490874 
0.0865389 0.452945 17.9763 0.456645 0.0642097 0.975 0.0490874 
0.0865381 0.460781 15.7689 0.464472 0.0638244 1 0.0490874 
0.100966 0.431731 24.6022 0.436802 0.076089 0.9 0.0572686 
0.100963 0.43842 22.3949 0.44348 0.0757037 0.925 0.0572686 
0.100961 0.445492 20.1876 0.45054 0.0752969 0.95 0.0572686 
0.10096 0.452945 17.9803 0.457982 0.0748687 0.975 0.0572686 
0.100958 0.460781 15.773 0.465804 0.0744191 1 0.0572686 
0.11539 0.431735 24.6063 0.438357 0.0869061 0.9 0.0654498 
0.115387 0.438423 22.3989 0.445031 0.0864656 0.925 0.0654498 
0.115384 0.445494 20.1916 0.452086 0.0860007 0.95 0.0654498 
0.115382 0.452946 17.9843 0.459523 0.0855112 0.975 0.0654498 
0.115381 0.460781 15.777 0.467341 0.0849971 1 0.0654498 

ZONE I=5, J=5
0.11539 0.431735 24.6115 0.438357 0.0869061 0.9 0.0654498 
0.115387 0.438423 22.4021 0.445031 0.0864656 0.925 0.0654498 
0.115384 0.445494 20.1926 0.452086 0.0860007 0.95 0.0654498 
0.115382 0.452946 17.9831 0.459523 0.0855112 0.975 0.0654498 
0.115381 0.460781 15.7736 0.467341 0.0849971 1 0.0654498 
0.129813 0.431739 24.6184 0.440119 0.0977006 0.9 0.0736311 
0.12981 0.438426 22.409 0.446788 0.0972055 0.925 0.073631 
0.129807 0.445496 20.1995 0.453838 0.096683 0.95 0.0736311 
0.129805 0.452948 17.99 0.461269 0.0961329 0.975 0.0736311 
0.129804 0.460781 15.7805 0.469082 0.0955553 1 0.0736311 
0.144233 0.431744 24.6253 0.442086 0.108468 0.9 0.0818123 
0.14423 0.43843 22.4159 0.44875 0.107919 0.925 0.0818123 
0.144227 0.445498 20.2064 0.455795 0.107338 0.95 0.0818123 
0.144225 0.452949 17.9969 0.46322 0.106727 0.975 0.0818123 
0.144224 0.460781 15.7874 0.471026 0.106086 1 0.0818123 
0.158653 0.431749 24.6322 0.44426 0.119209 0.9 0.0899936 
0.15865 0.438434 22.4227 0.450918 0.118605 0.925 0.0899936 
0.158646 0.445501 20.2133 0.457956 0.117966 0.95 0.0899936 
0.158644 0.45295 18.0038 0.465375 0.117294 0.975 0.0899935 
0.158642 0.460781 15.7943 0.473174 0.116589 1 0.0899936 
0.173076 0.431754 24.6391 0.44664 0.129923 0.9 0.0981748 
0.173071 0.438438 22.4296 0.453291 0.129264 0.925 0.0981748 
0.173068 0.445504 20.2202 0.460322 0.128567 0.95 0.0981748 
0.173064 0.452952 18.0107 0.467734 0.127834 0.975 0.0981748 
0.173062 0.460781 15.8012 0.475526 0.127064 1 0.0981748 

ZONE I=5, J=5
0.173076 0.431754 24.6466 0.44664 0.129923 0.9 0.0981748 
0.173071 0.438438 22.4338 0.453291 0.129264 0.925 0.0981748 
0.173068 0.445504 20.2211 0.460322 0.128567 0.95 0.0981748 
0.173064 0.452952 18.0084 0.467734 0.127834 0.975 0.0981748 
0.173062 0.460781 15.7957 0.475526 0.127064 1 0.0981748 
0.187496 0.431761 24.6563 0.449225 0.140603 0.9 0.106356 
0.187491 0.438443 22.4436 0.455869 0.139889 0.925 0.106356 
0.187488 0.445507 20.2309 0.462893 0.139135 0.95 0.106356 
0.187485 0.452953 18.0181 0.470297 0.138342 0.975 0.106356 
0.187483 0.460781 15.8054 0.47808 0.137509 1 0.106356 
0.201913 0.431767 24.6661 0.452014 0.151245 0.9 0.114537 
0.201909 0.438448 22.4533 0.458651 0.150477 0.925 0.114537 
0.201905 0.445511 20.2406 0.465667 0.149666 0.95 0.114537 
0.201902 0.452955 18.0279 0.473062 0.148812 0.975 0.114537 
0.2019 0.460781 15.8152 0.480837 0.147916 1 0.114537 
0.216331 0.431774 24.6758 0.455008 0.16185 0.9 0.122718 
0.216326 0.438454 22.4631 0.461637 0.161027 0.925 0.122718 
0.216321 0.445515 20.2504 0.468644 0.160159 0.95 0.122718 
0.216318 0.452957 18.0376 0.47603 0.159244 0.975 0.122718 
0.216316 0.460781 15.8249 0.483795 0.158284 1 0.122718 
0.230751 0.431782 24.6856 0.458207 0.172418 0.9 0.1309 
0.230745 0.438459 22.4728 0.464827 0.171541 0.925 0.1309 
0.23074 0.445519 20.2601 0.471825 0.170614 0.95 0.1309 
0.230736 0.452959 18.0474 0.479201 0.169639 0.975 0.1309 
0.230733 0.460781 15.8347 0.486956 0.168615 1 0.1309 

ZONE I=5, J=5
0.230751 0.431782 24.6952 0.458207 0.172418 0.9 0.1309 
0.230745 0.438459 22.4782 0.464827 0.171541 0.925 0.1309 
0.23074 0.445519 20.2611 0.471825 0.170614 0.95 0.1309 
0.230736 0.452959 18.0441 0.479201 0.169639 0.975 0.1309 
0.230733 0.460781 15.827 0.486956 0.168615 1 0.1309 
0.245167 0.43179 24.7078 0.461609 0.18294 0.9 0.139081 
0.245161 0.438466 22.4908 0.468219 0.182008 0.925 0.139081 
0.245157 0.445523 20.2737 0.475208 0.181025 0.95 0.139081 
0.245153 0.452961 18.0567 0.482574 0.17999 0.975 0.139081 
0.245151 0.460781 15.8396 0.490318 0.178904 1 0.139081 
0.259581 0.431799 24.7204 0.465214 0.193413 0.9 0.147262 
0.259575 0.438473 22.5034 0.471814 0.192428 0.925 0.147262 
0.25957 0.445528 20.2863 0.478792 0.191388 0.95 0.147262 
0.259566 0.452964 18.0693 0.486147 0.190293 0.975 0.147262 
0.259564 0.460781 15.8522 0.49388 0.189144 1 0.147262 
0.273995 0.431808 24.733 0.469021 0.203839 0.9 0.155443 
0.273988 0.438479 22.516 0.475611 0.2028 0.925 0.155443 
0.273983 0.445532 20.2989 0.482578 0.201703 0.95 0.155443 
0.273979 0.452966 18.0819 0.489922 0.200548 0.975 0.155443 
0.273976 0.460781 15.8648 0.497642 0.199335 1 0.155443 
0.288411 0.431817 24.7456 0.473031 0.214218 0.9 0.163625 
0.288404 0.438487 22.5286 0.47961 0.213124 0.925 0.163625 
0.288398 0.445537 20.3115 0.486565 0.211969 0.95 0.163625 
0.288392 0.452969 18.0945 0.493896 0.210754 0.975 0.163625 
0.288388 0.460781 15.8774 0.501604 0.209477 1 0.163625 

ZONE I=5, J=5
0.288411 0.431817 24.7576 0.473031 0.214218 0.9 0.163625 
0.288404 0.438487 22.5351 0.47961 0.213124 0.925 0.163625 
0.288398 0.445537 20.3127 0.486565 0.211969 0.95 0.163625 
0.288392 0.452969 18.0902 0.493896 0.210754 0.975 0.163625 
0.288388 0.460781 15.8677 0.501604 0.209477 1 0.163625 
0.302823 0.431828 24.7731 0.477241 0.224539 0.9 0.171806 
0.302816 0.438495 22.5506 0.483809 0.223392 0.925 0.171806 
0.30281 0.445543 20.3281 0.490752 0.222181 0.95 0.171806 
0.302805 0.452972 18.1056 0.498071 0.220906 0.975 0.171806 
0.302802 0.460781 15.8832 0.505765 0.219568 1 0.171806 
0.317232 0.431838 24.7885 0.481652 0.234801 0.9 0.179987 
0.317224 0.438503 22.566 0.488208 0.233601 0.925 0.179987 
0.317218 0.445548 20.3436 0.495138 0.232333 0.95 0.179987 
0.317214 0.452974 18.1211 0.502444 0.231 0.975 0.179987 
0.317211 0.460781 15.8986 0.510124 0.229599 1 0.179987 
0.331641 0.431849 24.804 0.486263 0.245005 0.9 0.188168 
0.331633 0.438511 22.5815 0.492806 0.243751 0.925 0.188168 
0.331626 0.445554 20.359 0.499723 0.242427 0.95 0.188168 
0.331621 0.452977 18.1365 0.507015 0.241034 0.975 0.188168 
0.331618 0.460781 15.9141 0.51468 0.239571 1 0.188168 
0.346053 0.431861 24.8194 0.491074 0.255152 0.9 0.19635 
0.346044 0.43852 22.5969 0.497604 0.253844 0.925 0.19635 
0.346036 0.44556 20.3745 0.504507 0.252463 0.95 0.19635 
0.34603 0.45298 18.152 0.511784 0.251009 0.975 0.19635 
0.346025 0.460781 15.9295 0.519434 0.249482 1 0.19635 

ZONE I=5, J=5
0.346053 0.431861 24.8337 0.491074 0.255152 0.9 0.19635 
0.346044 0.43852 22.6047 0.497604 0.253844 0.925 0.19635 
0.346036 0.44556 20.3758 0.504507 0.252463 0.95 0.19635 
0.34603 0.45298 18.1468 0.511784 0.251009 0.975 0.19635 
0.346025 0.460781 15.9178 0.519434 0.249482 1 0.19635 
0.360459 0.431873 24.8521 0.496083 0.265229 0.9 0.204531 
0.36045 0.43853 22.6231 0.502599 0.263868 0.925 0.204531 
0.360443 0.445567 20.3941 0.509488 0.262432 0.95 0.204531 
0.360438 0.452984 18.1651 0.51675 0.260921 0.975 0.204531 
0.360434 0.460781 15.9361 0.524384 0.259333 1 0.204531 
0.374862 0.431885 24.8704 0.501289 0.275238 0.9 0.212712 
0.374853 0.438539 22.6414 0.507791 0.273824 0.925 0.212712 
0.374846 0.445573 20.4124 0.514665 0.272333 0.95 0.212712 
0.374841 0.452987 18.1834 0.521911 0.270762 0.975 0.212712 
0.374838 0.460781 15.9544 0.529529 0.269113 1 0.212712 
0.389265 0.431898 24.8887 0.506692 0.285177 0.9 0.220893 
0.389256 0.438549 22.6597 0.513179 0.283711 0.925 0.220893 
0.389248 0.44558 20.4307 0.520038 0.282163 0.95 0.220893 
0.389242 0.45299 18.2017 0.527267 0.280534 0.975 0.220893 
0.389238 0.460781 15.9727 0.534868 0.278823 1 0.220893 
0.40367 0.431912 24.907 0.512293 0.295049 0.9 0.229074 
0.40366 0.438559 22.678 0.518764 0.293529 0.925 0.229074 
0.403651 0.445587 20.449 0.525606 0.291924 0.95 0.229074 
0.403644 0.452994 18.22 0.532818 0.290235 0.975 0.229074 
0.403638 0.460781 15.991 0.540401 0.288462 1 0.229074 

ZONE I=5, J=5
0.40367 0.431912 24.9237 0.512293 0.295049 0.9 0.229074 
0.40366 0.438559 22.6871 0.518764 0.293529 0.925 0.229074 
0.403651 0.445587 20.4505 0.525606 0.291924 0.95 0.229074 
0.403644 0.452994 18.2138 0.532818 0.290235 0.975 0.229074 
0.403638 0.460781 15.9772 0.540401 0.288462 1 0.229074 
0.418071 0.431926 24.9449 0.518088 0.304841 0.9 0.237256 
0.418061 0.43857 22.7083 0.524544 0.30327 0.925 0.237256 
0.418053 0.445594 20.4716 0.531369 0.301611 0.95 0.237256 
0.418047 0.452998 18.235 0.538564 0.299865 0.975 0.237256 
0.418042 0.460781 15.9984 0.546128 0.298031 1 0.237256 
0.432468 0.43194 24.9661 0.524077 0.314555 0.9 0.245437 
0.432458 0.438581 22.7295 0.530516 0.312931 0.925 0.245437 
0.43245 0.445602 20.4928 0.537324 0.311217 0.95 0.245437 
0.432444 0.453002 18.2562 0.544501 0.309414 0.975 0.245437 
0.43244 0.460781 16.0196 0.552047 0.30752 1 0.245437 
0.446864 0.431955 24.9873 0.530259 0.324189 0.9 0.253618 
0.446854 0.438593 22.7506 0.536682 0.322513 0.925 0.253618 
0.446845 0.445609 20.514 0.543472 0.320744 0.95 0.253618 
0.446838 0.453006 18.2774 0.55063 0.318882 0.975 0.253618 
0.446834 0.460781 16.0408 0.558155 0.316926 1 0.253618 
0.461263 0.43197 25.0085 0.536635 0.333744 0.9 0.261799 
0.461251 0.438604 22.7718 0.54304 0.332015 0.925 0.261799 
0.461241 0.445618 20.5352 0.549811 0.33019 0.95 0.261799 
0.461232 0.45301 18.2986 0.55695 0.328269 0.975 0.261799 
0.461226 0.460781 16.062 0.564454 0.326251 1 0.261799 

ZONE I=5, J=5
0.461263 0.43197 25.0276 0.536635 0.333744 0.9 0.261799 
0.461251 0.438604 22.7822 0.54304 0.332015 0.925 0.261799 
0.461241 0.445618 20.5368 0.549811 0.33019 0.95 0.261799 
0.461232 0.45301 18.2915 0.55695 0.328269 0.975 0.261799 
0.461226 0.460781 16.0461 0.564454 0.326251 1 0.261799 
0.475656 0.431986 25.0517 0.543201 0.343209 0.9 0.269981 
0.475644 0.438617 22.8063 0.549589 0.34143 0.925 0.269981 
0.475635 0.445626 20.5609 0.556342 0.339552 0.95 0.269981 
0.475628 0.453014 18.3156 0.563461 0.337574 0.975 0.269981 
0.475623 0.460781 16.0702 0.570945 0.335498 1 0.269981 
0.490045 0.432002 25.0757 0.549958 0.352586 0.9 0.278162 
0.490034 0.438629 22.8304 0.556327 0.350755 0.925 0.278162 
0.490025 0.445635 20.585 0.563061 0.348823 0.95 0.278162 
0.490018 0.453019 18.3397 0.570159 0.346789 0.975 0.278162 
0.490014 0.460781 16.0943 0.577622 0.344653 1 0.278162 
0.504434 0.432019 25.0998 0.556904 0.361873 0.9 0.286343 
0.504422 0.438642 22.8545 0.563254 0.359991 0.925 0.286343 
0.504412 0.445643 20.6091 0.569967 0.358004 0.95 0.286343 
0.504405 0.453023 18.3638 0.577044 0.355912 0.975 0.286343 
0.504399 0.460781 16.1184 0.584485 0.353716 1 0.286343 
0.518825 0.432036 25.1239 0.56404 0.371071 0.9 0.294524 
0.518811 0.438655 22.8786 0.57037 0.369137 0.925 0.294524 
0.5188 0.445652 20.6332 0.577062 0.367095 0.95 0.294524 
0.518791 0.453028 18.3879 0.584117 0.364945 0.975 0.294524 
0.518783 0.460781 16.1425 0.591535 0.362687 1 0.294524 

ZONE I=5, J=5
0.518825 0.432036 25.1455 0.56404 0.371071 0.9 0.294524 
0.518811 0.438655 22.8902 0.57037 0.369137 0.925 0.294524 
0.5188 0.445652 20.635 0.577062 0.367095 0.95 0.294524 
0.518791 0.453028 18.3798 0.584117 0.364945 0.975 0.294524 
0.518783 0.460781 16.1246 0.591535 0.362687 1 0.294524 
0.533209 0.432054 25.1725 0.571362 0.380169 0.9 0.302706 
0.533196 0.438669 22.9173 0.577672 0.378185 0.925 0.302706 
0.533186 0.445662 20.662 0.584344 0.37609 0.95 0.302706 
0.533178 0.453033 18.4068 0.591377 0.373886 0.975 0.302706 
0.533173 0.460781 16.1516 0.598772 0.371571 1 0.302706 
0.54759 0.432072 25.1995 0.578869 0.389168 0.9 0.310887 
0.547577 0.438683 22.9443 0.585159 0.387133 0.925 0.310887 
0.547567 0.445671 20.6891 0.59181 0.384986 0.95 0.310887 
0.54756 0.453038 18.4338 0.59882 0.382725 0.975 0.310887 
0.547555 0.460781 16.1786 0.606191 0.380352 1 0.310887 
0.56197 0.432091 25.2265 0.586562 0.398067 0.9 0.319068 
0.561957 0.438697 22.9713 0.592831 0.395982 0.925 0.319068 
0.561946 0.445681 20.7161 0.599459 0.393781 0.95 0.319068 
0.561937 0.453042 18.4609 0.606446 0.391464 0.975 0.319068 
0.561932 0.460781 16.2056 0.613792 0.389031 1 0.319068 
0.576352 0.43211 25.2535 0.59444 0.406868 0.9 0.327249 
0.576337 0.438712 22.9983 0.600687 0.404732 0.925 0.327249 
0.576324 0.445691 20.7431 0.607292 0.402476 0.95 0.327249 
0.576314 0.453048 18.4879 0.614254 0.400102 0.975 0.327249 
0.576306 0.460781 16.2327 0.621575 0.397608 1 0.327249 

ZONE I=5, J=5
0.576352 0.43211 25.2775 0.59444 0.406868 0.9 0.327249 
0.576337 0.438712 23.0113 0.600687 0.404732 0.925 0.327249 
0.576324 0.445691 20.7451 0.607292 0.402476 0.95 0.327249 
0.576314 0.453048 18.4789 0.614254 0.400102 0.975 0.327249 
0.576306 0.460781 16.2127 0.621575 0.397608 1 0.327249 
0.590727 0.43213 25.3075 0.602499 0.415558 0.9 0.335431 
0.590712 0.438727 23.0413 0.608725 0.413373 0.925 0.335431 
0.590701 0.445702 20.7751 0.615307 0.411066 0.95 0.335431 
0.590692 0.453053 18.5088 0.622246 0.408638 0.975 0.335431 
0.590686 0.460782 16.2426 0.629541 0.406089 1 0.335431 
0.605098 0.43215 25.3374 0.610739 0.424139 0.9 0.343612 
0.605084 0.438742 23.0712 0.616942 0.421905 0.925 0.343612 
0.605073 0.445712 20.805 0.6235 0.419546 0.95 0.343612 
0.605064 0.453058 18.5388 0.630415 0.417064 0.975 0.343612 
0.605059 0.460781 16.2726 0.637684 0.414457 1 0.343612 
0.619468 0.43217 25.3674 0.619159 0.432612 0.9 0.351793 
0.619453 0.438758 23.1012 0.625339 0.430328 0.925 0.351793 
0.619441 0.445723 20.835 0.631873 0.427916 0.95 0.351793 
0.619432 0.453064 18.5688 0.638761 0.425378 0.975 0.351793 
0.619426 0.460781 16.3026 0.646004 0.422713 1 0.351793 
0.63384 0.432191 25.3974 0.62776 0.440975 0.9 0.359974 
0.633823 0.438774 23.1312 0.633916 0.438641 0.925 0.359974 
0.63381 0.445734 20.865 0.640424 0.436176 0.95 0.359974 
0.633798 0.453069 18.5988 0.647286 0.433582 0.975 0.359974 
0.63379 0.460781 16.3326 0.6545 0.430857 1 0.359974 

ZONE I=5, J=5
0.63384 0.432191 25.4238 0.62776 0.440975 0.9 0.359974 
0.633823 0.438774 23.1455 0.633916 0.438641 0.925 0.359974 
0.63381 0.445734 20.8671 0.640424 0.436176 0.95 0.359974 
0.633798 0.453069 18.5888 0.647286 0.433582 0.975 0.359974 
0.63379 0.460781 16.3104 0.6545 0.430857 1 0.359974 
0.648204 0.432212 25.4568 0.636536 0.449218 0.9 0.368156 
0.648188 0.438791 23.1784 0.642669 0.446836 0.925 0.368156 
0.648176 0.445745 20.9001 0.649153 0.444322 0.95 0.368156 
0.648166 0.453075 18.6217 0.655988 0.441675 0.975 0.368156 
0.64816 0.460782 16.3434 0.663175 0.438895 1 0.368156 
0.662564 0.432234 25.4897 0.645488 0.457343 0.9 0.376337 
0.662549 0.438808 23.2114 0.651596 0.454913 0.925 0.376337 
0.662536 0.445757 20.933 0.658054 0.452347 0.95 0.376337 
0.662527 0.453081 18.6547 0.664863 0.449647 0.975 0.376337 
0.662521 0.460781 16.3764 0.672022 0.446812 1 0.376337 
0.676923 0.432256 25.5227 0.654615 0.465349 0.9 0.384518 
0.676907 0.438824 23.2444 0.660697 0.46287 0.925 0.384518 
0.676894 0.445768 20.966 0.667129 0.460254 0.95 0.384518 
0.676884 0.453087 18.6877 0.67391 0.457499 0.975 0.384518 
0.676877 0.460781 16.4093 0.68104 0.454606 1 0.384518 
0.691284 0.432279 25.5557 0.663916 0.473237 0.9 0.392699 
0.691266 0.438842 23.2773 0.669973 0.470709 0.925 0.392699 
0.691251 0.44578 20.999 0.676377 0.46804 0.95 0.392699 
0.691239 0.453093 18.7206 0.683129 0.46523 0.975 0.392699 
0.691229 0.460781 16.4423 0.690228 0.462279 1 0.392699 

ZONE I=5, J=5
0.691284 0.432279 25.5846 0.663916 0.473237 0.9 0.392699 
0.691266 0.438842 23.293 0.669973 0.470709 0.925 0.392699 
0.691251 0.44578 21.0013 0.676377 0.46804 0.95 0.392699 
0.691239 0.453093 18.7097 0.683129 0.46523 0.975 0.392699 
0.691229 0.460781 16.418 0.690228 0.462279 1 0.392699 
0.705636 0.432302 25.6206 0.673388 0.480994 0.9 0.400881 
0.705619 0.43886 23.3289 0.67942 0.47842 0.925 0.400881 
0.705606 0.445793 21.0373 0.685797 0.475702 0.95 0.400881 
0.705596 0.4531 18.7456 0.692521 0.472841 0.975 0.400881 
0.705588 0.460782 16.454 0.699591 0.469837 1 0.400881 
0.719984 0.432326 25.6565 0.683029 0.488624 0.9 0.409062 
0.719968 0.438878 23.3649 0.689035 0.486003 0.925 0.409062 
0.719954 0.445805 21.0733 0.695385 0.483236 0.95 0.409062 
0.719945 0.453106 18.7816 0.702079 0.480323 0.975 0.409062 
0.719938 0.460781 16.49 0.709119 0.477264 1 0.409062 
0.734331 0.43235 25.6925 0.69284 0.496127 0.9 0.417243 
0.734314 0.438896 23.4009 0.698818 0.493458 0.925 0.417243 
0.7343 0.445817 21.1092 0.705139 0.49064 0.95 0.417243 
0.734289 0.453112 18.8176 0.711804 0.487674 0.975 0.417243 
0.734282 0.460781 16.526 0.718812 0.48456 1 0.417243 
0.74868 0.432374 25.7285 0.702819 0.503501 0.9 0.425424 
0.748661 0.438915 23.4369 0.70877 0.500784 0.925 0.425424 
0.748644 0.44583 21.1452 0.715061 0.497916 0.95 0.425424 
0.748631 0.453119 18.8536 0.721695 0.494896 0.975 0.425424 
0.748621 0.460781 16.5619 0.72867 0.491724 1 0.425424 

ZONE I=5, J=5
0.74868 0.432374 25.76 0.702819 0.503501 0.9 0.425424 
0.748661 0.438915 23.4539 0.70877 0.500784 0.925 0.425424 
0.748644 0.44583 21.1478 0.715061 0.497916 0.95 0.425424 
0.748631 0.453119 18.8417 0.721695 0.494896 0.975 0.425424 
0.748621 0.460781 16.5355 0.72867 0.491724 1 0.425424 
0.763017 0.432399 25.799 0.712962 0.510735 0.9 0.433605 
0.762999 0.438935 23.4929 0.718885 0.507973 0.925 0.433605 
0.762985 0.445844 21.1868 0.725148 0.505057 0.95 0.433605 
0.762974 0.453126 18.8807 0.731752 0.501987 0.975 0.433605 
0.762966 0.460782 16.5746 0.738696 0.498764 1 0.433605 
0.777352 0.432425 25.838 0.723268 0.517833 0.9 0.441786 
0.777334 0.438954 23.5319 0.729163 0.515025 0.925 0.441786 
0.77732 0.445857 21.2258 0.735397 0.512061 0.95 0.441786 
0.777309 0.453133 18.9197 0.741969 0.508941 0.975 0.441786 
0.777303 0.460781 16.6136 0.748881 0.505664 1 0.441786 
0.791686 0.43245 25.8771 0.733737 0.524794 0.9 0.449967 
0.791667 0.438974 23.571 0.739604 0.52194 0.925 0.449967 
0.791652 0.44587 21.2649 0.745807 0.518927 0.95 0.449967 
0.791641 0.453139 18.9587 0.752347 0.515755 0.975 0.449967 
0.791633 0.460781 16.6526 0.759225 0.512424 1 0.449967 
0.806022 0.432476 25.9161 0.744371 0.53162 0.9 0.458149 
0.806002 0.438994 23.61 0.750207 0.528719 0.925 0.458149 
0.805985 0.445884 21.3039 0.756379 0.525656 0.95 0.458149 
0.80597 0.453146 18.9978 0.762886 0.522431 0.975 0.458149 
0.805959 0.460781 16.6917 0.769729 0.519045 1 0.458149 

ZONE I=5, J=5
0.806022 0.432476 25.9502 0.744371 0.53162 0.9 0.458149 
0.806002 0.438994 23.6284 0.750207 0.528719 0.925 0.458149 
0.805985 0.445884 21.3066 0.756379 0.525656 0.95 0.458149 
0.80597 0.453146 18.9849 0.762886 0.522431 0.975 0.458149 
0.805959 0.460781 16.6631 0.769729 0.519045 1 0.458149 
0.820346 0.432503 25.9923 0.755159 0.538294 0.9 0.46633 
0.820326 0.439015 23.6705 0.760967 0.53535 0.925 0.46633 
0.820311 0.445898 21.3488 0.767108 0.532241 0.95 0.46633 
0.820299 0.453154 19.027 0.773584 0.528968 0.975 0.46633 
0.820291 0.460782 16.7052 0.780393 0.525531 1 0.46633 
0.834666 0.43253 26.0344 0.766104 0.544824 0.9 0.474511 
0.834647 0.439035 23.7126 0.771882 0.541835 0.925 0.474511 
0.834632 0.445912 21.3909 0.777992 0.538679 0.95 0.474511 
0.83462 0.453161 19.0691 0.784435 0.535357 0.975 0.474511 
0.834613 0.460781 16.7474 0.79121 0.531869 1 0.474511 
0.848985 0.432557 26.0765 0.777207 0.551209 0.9 0.482692 
0.848965 0.439056 23.7548 0.782954 0.548175 0.925 0.482692 
0.848949 0.445927 21.433 0.789032 0.544972 0.95 0.482692 
0.848937 0.453168 19.1112 0.79544 0.541599 0.975 0.482692 
0.848928 0.460781 16.7895 0.802179 0.538058 1 0.482692 
0.863307 0.432585 26.1187 0.788466 0.557449 0.9 0.490874 
0.863285 0.439078 23.7969 0.794182 0.554369 0.925 0.490874 
0.863266 0.445941 21.4751 0.800226 0.551118 0.95 0.490874 
0.863251 0.453176 19.1534 0.806599 0.547694 0.975 0.490874 
0.863239 0.460781 16.8316 0.813301 0.544098 1 0.490874 

ZONE I=5, J=5
0.863307 0.432585 26.1553 0.788466 0.557449 0.9 0.490874 
0.863285 0.439078 23.8167 0.794182 0.554369 0.925 0.490874 
0.863266 0.445941 21.4781 0.800226 0.551118 0.95 0.490874 
0.863251 0.453176 19.1395 0.806599 0.547694 0.975 0.490874 
0.863239 0.460781 16.8008 0.813301 0.544098 1 0.490874 
0.877614 0.432614 26.2006 0.799873 0.563529 0.9 0.499055 
0.877594 0.4391 23.862 0.805558 0.560407 0.925 0.499055 
0.877577 0.445957 21.5233 0.811571 0.557111 0.95 0.499055 
0.877565 0.453184 19.1847 0.81791 0.553641 0.975 0.499055 
0.877556 0.460782 16.8461 0.824577 0.549997 1 0.499055 
0.891918 0.432643 26.2459 0.81143 0.569456 0.9 0.507236 
0.891898 0.439122 23.9072 0.817084 0.566291 0.925 0.507236 
0.891882 0.445972 21.5686 0.823063 0.562949 0.95 0.507236 
0.89187 0.453191 19.23 0.829368 0.559432 0.975 0.507236 
0.891862 0.460781 16.8914 0.835998 0.555738 1 0.507236 
0.906222 0.432671 26.2911 0.823137 0.575229 0.9 0.515417 
0.906201 0.439144 23.9525 0.828758 0.57202 0.925 0.515417 
0.906184 0.445987 21.6139 0.834703 0.568633 0.95 0.515417 
0.906171 0.453199 19.2753 0.840972 0.565067 0.975 0.515417 
0.906162 0.460781 16.9366 0.847565 0.561321 1 0.515417 
0.920527 0.432701 26.3364 0.834994 0.580849 0.9 0.523599 
0.920504 0.439167 23.9978 0.840582 0.577596 0.925 0.523599 
0.920485 0.446002 21.6591 0.846492 0.574162 0.95 0.523599 
0.920469 0.453207 19.3205 0.852723 0.570545 0.975 0.523599 
0.920456 0.460781 16.9819 0.859276 0.566747 1 0.523599 

ZONE I=5, J=5
0.920527 0.432701 26.3757 0.834994 0.580849 0.9 0.523599 
0.920504 0.439167 24.019 0.840582 0.577596 0.925 0.523599 
0.920485 0.446002 21.6623 0.846492 0.574162 0.95 0.523599 
0.920469 0.453207 19.3056 0.852723 0.570545 0.975 0.523599 
0.920456 0.460781 16.9489 0.859276 0.566747 1 0.523599 
0.934818 0.432731 26.4242 0.84699 0.586301 0.9 0.53178 
0.934796 0.43919 24.0675 0.852546 0.583007 0.925 0.53178 
0.934779 0.446018 21.7108 0.858423 0.57953 0.95 0.53178 
0.934765 0.453216 19.3541 0.864619 0.575869 0.975 0.53178 
0.934756 0.460782 16.9973 0.871136 0.572024 1 0.53178 
0.949105 0.432761 26.4726 0.859129 0.591591 0.9 0.539961 
0.949084 0.439214 24.1159 0.864652 0.588256 0.925 0.539961 
0.949067 0.446034 21.7592 0.870494 0.584734 0.95 0.539961 
0.949054 0.453223 19.4025 0.876654 0.581028 0.975 0.539961 
0.949046 0.460781 17.0458 0.883132 0.577135 1 0.539961 
0.963391 0.432792 26.5211 0.871411 0.596719 0.9 0.548142 
0.963369 0.439237 24.1644 0.8769 0.593342 0.925 0.548142 
0.963351 0.44605 21.8077 0.882706 0.589776 0.95 0.548142 
0.963337 0.453231 19.451 0.888828 0.586022 0.975 0.548142 
0.963327 0.460781 17.0943 0.895266 0.58208 1 0.548142 
0.977679 0.432823 26.5695 0.883835 0.601687 0.9 0.556324 
0.977655 0.439261 24.2128 0.88929 0.598267 0.925 0.556324 
0.977634 0.446067 21.8561 0.895058 0.594655 0.95 0.556324 
0.977617 0.45324 19.4994 0.901141 0.590853 0.975 0.556324 
0.977604 0.460781 17.1427 0.907538 0.586859 1 0.556324 

ZONE I=5, J=5
0.977679 0.432823 26.6115 0.883835 0.601687 0.9 0.556324 
0.977655 0.439261 24.2355 0.88929 0.598267 0.925 0.556324 
0.977634 0.446067 21.8595 0.895058 0.594655 0.95 0.556324 
0.977617 0.45324 19.4835 0.901141 0.590853 0.975 0.556324 
0.977604 0.460781 17.1074 0.907538 0.586859 1 0.556324 
0.991951 0.432855 26.6632 0.896391 0.606477 0.9 0.564505 
0.991928 0.439286 24.2872 0.901811 0.603017 0.925 0.564505 
0.99191 0.446084 21.9112 0.907545 0.599365 0.95 0.564505 
0.991896 0.453249 19.5352 0.913591 0.59552 0.975 0.564505 
0.991886 0.460782 17.1591 0.91995 0.591481 1 0.564505 
1.00622 0.432887 26.7149 0.909081 0.611098 0.9 0.572686 
1.0062 0.43931 24.3389 0.914467 0.607599 0.925 0.572686 
1.00618 0.4461 21.9629 0.920164 0.603904 0.95 0.572686 
1.00617 0.453257 19.5868 0.926172 0.600014 0.975 0.572686 
1.00616 0.460781 17.2108 0.932491 0.59593 1 0.572686 
1.02049 0.432919 26.7666 0.921906 0.61555 0.9 0.580867 
1.02046 0.439335 24.3906 0.927257 0.61201 0.925 0.580867 
1.02044 0.446117 22.0146 0.932916 0.608272 0.95 0.580867 
1.02043 0.453266 19.6385 0.938884 0.604337 0.975 0.580867 
1.02042 0.460781 17.2625 0.945161 0.600204 1 0.580867 
1.03476 0.432952 26.8183 0.934866 0.619833 0.9 0.589049 
1.03473 0.43936 24.4423 0.94018 0.616251 0.925 0.589049 
1.03471 0.446134 22.0663 0.945801 0.612469 0.95 0.589049 
1.03469 0.453275 19.6902 0.951728 0.608487 0.975 0.589049 
1.03468 0.460781 17.3142 0.957961 0.604305 1 0.589049 

ZONE I=5, J=5
1.03476 0.432952 26.8631 0.934866 0.619833 0.9 0.589049 
1.03473 0.43936 24.4665 0.94018 0.616251 0.925 0.589049 
1.03471 0.446134 22.0698 0.945801 0.612469 0.95 0.589049 
1.03469 0.453275 19.6732 0.951728 0.608487 0.975 0.589049 
1.03468 0.460781 17.2766 0.957961 0.604305 1 0.589049 
1.04901 0.432985 26.9181 0.947948 0.62393 0.9 0.59723 
1.04898 0.439386 24.5214 0.953227 0.620311 0.925 0.59723 
1.04896 0.446152 22.1248 0.958811 0.61649 0.95 0.59723 
1.04895 0.453284 19.7282 0.9647 0.612467 0.975 0.59723 
1.04894 0.460782 17.3316 0.970894 0.608242 1 0.59723 
1.06326 0.433018 26.973 0.961157 0.627851 0.9 0.605411 
1.06323 0.439411 24.5764 0.9664 0.624194 0.925 0.605411 
1.06321 0.446169 22.1798 0.971946 0.620332 0.95 0.605411 
1.0632 0.453293 19.7832 0.977795 0.616267 0.975 0.605411 
1.06319 0.460781 17.3866 0.983948 0.611997 1 0.605411 
1.0775 0.433052 27.028 0.974492 0.631595 0.9 0.613592 
1.07748 0.439437 24.6314 0.979698 0.627899 0.925 0.613592 
1.07746 0.446187 22.2348 0.985205 0.623996 0.95 0.613592 
1.07744 0.453301 19.8382 0.991013 0.619887 0.975 0.613592 
1.07743 0.460781 17.4416 0.997122 0.615571 1 0.613592 
1.09175 0.433086 27.083 0.987954 0.635163 0.9 0.621774 
1.09173 0.439464 24.6864 0.993122 0.631427 0.925 0.621774 
1.0917 0.446205 22.2898 0.998589 0.627482 0.95 0.621774 
1.09168 0.453311 19.8932 1.00435 0.623327 0.975 0.621774 
1.09167 0.460781 17.4966 1.01042 0.618964 1 0.621774 

ZONE I=5, J=5
1.09175 0.433086 27.1306 0.987954 0.635163 0.9 0.621774 
1.09173 0.439464 24.7121 0.993122 0.631427 0.925 0.621774 
1.0917 0.446205 22.2936 0.998589 0.627482 0.95 0.621774 
1.09168 0.453311 19.8751 1.00435 0.623327 0.975 0.621774 
1.09167 0.460781 17.4566 1.01042 0.618964 1 0.621774 
1.10598 0.433121 27.1889 1.00153 0.638538 0.9 0.629955 
1.10596 0.439491 24.7704 1.00666 0.634766 0.925 0.629955 
1.10594 0.446224 22.3519 1.01209 0.630783 0.95 0.629955 
1.10592 0.453321 19.9335 1.01782 0.62659 0.975 0.629955 
1.10591 0.460782 17.515 1.02384 0.622185 1 0.629955 
1.12021 0.433156 27.2472 1.01522 0.64173 0.9 0.638136 
1.12018 0.439517 24.8288 1.02032 0.637921 0.925 0.638136 
1.12017 0.446242 22.4103 1.02571 0.633899 0.95 0.638136 
1.12015 0.45333 19.9918 1.03139 0.629665 0.975 0.638136 
1.12014 0.460781 17.5733 1.03737 0.625218 1 0.638136 
1.13443 0.433191 27.3056 1.02903 0.644737 0.9 0.646317 
1.13441 0.439544 24.8871 1.03409 0.640891 0.925 0.646317 
1.13439 0.44626 22.4686 1.03944 0.636829 0.95 0.646317 
1.13437 0.453339 20.0501 1.04508 0.632553 0.975 0.646317 
1.13436 0.460781 17.6317 1.05101 0.628062 1 0.646317 
1.14866 0.433227 27.3639 1.04296 0.647561 0.9 0.654498 
1.14863 0.439572 24.9454 1.04798 0.643676 0.925 0.654498 
1.14861 0.446279 22.527 1.05328 0.639574 0.95 0.654498 
1.14859 0.453349 20.1085 1.05888 0.635255 0.975 0.654498 
1.14857 0.460781 17.69 1.06477 0.630718 1 0.654498 

ZONE I=5, J=5
1.14866 0.433227 27.4143 1.04296 0.647561 0.9 0.654498 
1.14863 0.439572 24.9726 1.04798 0.643676 0.925 0.654498 
1.14861 0.446279 22.531 1.05328 0.639574 0.95 0.654498 
1.14859 0.453349 20.0893 1.05888 0.635255 0.975 0.654498 
1.14857 0.460781 17.6477 1.06477 0.630718 1 0.654498 
1.16287 0.433264 27.4761 1.05699 0.650185 0.9 0.66268 
1.16284 0.4396 25.0344 1.06197 0.646266 0.925 0.66268 
1.16282 0.446299 22.5927 1.06724 0.642129 0.95 0.66268 
1.1628 0.453359 20.1511 1.0728 0.637772 0.975 0.66268 
1.16279 0.460782 17.7094 1.07864 0.633196 1 0.66268 
1.17707 0.4333 27.5378 1.07114 0.652619 0.9 0.670861 
1.17705 0.439628 25.0962 1.07608 0.648665 0.925 0.670861 
1.17703 0.446317 22.6545 1.08131 0.644491 0.95 0.670861 
1.17701 0.453369 20.2128 1.08682 0.640095 0.975 0.670861 
1.177 0.460781 17.7712 1.09262 0.635479 1 0.670861 
1.19127 0.433336 27.5996 1.08539 0.654863 0.9 0.679042 
1.19125 0.439656 25.1579 1.09029 0.650873 0.925 0.679042 
1.19122 0.446336 22.7163 1.09547 0.64666 0.95 0.679042 
1.19121 0.453378 20.2746 1.10094 0.642225 0.975 0.679042 
1.1912 0.460781 17.8329 1.1067 0.637566 1 0.679042 
1.20547 0.433373 27.6613 1.09975 0.656915 0.9 0.687223 
1.20545 0.439685 25.2197 1.10461 0.652889 0.925 0.687223 
1.20542 0.446356 22.778 1.10975 0.648637 0.95 0.687223 
1.2054 0.453388 20.3364 1.11517 0.64416 0.975 0.687223 
1.20538 0.460781 17.8947 1.12088 0.639458 1 0.687223 

ZONE I=5, J=5
1.20547 0.433373 27.7146 1.09975 0.656915 0.9 0.687223 
1.20545 0.439685 25.2484 1.10461 0.652889 0.925 0.687223 
1.20542 0.446356 22.7823 1.10975 0.648637 0.95 0.687223 
1.2054 0.453388 20.3161 1.11517 0.64416 0.975 0.687223 
1.20538 0.460781 17.8499 1.12088 0.639458 1 0.687223 
1.21966 0.433411 27.7798 1.1142 0.658762 0.9 0.695405 
1.21963 0.439714 25.3137 1.11902 0.654703 0.925 0.695405 
1.21961 0.446376 22.8475 1.12412 0.650418 0.95 0.695405 
1.21959 0.453399 20.3813 1.12951 0.645905 0.975 0.695405 
1.21958 0.460782 17.9152 1.13517 0.641166 1 0.695405 
1.23384 0.433449 27.8451 1.12876 0.660412 0.9 0.703586 
1.23381 0.439743 25.3789 1.13354 0.65632 0.925 0.703586 
1.23379 0.446396 22.9127 1.1386 0.651999 0.95 0.703586 
1.23377 0.453409 20.4466 1.14393 0.64745 0.975 0.703586 
1.23376 0.460781 17.9804 1.14955 0.642672 1 0.703586 
1.24801 0.433487 27.9103 1.14341 0.661865 0.9 0.711767 
1.24799 0.439772 25.4442 1.14815 0.657739 0.925 0.711767 
1.24796 0.446416 22.978 1.15317 0.653382 0.95 0.711767 
1.24795 0.453419 20.5118 1.15846 0.648795 0.975 0.711767 
1.24793 0.460781 18.0457 1.16402 0.643976 1 0.711767 
1.26219 0.433525 27.9756 1.15816 0.663121 0.9 0.719948 
1.26216 0.439802 25.5094 1.16286 0.65896 0.925 0.719948 
1.26213 0.446436 23.0432 1.16783 0.654566 0.95 0.719948 
1.26211 0.453429 20.5771 1.17307 0.649939 0.975 0.719948 
1.26209 0.460781 18.1109 1.17859 0.645079 1 0.719948 

ZONE I=5, J=5
1.26219 0.433525 28.0318 1.15816 0.663121 0.9 0.719948 
1.26216 0.439802 25.5397 1.16286 0.65896 0.925 0.719948 
1.26213 0.446436 23.0477 1.16783 0.654566 0.95 0.719948 
1.26211 0.453429 20.5557 1.17307 0.649939 0.975 0.719948 
1.26209 0.460781 18.0637 1.17859 0.645079 1 0.719948 
1.27635 0.433565 28.1006 1.173 0.664165 0.9 0.72813 
1.27632 0.439832 25.6085 1.17766 0.659973 0.925 0.72813 
1.2763 0.446457 23.1165 1.18259 0.655547 0.95 0.72813 
1.27628 0.45344 20.6245 1.18779 0.650887 0.975 0.72813 
1.27627 0.460782 18.1325 1.19326 0.645992 1 0.72813 
1.2905 0.433604 28.1694 1.18793 0.665006 0.9 0.736311 
1.29047 0.439862 25.6773 1.19254 0.660783 0.925 0.736311 
1.29045 0.446477 23.1853 1.19743 0.656323 0.95 0.736311 
1.29043 0.453451 20.6933 1.20259 0.651628 0.975 0.736311 
1.29042 0.460781 18.2012 1.20801 0.646697 1 0.736311 
1.30465 0.433643 28.2381 1.20294 0.665644 0.9 0.744492 
1.30462 0.439892 25.7461 1.20752 0.661389 0.925 0.744492 
1.3046 0.446498 23.2541 1.21236 0.656895 0.95 0.744492 
1.30458 0.453461 20.7621 1.21747 0.652164 0.975 0.744492 
1.30456 0.460781 18.27 1.22284 0.647194 1 0.744492 
1.3188 0.433683 28.3069 1.21805 0.66608 0.9 0.752673 
1.31876 0.439923 25.8149 1.22258 0.661791 0.925 0.752673 
1.31874 0.446519 23.3229 1.22738 0.657262 0.95 0.752673 
1.31872 0.453472 20.8309 1.23244 0.652493 0.975 0.752673 
1.3187 0.460781 18.3388 1.23776 0.647484 1 0.752673 

ZONE I=5, J=5
1.3188 0.433683 28.3662 1.21805 0.66608 0.9 0.752673 
1.31876 0.439923 25.8469 1.22258 0.661791 0.925 0.752673 
1.31874 0.446519 23.3276 1.22738 0.657262 0.95 0.752673 
1.31872 0.453472 20.8083 1.23244 0.652493 0.975 0.752673 
1.3187 0.460781 18.2891 1.23776 0.647484 1 0.752673 
1.33293 0.433724 28.4386 1.23323 0.666297 0.9 0.760855 
1.3329 0.439954 25.9193 1.23772 0.66198 0.925 0.760855 
1.33287 0.446541 23.4 1.24248 0.657421 0.95 0.760855 
1.33285 0.453483 20.8808 1.24749 0.65262 0.975 0.760855 
1.33284 0.460782 18.3615 1.25277 0.647578 1 0.760855 
1.34705 0.433764 28.511 1.24849 0.666306 0.9 0.769036 
1.34702 0.439985 25.9917 1.25294 0.661959 0.925 0.769036 
1.347 0.446562 23.4725 1.25765 0.657369 0.95 0.769036 
1.34698 0.453494 20.9532 1.26262 0.652536 0.975 0.769036 
1.34697 0.460781 18.4339 1.26785 0.647459 1 0.769036 
1.36117 0.433804 28.5834 1.26383 0.666107 0.9 0.777217 
1.36114 0.440016 26.0641 1.26824 0.66173 0.925 0.777217 
1.36111 0.446583 23.5449 1.2729 0.657107 0.95 0.777217 
1.3611 0.453504 21.0256 1.27782 0.65224 0.975 0.777217 
1.36108 0.460781 18.5063 1.283 0.647127 1 0.777217 
1.37529 0.433845 28.6558 1.27925 0.6657 0.9 0.785398 
1.37525 0.440048 26.1366 1.28361 0.661292 0.925 0.785398 
1.37523 0.446605 23.6173 1.28823 0.656636 0.95 0.785398 
1.3752 0.453516 21.098 1.2931 0.651732 0.975 0.785398 
1.37519 0.460781 18.5788 1.29822 0.646582 1 0.785398 

ZONE I=5, J=5
1.37529 0.433845 28.7181 1.27925 0.6657 0.9 0.785398 
1.37525 0.440048 26.1702 1.28361 0.661292 0.925 0.785398 
1.37523 0.446605 23.6223 1.28823 0.656636 0.95 0.785398 
1.3752 0.453516 21.0744 1.2931 0.651732 0.975 0.785398 
1.37519 0.460781 18.5264 1.29822 0.646582 1 0.785398 
1.38939 0.433887 28.7943 1.29473 0.665069 0.9 0.79358 
1.38936 0.44008 26.2463 1.29906 0.660634 0.925 0.79358 
1.38933 0.446627 23.6984 1.30363 0.655949 0.95 0.79358 
1.38931 0.453528 21.1505 1.30845 0.651017 0.975 0.79358 
1.3893 0.460782 18.6026 1.31353 0.645836 1 0.79358 
1.40348 0.433929 28.8704 1.31029 0.664226 0.9 0.801761 
1.40345 0.440112 26.3225 1.31457 0.659762 0.925 0.801761 
1.40343 0.446649 23.7745 1.31909 0.655048 0.95 0.801761 
1.40341 0.453538 21.2266 1.32387 0.650085 0.975 0.801761 
1.4034 0.460781 18.6787 1.3289 0.644872 1 0.801761 
1.41757 0.43397 28.9465 1.32591 0.663169 0.9 0.809942 
1.41754 0.440144 26.3986 1.33014 0.658676 0.925 0.809942 
1.41751 0.44667 23.8507 1.33463 0.653933 0.95 0.809942 
1.41749 0.453549 21.3027 1.33936 0.648937 0.975 0.809942 
1.41748 0.460781 18.7548 1.34433 0.64369 1 0.809942 
1.43166 0.434013 29.0226 1.3416 0.661899 0.9 0.818123 
1.43162 0.440177 26.4747 1.34579 0.657377 0.925 0.818123 
1.43159 0.446693 23.9268 1.35022 0.652602 0.95 0.818123 
1.43157 0.453561 21.3789 1.3549 0.647572 0.975 0.818123 
1.43155 0.460781 18.8309 1.35982 0.64229 1 0.818123 

ZONE I=5, J=5
1.43166 0.434013 29.088 1.3416 0.661899 0.9 0.818123 
1.43162 0.440177 26.51 1.34579 0.657377 0.925 0.818123 
1.43159 0.446693 23.932 1.35022 0.652602 0.95 0.818123 
1.43157 0.453561 21.354 1.3549 0.647572 0.975 0.818123 
1.43155 0.460781 18.776 1.35982 0.64229 1 0.818123 
1.44572 0.434056 29.1679 1.35735 0.6604 0.9 0.826305 
1.44569 0.44021 26.5899 1.36149 0.655853 0.925 0.826305 
1.44567 0.446716 24.0119 1.36588 0.651051 0.95 0.826305 
1.44565 0.453573 21.434 1.37052 0.645995 0.975 0.826305 
1.44563 0.460782 18.856 1.37539 0.640684 1 0.826305 
1.45978 0.434099 29.2479 1.37315 0.658684 0.9 0.834486 
1.45975 0.440243 26.6699 1.37725 0.654111 0.925 0.834486 
1.45973 0.446738 24.0919 1.3816 0.649282 0.95 0.834486 
1.45971 0.453584 21.5139 1.38618 0.644197 0.975 0.834486 
1.4597 0.460781 18.9359 1.39101 0.638856 1 0.834486 
1.47384 0.434141 29.3278 1.38901 0.65675 0.9 0.842667 
1.47381 0.440276 26.7498 1.39307 0.65215 0.925 0.842667 
1.47378 0.44676 24.1718 1.39737 0.647293 0.95 0.842667 
1.47376 0.453595 21.5938 1.4019 0.642178 0.975 0.842667 
1.47375 0.460781 19.0158 1.40667 0.636805 1 0.842667 
1.48789 0.434185 29.4077 1.40494 0.654598 0.9 0.850848 
1.48786 0.440309 26.8297 1.40895 0.649971 0.925 0.850848 
1.48783 0.446783 24.2517 1.41319 0.645084 0.95 0.850848 
1.4878 0.453607 21.6737 1.41767 0.639938 0.975 0.850848 
1.48778 0.460781 19.0957 1.42239 0.634531 1 0.850848 

ZONE I=5, J=5
1.48789 0.434185 29.4761 1.40494 0.654598 0.9 0.850848 
1.48786 0.440309 26.8667 1.40895 0.649971 0.925 0.850848 
1.48783 0.446783 24.2572 1.41319 0.645084 0.95 0.850848 
1.4878 0.453607 21.6477 1.41767 0.639938 0.975 0.850848 
1.48778 0.460781 19.0383 1.42239 0.634531 1 0.850848 
1.50192 0.43423 29.5599 1.4209 0.652214 0.9 0.859029 
1.50189 0.440344 26.9505 1.42487 0.647564 0.925 0.859029 
1.50187 0.446807 24.341 1.42907 0.642652 0.95 0.859029 
1.50185 0.45362 21.7315 1.4335 0.637481 0.975 0.859029 
1.50183 0.460782 19.1221 1.43817 0.632048 1 0.859029 
1.51595 0.434273 29.6437 1.43691 0.649608 0.9 0.86721 
1.51592 0.440377 27.0343 1.44083 0.644933 0.925 0.86721 
1.51589 0.44683 24.4248 1.44499 0.639997 0.95 0.86721 
1.51587 0.453631 21.8153 1.44937 0.634799 0.975 0.86721 
1.51586 0.460781 19.2059 1.45399 0.629338 1 0.86721 
1.52997 0.434317 29.7275 1.45297 0.64678 0.9 0.875391 
1.52994 0.440411 27.1181 1.45685 0.642081 0.925 0.875391 
1.52991 0.446853 24.5086 1.46095 0.637118 0.95 0.875391 
1.52989 0.453643 21.8991 1.46529 0.631891 0.975 0.875391 
1.52988 0.460781 19.2897 1.46985 0.626401 1 0.875391 
1.54399 0.434362 29.8114 1.46908 0.64373 0.9 0.883573 
1.54395 0.440445 27.2019 1.47291 0.639006 0.925 0.883573 
1.54392 0.446877 24.5924 1.47697 0.634015 0.95 0.883573 
1.5439 0.453655 21.9829 1.48125 0.628759 0.975 0.883573 
1.54388 0.460781 19.3735 1.48575 0.623238 1 0.883573 

ZONE I=5, J=5
1.54399 0.434362 29.8827 1.46908 0.64373 0.9 0.883573 
1.54395 0.440445 27.2404 1.47291 0.639006 0.925 0.883573 
1.54392 0.446877 24.5981 1.47697 0.634015 0.95 0.883573 
1.5439 0.453655 21.9559 1.48125 0.628759 0.975 0.883573 
1.54388 0.460781 19.3136 1.48575 0.623238 1 0.883573 
1.55798 0.434407 29.9705 1.48521 0.640444 0.9 0.891754 
1.55795 0.440481 27.3282 1.489 0.635698 0.925 0.891754 
1.55793 0.446901 24.6859 1.49301 0.630685 0.95 0.891754 
1.5579 0.453668 22.0436 1.49725 0.625406 0.975 0.891754 
1.55789 0.460782 19.4014 1.5017 0.619861 1 0.891754 
1.57197 0.434452 30.0583 1.50139 0.636933 0.9 0.899935 
1.57194 0.440515 27.416 1.50513 0.632164 0.925 0.899935 
1.57192 0.446924 24.7737 1.5091 0.627128 0.95 0.899935 
1.5719 0.45368 22.1314 1.51328 0.621825 0.975 0.899935 
1.57188 0.460781 19.4892 1.51768 0.616254 1 0.899935 
1.58596 0.434497 30.1461 1.5176 0.633196 0.9 0.908116 
1.58592 0.440549 27.5038 1.5213 0.628405 0.925 0.908116 
1.5859 0.446948 24.8615 1.52521 0.623344 0.95 0.908116 
1.58588 0.453691 22.2192 1.52934 0.618015 0.975 0.908116 
1.58586 0.460781 19.5769 1.53369 0.612417 1 0.908116 
1.59994 0.434543 30.2338 1.53385 0.629234 0.9 0.916298 
1.5999 0.440585 27.5916 1.5375 0.624419 0.925 0.916298 
1.59987 0.446972 24.9493 1.54136 0.619333 0.95 0.916298 
1.59985 0.453704 22.307 1.54544 0.613977 0.975 0.916298 
1.59983 0.460781 19.6647 1.54973 0.60835 1 0.916298 

ZONE I=5, J=5
1.59994 0.434543 30.3074 1.53385 0.629234 0.9 0.916298 
1.5999 0.440585 27.6313 1.5375 0.624419 0.925 0.916298 
1.59987 0.446972 24.9552 1.54136 0.619333 0.95 0.916298 
1.59985 0.453704 22.2791 1.54544 0.613977 0.975 0.916298 
1.59983 0.460781 19.603 1.54973 0.60835 1 0.916298 
1.61389 0.43459 30.3993 1.55011 0.625032 0.9 0.924479 
1.61386 0.440621 27.7232 1.55372 0.620198 0.925 0.924479 
1.61383 0.446997 25.0471 1.55754 0.615092 0.95 0.924479 
1.61381 0.453717 22.371 1.56157 0.609714 0.975 0.924479 
1.6138 0.460782 19.6949 1.56581 0.604066 1 0.924479 
1.62784 0.434635 30.4912 1.56641 0.620602 0.9 0.93266 
1.62781 0.440656 27.8151 1.56997 0.615747 0.925 0.93266 
1.62778 0.447021 25.139 1.57374 0.61062 0.95 0.93266 
1.62777 0.453729 22.4629 1.57772 0.60522 0.975 0.93266 
1.62775 0.460781 19.7868 1.58191 0.599549 1 0.93266 
1.64178 0.434681 30.5831 1.58272 0.615943 0.9 0.940841 
1.64175 0.440691 27.907 1.58624 0.611067 0.925 0.940841 
1.64173 0.447045 25.2309 1.58996 0.605918 0.95 0.940841 
1.64171 0.453741 22.5547 1.59389 0.600495 0.975 0.940841 
1.64169 0.460781 19.8786 1.59802 0.594798 1 0.940841 
1.65573 0.434728 30.675 1.59907 0.611055 0.9 0.949023 
1.65569 0.440728 27.9988 1.60254 0.606158 0.925 0.949023 
1.65566 0.44707 25.3227 1.60621 0.600985 0.95 0.949023 
1.65564 0.453754 22.6466 1.61008 0.595538 0.975 0.949023 
1.65562 0.460781 19.9705 1.61416 0.589815 1 0.949023 

ZONE I=5, J=5
1.65573 0.434728 30.7487 1.59907 0.611055 0.9 0.949023 
1.65569 0.440728 28.0387 1.60254 0.606158 0.925 0.949023 
1.65566 0.44707 25.3287 1.60621 0.600985 0.95 0.949023 
1.65564 0.453754 22.6187 1.61008 0.595538 0.975 0.949023 
1.65562 0.460781 19.9087 1.61416 0.589815 1 0.949023 
1.66964 0.434776 30.8448 1.61542 0.605926 0.9 0.957204 
1.66961 0.440765 28.1348 1.61884 0.601011 0.925 0.957204 
1.66958 0.447095 25.4248 1.62247 0.59582 0.95 0.957204 
1.66956 0.453768 22.7148 1.62629 0.590354 0.975 0.957204 
1.66955 0.460782 20.0048 1.63032 0.584612 1 0.957204 
1.68354 0.434823 30.9409 1.63178 0.600565 0.9 0.965385 
1.68351 0.440801 28.2309 1.63516 0.595632 0.925 0.965385 
1.68349 0.44712 25.5209 1.63874 0.590422 0.95 0.965385 
1.68347 0.45378 22.8109 1.64251 0.584936 0.975 0.965385 
1.68346 0.460781 20.1009 1.64649 0.579173 1 0.965385 
1.69744 0.43487 31.0371 1.64816 0.594972 0.9 0.973566 
1.69741 0.440837 28.327 1.65149 0.590021 0.925 0.973566 
1.69739 0.447145 25.617 1.65502 0.584791 0.95 0.973566 
1.69737 0.453793 22.907 1.65874 0.579284 0.975 0.973566 
1.69736 0.460781 20.197 1.66266 0.5735 1 0.973566 
1.71134 0.434917 31.1332 1.66455 0.589148 0.9 0.981748 
1.71131 0.440875 28.4232 1.66784 0.584177 0.925 0.981748 
1.71128 0.447171 25.7131 1.67131 0.578927 0.95 0.981748 
1.71126 0.453807 23.0031 1.67498 0.573398 0.975 0.981748 
1.71125 0.460781 20.2931 1.67885 0.567591 1 0.981748 

ZONE I=5, J=5
1.71134 0.434917 31.201 1.66455 0.589148 0.9 0.981748 
1.71131 0.440875 28.4599 1.66784 0.584177 0.925 0.981748 
1.71128 0.447171 25.7187 1.67131 0.578927 0.95 0.981748 
1.71126 0.453807 22.9776 1.67498 0.573398 0.975 0.981748 
1.71125 0.460781 20.2365 1.67885 0.567591 1 0.981748 
1.72521 0.434967 31.3015 1.68094 0.583081 0.9 0.989929 
1.72518 0.440913 28.5604 1.68418 0.578094 0.925 0.989929 
1.72516 0.447197 25.8193 1.68761 0.572829 0.95 0.989929 
1.72514 0.45382 23.0781 1.69123 0.567283 0.975 0.989929 
1.72514 0.460782 20.337 1.69504 0.561458 1 0.989929 
1.73907 0.435015 31.4021 1.69733 0.57678 0.9 0.99811 
1.73904 0.44095 28.6609 1.70052 0.571777 0.925 0.99811 
1.73902 0.447222 25.9198 1.70391 0.566495 0.95 0.99811 
1.73901 0.453833 23.1787 1.70748 0.560933 0.975 0.99811 
1.73901 0.460781 20.4375 1.71124 0.555091 1 0.99811 
1.75292 0.435062 31.5026 1.71371 0.570244 0.9 1.00629 
1.75289 0.440987 28.7615 1.71686 0.565226 0.925 1.00629 
1.75288 0.447249 26.0203 1.7202 0.559927 0.95 1.00629 
1.75287 0.453846 23.2792 1.72372 0.554348 0.975 1.00629 
1.75286 0.460781 20.538 1.72743 0.548488 1 1.00629 
1.76676 0.43511 31.6031 1.7301 0.563475 0.9 1.01447 
1.76673 0.441026 28.862 1.7332 0.55844 0.925 1.01447 
1.76672 0.447276 26.1208 1.73649 0.553124 0.95 1.01447 
1.76671 0.453862 23.3797 1.73996 0.547527 0.975 1.01447 
1.76671 0.460781 20.6386 1.74362 0.541651 1 1.01447 

ZONE I=5, J=5
1.76676 0.43511 31.6471 1.7301 0.563475 0.9 1.01447 
1.76673 0.441026 28.8859 1.7332 0.55844 0.925 1.01447 
1.76672 0.447276 26.1247 1.73649 0.553124 0.95 1.01447 
1.76671 0.453862 23.3635 1.73996 0.547527 0.975 1.01447 
1.76671 0.460781 20.6023 1.74362 0.541651 1 1.01447 
1.78059 0.435162 31.7525 1.74649 0.556457 0.9 1.02266 
1.78057 0.441066 28.9913 1.74955 0.551409 0.925 1.02266 
1.78056 0.447303 26.2301 1.75279 0.54608 0.95 1.02266 
1.78056 0.453875 23.4689 1.75621 0.54047 0.975 1.02266 
1.78056 0.460782 20.7077 1.75982 0.534577 1 1.02266 
1.7944 0.435211 31.8579 1.76285 0.549203 0.9 1.03084 
1.79439 0.441104 29.0967 1.76587 0.544143 0.925 1.03084 
1.79438 0.44733 26.3355 1.76907 0.538801 0.95 1.03084 
1.79439 0.453889 23.5742 1.77245 0.533178 0.975 1.03084 
1.7944 0.460781 20.813 1.776 0.527273 1 1.03084 
1.80819 0.435259 31.9632 1.7792 0.541713 0.9 1.03902 
1.80818 0.441144 29.202 1.78218 0.53664 0.925 1.03902 
1.80819 0.447359 26.4408 1.78533 0.531286 0.95 1.03902 
1.80821 0.453905 23.6796 1.78867 0.525652 0.975 1.03902 
1.80823 0.460781 20.9184 1.79217 0.519738 1 1.03902 
1.82196 0.435307 32.0686 1.79552 0.533987 0.9 1.0472 
1.82197 0.441186 29.3074 1.79846 0.5289 0.925 1.0472 
1.82198 0.447391 26.5462 1.80158 0.523535 0.95 1.0472 
1.82201 0.453923 23.785 1.80487 0.517892 0.975 1.0472 
1.82205 0.460781 21.0238 1.80833 0.511972 1 1.0472 

ZONE I=5, J=5
1.82196 0.435307 32.0367 1.79552 0.533987 0.9 1.0472 
1.82197 0.441186 29.2905 1.79846 0.5289 0.925 1.0472 
1.82198 0.447391 26.5443 1.80158 0.523535 0.95 1.0472 
1.82201 0.453923 23.798 1.80487 0.517892 0.975 1.0472 
1.82205 0.460781 21.0518 1.80833 0.511972 1 1.0472 
1.83573 0.435364 32.1478 1.81183 0.52602 0.9 1.05538 
1.83574 0.441228 29.4016 1.81474 0.520925 0.925 1.05538 
1.83577 0.447419 26.6554 1.81781 0.515551 0.95 1.05538 
1.8358 0.453937 23.9092 1.82105 0.509897 0.975 1.05538 
1.83585 0.460782 21.163 1.82447 0.503964 1 1.05538 
1.84946 0.435415 32.2589 1.8281 0.517808 0.9 1.06356 
1.84949 0.441271 29.5127 1.83098 0.512706 0.925 1.06356 
1.84954 0.44745 26.7665 1.83402 0.507325 0.95 1.06356 
1.84959 0.453954 24.0203 1.83722 0.501667 0.975 1.06356 
1.84966 0.460781 21.2741 1.8406 0.495731 1 1.06356 
1.86316 0.435463 32.3701 1.84433 0.509351 0.9 1.07174 
1.86322 0.441315 29.6239 1.84718 0.504241 0.925 1.07174 
1.86329 0.447486 26.8776 1.8502 0.498859 0.95 1.07174 
1.86338 0.453974 24.1314 1.85338 0.493202 0.975 1.07174 
1.86348 0.460781 21.3852 1.85672 0.487273 1 1.07174 
1.87682 0.435509 32.4812 1.86051 0.500649 0.9 1.07992 
1.87692 0.441363 29.735 1.86335 0.495532 0.925 1.07992 
1.87704 0.447526 26.9888 1.86636 0.49015 0.95 1.07992 
1.87716 0.453999 24.2426 1.86952 0.484503 0.975 1.07992 
1.87731 0.460781 21.4964 1.87285 0.47859 1 1.07992 

ZONE I=5, J=5
1.87682 0.435509 32.228 1.86051 0.500649 0.9 1.07992 
1.87692 0.441363 29.5991 1.86335 0.495532 0.925 1.07992 
1.87704 0.447526 26.9702 1.86636 0.49015 0.95 1.07992 
1.87716 0.453999 24.3413 1.86952 0.484503 0.975 1.07992 
1.87731 0.460781 21.7124 1.87285 0.47859 1 1.07992 
1.89052 0.435573 32.3468 1.8767 0.491717 0.9 1.0881 
1.89064 0.441412 29.7179 1.87952 0.486601 0.925 1.0881 
1.89077 0.447559 27.089 1.88249 0.481217 0.95 1.0881 
1.89092 0.454016 24.4601 1.88561 0.475566 0.975 1.0881 
1.89108 0.460781 21.8312 1.88889 0.469647 1 1.0881 
1.90414 0.435624 32.4656 1.8928 0.482525 0.9 1.09628 
1.90431 0.441459 29.8367 1.89562 0.477412 0.925 1.09628 
1.9045 0.447597 27.2078 1.89859 0.472036 0.95 1.09628 
1.90469 0.454037 24.5789 1.9017 0.466396 0.975 1.09628 
1.9049 0.460781 21.9499 1.90497 0.460492 1 1.09628 
1.91769 0.435667 32.5844 1.90881 0.473072 0.9 1.10446 
1.91794 0.441507 29.9555 1.91165 0.467967 0.925 1.10446 
1.9182 0.447639 27.3265 1.91465 0.462608 0.95 1.10446 
1.91848 0.454064 24.6976 1.91778 0.456994 0.975 1.10446 
1.91877 0.460781 22.0687 1.92107 0.451125 1 1.10446 
1.93117 0.435702 32.7032 1.92472 0.463359 0.9 1.11265 
1.93152 0.441557 30.0742 1.92763 0.458266 0.925 1.11265 
1.9319 0.447688 27.4453 1.93067 0.452932 0.95 1.11265 
1.93229 0.454096 24.8164 1.93386 0.44736 0.975 1.11265 
1.93271 0.460781 22.1875 1.93719 0.441547 1 1.11265 

ZONE I=5, J=5
1.93117 0.435702 31.9167 1.92472 0.463359 0.9 1.11265 
1.93152 0.441557 29.6638 1.92763 0.458266 0.925 1.11265 
1.9319 0.447688 27.411 1.93067 0.452932 0.95 1.11265 
1.93229 0.454096 25.1581 1.93386 0.44736 0.975 1.11265 
1.93271 0.460781 22.9053 1.93719 0.441547 1 1.11265 
1.94469 0.435769 32.0176 1.94065 0.453421 0.9 1.12083 
1.94515 0.441627 29.7647 1.94361 0.448346 0.925 1.12083 
1.94561 0.447748 27.5119 1.94669 0.443035 0.95 1.12083 
1.94608 0.454133 25.259 1.94989 0.437488 0.975 1.12083 
1.94654 0.460782 23.0062 1.9532 0.431703 1 1.12083 
1.95808 0.435747 32.1184 1.95639 0.443275 0.9 1.12901 
1.95866 0.441612 29.8656 1.95942 0.438222 0.925 1.12901 
1.95924 0.447739 27.6127 1.96256 0.43293 0.95 1.12901 
1.95981 0.454129 25.3599 1.96581 0.427397 0.975 1.12901 
1.96037 0.460781 23.1071 1.96916 0.421624 1 1.12901 
1.97133 0.435641 32.2193 1.97193 0.432922 0.9 1.13719 
1.97205 0.441515 29.9665 1.97505 0.427893 0.925 1.13719 
1.97277 0.447664 27.7136 1.97828 0.422615 0.95 1.13719 
1.97348 0.454086 25.4608 1.98163 0.417087 0.975 1.13719 
1.97419 0.460781 23.2079 1.98509 0.41131 1 1.13719 
1.98445 0.435454 32.3202 1.98728 0.422361 0.9 1.14537 
1.98532 0.441342 30.0674 1.9905 0.417359 0.925 1.14537 
1.98621 0.447526 27.8145 1.99386 0.412091 0.95 1.14537 
1.9871 0.454006 25.5617 1.99735 0.406559 0.975 1.14537 
1.98801 0.460781 23.3088 2.00097 0.400762 1 1.14537 

ZONE I=5, J=5
1.98445 0.435454 31.0892 1.98728 0.422361 0.9 1.14537 
1.98532 0.441342 29.3768 1.9905 0.417359 0.925 1.14537 
1.98621 0.447526 27.6644 1.99386 0.412091 0.95 1.14537 
1.9871 0.454006 25.9521 1.99735 0.406559 0.975 1.14537 
1.98801 0.460781 24.2397 2.00097 0.400762 1 1.14537 
1.99767 0.43497 31.1972 2.00255 0.411894 0.9 1.15355 
1.99855 0.440875 29.4849 2.00576 0.406854 0.925 1.15355 
1.99946 0.44707 27.7725 2.0091 0.401558 0.95 1.15355 
2.00039 0.453556 26.0601 2.01258 0.396005 0.975 1.15355 
2.00134 0.460333 24.3477 2.01619 0.390196 1 1.15355 
2.01073 0.434081 31.3053 2.01748 0.401506 0.9 1.16173 
2.01167 0.439986 29.5929 2.02069 0.396462 0.925 1.16173 
2.01264 0.446174 27.8805 2.02405 0.391172 0.95 1.16173 
2.01365 0.452646 26.1682 2.02755 0.385635 0.975 1.16173 
2.01469 0.459402 24.4558 2.03119 0.379851 1 1.16173 
2.02362 0.432794 31.4133 2.03207 0.391197 0.9 1.16991 
2.02465 0.438679 29.701 2.03532 0.386183 0.925 1.16991 
2.02573 0.44484 27.9886 2.03872 0.380932 0.95 1.16991 
2.02686 0.451277 26.2762 2.04227 0.375446 0.975 1.16991 
2.02804 0.457991 24.5638 2.04597 0.369725 1 1.16991 
2.03633 0.431112 31.5214 2.0463 0.380967 0.9 1.1781 
2.0375 0.436958 29.809 2.04962 0.376015 0.925 1.1781 
2.03873 0.443071 28.0966 2.0531 0.37084 0.95 1.1781 
2.04003 0.449451 26.3843 2.05674 0.365441 0.975 1.1781 
2.04138 0.456099 24.6719 2.06054 0.359818 1 1.1781 

ZONE I=5, J=5
2.03633 0.431112 30.9293 2.0463 0.380967 0.9 1.1781 
2.0375 0.436958 29.4984 2.04962 0.376015 0.925 1.1781 
2.03873 0.443071 28.0676 2.0531 0.37084 0.95 1.1781 
2.04003 0.449451 26.6367 2.05674 0.365441 0.975 1.1781 
2.04138 0.456099 25.2059 2.06054 0.359818 1 1.1781 
2.04903 0.428934 31.0525 2.06031 0.371002 0.9 1.18628 
2.05032 0.434765 29.6217 2.06369 0.36608 0.925 1.18628 
2.05168 0.440845 28.1908 2.06723 0.360952 0.95 1.18628 
2.05309 0.447173 26.76 2.07092 0.355618 0.975 1.18628 
2.05458 0.45375 25.3291 2.07476 0.350077 1 1.18628 
2.0616 0.426349 31.1757 2.07401 0.361159 0.9 1.19446 
2.06303 0.432147 29.7449 2.07747 0.35629 0.925 1.19446 
2.06452 0.438182 28.314 2.08108 0.351226 0.95 1.19446 
2.06608 0.444454 26.8832 2.08484 0.345968 0.975 1.19446 
2.06771 0.450962 25.4523 2.08874 0.340515 1 1.19446 
2.07401 0.42336 31.299 2.08741 0.351438 0.9 1.20264 
2.0756 0.429108 29.8681 2.09095 0.346644 0.925 1.20264 
2.07725 0.435087 28.4372 2.09465 0.341662 0.95 1.20264 
2.07898 0.441296 27.0064 2.0985 0.336492 0.975 1.20264 
2.08079 0.447736 25.5755 2.1025 0.331132 1 1.20264 
2.08627 0.419972 31.4222 2.10049 0.341839 0.9 1.21082 
2.08803 0.425652 29.9913 2.10414 0.337144 0.925 1.21082 
2.08987 0.431562 28.5605 2.10794 0.332261 0.95 1.21082 
2.09179 0.437704 27.1296 2.1119 0.327189 0.975 1.21082 
2.09379 0.444076 25.6988 2.11602 0.321929 1 1.21082 

ZONE I=5, J=5
2.08627 0.419972 31.2599 2.10049 0.341839 0.9 1.21082 
2.08803 0.425652 29.903 2.10414 0.337144 0.925 1.21082 
2.08987 0.431562 28.5461 2.10794 0.332261 0.95 1.21082 
2.09179 0.437704 27.1893 2.1119 0.327189 0.975 1.21082 
2.09379 0.444076 25.8324 2.11602 0.321929 1 1.21082 
2.09843 0.416158 31.3782 2.11331 0.332419 0.9 1.219 
2.10035 0.421784 30.0213 2.11705 0.3278 0.925 1.219 
2.10235 0.427631 28.6644 2.12095 0.323001 0.95 1.219 
2.10444 0.433699 27.3075 2.125 0.318023 0.975 1.219 
2.10661 0.43999 25.9506 2.12921 0.312867 1 1.219 
2.11044 0.411959 31.4965 2.12585 0.323117 0.9 1.22718 
2.11252 0.41752 30.1396 2.12969 0.318582 0.925 1.22718 
2.11469 0.423296 28.7827 2.13367 0.313875 0.95 1.22718 
2.11695 0.429286 27.4258 2.13782 0.308996 0.975 1.22718 
2.11929 0.435491 26.0689 2.14212 0.303945 1 1.22718 
2.12228 0.407379 31.6148 2.1381 0.313933 0.9 1.23536 
2.12453 0.412865 30.2579 2.14203 0.309492 0.925 1.23536 
2.12687 0.418561 28.901 2.14611 0.304883 0.95 1.23536 
2.1293 0.424467 27.5441 2.15036 0.300107 0.975 1.23536 
2.13183 0.430585 26.1872 2.15476 0.295163 1 1.23536 
2.13396 0.402423 31.7331 2.15007 0.304867 0.9 1.24355 
2.13637 0.407822 30.3762 2.15409 0.300529 0.925 1.24355 
2.13888 0.41343 29.0193 2.15827 0.296026 0.95 1.24355 
2.1415 0.419248 27.6624 2.16261 0.291357 0.975 1.24355 
2.14421 0.425274 26.3055 2.16712 0.286522 1 1.24355 

ZONE I=5, J=5
2.13396 0.402423 31.7338 2.15007 0.304867 0.9 1.24355 
2.13637 0.407822 30.3765 2.15409 0.300529 0.925 1.24355 
2.13888 0.41343 29.0191 2.15827 0.296026 0.95 1.24355 
2.1415 0.419248 27.6617 2.16261 0.291357 0.975 1.24355 
2.14421 0.425274 26.3043 2.16712 0.286522 1 1.24355 
2.14546 0.397094 31.8463 2.16174 0.295936 0.9 1.25173 
2.14803 0.402409 30.4889 2.16585 0.291696 0.925 1.25173 
2.15071 0.407928 29.1315 2.17012 0.287296 0.95 1.25173 
2.15349 0.413649 27.7741 2.17456 0.282736 0.975 1.25173 
2.15638 0.419575 26.4167 2.17916 0.278017 1 1.25173 
2.15677 0.39141 31.9587 2.17312 0.287115 0.9 1.25991 
2.1595 0.396635 30.6013 2.17731 0.282975 0.925 1.25991 
2.16234 0.402059 29.2439 2.18168 0.27868 0.95 1.25991 
2.16529 0.407682 27.8865 2.18621 0.27423 0.975 1.25991 
2.16836 0.413503 26.5291 2.1909 0.269626 1 1.25991 
2.16789 0.385376 32.0711 2.18421 0.278404 0.9 1.26809 
2.17077 0.390506 30.7137 2.18849 0.274366 0.925 1.26809 
2.17377 0.395831 29.3563 2.19294 0.270178 0.95 1.26809 
2.17689 0.40135 27.9989 2.19756 0.265839 0.975 1.26809 
2.18012 0.407063 26.6415 2.20235 0.26135 1 1.26809 
2.17881 0.378997 32.1835 2.19501 0.269802 0.9 1.27627 
2.18184 0.384026 30.8261 2.19937 0.26587 0.925 1.27627 
2.185 0.389246 29.4687 2.2039 0.26179 0.95 1.27627 
2.18827 0.394658 28.1114 2.20861 0.257563 0.975 1.27627 
2.19168 0.400261 26.754 2.21349 0.253188 1 1.27627 

ZONE I=5, J=5
2.17881 0.378997 32.2396 2.19501 0.269802 0.9 1.27627 
2.18184 0.384026 30.8564 2.19937 0.26587 0.925 1.27627 
2.185 0.389246 29.4732 2.2039 0.26179 0.95 1.27627 
2.18827 0.394658 28.09 2.20861 0.257563 0.975 1.27627 
2.19168 0.400261 26.7068 2.21349 0.253188 1 1.27627 
2.18951 0.372288 32.3446 2.20551 0.261298 0.9 1.28445 
2.19269 0.377212 30.9615 2.20995 0.257473 0.925 1.28445 
2.196 0.382323 29.5783 2.21457 0.253506 0.95 1.28445 
2.19944 0.38762 28.1951 2.21936 0.249395 0.975 1.28445 
2.203 0.393104 26.8119 2.22433 0.245142 1 1.28445 
2.19999 0.365256 32.4497 2.21572 0.252887 0.9 1.29263 
2.20332 0.370072 31.0665 2.22024 0.249169 0.925 1.29263 
2.20678 0.37507 29.6833 2.22494 0.245313 0.95 1.29263 
2.21037 0.38025 28.3001 2.22982 0.241318 0.975 1.29263 
2.21409 0.385613 26.9169 2.23487 0.237185 1 1.29263 
2.21025 0.357904 32.5548 2.22565 0.244568 0.9 1.30081 
2.21372 0.362609 31.1716 2.23024 0.240957 0.925 1.30081 
2.21732 0.367492 29.7884 2.23501 0.237212 0.95 1.30081 
2.22106 0.372553 28.4052 2.23997 0.233332 0.975 1.30081 
2.22494 0.377792 27.022 2.24511 0.229317 1 1.30081 
2.22029 0.35024 32.6598 2.23529 0.236341 0.9 1.309 
2.22389 0.35483 31.2766 2.23995 0.232837 0.925 1.309 
2.22763 0.359595 29.8935 2.24479 0.229203 0.95 1.309 
2.23151 0.364534 28.5103 2.24982 0.225437 0.975 1.309 
2.23554 0.369647 27.1271 2.25503 0.22154 1 1.309 

ZONE I=5, J=5
2.22029 0.35024 32.7313 2.23529 0.236341 0.9 1.309 
2.22389 0.35483 31.3153 2.23995 0.232837 0.925 1.309 
2.22763 0.359595 29.8993 2.24479 0.229203 0.95 1.309 
2.23151 0.364534 28.4833 2.24982 0.225437 0.975 1.309 
2.23554 0.369647 27.0673 2.25503 0.22154 1 1.309 
2.23007 0.342291 32.8275 2.24461 0.228196 0.9 1.31718 
2.23379 0.346762 31.4115 2.24934 0.224803 0.925 1.31718 
2.23767 0.351403 29.9955 2.25426 0.221284 0.95 1.31718 
2.2417 0.356212 28.5795 2.25937 0.217638 0.975 1.31718 
2.24587 0.361192 27.1635 2.26466 0.213866 1 1.31718 
2.23959 0.334057 32.9236 2.25365 0.22013 0.9 1.32536 
2.24345 0.338407 31.5076 2.25844 0.216847 0.925 1.32536 
2.24746 0.342921 30.0916 2.26343 0.213443 0.95 1.32536 
2.25162 0.3476 28.6756 2.2686 0.209915 0.975 1.32536 
2.25594 0.352444 27.2596 2.27397 0.206265 1 1.32536 
2.24887 0.325543 33.0197 2.26239 0.212144 0.9 1.33354 
2.25285 0.329769 31.6037 2.26725 0.20897 0.925 1.33354 
2.25698 0.334156 30.1877 2.2723 0.205678 0.95 1.33354 
2.26127 0.338703 28.7717 2.27754 0.202268 0.975 1.33354 
2.26573 0.34341 27.3557 2.28297 0.198738 1 1.33354 
2.25789 0.316754 33.1159 2.27083 0.204238 0.9 1.34172 
2.26198 0.320857 31.6999 2.27575 0.201172 0.925 1.34172 
2.26624 0.325115 30.2839 2.28086 0.197991 0.95 1.34172 
2.27065 0.329528 28.8679 2.28616 0.194696 0.975 1.34172 
2.27523 0.334097 27.4519 2.29166 0.191286 1 1.34172 

ZONE I=5, J=5
2.25789 0.316754 33.1873 2.27083 0.204238 0.9 1.34172 
2.26198 0.320857 31.7385 2.27575 0.201172 0.925 1.34172 
2.26624 0.325115 30.2897 2.28086 0.197991 0.95 1.34172 
2.27065 0.329528 28.8409 2.28616 0.194696 0.975 1.34172 
2.27523 0.334097 27.392 2.29166 0.191286 1 1.34172 
2.26663 0.307718 33.2732 2.27898 0.196391 0.9 1.3499 
2.27084 0.311689 31.8244 2.28395 0.193438 0.925 1.3499 
2.27521 0.315811 30.3755 2.28912 0.190374 0.95 1.3499 
2.27975 0.320084 28.9267 2.29449 0.1872 0.975 1.3499 
2.28446 0.324508 27.4779 2.30005 0.183915 1 1.3499 
2.2751 0.298429 33.359 2.28683 0.188607 0.9 1.35808 
2.27942 0.302269 31.9102 2.29186 0.185765 0.925 1.35808 
2.28391 0.306255 30.4614 2.29708 0.182817 0.95 1.35808 
2.28856 0.310386 29.0126 2.30251 0.179762 0.975 1.35808 
2.29339 0.314663 27.5638 2.30813 0.1766 1 1.35808 
2.2833 0.288895 33.4449 2.29439 0.180887 0.9 1.36626 
2.28772 0.292602 31.9961 2.29947 0.178155 0.925 1.36626 
2.29232 0.296451 30.5473 2.30475 0.175319 0.95 1.36626 
2.29709 0.30044 29.0984 2.31023 0.172382 0.975 1.36626 
2.30203 0.30457 27.6496 2.31591 0.169342 1 1.36626 
2.29122 0.279121 33.5307 2.30165 0.173231 0.9 1.37445 
2.29574 0.282696 32.0819 2.30678 0.170606 0.925 1.37445 
2.30044 0.286406 30.6331 2.31211 0.167882 0.95 1.37445 
2.30531 0.290253 29.1843 2.31764 0.165061 0.975 1.37445 
2.31036 0.294235 27.7355 2.32337 0.162141 1 1.37445 

ZONE I=5, J=5
2.29122 0.279121 33.5962 2.30165 0.173231 0.9 1.37445 
2.29574 0.282696 32.1173 2.30678 0.170606 0.925 1.37445 
2.30044 0.286406 30.6385 2.31211 0.167882 0.95 1.37445 
2.30531 0.290253 29.1597 2.31764 0.165061 0.975 1.37445 
2.31036 0.294235 27.6809 2.32337 0.162141 1 1.37445 
2.29884 0.269143 33.6706 2.30861 0.165624 0.9 1.38263 
2.30346 0.272578 32.1917 2.31379 0.163112 0.925 1.38263 
2.30825 0.276145 30.7129 2.31916 0.160506 0.95 1.38263 
2.31323 0.279842 29.2341 2.32475 0.157806 0.975 1.38263 
2.31839 0.28367 27.7553 2.33053 0.155011 1 1.38263 
2.30617 0.258953 33.745 2.31527 0.158071 0.9 1.39081 
2.31087 0.26225 32.2662 2.32049 0.15567 0.925 1.39081 
2.31577 0.265672 30.7873 2.32592 0.153179 0.95 1.39081 
2.32084 0.269219 29.3085 2.33155 0.150598 0.975 1.39081 
2.32611 0.272892 27.8297 2.33739 0.147927 1 1.39081 
2.3132 0.248558 33.8194 2.32164 0.150571 0.9 1.39899 
2.31799 0.251716 32.3406 2.3269 0.14828 0.925 1.39899 
2.32297 0.254993 30.8617 2.33237 0.145902 0.95 1.39899 
2.32815 0.258391 29.3829 2.33804 0.143439 0.975 1.39899 
2.33351 0.261908 27.9041 2.34393 0.140889 1 1.39899 
2.31993 0.237965 33.8938 2.32771 0.143124 0.9 1.40717 
2.32481 0.240983 32.415 2.33301 0.14094 0.925 1.40717 
2.32987 0.244116 30.9362 2.33852 0.138674 0.95 1.40717 
2.33513 0.247363 29.4573 2.34423 0.136327 0.975 1.40717 
2.34058 0.250726 27.9785 2.35016 0.133897 1 1.40717 

ZONE I=5, J=5
2.31993 0.237965 33.9503 2.32771 0.143124 0.9 1.40717 
2.32481 0.240983 32.4456 2.33301 0.14094 0.925 1.40717 
2.32987 0.244116 30.9408 2.33852 0.138674 0.95 1.40717 
2.33513 0.247363 29.436 2.34423 0.136327 0.975 1.40717 
2.34058 0.250726 27.9313 2.35016 0.133897 1 1.40717 
2.32635 0.227199 34.0124 2.33348 0.135712 0.9 1.41535 
2.33131 0.230072 32.5076 2.33882 0.13364 0.925 1.41535 
2.33645 0.233054 31.0028 2.34436 0.131491 0.95 1.41535 
2.3418 0.236146 29.4981 2.35012 0.129264 0.975 1.41535 
2.34734 0.239348 27.9933 2.35609 0.126959 1 1.41535 
2.33247 0.216256 34.0744 2.33895 0.128339 0.9 1.42353 
2.3375 0.218984 32.5697 2.34433 0.126378 0.925 1.42353 
2.34272 0.221816 31.0649 2.34991 0.124344 0.95 1.42353 
2.34815 0.224751 29.5601 2.35571 0.122236 0.975 1.42353 
2.35377 0.227791 28.0554 2.36172 0.120054 1 1.42353 
2.33827 0.205142 34.1365 2.34414 0.121005 0.9 1.43171 
2.34337 0.207725 32.6317 2.34954 0.119154 0.925 1.43171 
2.34867 0.210406 31.1269 2.35516 0.117233 0.95 1.43171 
2.35417 0.213186 29.6222 2.36099 0.115242 0.975 1.43171 
2.35987 0.216065 28.1174 2.36704 0.113181 1 1.43171 
2.34377 0.193863 34.1985 2.34902 0.11371 0.9 1.4399 
2.34893 0.196302 32.6938 2.35446 0.111967 0.925 1.4399 
2.3543 0.198833 31.189 2.36011 0.110157 0.95 1.4399 
2.35986 0.201457 29.6842 2.36597 0.108283 0.975 1.4399 
2.36564 0.204174 28.1795 2.37205 0.106342 1 1.4399 

ZONE I=5, J=5
2.34377 0.193863 34.2448 2.34902 0.11371 0.9 1.4399 
2.34893 0.196302 32.7188 2.35446 0.111967 0.925 1.4399 
2.3543 0.198833 31.1928 2.36011 0.110157 0.95 1.4399 
2.35986 0.201457 29.6668 2.36597 0.108283 0.975 1.4399 
2.36564 0.204174 28.1408 2.37205 0.106342 1 1.4399 
2.34894 0.182455 34.2938 2.35361 0.106447 0.9 1.44808 
2.35416 0.184744 32.7678 2.35907 0.104814 0.925 1.44808 
2.35959 0.18712 31.2418 2.36475 0.103121 0.95 1.44808 
2.36523 0.189584 29.7158 2.37065 0.101366 0.975 1.44808 
2.37107 0.192135 28.1898 2.37676 0.099549 1 1.44808 
2.35378 0.17091 34.3428 2.35789 0.099214 0.9 1.45626 
2.35906 0.17305 32.8168 2.36338 0.0976919 0.925 1.45626 
2.36455 0.175271 31.2908 2.36909 0.0961125 0.95 1.45626 
2.37025 0.177575 29.7648 2.37502 0.0944757 0.975 1.45626 
2.37616 0.17996 28.2388 2.38116 0.0927816 1 1.45626 
2.35831 0.159236 34.3918 2.36189 0.0920123 0.9 1.46444 
2.36364 0.161226 32.8657 2.3674 0.0905991 0.925 1.46444 
2.36919 0.163293 31.3397 2.37313 0.0891326 0.95 1.46444 
2.37494 0.165436 29.8137 2.37909 0.0876129 0.975 1.46444 
2.38091 0.167655 28.2877 2.38525 0.0860399 1 1.46444 
2.36251 0.147438 34.4407 2.36558 0.0848416 0.9 1.47262 
2.36789 0.14928 32.9147 2.37112 0.083536 0.925 1.47262 
2.37349 0.151193 31.3887 2.37688 0.0821812 0.95 1.47262 
2.37929 0.153176 29.8627 2.38285 0.0807771 0.975 1.47262 
2.38532 0.155229 28.3367 2.38904 0.0793239 1 1.47262 

ZONE I=5, J=5
2.36251 0.147438 34.476 2.36558 0.0848416 0.9 1.47262 
2.36789 0.14928 32.9338 2.37112 0.083536 0.925 1.47262 
2.37349 0.151193 31.3916 2.37688 0.0821812 0.95 1.47262 
2.37929 0.153176 29.8494 2.38285 0.0807771 0.975 1.47262 
2.38532 0.155229 28.3072 2.38904 0.0793239 1 1.47262 
2.36637 0.135539 34.5113 2.36898 0.0776897 0.9 1.4808 
2.3718 0.137229 32.9691 2.37454 0.0764946 0.925 1.4808 
2.37745 0.138984 31.4269 2.38032 0.0752544 0.95 1.4808 
2.38331 0.140803 29.8848 2.38631 0.0739692 0.975 1.4808 
2.38938 0.142687 28.3426 2.39253 0.0726388 1 1.4808 
2.36991 0.123537 34.5467 2.37208 0.0705572 0.9 1.48898 
2.37539 0.125075 33.0045 2.37766 0.0694717 0.925 1.48898 
2.38107 0.126672 31.4623 2.38346 0.0683452 0.95 1.48898 
2.38697 0.128327 29.9201 2.38948 0.0671777 0.975 1.48898 
2.39309 0.130042 28.3779 2.39572 0.0659692 1 1.48898 
2.37312 0.111439 34.582 2.37489 0.0634441 0.9 1.49716 
2.37863 0.112825 33.0398 2.38049 0.0624672 0.925 1.49716 
2.38436 0.114264 31.4976 2.3863 0.0614534 0.95 1.49716 
2.3903 0.115756 29.9554 2.39234 0.0604027 0.975 1.49716 
2.39646 0.117301 28.4133 2.3986 0.0593152 1 1.49716 
2.376 0.0992518 34.6173 2.37741 0.0563503 0.9 1.50535 
2.38154 0.100486 33.0752 2.38302 0.0554811 0.925 1.50535 
2.3873 0.101767 31.533 2.38885 0.0545791 0.95 1.50535 
2.39328 0.103096 29.9908 2.3949 0.0536443 0.975 1.50535 
2.39948 0.104472 28.4486 2.40117 0.0526767 1 1.50535 

ZONE I=5, J=5
2.376 0.0992518 34.6411 2.37741 0.0563503 0.9 1.50535 
2.38154 0.100486 33.088 2.38302 0.0554811 0.925 1.50535 
2.3873 0.101767 31.535 2.38885 0.0545791 0.95 1.50535 
2.39328 0.103096 29.9819 2.3949 0.0536443 0.975 1.50535 
2.39948 0.104472 28.4288 2.40117 0.0526767 1 1.50535 
2.37854 0.0870053 34.6625 2.37962 0.0492732 0.9 1.51353 
2.38411 0.0880854 33.1094 2.38524 0.0485137 0.925 1.51353 
2.3899 0.0892069 31.5563 2.39109 0.0477254 0.95 1.51353 
2.39591 0.0903698 30.0032 2.39716 0.0469084 0.975 1.51353 
2.40214 0.0915741 28.4501 2.40345 0.0460628 1 1.51353 
2.38074 0.0746962 34.6838 2.38154 0.0422088 0.9 1.52171 
2.38634 0.0756224 33.1307 2.38718 0.0415583 0.925 1.52171 
2.39216 0.0765841 31.5777 2.39303 0.0408831 0.95 1.52171 
2.39819 0.0775814 30.0246 2.39911 0.0401834 0.975 1.52171 
2.40445 0.0786141 28.4715 2.40542 0.0394591 1 1.52171 
2.38261 0.0623317 34.7052 2.38317 0.0351571 0.9 1.52989 
2.38823 0.0631042 33.1521 2.38881 0.0346149 0.925 1.52989 
2.39407 0.0639063 31.599 2.39468 0.0340523 0.95 1.52989 
2.40013 0.064738 30.0459 2.40077 0.0334692 0.975 1.52989 
2.40641 0.0655993 28.4929 2.40708 0.0328656 1 1.52989 
2.38414 0.0499189 34.7265 2.3845 0.028118 0.9 1.53807 
2.38977 0.0505379 33.1735 2.39015 0.0276837 0.925 1.53807 
2.39563 0.0511806 31.6204 2.39602 0.027233 0.95 1.53807 
2.40171 0.051847 30.0673 2.40212 0.0267659 0.975 1.53807 
2.40801 0.0525371 28.5142 2.40844 0.0262824 1 1.53807 

ZONE I=5, J=5
2.38414 0.0499189 34.7385 2.3845 0.028118 0.9 1.53807 
2.38977 0.0505379 33.1799 2.39015 0.0276837 0.925 1.53807 
2.39563 0.0511806 31.6214 2.39602 0.027233 0.95 1.53807 
2.40171 0.051847 30.0628 2.40212 0.0267659 0.975 1.53807 
2.40801 0.0525371 28.5043 2.40844 0.0262824 1 1.53807 
2.38533 0.037474 34.7456 2.38553 0.0210854 0.9 1.54625 
2.39098 0.0379383 33.1871 2.39119 0.02076 0.925 1.54625 
2.39685 0.0384203 31.6285 2.39707 0.0204222 0.95 1.54625 
2.40294 0.0389201 30.0699 2.40317 0.0200721 0.975 1.54625 
2.40926 0.0394377 28.5114 2.4095 0.0197098 1 1.54625 
2.38618 0.0249997 34.7528 2.38627 0.0140549 0.9 1.55443 
2.39184 0.0253091 33.1942 2.39193 0.0138381 0.925 1.55443 
2.39772 0.0256304 31.6356 2.39782 0.0136131 0.95 1.55443 
2.40382 0.0259636 30.0771 2.40393 0.0133799 0.975 1.55443 
2.41015 0.0263086 28.5185 2.41026 0.0131385 1 1.55443 
2.38669 0.012503 34.7599 2.38671 0.00702644 0.9 1.56261 
2.39235 0.0126577 33.2013 2.39238 0.00691812 0.925 1.56261 
2.39824 0.0128183 31.6428 2.39826 0.0068057 0.95 1.56261 
2.40435 0.0129848 30.0842 2.40438 0.00668919 0.975 1.56261 
2.41069 0.0131573 28.5256 2.41072 0.00656857 1 1.56261 
2.38686 -8.76742e-06 34.767 2.38686 0 0.9 1.5708 
2.39252 -8.78823e-06 33.2085 2.39252 0 0.925 1.5708 
2.39841 -8.80987e-06 31.6499 2.39841 0 0.95 1.5708 
2.40453 -8.83233e-06 30.0913 2.40453 0 0.975 1.5708 
2.41087 -8.8556e-06 28.5328 2.41087 0 1 1.5708 

