ZONE I=5, J=5
0 0.433441 24.0906 0.433441 0 0.9 0 
0 0.440204 21.9258 0.440204 0 0.925 0 
0 0.447354 19.761 0.447354 0 0.95 0 
0 0.45489 17.5962 0.45489 0 0.975 0 
0 0.462813 15.4314 0.462813 0 1 0 
0.0143501 0.433441 24.0922 0.433544 0.0108035 0.9 0.00818126 
0.0143498 0.440205 21.9275 0.440307 0.0107479 0.925 0.00818126 
0.0143495 0.447354 19.7627 0.447457 0.0106891 0.95 0.00818126 
0.0143493 0.45489 17.5979 0.454992 0.0106273 0.975 0.00818126 
0.0143493 0.462813 15.4331 0.462914 0.0105624 1 0.00818126 
0.0286971 0.433442 24.0939 0.433854 0.0216014 0.9 0.0163625 
0.0286964 0.440205 21.9291 0.440616 0.0214901 0.925 0.0163625 
0.0286959 0.447355 19.7643 0.447764 0.0213726 0.95 0.0163625 
0.0286955 0.45489 17.5996 0.455299 0.0212489 0.975 0.0163625 
0.0286953 0.462813 15.4348 0.46322 0.021119 1 0.0163625 
0.0430438 0.433444 24.0956 0.434369 0.0323936 0.9 0.0245437 
0.0430427 0.440206 21.9308 0.44113 0.0322265 0.925 0.0245437 
0.0430418 0.447355 19.766 0.448277 0.0320502 0.95 0.0245437 
0.0430412 0.454891 17.6012 0.45581 0.0318646 0.975 0.0245437 
0.0430407 0.462813 15.4365 0.463729 0.0316697 1 0.0245437 
0.0573927 0.433445 24.0973 0.435091 0.0431801 0.9 0.0327249 
0.0573912 0.440208 21.9325 0.44185 0.0429573 0.925 0.0327249 
0.0573899 0.447356 19.7677 0.448994 0.0427221 0.95 0.0327249 
0.0573889 0.454891 17.6029 0.456525 0.0424746 0.975 0.0327249 
0.0573881 0.462813 15.4381 0.464442 0.0422146 1 0.0327249 

ZONE I=5, J=5
0.0573927 0.433445 24.1 0.435091 0.0431801 0.9 0.0327249 
0.0573912 0.440208 21.9341 0.44185 0.0429573 0.925 0.0327249 
0.0573899 0.447356 19.7683 0.448994 0.0427221 0.95 0.0327249 
0.0573889 0.454891 17.6024 0.456525 0.0424746 0.975 0.0327249 
0.0573881 0.462813 15.4365 0.464442 0.0422146 1 0.0327249 
0.0717418 0.433448 24.104 0.436019 0.0539561 0.9 0.0409062 
0.07174 0.440209 21.9381 0.442775 0.0536778 0.925 0.0409062 
0.0717386 0.447358 19.7722 0.449917 0.053384 0.95 0.0409062 
0.0717376 0.454892 17.6064 0.457445 0.0530749 0.975 0.0409062 
0.0717369 0.462813 15.4405 0.465359 0.0527503 1 0.0409062 
0.086088 0.433451 24.108 0.437153 0.0647159 0.9 0.0490874 
0.0860859 0.440212 21.9421 0.443905 0.064382 0.925 0.0490874 
0.0860842 0.447359 19.7762 0.451044 0.0640296 0.95 0.0490874 
0.086083 0.454893 17.6104 0.458569 0.0636588 0.975 0.0490874 
0.0860822 0.462813 15.4445 0.466479 0.0632693 1 0.0490874 
0.100434 0.433454 24.1119 0.438492 0.0754595 0.9 0.0572686 
0.100431 0.440214 21.9461 0.445241 0.0750701 0.925 0.0572686 
0.100429 0.447361 19.7802 0.452376 0.0746589 0.95 0.0572686 
0.100428 0.454893 17.6143 0.459896 0.0742262 0.975 0.0572686 
0.100427 0.462812 15.4485 0.467802 0.0737718 1 0.0572686 
0.114782 0.433457 24.1159 0.440036 0.086187 0.9 0.0654498 
0.114779 0.440217 21.95 0.446781 0.0857419 0.925 0.0654498 
0.114777 0.447363 19.7842 0.453911 0.0852719 0.95 0.0654498 
0.114774 0.454894 17.6183 0.461427 0.0847772 0.975 0.0654498 
0.114773 0.462813 15.4524 0.469328 0.0842578 1 0.0654498 

ZONE I=5, J=5
0.114782 0.433457 24.1211 0.440036 0.086187 0.9 0.0654498 
0.114779 0.440217 21.9531 0.446781 0.0857419 0.925 0.0654498 
0.114777 0.447363 19.7851 0.453911 0.0852719 0.95 0.0654498 
0.114774 0.454894 17.6171 0.461427 0.0847772 0.975 0.0654498 
0.114773 0.462813 15.4491 0.469328 0.0842578 1 0.0654498 
0.129129 0.433462 24.1279 0.441787 0.0968921 0.9 0.0736311 
0.129126 0.44022 21.9599 0.448527 0.0963917 0.925 0.073631 
0.129124 0.447365 19.7919 0.455652 0.0958636 0.95 0.0736311 
0.129122 0.454896 17.6239 0.463162 0.0953077 0.975 0.0736311 
0.12912 0.462813 15.4559 0.471057 0.094724 1 0.0736311 
0.143474 0.433467 24.1348 0.443742 0.107571 0.9 0.0818123 
0.14347 0.440224 21.9667 0.450476 0.107015 0.925 0.0818123 
0.143468 0.447367 19.7987 0.457595 0.106428 0.95 0.0818123 
0.143465 0.454897 17.6307 0.4651 0.105811 0.975 0.0818123 
0.143464 0.462813 15.4627 0.472989 0.105163 1 0.0818123 
0.157818 0.433472 24.1416 0.445901 0.118222 0.9 0.0899936 
0.157814 0.440228 21.9736 0.45263 0.117611 0.925 0.0899936 
0.157811 0.44737 19.8056 0.459743 0.116966 0.95 0.0899936 
0.157808 0.454898 17.6376 0.46724 0.116287 0.975 0.0899935 
0.157807 0.462812 15.4696 0.475122 0.115574 1 0.0899936 
0.172165 0.433478 24.1484 0.448265 0.128847 0.9 0.0981748 
0.17216 0.440232 21.9804 0.454987 0.128181 0.925 0.0981748 
0.172156 0.447373 19.8124 0.462093 0.127477 0.95 0.0981748 
0.172153 0.4549 17.6444 0.469583 0.126736 0.975 0.0981748 
0.172151 0.462813 15.4764 0.477458 0.125958 1 0.0981748 

ZONE I=5, J=5
0.172165 0.433478 24.1557 0.448265 0.128847 0.9 0.0981748 
0.17216 0.440232 21.9845 0.454987 0.128181 0.925 0.0981748 
0.172156 0.447373 19.8133 0.462093 0.127477 0.95 0.0981748 
0.172153 0.4549 17.6421 0.469583 0.126736 0.975 0.0981748 
0.172151 0.462813 15.4709 0.477458 0.125958 1 0.0981748 
0.186509 0.433484 24.1654 0.450834 0.139438 0.9 0.106356 
0.186504 0.440237 21.9941 0.457548 0.138717 0.925 0.106356 
0.1865 0.447377 19.8229 0.464647 0.137955 0.95 0.106356 
0.186498 0.454902 17.6517 0.472129 0.137154 0.975 0.106356 
0.186496 0.462813 15.4805 0.479995 0.136312 1 0.106356 
0.20085 0.433491 24.175 0.453605 0.149992 0.9 0.114537 
0.200845 0.440243 22.0038 0.460312 0.149216 0.925 0.114537 
0.200842 0.44738 19.8326 0.467402 0.148396 0.95 0.114537 
0.200839 0.454903 17.6614 0.474876 0.147533 0.975 0.114537 
0.200837 0.462813 15.4902 0.482733 0.146628 1 0.114537 
0.215192 0.433498 24.1846 0.45658 0.160509 0.9 0.122718 
0.215187 0.440248 22.0134 0.463278 0.159677 0.925 0.122718 
0.215182 0.447384 19.8422 0.47036 0.1588 0.95 0.122718 
0.215179 0.454905 17.671 0.477824 0.157876 0.975 0.122718 
0.215177 0.462812 15.4998 0.485672 0.156905 1 0.122718 
0.229537 0.433506 24.1943 0.459758 0.170989 0.9 0.1309 
0.229531 0.440254 22.0231 0.466447 0.170102 0.925 0.1309 
0.229525 0.447388 19.8518 0.47352 0.169166 0.95 0.1309 
0.229521 0.454907 17.6806 0.480974 0.16818 0.975 0.1309 
0.229518 0.462813 15.5094 0.488811 0.167145 1 0.1309 

ZONE I=5, J=5
0.229537 0.433506 24.2038 0.459758 0.170989 0.9 0.1309 
0.229531 0.440254 22.0283 0.466447 0.170102 0.925 0.1309 
0.229525 0.447388 19.8529 0.47352 0.169166 0.95 0.1309 
0.229521 0.454907 17.6774 0.480974 0.16818 0.975 0.1309 
0.229518 0.462813 15.5019 0.488811 0.167145 1 0.1309 
0.243877 0.433514 24.2163 0.463137 0.181423 0.9 0.139081 
0.243871 0.440261 22.0408 0.469818 0.180481 0.925 0.139081 
0.243866 0.447392 19.8653 0.47688 0.179488 0.95 0.139081 
0.243862 0.45491 17.6898 0.484325 0.178442 0.975 0.139081 
0.24386 0.462813 15.5144 0.492151 0.177344 1 0.139081 
0.258215 0.433523 24.2287 0.466719 0.191809 0.9 0.147262 
0.258209 0.440267 22.0532 0.473389 0.190813 0.925 0.147262 
0.258204 0.447397 19.8778 0.480441 0.189762 0.95 0.147262 
0.2582 0.454912 17.7023 0.487874 0.188656 0.975 0.147262 
0.258198 0.462813 15.5268 0.495689 0.187494 1 0.147262 
0.272553 0.433532 24.2412 0.470501 0.202148 0.9 0.155443 
0.272546 0.440274 22.0657 0.477161 0.201098 0.925 0.155443 
0.272541 0.447402 19.8902 0.484202 0.199989 0.95 0.155443 
0.272537 0.454915 17.7147 0.491623 0.198822 0.975 0.155443 
0.272534 0.462812 15.5392 0.499425 0.197596 1 0.155443 
0.286894 0.433542 24.2536 0.474485 0.21244 0.9 0.163625 
0.286886 0.440282 22.0781 0.481134 0.211334 0.925 0.163625 
0.28688 0.447407 19.9026 0.488163 0.210167 0.95 0.163625 
0.286875 0.454917 17.7272 0.495572 0.208939 0.975 0.163625 
0.286871 0.462813 15.5517 0.503361 0.207649 1 0.163625 

ZONE I=5, J=5
0.286894 0.433542 24.2654 0.474485 0.21244 0.9 0.163625 
0.286886 0.440282 22.0846 0.481134 0.211334 0.925 0.163625 
0.28688 0.447407 19.9038 0.488163 0.210167 0.95 0.163625 
0.286875 0.454917 17.723 0.495572 0.208939 0.975 0.163625 
0.286871 0.462813 15.5421 0.503361 0.207649 1 0.163625 
0.30123 0.433552 24.2807 0.478668 0.222674 0.9 0.171806 
0.301222 0.44029 22.0999 0.485305 0.221515 0.925 0.171806 
0.301216 0.447413 19.919 0.492322 0.220291 0.95 0.171806 
0.301212 0.45492 17.7382 0.499718 0.219003 0.975 0.171806 
0.301209 0.462813 15.5574 0.507494 0.217651 1 0.171806 
0.315563 0.433563 24.296 0.48305 0.23285 0.9 0.179987 
0.315556 0.440298 22.1151 0.489675 0.231637 0.925 0.179987 
0.315549 0.447418 19.9343 0.496679 0.230357 0.95 0.179987 
0.315545 0.454923 17.7535 0.504062 0.229009 0.975 0.179987 
0.315542 0.462813 15.5727 0.511824 0.227594 1 0.179987 
0.329897 0.433574 24.3112 0.487631 0.242969 0.9 0.188168 
0.329889 0.440307 22.1304 0.494244 0.241702 0.925 0.188168 
0.329882 0.447424 19.9496 0.501234 0.240364 0.95 0.188168 
0.329877 0.454926 17.7688 0.508602 0.238956 0.975 0.188168 
0.329873 0.462812 15.5879 0.516349 0.237477 1 0.188168 
0.344233 0.433586 24.3265 0.492411 0.25303 0.9 0.19635 
0.344224 0.440316 22.1457 0.49901 0.251708 0.925 0.19635 
0.344216 0.44743 19.9648 0.505986 0.250313 0.95 0.19635 
0.34421 0.454929 17.784 0.51334 0.248844 0.975 0.19635 
0.344205 0.462813 15.6032 0.521071 0.247301 1 0.19635 

ZONE I=5, J=5
0.344233 0.433586 24.3406 0.492411 0.25303 0.9 0.19635 
0.344224 0.440316 22.1534 0.49901 0.251708 0.925 0.19635 
0.344216 0.44743 19.9661 0.505986 0.250313 0.95 0.19635 
0.34421 0.454929 17.7789 0.51334 0.248844 0.975 0.19635 
0.344205 0.462813 15.5916 0.521071 0.247301 1 0.19635 
0.358564 0.433598 24.3587 0.497388 0.263023 0.9 0.204531 
0.358555 0.440325 22.1715 0.503973 0.261648 0.925 0.204531 
0.358548 0.447437 19.9842 0.510934 0.260196 0.95 0.204531 
0.358542 0.454933 17.797 0.518273 0.258669 0.975 0.204531 
0.358539 0.462813 15.6097 0.525988 0.257065 1 0.204531 
0.372891 0.433611 24.3768 0.50256 0.272947 0.9 0.212712 
0.372882 0.440335 22.1896 0.509131 0.271519 0.925 0.212712 
0.372875 0.447443 20.0023 0.516077 0.270011 0.95 0.212712 
0.37287 0.454936 17.8151 0.5234 0.268424 0.975 0.212712 
0.372867 0.462813 15.6278 0.531098 0.266758 1 0.212712 
0.387219 0.433624 24.3949 0.507928 0.282803 0.9 0.220893 
0.387209 0.440345 22.2077 0.514484 0.281321 0.925 0.220893 
0.387202 0.44745 20.0204 0.521414 0.279757 0.95 0.220893 
0.387196 0.454939 17.8332 0.52872 0.27811 0.975 0.220893 
0.387192 0.462812 15.6459 0.536401 0.276381 1 0.220893 
0.401549 0.433638 24.413 0.513492 0.29259 0.9 0.229074 
0.401538 0.440356 22.2258 0.520032 0.291055 0.925 0.229074 
0.401529 0.447457 20.0385 0.526946 0.289433 0.95 0.229074 
0.401522 0.454943 17.8513 0.534234 0.287726 0.975 0.229074 
0.401516 0.462813 15.664 0.541897 0.285934 1 0.229074 

ZONE I=5, J=5
0.401549 0.433638 24.4295 0.513492 0.29259 0.9 0.229074 
0.401538 0.440356 22.2347 0.520032 0.291055 0.925 0.229074 
0.401529 0.447457 20.0399 0.526946 0.289433 0.95 0.229074 
0.401522 0.454943 17.8452 0.534234 0.287726 0.975 0.229074 
0.401516 0.462813 15.6504 0.541897 0.285934 1 0.229074 
0.415874 0.433652 24.4504 0.519249 0.3023 0.9 0.237256 
0.415864 0.440367 22.2557 0.525774 0.300712 0.925 0.237256 
0.415856 0.447465 20.0609 0.532671 0.299036 0.95 0.237256 
0.415849 0.454947 17.8661 0.539942 0.297271 0.975 0.237256 
0.415845 0.462813 15.6713 0.547586 0.295418 1 0.237256 
0.430196 0.433667 24.4714 0.525199 0.311931 0.9 0.245437 
0.430186 0.440378 22.2766 0.531707 0.31029 0.925 0.245437 
0.430177 0.447473 20.0818 0.538587 0.308558 0.95 0.245437 
0.430171 0.454951 17.8871 0.54584 0.306736 0.975 0.245437 
0.430167 0.462813 15.6923 0.553465 0.304822 1 0.245437 
0.444517 0.433682 24.4923 0.531341 0.321483 0.9 0.253618 
0.444506 0.440389 22.2976 0.537832 0.31979 0.925 0.253618 
0.444497 0.44748 20.1028 0.544694 0.318002 0.95 0.253618 
0.44449 0.454955 17.908 0.551927 0.31612 0.975 0.253618 
0.444486 0.462812 15.7132 0.559532 0.314144 1 0.253618 
0.45884 0.433697 24.5133 0.537676 0.330957 0.9 0.261799 
0.458828 0.440401 22.3185 0.544148 0.32921 0.925 0.261799 
0.458818 0.447489 20.1237 0.550992 0.327365 0.95 0.261799 
0.458809 0.454959 17.9289 0.558205 0.325424 0.975 0.261799 
0.458803 0.462813 15.7342 0.565789 0.323385 1 0.261799 

ZONE I=5, J=5
0.45884 0.433697 24.5321 0.537676 0.330957 0.9 0.261799 
0.458828 0.440401 22.3287 0.544148 0.32921 0.925 0.261799 
0.458818 0.447489 20.1253 0.550992 0.327365 0.95 0.261799 
0.458809 0.454959 17.9219 0.558205 0.325424 0.975 0.261799 
0.458803 0.462813 15.7185 0.565789 0.323385 1 0.261799 
0.473158 0.433714 24.5559 0.5442 0.340341 0.9 0.269981 
0.473146 0.440414 22.3525 0.550655 0.338543 0.925 0.269981 
0.473137 0.447498 20.1491 0.557479 0.336645 0.95 0.269981 
0.47313 0.454964 17.9457 0.564673 0.334647 0.975 0.269981 
0.473125 0.462813 15.7423 0.572236 0.332549 1 0.269981 
0.487473 0.43373 24.5797 0.550913 0.349638 0.9 0.278162 
0.487461 0.440427 22.3763 0.557349 0.347788 0.925 0.278162 
0.487452 0.447506 20.1729 0.564154 0.345835 0.95 0.278162 
0.487445 0.454968 17.9696 0.571327 0.343779 0.975 0.278162 
0.48744 0.462813 15.7662 0.578868 0.341621 1 0.278162 
0.501786 0.433747 24.6036 0.557814 0.358845 0.9 0.286343 
0.501774 0.44044 22.4002 0.564231 0.356943 0.925 0.286343 
0.501764 0.447515 20.1968 0.571015 0.354935 0.95 0.286343 
0.501756 0.454972 17.9934 0.578167 0.352821 0.975 0.286343 
0.501751 0.462812 15.79 0.585686 0.350602 1 0.286343 
0.516102 0.433764 24.6274 0.564903 0.367964 0.9 0.294524 
0.516088 0.440453 22.424 0.5713 0.366009 0.925 0.294524 
0.516077 0.447524 20.2206 0.578063 0.363945 0.95 0.294524 
0.516067 0.454977 18.0172 0.585192 0.361773 0.975 0.294524 
0.51606 0.462813 15.8138 0.592688 0.359492 1 0.294524 

ZONE I=5, J=5
0.516102 0.433764 24.6486 0.564903 0.367964 0.9 0.294524 
0.516088 0.440453 22.4355 0.5713 0.366009 0.925 0.294524 
0.516077 0.447524 20.2223 0.578063 0.363945 0.95 0.294524 
0.516067 0.454977 18.0092 0.585192 0.361773 0.975 0.294524 
0.51606 0.462813 15.7961 0.592688 0.359492 1 0.294524 
0.530411 0.433783 24.6753 0.572178 0.376983 0.9 0.302706 
0.530398 0.440467 22.4622 0.578555 0.374978 0.925 0.302706 
0.530388 0.447534 20.2491 0.585297 0.372861 0.95 0.302706 
0.53038 0.454982 18.0359 0.592404 0.370633 0.975 0.302706 
0.530375 0.462813 15.8228 0.599877 0.368294 1 0.302706 
0.544717 0.433801 24.702 0.579637 0.385904 0.9 0.310887 
0.544704 0.440482 22.4889 0.585993 0.383848 0.925 0.310887 
0.544694 0.447544 20.2758 0.592713 0.381678 0.95 0.310887 
0.544687 0.454987 18.0626 0.599798 0.379394 0.975 0.310887 
0.544682 0.462813 15.8495 0.607246 0.376995 1 0.310887 
0.559023 0.43382 24.7287 0.587279 0.394726 0.9 0.319068 
0.559009 0.440496 22.5156 0.593614 0.392619 0.925 0.319068 
0.558998 0.447553 20.3025 0.600312 0.390395 0.95 0.319068 
0.558989 0.454992 18.0893 0.607373 0.388053 0.975 0.319068 
0.558984 0.462812 15.8762 0.614796 0.385595 1 0.319068 
0.57333 0.433839 24.7554 0.595106 0.40345 0.9 0.327249 
0.573315 0.440511 22.5423 0.601419 0.401291 0.925 0.327249 
0.573302 0.447564 20.3292 0.608093 0.399012 0.95 0.327249 
0.573291 0.454997 18.1161 0.615129 0.396613 0.975 0.327249 
0.573283 0.462813 15.9029 0.622527 0.394093 1 0.327249 

ZONE I=5, J=5
0.57333 0.433839 24.7791 0.595106 0.40345 0.9 0.327249 
0.573315 0.440511 22.5551 0.601419 0.401291 0.925 0.327249 
0.573302 0.447564 20.3311 0.608093 0.399012 0.95 0.327249 
0.573291 0.454997 18.1072 0.615129 0.396613 0.975 0.327249 
0.573283 0.462813 15.8832 0.622527 0.394093 1 0.327249 
0.58763 0.43386 24.8087 0.603113 0.412064 0.9 0.335431 
0.587615 0.440527 22.5847 0.609404 0.409856 0.925 0.335431 
0.587604 0.447574 20.3607 0.616055 0.407525 0.95 0.335431 
0.587595 0.455003 18.1368 0.623067 0.405072 0.975 0.335431 
0.587589 0.462813 15.9128 0.63044 0.402495 1 0.335431 
0.601926 0.43388 24.8383 0.6113 0.42057 0.9 0.343612 
0.601912 0.440542 22.6143 0.617568 0.418312 0.925 0.343612 
0.601901 0.447585 20.3904 0.624195 0.415929 0.95 0.343612 
0.601892 0.455008 18.1664 0.631182 0.41342 0.975 0.343612 
0.601887 0.462813 15.9424 0.638528 0.410786 1 0.343612 
0.616222 0.4339 24.8679 0.619666 0.428968 0.9 0.351793 
0.616207 0.440558 22.644 0.62591 0.42666 0.925 0.351793 
0.616195 0.447596 20.42 0.632513 0.424224 0.95 0.351793 
0.616186 0.455014 18.196 0.639473 0.421659 0.975 0.351793 
0.616179 0.462812 15.9721 0.646792 0.418965 1 0.351793 
0.630519 0.433922 24.8976 0.62821 0.437258 0.9 0.359974 
0.630503 0.440574 22.6736 0.634431 0.434899 0.925 0.359974 
0.630489 0.447607 20.4496 0.641008 0.432409 0.95 0.359974 
0.630477 0.45502 18.2257 0.647941 0.429787 0.975 0.359974 
0.630469 0.462813 16.0017 0.655232 0.427034 1 0.359974 

ZONE I=5, J=5
0.630519 0.433922 24.9236 0.62821 0.437258 0.9 0.359974 
0.630503 0.440574 22.6877 0.634431 0.434899 0.925 0.359974 
0.630489 0.447607 20.4518 0.641008 0.432409 0.95 0.359974 
0.630477 0.45502 18.2158 0.647941 0.429787 0.975 0.359974 
0.630469 0.462813 15.9799 0.655232 0.427034 1 0.359974 
0.644809 0.433944 24.9562 0.63693 0.445428 0.9 0.368156 
0.644793 0.440591 22.7203 0.643127 0.443021 0.925 0.368156 
0.644781 0.447619 20.4843 0.649678 0.44048 0.95 0.368156 
0.644771 0.455026 18.2484 0.656586 0.437805 0.975 0.368156 
0.644764 0.462813 16.0124 0.663849 0.434996 1 0.368156 
0.659095 0.433966 24.9888 0.645824 0.45348 0.9 0.376337 
0.659079 0.440608 22.7528 0.651996 0.451024 0.925 0.376337 
0.659067 0.44763 20.5169 0.658522 0.448432 0.95 0.376337 
0.659058 0.455032 18.281 0.665402 0.445703 0.975 0.376337 
0.659052 0.462813 16.045 0.672636 0.442838 1 0.376337 
0.67338 0.433988 25.0214 0.654891 0.461415 0.9 0.384518 
0.673363 0.440625 22.7854 0.661038 0.45891 0.925 0.384518 
0.67335 0.447642 20.5495 0.667537 0.456266 0.95 0.384518 
0.67334 0.455037 18.3135 0.674389 0.453482 0.975 0.384518 
0.673333 0.462812 16.0776 0.681593 0.450559 1 0.384518 
0.687666 0.434011 25.0539 0.664133 0.469232 0.9 0.392699 
0.687648 0.440643 22.818 0.670253 0.466677 0.925 0.392699 
0.687633 0.447654 20.5821 0.676724 0.46398 0.95 0.392699 
0.687621 0.455044 18.3461 0.683547 0.461141 0.975 0.392699 
0.687611 0.462813 16.1102 0.69072 0.458159 1 0.392699 

ZONE I=5, J=5
0.687666 0.434011 25.0825 0.664133 0.469232 0.9 0.392699 
0.687648 0.440643 22.8334 0.670253 0.466677 0.925 0.392699 
0.687633 0.447654 20.5844 0.676724 0.46398 0.95 0.392699 
0.687621 0.455044 18.3353 0.683547 0.461141 0.975 0.392699 
0.687611 0.462813 16.0863 0.69072 0.458159 1 0.392699 
0.701944 0.434035 25.1181 0.673543 0.476919 0.9 0.400881 
0.701927 0.440662 22.869 0.679638 0.474318 0.925 0.400881 
0.701914 0.447667 20.6199 0.686082 0.471572 0.95 0.400881 
0.701903 0.455051 18.3709 0.692876 0.468681 0.975 0.400881 
0.701896 0.462813 16.1218 0.70002 0.465645 1 0.400881 
0.716219 0.434059 25.1536 0.683122 0.48448 0.9 0.409062 
0.716202 0.44068 22.9046 0.68919 0.481831 0.925 0.409062 
0.716188 0.447679 20.6555 0.695606 0.479035 0.95 0.409062 
0.716178 0.455057 18.4064 0.702371 0.476091 0.975 0.409062 
0.716172 0.462813 16.1574 0.709484 0.473001 1 0.409062 
0.730492 0.434083 25.1892 0.692869 0.491914 0.9 0.417243 
0.730474 0.440699 22.9401 0.698909 0.489217 0.925 0.417243 
0.73046 0.447692 20.6911 0.705297 0.48637 0.95 0.417243 
0.730449 0.455063 18.442 0.712031 0.483373 0.975 0.417243 
0.730441 0.462812 16.1929 0.719113 0.480226 1 0.417243 
0.744766 0.434108 25.2247 0.702784 0.499221 0.9 0.425424 
0.744747 0.440718 22.9757 0.708796 0.496476 0.925 0.425424 
0.744731 0.447705 20.7266 0.715154 0.493577 0.95 0.425424 
0.744717 0.45507 18.4776 0.721857 0.490525 0.975 0.425424 
0.744707 0.462813 16.2285 0.728905 0.487321 1 0.425424 

ZONE I=5, J=5
0.744766 0.434108 25.2558 0.702784 0.499221 0.9 0.425424 
0.744747 0.440718 22.9925 0.708796 0.496476 0.925 0.425424 
0.744731 0.447705 20.7291 0.715154 0.493577 0.95 0.425424 
0.744717 0.45507 18.4658 0.721857 0.490525 0.975 0.425424 
0.744707 0.462813 16.2025 0.728905 0.487321 1 0.425424 
0.75903 0.434134 25.2944 0.712861 0.506388 0.9 0.433605 
0.759012 0.440738 23.031 0.718846 0.503597 0.925 0.433605 
0.758997 0.447719 20.7677 0.725174 0.500651 0.95 0.433605 
0.758986 0.455077 18.5044 0.731847 0.497549 0.975 0.433605 
0.758978 0.462813 16.241 0.738864 0.494292 1 0.433605 
0.773291 0.43416 25.333 0.7231 0.51342 0.9 0.441786 
0.773273 0.440757 23.0696 0.729057 0.510583 0.925 0.441786 
0.773259 0.447732 20.8063 0.735356 0.507588 0.95 0.441786 
0.773248 0.455084 18.543 0.741997 0.504435 0.975 0.441786 
0.773241 0.462813 16.2796 0.74898 0.501124 1 0.441786 
0.787552 0.434186 25.3716 0.733502 0.520317 0.9 0.449967 
0.787533 0.440777 23.1082 0.739429 0.517433 0.925 0.449967 
0.787517 0.447746 20.8449 0.745697 0.514388 0.95 0.449967 
0.787506 0.455091 18.5815 0.752306 0.511183 0.975 0.449967 
0.787498 0.462812 16.3182 0.759256 0.507817 1 0.449967 
0.801814 0.434212 25.4101 0.744067 0.527078 0.9 0.458149 
0.801794 0.440798 23.1468 0.749964 0.524147 0.925 0.458149 
0.801776 0.44776 20.8835 0.7562 0.521052 0.95 0.458149 
0.801762 0.455098 18.6201 0.762775 0.517794 0.975 0.458149 
0.801751 0.462813 16.3568 0.769689 0.514372 1 0.458149 

ZONE I=5, J=5
0.801814 0.434212 25.4437 0.744067 0.527078 0.9 0.458149 
0.801794 0.440798 23.1649 0.749964 0.524147 0.925 0.458149 
0.801776 0.44776 20.8862 0.7562 0.521052 0.95 0.458149 
0.801762 0.455098 18.6074 0.762775 0.517794 0.975 0.458149 
0.801751 0.462813 16.3286 0.769689 0.514372 1 0.458149 
0.816064 0.43424 25.4854 0.754785 0.533689 0.9 0.46633 
0.816045 0.440819 23.2066 0.760653 0.530714 0.925 0.46633 
0.816029 0.447775 20.9278 0.766859 0.527573 0.95 0.46633 
0.816017 0.455106 18.649 0.773402 0.524266 0.975 0.46633 
0.816009 0.462813 16.3702 0.780282 0.520793 1 0.46633 
0.830311 0.434267 25.527 0.76566 0.540157 0.9 0.474511 
0.830292 0.44084 23.2482 0.771498 0.537137 0.925 0.474511 
0.830276 0.447789 20.9695 0.777672 0.533948 0.95 0.474511 
0.830265 0.455113 18.6907 0.784181 0.530591 0.975 0.474511 
0.830257 0.462813 16.4119 0.791027 0.527067 1 0.474511 
0.844557 0.434295 25.5687 0.77669 0.546481 0.9 0.482692 
0.844537 0.440861 23.2899 0.782497 0.543415 0.925 0.482692 
0.844521 0.447803 21.0111 0.788638 0.540178 0.95 0.482692 
0.844508 0.45512 18.7323 0.795114 0.536771 0.975 0.482692 
0.8445 0.462812 16.4535 0.801923 0.533193 1 0.482692 
0.858806 0.434323 25.6103 0.787877 0.55266 0.9 0.490874 
0.858784 0.440883 23.3315 0.793652 0.549548 0.925 0.490874 
0.858765 0.447818 21.0527 0.799759 0.546263 0.95 0.490874 
0.85875 0.455128 18.774 0.806199 0.542804 0.975 0.490874 
0.858738 0.462813 16.4952 0.81297 0.539171 1 0.490874 

ZONE I=5, J=5
0.858806 0.434323 25.6465 0.787877 0.55266 0.9 0.490874 
0.858784 0.440883 23.3511 0.793652 0.549548 0.925 0.490874 
0.858765 0.447818 21.0556 0.799759 0.546263 0.95 0.490874 
0.85875 0.455128 18.7602 0.806199 0.542804 0.975 0.490874 
0.858738 0.462813 16.4648 0.81297 0.539171 1 0.490874 
0.87304 0.434353 25.6912 0.79921 0.558681 0.9 0.499055 
0.873019 0.440906 23.3958 0.804955 0.555526 0.925 0.499055 
0.873003 0.447834 21.1004 0.811029 0.552196 0.95 0.499055 
0.87299 0.455136 18.805 0.817435 0.54869 0.975 0.499055 
0.872981 0.462813 16.5095 0.824171 0.545008 1 0.499055 
0.887271 0.434382 25.736 0.810693 0.564549 0.9 0.507236 
0.887251 0.440928 23.4406 0.816405 0.561351 0.925 0.507236 
0.887235 0.447849 21.1452 0.822446 0.557975 0.95 0.507236 
0.887223 0.455144 18.8497 0.828817 0.554421 0.975 0.507236 
0.887215 0.462813 16.5543 0.835516 0.550689 1 0.507236 
0.901502 0.434411 25.7808 0.822324 0.570265 0.9 0.515417 
0.901481 0.440951 23.4853 0.828004 0.567023 0.925 0.515417 
0.901463 0.447864 21.1899 0.83401 0.5636 0.95 0.515417 
0.90145 0.455151 18.8945 0.840344 0.559997 0.975 0.515417 
0.901441 0.462812 16.5991 0.847005 0.556213 1 0.515417 
0.915735 0.434441 25.8255 0.834105 0.575829 0.9 0.523599 
0.915711 0.440974 23.5301 0.839751 0.572542 0.925 0.523599 
0.915692 0.44788 21.2347 0.845722 0.569072 0.95 0.523599 
0.915675 0.45516 18.9392 0.852018 0.565418 0.975 0.523599 
0.915663 0.462813 16.6438 0.858639 0.561581 1 0.523599 

ZONE I=5, J=5
0.915735 0.434441 25.8643 0.834105 0.575829 0.9 0.523599 
0.915711 0.440974 23.551 0.839751 0.572542 0.925 0.523599 
0.915692 0.44788 21.2378 0.845722 0.569072 0.95 0.523599 
0.915675 0.45516 18.9245 0.852018 0.565418 0.975 0.523599 
0.915663 0.462813 16.6112 0.858639 0.561581 1 0.523599 
0.929953 0.434472 25.9122 0.846023 0.581225 0.9 0.53178 
0.929931 0.440998 23.5989 0.851637 0.577897 0.925 0.53178 
0.929913 0.447897 21.2857 0.857574 0.574383 0.95 0.53178 
0.9299 0.455168 18.9724 0.863835 0.570684 0.975 0.53178 
0.92989 0.462813 16.6591 0.870419 0.5668 1 0.53178 
0.944167 0.434503 25.9601 0.858084 0.586461 0.9 0.539961 
0.944146 0.441021 23.6468 0.863664 0.583091 0.925 0.539961 
0.944128 0.447913 21.3336 0.869566 0.579533 0.95 0.539961 
0.944116 0.455176 19.0203 0.87579 0.575788 0.975 0.539961 
0.944107 0.462813 16.707 0.882335 0.571855 1 0.539961 
0.958381 0.434534 26.008 0.870287 0.591536 0.9 0.548142 
0.958358 0.441045 23.6948 0.875833 0.588123 0.925 0.548142 
0.95834 0.447929 21.3815 0.881698 0.584521 0.95 0.548142 
0.958326 0.455185 19.0682 0.887884 0.580728 0.975 0.548142 
0.958316 0.462812 16.7549 0.894389 0.576745 1 0.548142 
0.972597 0.434565 26.0559 0.882631 0.596451 0.9 0.556324 
0.972572 0.44107 23.7427 0.888142 0.592995 0.925 0.556324 
0.972551 0.447946 21.4294 0.89397 0.589346 0.95 0.556324 
0.972534 0.455193 19.1161 0.900115 0.585505 0.975 0.556324 
0.97252 0.462813 16.8028 0.906578 0.58147 1 0.556324 

ZONE I=5, J=5
0.972597 0.434565 26.0974 0.882631 0.596451 0.9 0.556324 
0.972572 0.44107 23.765 0.888142 0.592995 0.925 0.556324 
0.972551 0.447946 21.4327 0.89397 0.589346 0.95 0.556324 
0.972534 0.455193 19.1004 0.900115 0.585505 0.975 0.556324 
0.97252 0.462813 16.768 0.906578 0.58147 1 0.556324 
0.986797 0.434598 26.1485 0.895105 0.60119 0.9 0.564505 
0.986773 0.441095 23.8162 0.900582 0.597694 0.925 0.564505 
0.986755 0.447963 21.4838 0.906375 0.594004 0.95 0.564505 
0.98674 0.455202 19.1515 0.912483 0.590119 0.975 0.564505 
0.98673 0.462813 16.8191 0.918908 0.586039 1 0.564505 
1.00099 0.43463 26.1996 0.907714 0.605761 0.9 0.572686 
1.00097 0.44112 23.8673 0.913156 0.602225 0.925 0.572686 
1.00095 0.44798 21.5349 0.918911 0.598492 0.95 0.572686 
1.00094 0.455211 19.2026 0.924981 0.594562 0.975 0.572686 
1.00093 0.462813 16.8702 0.931365 0.590436 1 0.572686 
1.01519 0.434663 26.2507 0.920456 0.610163 0.9 0.580867 
1.01516 0.441145 23.9184 0.925862 0.606587 0.925 0.580867 
1.01515 0.447997 21.586 0.93158 0.60281 0.95 0.580867 
1.01513 0.455219 19.2537 0.93761 0.598835 0.975 0.580867 
1.01512 0.462812 16.9213 0.943951 0.594659 1 0.580867 
1.02939 0.434696 26.3018 0.933333 0.614398 0.9 0.589049 
1.02936 0.44117 23.9695 0.938701 0.61078 0.925 0.589049 
1.02934 0.448015 21.6372 0.94438 0.606959 0.95 0.589049 
1.02932 0.455229 19.3048 0.950368 0.602936 0.975 0.589049 
1.02931 0.462813 16.9725 0.956666 0.598711 1 0.589049 

ZONE I=5, J=5
1.02939 0.434696 26.346 0.933333 0.614398 0.9 0.589049 
1.02936 0.44117 23.9933 0.938701 0.61078 0.925 0.589049 
1.02934 0.448015 21.6407 0.94438 0.606959 0.95 0.589049 
1.02932 0.455229 19.288 0.950368 0.602936 0.975 0.589049 
1.02931 0.462813 16.9353 0.956666 0.598711 1 0.589049 
1.04357 0.43473 26.4004 0.94633 0.618449 0.9 0.59723 
1.04354 0.441197 24.0477 0.951664 0.614792 0.925 0.59723 
1.04352 0.448033 21.695 0.957305 0.610932 0.95 0.59723 
1.04351 0.455238 19.3424 0.963255 0.606867 0.975 0.59723 
1.0435 0.462813 16.9897 0.969513 0.602599 1 0.59723 
1.05774 0.434764 26.4548 0.959454 0.622324 0.9 0.605411 
1.05772 0.441223 24.1021 0.964751 0.618629 0.925 0.605411 
1.0577 0.44805 21.7494 0.970355 0.614727 0.95 0.605411 
1.05769 0.455247 19.3968 0.976264 0.61062 0.975 0.605411 
1.05768 0.462813 17.0441 0.98248 0.606307 1 0.605411 
1.07192 0.434798 26.5091 0.972704 0.626024 0.9 0.613592 
1.07189 0.441249 24.1565 0.977963 0.622289 0.925 0.613592 
1.07187 0.448068 21.8038 0.983527 0.618346 0.95 0.613592 
1.07186 0.455256 19.4511 0.989395 0.614194 0.975 0.613592 
1.07185 0.462812 17.0985 0.995566 0.609834 1 0.613592 
1.0861 0.434833 26.5635 0.986079 0.629548 0.9 0.621774 
1.08607 0.441276 24.2108 0.9913 0.625773 0.925 0.621774 
1.08604 0.448087 21.8582 0.996823 0.621787 0.95 0.621774 
1.08603 0.455266 19.5055 1.00265 0.61759 0.975 0.621774 
1.08601 0.462813 17.1528 1.00877 0.613182 1 0.621774 

ZONE I=5, J=5
1.0861 0.434833 26.6104 0.986079 0.629548 0.9 0.621774 
1.08607 0.441276 24.2362 0.9913 0.625773 0.925 0.621774 
1.08604 0.448087 21.8619 0.996823 0.621787 0.95 0.621774 
1.08603 0.455266 19.4877 1.00265 0.61759 0.975 0.621774 
1.08601 0.462813 17.1134 1.00877 0.613182 1 0.621774 
1.10025 0.434869 26.6681 0.999567 0.63288 0.9 0.629955 
1.10023 0.441304 24.2939 1.00475 0.629069 0.925 0.629955 
1.10021 0.448106 21.9196 1.01024 0.625045 0.95 0.629955 
1.10019 0.455276 19.5453 1.01602 0.620809 0.975 0.629955 
1.10018 0.462813 17.1711 1.0221 0.616359 1 0.629955 
1.11441 0.434904 26.7258 1.01317 0.636031 0.9 0.638136 
1.11439 0.441331 24.3515 1.01832 0.632182 0.925 0.638136 
1.11437 0.448124 21.9773 1.02376 0.628119 0.95 0.638136 
1.11435 0.455285 19.603 1.02951 0.623842 0.975 0.638136 
1.11434 0.462813 17.2288 1.03555 0.61935 1 0.638136 
1.12856 0.43494 26.7835 1.02689 0.638998 0.9 0.646317 
1.12854 0.441358 24.4092 1.032 0.635112 0.925 0.646317 
1.12852 0.448143 22.035 1.03741 0.631009 0.95 0.646317 
1.1285 0.455294 19.6607 1.0431 0.626689 0.975 0.646317 
1.12849 0.462812 17.2865 1.0491 0.622152 1 0.646317 
1.14272 0.434976 26.8412 1.04073 0.641783 0.9 0.654498 
1.14269 0.441386 24.4669 1.0458 0.637858 0.925 0.654498 
1.14267 0.448162 22.0927 1.05116 0.633714 0.95 0.654498 
1.14265 0.455304 19.7184 1.05682 0.629351 0.975 0.654498 
1.14263 0.462813 17.3442 1.06276 0.624767 1 0.654498 

ZONE I=5, J=5
1.14272 0.434976 26.8909 1.04073 0.641783 0.9 0.654498 
1.14269 0.441386 24.4938 1.0458 0.637858 0.925 0.654498 
1.14267 0.448162 22.0966 1.05116 0.633714 0.95 0.654498 
1.14265 0.455304 19.6995 1.05682 0.629351 0.975 0.654498 
1.14263 0.462813 17.3024 1.06276 0.624767 1 0.654498 
1.15686 0.435014 26.952 1.05468 0.64437 0.9 0.66268 
1.15683 0.441415 24.5549 1.05971 0.64041 0.925 0.66268 
1.15681 0.448182 22.1577 1.06503 0.63623 0.95 0.66268 
1.15679 0.455315 19.7606 1.07064 0.631829 0.975 0.66268 
1.15678 0.462813 17.3634 1.07654 0.627206 1 0.66268 
1.17099 0.43505 27.0131 1.06873 0.646767 0.9 0.670861 
1.17096 0.441443 24.6159 1.07372 0.642772 0.925 0.670861 
1.17094 0.448201 22.2188 1.079 0.638555 0.95 0.670861 
1.17093 0.455324 19.8216 1.08457 0.634115 0.975 0.670861 
1.17092 0.462813 17.4245 1.09043 0.629451 1 0.670861 
1.18512 0.435087 27.0741 1.08289 0.648975 0.9 0.679042 
1.18509 0.441471 24.677 1.08784 0.644944 0.925 0.679042 
1.18507 0.44822 22.2799 1.09308 0.640689 0.95 0.679042 
1.18505 0.455334 19.8827 1.0986 0.636208 0.975 0.679042 
1.18504 0.462812 17.4856 1.10441 0.631502 1 0.679042 
1.19925 0.435125 27.1352 1.09715 0.650993 0.9 0.687223 
1.19922 0.441501 24.7381 1.10206 0.646926 0.925 0.687223 
1.1992 0.44824 22.3409 1.10726 0.642631 0.95 0.687223 
1.19918 0.455344 19.9438 1.11273 0.638108 0.975 0.687223 
1.19916 0.462813 17.5466 1.1185 0.633358 1 0.687223 

ZONE I=5, J=5
1.19925 0.435125 27.1878 1.09715 0.650993 0.9 0.687223 
1.19922 0.441501 24.7665 1.10206 0.646926 0.925 0.687223 
1.1992 0.44824 22.3451 1.10726 0.642631 0.95 0.687223 
1.19918 0.455344 19.9238 1.11273 0.638108 0.975 0.687223 
1.19916 0.462813 17.5024 1.1185 0.633358 1 0.687223 
1.21337 0.435164 27.2523 1.11151 0.652807 0.9 0.695405 
1.21334 0.441531 24.831 1.11639 0.648707 0.925 0.695405 
1.21332 0.448261 22.4096 1.12154 0.644378 0.95 0.695405 
1.2133 0.455355 19.9883 1.12697 0.639819 0.975 0.695405 
1.21329 0.462813 17.567 1.13269 0.635032 1 0.695405 
1.22747 0.435202 27.3168 1.12598 0.654425 0.9 0.703586 
1.22745 0.44156 24.8955 1.13081 0.650291 0.925 0.703586 
1.22743 0.448281 22.4742 1.13592 0.645927 0.95 0.703586 
1.22741 0.455365 20.0528 1.14131 0.641331 0.975 0.703586 
1.2274 0.462813 17.6315 1.14698 0.636505 1 0.703586 
1.24158 0.435241 27.3814 1.14053 0.655848 0.9 0.711767 
1.24155 0.441589 24.96 1.14532 0.65168 0.925 0.711767 
1.24153 0.448301 22.5387 1.15039 0.647279 0.95 0.711767 
1.24151 0.455375 20.1173 1.15574 0.642645 0.975 0.711767 
1.2415 0.462812 17.696 1.16136 0.637777 1 0.711767 
1.25569 0.43528 27.4459 1.15519 0.657075 0.9 0.719948 
1.25566 0.44162 25.0245 1.15994 0.652872 0.925 0.719948 
1.25563 0.448322 22.6032 1.16496 0.648433 0.95 0.719948 
1.25561 0.455386 20.1819 1.17026 0.643759 0.975 0.719948 
1.25559 0.462813 17.7605 1.17583 0.63885 1 0.719948 

ZONE I=5, J=5
1.25569 0.43528 27.5014 1.15519 0.657075 0.9 0.719948 
1.25566 0.44162 25.0545 1.15994 0.652872 0.925 0.719948 
1.25563 0.448322 22.6076 1.16496 0.648433 0.95 0.719948 
1.25561 0.455386 20.1607 1.17026 0.643759 0.975 0.719948 
1.25559 0.462813 17.7139 1.17583 0.63885 1 0.719948 
1.26977 0.43532 27.5694 1.16993 0.658091 0.9 0.72813 
1.26975 0.441651 25.1225 1.17464 0.653856 0.925 0.72813 
1.26972 0.448343 22.6757 1.17962 0.649385 0.95 0.72813 
1.2697 0.455397 20.2288 1.18487 0.644678 0.975 0.72813 
1.26969 0.462813 17.7819 1.1904 0.639733 1 0.72813 
1.28386 0.43536 27.6375 1.18477 0.658905 0.9 0.736311 
1.28383 0.441681 25.1906 1.18943 0.654639 0.925 0.736311 
1.28381 0.448364 22.7437 1.19437 0.650134 0.95 0.736311 
1.28379 0.455408 20.2968 1.19957 0.645392 0.975 0.736311 
1.28378 0.462813 17.8499 1.20505 0.64041 1 0.736311 
1.29794 0.435399 27.7055 1.19969 0.659518 0.9 0.744492 
1.29791 0.441712 25.2586 1.20431 0.655219 0.925 0.744492 
1.29788 0.448384 22.8117 1.2092 0.65068 0.95 0.744492 
1.29786 0.455418 20.3649 1.21436 0.645901 0.975 0.744492 
1.29785 0.462812 17.918 1.21979 0.640881 1 0.744492 
1.31202 0.43544 27.7735 1.2147 0.659929 0.9 0.752673 
1.31198 0.441743 25.3267 1.21927 0.655597 0.925 0.752673 
1.31196 0.448406 22.8798 1.22412 0.651023 0.95 0.752673 
1.31193 0.455429 20.4329 1.22923 0.646205 0.975 0.752673 
1.31192 0.462813 17.986 1.23461 0.641145 1 0.752673 

ZONE I=5, J=5
1.31202 0.43544 27.832 1.2147 0.659929 0.9 0.752673 
1.31198 0.441743 25.3582 1.21927 0.655597 0.925 0.752673 
1.31196 0.448406 22.8844 1.22412 0.651023 0.95 0.752673 
1.31193 0.455429 20.4107 1.22923 0.646205 0.975 0.752673 
1.31192 0.462813 17.9369 1.23461 0.641145 1 0.752673 
1.32608 0.435482 27.9037 1.22978 0.660124 0.9 0.760855 
1.32605 0.441775 25.4299 1.23432 0.655763 0.925 0.760855 
1.32602 0.448428 22.9561 1.23912 0.651158 0.95 0.760855 
1.326 0.455441 20.4823 1.24418 0.646309 0.975 0.760855 
1.32599 0.462813 18.0085 1.24951 0.641216 1 0.760855 
1.34013 0.435522 27.9753 1.24494 0.660111 0.9 0.769036 
1.3401 0.441806 25.5015 1.24944 0.65572 0.925 0.769036 
1.34008 0.448449 23.0277 1.25419 0.651084 0.95 0.769036 
1.34006 0.455452 20.5539 1.25921 0.646202 0.975 0.769036 
1.34005 0.462813 18.0801 1.2645 0.641074 1 0.769036 
1.35418 0.435563 28.0469 1.26018 0.659892 0.9 0.777217 
1.35415 0.441838 25.5731 1.26464 0.65547 0.925 0.777217 
1.35413 0.448471 23.0993 1.26935 0.650801 0.95 0.777217 
1.35411 0.455462 20.6256 1.27432 0.645885 0.975 0.777217 
1.35409 0.462812 18.1518 1.27955 0.640721 1 0.777217 
1.36823 0.435606 28.1186 1.27551 0.659466 0.9 0.785398 
1.3682 0.44187 25.6448 1.27991 0.655013 0.925 0.785398 
1.36817 0.448493 23.171 1.28457 0.65031 0.95 0.785398 
1.36815 0.455474 20.6972 1.28949 0.645358 0.975 0.785398 
1.36813 0.462813 18.2234 1.29467 0.640155 1 0.785398 

ZONE I=5, J=5
1.36823 0.435606 28.1801 1.27551 0.659466 0.9 0.785398 
1.3682 0.44187 25.678 1.27991 0.655013 0.925 0.785398 
1.36817 0.448493 23.1759 1.28457 0.65031 0.95 0.785398 
1.36815 0.455474 20.6738 1.28949 0.645358 0.975 0.785398 
1.36813 0.462813 18.1717 1.29467 0.640155 1 0.785398 
1.38226 0.435648 28.2554 1.29089 0.658818 0.9 0.79358 
1.38223 0.441903 25.7533 1.29525 0.654337 0.925 0.79358 
1.38221 0.448516 23.2512 1.29987 0.649606 0.95 0.79358 
1.38219 0.455486 20.7491 1.30475 0.644624 0.975 0.79358 
1.38217 0.462813 18.247 1.30988 0.639391 1 0.79358 
1.39629 0.43569 28.3307 1.30634 0.657958 0.9 0.801761 
1.39626 0.441936 25.8286 1.31067 0.653449 0.925 0.801761 
1.39623 0.448538 23.3265 1.31524 0.648688 0.95 0.801761 
1.39621 0.455497 20.8244 1.32007 0.643675 0.975 0.801761 
1.3962 0.462813 18.3223 1.32515 0.63841 1 0.801761 
1.41031 0.435733 28.406 1.32187 0.656886 0.9 0.809942 
1.41028 0.441968 25.9039 1.32614 0.652348 0.925 0.809942 
1.41025 0.44856 23.4018 1.33067 0.647557 0.95 0.809942 
1.41023 0.455508 20.8997 1.33545 0.642511 0.975 0.809942 
1.41022 0.462812 18.3976 1.34047 0.637211 1 0.809942 
1.42433 0.435776 28.4813 1.33746 0.655602 0.9 0.818123 
1.42429 0.442002 25.9792 1.34169 0.651035 0.925 0.818123 
1.42426 0.448583 23.4771 1.34617 0.646212 0.95 0.818123 
1.42424 0.45552 20.975 1.35089 0.641132 0.975 0.818123 
1.42422 0.462813 18.4729 1.35586 0.635796 1 0.818123 

ZONE I=5, J=5
1.42433 0.435776 28.5458 1.33746 0.655602 0.9 0.818123 
1.42429 0.442002 26.0141 1.34169 0.651035 0.925 0.818123 
1.42426 0.448583 23.4823 1.34617 0.646212 0.95 0.818123 
1.42424 0.45552 20.9505 1.35089 0.641132 0.975 0.818123 
1.42422 0.462813 18.4187 1.35586 0.635796 1 0.818123 
1.43833 0.43582 28.6249 1.3531 0.654091 0.9 0.826305 
1.43829 0.442036 26.0931 1.35729 0.649498 0.925 0.826305 
1.43827 0.448606 23.5613 1.36172 0.644649 0.95 0.826305 
1.43825 0.455532 21.0295 1.3664 0.639542 0.975 0.826305 
1.43823 0.462813 18.4978 1.37133 0.634177 1 0.826305 
1.45232 0.435863 28.704 1.36881 0.652364 0.9 0.834486 
1.45229 0.442069 26.1722 1.37295 0.647745 0.925 0.834486 
1.45226 0.448629 23.6404 1.37734 0.642868 0.95 0.834486 
1.45224 0.455543 21.1086 1.38197 0.637732 0.975 0.834486 
1.45223 0.462813 18.5768 1.38684 0.632337 1 0.834486 
1.46631 0.435907 28.783 1.38457 0.65042 0.9 0.842667 
1.46628 0.442102 26.2513 1.38867 0.645774 0.925 0.842667 
1.46625 0.448651 23.7195 1.393 0.640868 0.95 0.842667 
1.46623 0.455555 21.1877 1.39758 0.635702 0.975 0.842667 
1.46621 0.462812 18.6559 1.4024 0.630276 1 0.842667 
1.48029 0.435951 28.8621 1.40039 0.64826 0.9 0.850848 
1.48026 0.442137 26.3303 1.40444 0.643587 0.925 0.850848 
1.48023 0.448675 23.7985 1.40873 0.638651 0.95 0.850848 
1.4802 0.455567 21.2667 1.41325 0.633453 0.975 0.850848 
1.48018 0.462813 18.735 1.41802 0.627993 1 0.850848 

ZONE I=5, J=5
1.48029 0.435951 28.9297 1.40039 0.64826 0.9 0.850848 
1.48026 0.442137 26.3668 1.40444 0.643587 0.925 0.850848 
1.48023 0.448675 23.8039 1.40873 0.638651 0.95 0.850848 
1.4802 0.455567 21.2411 1.41325 0.633453 0.975 0.850848 
1.48018 0.462813 18.6782 1.41802 0.627993 1 0.850848 
1.49426 0.435996 29.0126 1.41625 0.645869 0.9 0.859029 
1.49423 0.442171 26.4497 1.42026 0.641172 0.925 0.859029 
1.4942 0.448699 23.8868 1.4245 0.636212 0.95 0.859029 
1.49418 0.45558 21.324 1.42898 0.630988 0.975 0.859029 
1.49416 0.462813 18.7611 1.43369 0.625502 1 0.859029 
1.50822 0.436041 29.0955 1.43215 0.643257 0.9 0.86721 
1.50818 0.442206 26.5326 1.43612 0.638536 0.925 0.86721 
1.50816 0.448722 23.9698 1.44032 0.63355 0.95 0.86721 
1.50814 0.455591 21.4069 1.44474 0.6283 0.975 0.86721 
1.50813 0.462813 18.844 1.44941 0.622786 1 0.86721 
1.52217 0.436085 29.1784 1.44811 0.640425 0.9 0.875391 
1.52214 0.44224 26.6155 1.45203 0.635679 0.925 0.875391 
1.52211 0.448746 24.0527 1.45618 0.630667 0.95 0.875391 
1.52209 0.455603 21.4898 1.46056 0.625388 0.975 0.875391 
1.52208 0.462812 18.9269 1.46516 0.619844 1 0.875391 
1.53612 0.436131 29.2613 1.46412 0.637372 0.9 0.883573 
1.53609 0.442275 26.6985 1.46799 0.6326 0.925 0.883573 
1.53606 0.44877 24.1356 1.47208 0.62756 0.95 0.883573 
1.53603 0.455616 21.5727 1.47641 0.622253 0.975 0.883573 
1.53601 0.462813 19.0098 1.48096 0.616677 1 0.883573 

ZONE I=5, J=5
1.53612 0.436131 29.3318 1.46412 0.637372 0.9 0.883573 
1.53609 0.442275 26.7365 1.46799 0.6326 0.925 0.883573 
1.53606 0.44877 24.1412 1.47208 0.62756 0.95 0.883573 
1.53603 0.455616 21.546 1.47641 0.622253 0.975 0.883573 
1.53601 0.462813 18.9507 1.48096 0.616677 1 0.883573 
1.55005 0.436177 29.4186 1.48015 0.634085 0.9 0.891754 
1.55002 0.442311 26.8234 1.48398 0.629291 0.925 0.891754 
1.54999 0.448795 24.2281 1.48803 0.624229 0.95 0.891754 
1.54997 0.455629 21.6328 1.4923 0.618898 0.975 0.891754 
1.54996 0.462813 19.0375 1.49681 0.613298 1 0.891754 
1.56397 0.436223 29.5055 1.49622 0.630573 0.9 0.899935 
1.56394 0.442346 26.9102 1.5 0.625757 0.925 0.899935 
1.56392 0.448818 24.3149 1.50401 0.620671 0.95 0.899935 
1.5639 0.455641 21.7197 1.50823 0.615316 0.975 0.899935 
1.56388 0.462813 19.1244 1.51268 0.60969 1 0.899935 
1.57789 0.436269 29.5924 1.51233 0.626838 0.9 0.908116 
1.57786 0.442381 26.9971 1.51606 0.621999 0.925 0.908116 
1.57783 0.448842 24.4018 1.52002 0.616888 0.95 0.908116 
1.57781 0.455652 21.8065 1.52419 0.611506 0.975 0.908116 
1.57779 0.462812 19.2113 1.52859 0.605853 1 0.908116 
1.59181 0.436315 29.6792 1.52848 0.622878 0.9 0.916298 
1.59177 0.442417 27.0839 1.53216 0.618015 0.925 0.916298 
1.59174 0.448867 24.4887 1.53606 0.612879 0.95 0.916298 
1.59171 0.455666 21.8934 1.54018 0.60747 0.975 0.916298 
1.59169 0.462813 19.2981 1.54452 0.601788 1 0.916298 

ZONE I=5, J=5
1.59181 0.436315 29.7517 1.52848 0.622878 0.9 0.916298 
1.59177 0.442417 27.1231 1.53216 0.618015 0.925 0.916298 
1.59174 0.448867 24.4945 1.53606 0.612879 0.95 0.916298 
1.59171 0.455666 21.8659 1.54018 0.60747 0.975 0.916298 
1.59169 0.462813 19.2373 1.54452 0.601788 1 0.916298 
1.6057 0.436363 29.8427 1.54464 0.61868 0.9 0.924479 
1.60566 0.442454 27.214 1.54828 0.613798 0.925 0.924479 
1.60564 0.448892 24.5854 1.55214 0.608641 0.95 0.924479 
1.60562 0.455679 21.9568 1.55621 0.603211 0.975 0.924479 
1.6056 0.462813 19.3282 1.56049 0.597507 1 0.924479 
1.61958 0.436409 29.9336 1.56083 0.614255 0.9 0.93266 
1.61955 0.442489 27.305 1.56442 0.609352 0.925 0.93266 
1.61952 0.448917 24.6763 1.56823 0.604175 0.95 0.93266 
1.6195 0.455691 22.0477 1.57225 0.598722 0.975 0.93266 
1.61949 0.462813 19.4191 1.57648 0.592995 1 0.93266 
1.63346 0.436456 30.0245 1.57704 0.609603 0.9 0.940841 
1.63342 0.442525 27.3959 1.58059 0.604679 0.925 0.940841 
1.6334 0.448941 24.7673 1.58435 0.599479 0.95 0.940841 
1.63338 0.455703 22.1386 1.58832 0.594003 0.975 0.940841 
1.63336 0.462812 19.51 1.59249 0.58825 1 0.940841 
1.64733 0.436504 30.1154 1.59328 0.604723 0.9 0.949023 
1.6473 0.442562 27.4868 1.59678 0.599778 0.925 0.949023 
1.64727 0.448967 24.8582 1.60049 0.594554 0.95 0.949023 
1.64724 0.455717 22.2296 1.6044 0.589053 0.975 0.949023 
1.64722 0.462813 19.6009 1.60852 0.583275 1 0.949023 

ZONE I=5, J=5
1.64733 0.436504 30.1878 1.59328 0.604723 0.9 0.949023 
1.6473 0.442562 27.5259 1.59678 0.599778 0.925 0.949023 
1.64727 0.448967 24.864 1.60049 0.594554 0.95 0.949023 
1.64724 0.455717 22.2022 1.6044 0.589053 0.975 0.949023 
1.64722 0.462813 19.5403 1.60852 0.583275 1 0.949023 
1.66118 0.436553 30.2829 1.60953 0.599603 0.9 0.957204 
1.66115 0.4426 27.621 1.61298 0.59464 0.925 0.957204 
1.66112 0.448993 24.9592 1.61664 0.589399 0.95 0.957204 
1.6611 0.45573 22.2973 1.62051 0.583879 0.975 0.957204 
1.66109 0.462813 19.6354 1.62457 0.57808 1 0.957204 
1.67502 0.4366 30.378 1.62579 0.594253 0.9 0.965385 
1.67499 0.442637 27.7161 1.6292 0.589272 0.925 0.965385 
1.67497 0.449018 25.0543 1.63281 0.584011 0.95 0.965385 
1.67495 0.455743 22.3924 1.63662 0.578471 0.975 0.965385 
1.67494 0.462813 19.7305 1.64064 0.572652 1 0.965385 
1.68886 0.436648 30.4731 1.64206 0.588673 0.9 0.973566 
1.68883 0.442674 27.8113 1.64542 0.583672 0.925 0.973566 
1.6888 0.449043 25.1494 1.64898 0.578392 0.95 0.973566 
1.68878 0.455756 22.4875 1.65275 0.572832 0.975 0.973566 
1.68877 0.462812 19.8256 1.6567 0.566991 1 0.973566 
1.70269 0.436696 30.5683 1.65835 0.582862 0.9 0.981748 
1.70265 0.442712 27.9064 1.66166 0.577842 0.925 0.981748 
1.70263 0.44907 25.2445 1.66517 0.572541 0.95 0.981748 
1.70261 0.45577 22.5826 1.66888 0.566959 0.975 0.981748 
1.70259 0.462813 19.9207 1.67278 0.561096 1 0.981748 

ZONE I=5, J=5
1.70269 0.436696 30.6338 1.65835 0.582862 0.9 0.981748 
1.70265 0.442712 27.9419 1.66166 0.577842 0.925 0.981748 
1.70263 0.44907 25.2499 1.66517 0.572541 0.95 0.981748 
1.70261 0.45577 22.558 1.66888 0.566959 0.975 0.981748 
1.70259 0.462813 19.866 1.67278 0.561096 1 0.981748 
1.71649 0.436747 30.7333 1.67463 0.57681 0.9 0.989929 
1.71646 0.44275 28.0414 1.6779 0.571775 0.925 0.989929 
1.71644 0.449096 25.3494 1.68137 0.566458 0.95 0.989929 
1.71643 0.455784 22.6575 1.68502 0.560859 0.975 0.989929 
1.71642 0.462813 19.9655 1.68887 0.554978 1 0.989929 
1.73029 0.436795 30.8328 1.69091 0.570525 0.9 0.99811 
1.73026 0.442788 28.1409 1.69414 0.565474 0.925 0.99811 
1.73024 0.449122 25.4489 1.69756 0.560141 0.95 0.99811 
1.73023 0.455797 22.757 1.70116 0.554525 0.975 0.99811 
1.73023 0.462813 20.065 1.70496 0.548627 1 0.99811 
1.74407 0.436844 30.9323 1.70719 0.564007 0.9 1.00629 
1.74405 0.442826 28.2404 1.71038 0.55894 0.925 1.00629 
1.74403 0.449149 25.5484 1.71374 0.55359 0.95 1.00629 
1.74402 0.455811 22.8565 1.7173 0.547957 0.975 1.00629 
1.74402 0.462812 20.1645 1.72105 0.542042 1 1.00629 
1.75785 0.436892 31.0318 1.72347 0.557256 0.9 1.01447 
1.75782 0.442866 28.3399 1.72661 0.552172 0.925 1.01447 
1.75781 0.449177 25.6479 1.72993 0.546806 0.95 1.01447 
1.7578 0.455826 22.956 1.73344 0.541156 0.975 1.01447 
1.75781 0.462813 20.264 1.73713 0.535224 1 1.01447 

ZONE I=5, J=5
1.75785 0.436892 31.0709 1.72347 0.557256 0.9 1.01447 
1.75782 0.442866 28.3612 1.72661 0.552172 0.925 1.01447 
1.75781 0.449177 25.6514 1.72993 0.546806 0.95 1.01447 
1.7578 0.455826 22.9417 1.73344 0.541156 0.975 1.01447 
1.75781 0.462813 20.232 1.73713 0.535224 1 1.01447 
1.77161 0.436946 31.1753 1.73976 0.550259 0.9 1.02266 
1.7716 0.442907 28.4655 1.74285 0.545162 0.925 1.02266 
1.77159 0.449205 25.7558 1.74612 0.539782 0.95 1.02266 
1.77159 0.45584 23.0461 1.74958 0.534119 0.975 1.02266 
1.7716 0.462813 20.3363 1.75322 0.528171 1 1.02266 
1.78536 0.436996 31.2796 1.75602 0.543026 0.9 1.03084 
1.78535 0.442946 28.5699 1.75907 0.537917 0.925 1.03084 
1.78535 0.449233 25.8601 1.7623 0.532525 0.95 1.03084 
1.78536 0.455855 23.1504 1.76571 0.526849 0.975 1.03084 
1.78537 0.462813 20.4407 1.7693 0.520889 1 1.03084 
1.79908 0.437044 31.384 1.77225 0.535558 0.9 1.03902 
1.79908 0.442987 28.6742 1.77527 0.530437 0.925 1.03902 
1.79909 0.449262 25.9645 1.77846 0.525033 0.95 1.03902 
1.79911 0.455871 23.2548 1.78183 0.519347 0.975 1.03902 
1.79914 0.462812 20.545 1.78537 0.513379 1 1.03902 
1.81279 0.437093 31.4883 1.78847 0.527856 0.9 1.0472 
1.8128 0.44303 28.7786 1.79145 0.522721 0.925 1.0472 
1.81282 0.449295 26.0688 1.7946 0.517306 0.95 1.0472 
1.81286 0.45589 23.3591 1.79793 0.511612 0.975 1.0472 
1.8129 0.462813 20.6494 1.80143 0.505639 1 1.0472 

ZONE I=5, J=5
1.81279 0.437093 31.4439 1.78847 0.527856 0.9 1.0472 
1.8128 0.44303 28.7549 1.79145 0.522721 0.925 1.0472 
1.81282 0.449295 26.0659 1.7946 0.517306 0.95 1.0472 
1.81286 0.45589 23.3769 1.79793 0.511612 0.975 1.0472 
1.8129 0.462813 20.6879 1.80143 0.505639 1 1.0472 
1.82649 0.437151 31.5541 1.80468 0.519914 0.9 1.05538 
1.82652 0.443073 28.8651 1.80762 0.514772 0.925 1.05538 
1.82655 0.449324 26.1761 1.81073 0.509348 0.95 1.05538 
1.82659 0.455904 23.4872 1.81401 0.503643 0.975 1.05538 
1.82664 0.462813 20.7982 1.81746 0.497657 1 1.05538 
1.84016 0.437204 31.6643 1.82084 0.511728 0.9 1.06356 
1.8402 0.443117 28.9753 1.82375 0.506578 0.925 1.06356 
1.84025 0.449356 26.2864 1.82683 0.50115 0.95 1.06356 
1.84032 0.455922 23.5974 1.83007 0.495441 0.975 1.06356 
1.84039 0.462813 20.9084 1.83348 0.489454 1 1.06356 
1.85379 0.437252 31.7746 1.83696 0.503297 0.9 1.07174 
1.85386 0.443163 29.0856 1.83985 0.498141 0.925 1.07174 
1.85395 0.449393 26.3966 1.84291 0.492711 0.95 1.07174 
1.85404 0.455943 23.7076 1.84613 0.487006 0.975 1.07174 
1.85415 0.462812 21.0186 1.84951 0.481028 1 1.07174 
1.86738 0.437298 31.8848 1.85303 0.494621 0.9 1.07992 
1.8675 0.443212 29.1958 1.85591 0.489459 0.925 1.07992 
1.86763 0.449435 26.5068 1.85896 0.484032 0.95 1.07992 
1.86777 0.455969 23.8178 1.86217 0.478338 0.975 1.07992 
1.86794 0.462813 21.1288 1.86554 0.472379 1 1.07992 

ZONE I=5, J=5
1.86738 0.437298 31.599 1.85303 0.494621 0.9 1.07992 
1.8675 0.443212 29.0424 1.85591 0.489459 0.925 1.07992 
1.86763 0.449435 26.4858 1.85896 0.484032 0.95 1.07992 
1.86777 0.455969 23.9292 1.86217 0.478338 0.975 1.07992 
1.86794 0.462813 21.3725 1.86554 0.472379 1 1.07992 
1.88102 0.437364 31.7169 1.86911 0.485718 0.9 1.0881 
1.88115 0.443263 29.1603 1.87197 0.480558 0.925 1.0881 
1.88131 0.44947 26.6037 1.87499 0.475129 0.95 1.0881 
1.88147 0.455987 24.047 1.87816 0.469434 0.975 1.0881 
1.88165 0.462812 21.4904 1.88148 0.46347 1 1.0881 
1.89457 0.437416 31.8348 1.8851 0.476555 0.9 1.09628 
1.89476 0.443311 29.2782 1.88797 0.4714 0.925 1.09628 
1.89497 0.449508 26.7216 1.89098 0.465981 0.95 1.09628 
1.89518 0.456009 24.1649 1.89415 0.460299 0.975 1.09628 
1.89541 0.462813 21.6083 1.89746 0.454352 1 1.09628 
1.90804 0.437457 31.9527 1.90099 0.467132 0.9 1.10446 
1.90832 0.443358 29.3961 1.90389 0.461987 0.925 1.10446 
1.90861 0.449551 26.8395 1.90694 0.456587 0.95 1.10446 
1.90892 0.456036 24.2828 1.91013 0.450934 0.975 1.10446 
1.90924 0.462813 21.7262 1.91347 0.445026 1 1.10446 
1.92143 0.43749 32.0706 1.91678 0.457449 0.9 1.11265 
1.92183 0.443407 29.514 1.91975 0.452318 0.925 1.11265 
1.92224 0.449599 26.9573 1.92286 0.446947 0.95 1.11265 
1.92268 0.456068 24.4007 1.92611 0.441339 0.975 1.11265 
1.92313 0.462813 21.8441 1.9295 0.435492 1 1.11265 

ZONE I=5, J=5
1.92143 0.43749 31.223 1.91678 0.457449 0.9 1.11265 
1.92183 0.443407 29.0734 1.91975 0.452318 0.925 1.11265 
1.92224 0.449599 26.9239 1.92286 0.446947 0.95 1.11265 
1.92268 0.456068 24.7743 1.92611 0.441339 0.975 1.11265 
1.92313 0.462813 22.6248 1.9295 0.435492 1 1.11265 
1.93486 0.437555 31.3158 1.93258 0.447538 0.9 1.12083 
1.93538 0.44348 29.1663 1.93562 0.442429 0.925 1.12083 
1.9359 0.449665 27.0167 1.93878 0.437085 0.95 1.12083 
1.93642 0.45611 24.8671 1.94205 0.431507 0.975 1.12083 
1.93693 0.462813 22.7176 1.94543 0.425694 1 1.12083 
1.94816 0.43751 31.4086 1.94818 0.437441 0.9 1.12901 
1.94881 0.443444 29.2591 1.9513 0.432355 0.925 1.12901 
1.94945 0.449639 27.1095 1.95453 0.427027 0.95 1.12901 
1.95008 0.456095 24.96 1.95785 0.421459 0.975 1.12901 
1.95069 0.462813 22.8104 1.96128 0.415651 1 1.12901 
1.96132 0.43736 31.5014 1.96357 0.427158 0.9 1.13719 
1.96211 0.443302 29.3519 1.96678 0.422094 0.925 1.13719 
1.96288 0.449525 27.2023 1.9701 0.416773 0.95 1.13719 
1.96365 0.456028 25.0528 1.97353 0.411195 0.975 1.13719 
1.96442 0.462812 22.9032 1.97707 0.405361 1 1.13719 
1.97436 0.437108 31.5943 1.97877 0.416689 0.9 1.14537 
1.97527 0.443058 29.4447 1.98206 0.411647 0.925 1.14537 
1.9762 0.449326 27.2951 1.98549 0.406323 0.95 1.14537 
1.97715 0.455911 25.1456 1.98907 0.400715 0.975 1.14537 
1.97811 0.462813 22.996 1.99279 0.394824 1 1.14537 

ZONE I=5, J=5
1.97436 0.437108 30.3848 1.97877 0.416689 0.9 1.14537 
1.97527 0.443058 28.7622 1.98206 0.411647 0.925 1.14537 
1.9762 0.449326 27.1395 1.98549 0.406323 0.95 1.14537 
1.97715 0.455911 25.5169 1.98907 0.400715 0.975 1.14537 
1.97811 0.462813 23.8942 1.99279 0.394824 1 1.14537 
1.98748 0.436484 30.5037 1.99385 0.406381 0.9 1.15355 
1.98839 0.442454 28.8811 1.99711 0.401293 0.925 1.15355 
1.98933 0.448719 27.2584 2.00051 0.395946 0.95 1.15355 
1.9903 0.45528 25.6358 2.00405 0.390341 0.975 1.15355 
1.9913 0.462136 24.0131 2.00774 0.384477 1 1.15355 
2.00044 0.435446 30.6226 2.00859 0.396163 0.9 1.16173 
2.0014 0.441414 29 2.01185 0.39107 0.925 1.16173 
2.00241 0.447662 27.3773 2.01525 0.385737 0.95 1.16173 
2.00345 0.454189 25.7547 2.01881 0.380164 0.975 1.16173 
2.00454 0.460995 24.132 2.02251 0.374352 1 1.16173 
2.01322 0.433998 30.7416 2.02297 0.386033 0.9 1.16991 
2.01429 0.439942 29.1189 2.02627 0.380978 0.925 1.16991 
2.01542 0.446155 27.4963 2.02973 0.375695 0.95 1.16991 
2.01659 0.452637 25.8736 2.03334 0.370185 0.975 1.16991 
2.01782 0.459388 24.251 2.03711 0.364448 1 1.16991 
2.02583 0.432146 30.8605 2.037 0.375993 0.9 1.1781 
2.02706 0.438043 29.2378 2.04039 0.371017 0.925 1.1781 
2.02835 0.444203 27.6152 2.04394 0.36582 0.95 1.1781 
2.02971 0.450628 25.9925 2.04765 0.360403 0.975 1.1781 
2.03112 0.457316 24.3699 2.05152 0.354766 1 1.1781 

ZONE I=5, J=5
2.02583 0.432146 30.3359 2.037 0.375993 0.9 1.1781 
2.02706 0.438043 28.9573 2.04039 0.371017 0.925 1.1781 
2.02835 0.444203 27.5787 2.04394 0.36582 0.95 1.1781 
2.02971 0.450628 26.2001 2.04765 0.360403 0.975 1.1781 
2.03112 0.457316 24.8216 2.05152 0.354766 1 1.1781 
2.03843 0.429817 30.4563 2.05082 0.366207 0.9 1.18628 
2.03979 0.435695 29.0777 2.05428 0.361266 0.925 1.18628 
2.04121 0.44182 27.6991 2.05789 0.356121 0.95 1.18628 
2.0427 0.448192 26.3206 2.06166 0.350772 0.975 1.18628 
2.04425 0.454811 24.942 2.06558 0.345219 1 1.18628 
2.0509 0.427087 30.5767 2.06433 0.356539 0.9 1.19446 
2.0524 0.43293 29.1981 2.06787 0.351655 0.925 1.19446 
2.05396 0.439009 27.8196 2.07156 0.346578 0.95 1.19446 
2.0556 0.445323 26.441 2.07541 0.341307 0.975 1.19446 
2.05731 0.451872 25.0624 2.0794 0.335844 1 1.19446 
2.06321 0.423962 30.6972 2.07755 0.346988 0.9 1.20264 
2.06487 0.429752 29.3186 2.08118 0.342183 0.925 1.20264 
2.0666 0.435772 27.94 2.08496 0.33719 0.95 1.20264 
2.06841 0.442022 26.5614 2.08889 0.332009 0.975 1.20264 
2.0703 0.448502 25.1828 2.09298 0.326642 1 1.20264 
2.07537 0.420446 30.8176 2.09045 0.337556 0.9 1.21082 
2.07721 0.426165 29.439 2.09419 0.33285 0.925 1.21082 
2.07912 0.432115 28.0604 2.09808 0.327957 0.95 1.21082 
2.08112 0.438294 26.6818 2.10212 0.322878 0.975 1.21082 
2.0832 0.444703 25.3033 2.10633 0.317613 1 1.21082 

ZONE I=5, J=5
2.07537 0.420446 30.6838 2.09045 0.337556 0.9 1.21082 
2.07721 0.426165 29.3666 2.09419 0.33285 0.925 1.21082 
2.07912 0.432115 28.0494 2.09808 0.327957 0.95 1.21082 
2.08112 0.438294 26.7321 2.10212 0.322878 0.975 1.21082 
2.0832 0.444703 25.4149 2.10633 0.317613 1 1.21082 
2.08743 0.416512 30.7999 2.10311 0.328295 0.9 1.219 
2.08942 0.422174 29.4827 2.10693 0.323668 0.925 1.219 
2.09151 0.428057 28.1655 2.11091 0.318863 0.95 1.219 
2.09367 0.434161 26.8483 2.11505 0.31388 0.975 1.219 
2.09593 0.440486 25.5311 2.11935 0.30872 1 1.219 
2.09933 0.4122 30.916 2.11548 0.319149 0.9 1.22718 
2.10149 0.417794 29.5988 2.11939 0.314609 0.925 1.22718 
2.10374 0.423603 28.2816 2.12347 0.309897 0.95 1.22718 
2.10608 0.429626 26.9644 2.1277 0.305015 0.975 1.22718 
2.10851 0.435864 25.6472 2.13209 0.299961 1 1.22718 
2.11107 0.407513 31.0322 2.12756 0.310116 0.9 1.23536 
2.11339 0.413029 29.715 2.13157 0.305672 0.925 1.23536 
2.11581 0.418756 28.3977 2.13574 0.30106 0.95 1.23536 
2.11833 0.424693 27.0805 2.14007 0.296282 0.975 1.23536 
2.12094 0.430841 25.7633 2.14456 0.291337 1 1.23536 
2.12265 0.402456 31.1483 2.13936 0.301198 0.9 1.24355 
2.12513 0.407884 29.8311 2.14346 0.296857 0.925 1.24355 
2.12772 0.413521 28.5139 2.14773 0.292352 0.95 1.24355 
2.13042 0.419367 27.1967 2.15216 0.287683 0.975 1.24355 
2.13322 0.425422 25.8794 2.15675 0.282848 1 1.24355 

ZONE I=5, J=5
2.12265 0.402456 31.158 2.13936 0.301198 0.9 1.24355 
2.12513 0.407884 29.8363 2.14346 0.296857 0.925 1.24355 
2.12772 0.413521 28.5145 2.14773 0.292352 0.95 1.24355 
2.13042 0.419367 27.1928 2.15216 0.287683 0.975 1.24355 
2.13322 0.425422 25.871 2.15675 0.282848 1 1.24355 
2.13404 0.397034 31.2684 2.15087 0.29241 0.9 1.25173 
2.13669 0.402376 29.9466 2.15506 0.288168 0.925 1.25173 
2.13944 0.407921 28.6249 2.15942 0.283768 0.95 1.25173 
2.14231 0.41367 27.3031 2.16394 0.279209 0.975 1.25173 
2.14528 0.419621 25.9814 2.16863 0.27449 1 1.25173 
2.14524 0.391264 31.3787 2.16209 0.283727 0.9 1.25991 
2.14805 0.396514 30.057 2.16637 0.279587 0.925 1.25991 
2.15097 0.401963 28.7352 2.17082 0.275293 0.95 1.25991 
2.154 0.40761 27.4135 2.17543 0.270845 0.975 1.25991 
2.15715 0.413455 26.0917 2.18022 0.266242 1 1.25991 
2.15625 0.385151 31.4891 2.17303 0.27515 0.9 1.26809 
2.15921 0.390303 30.1673 2.17739 0.271114 0.925 1.26809 
2.16229 0.39565 28.8456 2.18192 0.266927 0.95 1.26809 
2.16549 0.401192 27.5238 2.18663 0.262591 0.975 1.26809 
2.16881 0.406928 26.2021 2.1915 0.258104 1 1.26809 
2.16707 0.378698 31.5994 2.18368 0.266679 0.9 1.27627 
2.17017 0.383748 30.2777 2.18812 0.262749 0.925 1.27627 
2.17341 0.388989 28.9559 2.19274 0.258671 0.95 1.27627 
2.17676 0.394422 27.6342 2.19753 0.254447 0.975 1.27627 
2.18025 0.400046 26.3124 2.20249 0.250076 1 1.27627 

ZONE I=5, J=5
2.16707 0.378698 31.6576 2.18368 0.266679 0.9 1.27627 
2.17017 0.383748 30.3091 2.18812 0.262749 0.925 1.27627 
2.17341 0.388989 28.9606 2.19274 0.258671 0.95 1.27627 
2.17676 0.394422 27.6121 2.19753 0.254447 0.975 1.27627 
2.18025 0.400046 26.2636 2.20249 0.250076 1 1.27627 
2.17766 0.371922 31.7607 2.19404 0.258302 0.9 1.28445 
2.18091 0.376866 30.4121 2.19856 0.25448 0.925 1.28445 
2.1843 0.381996 29.0636 2.20326 0.250515 0.95 1.28445 
2.18782 0.387313 27.7151 2.20813 0.246408 0.975 1.28445 
2.19147 0.392816 26.3666 2.21319 0.242159 1 1.28445 
2.18804 0.364829 31.8637 2.20411 0.250014 0.9 1.29263 
2.19144 0.369663 30.5152 2.2087 0.246299 0.925 1.29263 
2.19497 0.374679 29.1667 2.21348 0.242447 0.95 1.29263 
2.19864 0.379877 27.8182 2.21844 0.238456 0.975 1.29263 
2.20245 0.385258 26.4697 2.22358 0.234327 1 1.29263 
2.19819 0.357423 31.9668 2.21389 0.241815 0.9 1.30081 
2.20173 0.362145 30.6183 2.21856 0.238207 0.925 1.30081 
2.20541 0.367044 29.2698 2.22341 0.234466 0.95 1.30081 
2.20922 0.372122 27.9213 2.22845 0.230591 0.975 1.30081 
2.21318 0.377377 26.5727 2.23366 0.226582 1 1.30081 
2.20812 0.349709 32.0698 2.2234 0.233705 0.9 1.309 
2.21179 0.354316 30.7213 2.22813 0.230204 0.925 1.309 
2.21561 0.359096 29.3728 2.23305 0.226574 0.95 1.309 
2.21957 0.36405 28.0243 2.23816 0.222813 0.975 1.309 
2.22367 0.369179 26.6758 2.24345 0.218922 1 1.309 

ZONE I=5, J=5
2.20812 0.349709 32.141 2.2234 0.233705 0.9 1.309 
2.21179 0.354316 30.7598 2.22813 0.230204 0.925 1.309 
2.21561 0.359096 29.3787 2.23305 0.226574 0.95 1.309 
2.21957 0.36405 27.9975 2.23816 0.222813 0.975 1.309 
2.22367 0.369179 26.6163 2.24345 0.218922 1 1.309 
2.2178 0.341718 32.2353 2.23259 0.225672 0.9 1.31718 
2.2216 0.346204 30.8541 2.23739 0.222283 0.925 1.31718 
2.22555 0.350858 29.4729 2.24239 0.218769 0.95 1.31718 
2.22965 0.355682 28.0917 2.24757 0.215128 0.975 1.31718 
2.2339 0.360675 26.7105 2.25294 0.211362 1 1.31718 
2.22722 0.333447 32.3295 2.2415 0.217716 0.9 1.32536 
2.23115 0.33781 30.9483 2.24637 0.214438 0.925 1.32536 
2.23523 0.342337 29.5671 2.25142 0.211038 0.95 1.32536 
2.23947 0.347029 28.1859 2.25667 0.207516 0.975 1.32536 
2.24386 0.351885 26.8047 2.26212 0.203872 1 1.32536 
2.2364 0.324901 32.4237 2.25011 0.209837 0.9 1.33354 
2.24045 0.329139 31.0426 2.25504 0.206668 0.925 1.33354 
2.24465 0.333538 29.6614 2.26016 0.203381 0.95 1.33354 
2.24902 0.338097 28.2802 2.26548 0.199976 0.975 1.33354 
2.25354 0.342816 26.899 2.27099 0.196453 1 1.33354 
2.24532 0.316086 32.518 2.25844 0.202035 0.9 1.34172 
2.24948 0.320199 31.1368 2.26343 0.198973 0.925 1.34172 
2.2538 0.324468 29.7556 2.26861 0.195798 0.95 1.34172 
2.25829 0.328892 28.3744 2.27398 0.192508 0.975 1.34172 
2.26295 0.333472 26.9932 2.27955 0.189105 1 1.34172 

ZONE I=5, J=5
2.24532 0.316086 32.5884 2.25844 0.202035 0.9 1.34172 
2.24948 0.320199 31.1749 2.26343 0.198973 0.925 1.34172 
2.2538 0.324468 29.7613 2.26861 0.195798 0.95 1.34172 
2.25829 0.328892 28.3478 2.27398 0.192508 0.975 1.34172 
2.26295 0.333472 26.9343 2.27955 0.189105 1 1.34172 
2.25396 0.307027 32.6725 2.26647 0.194289 0.9 1.3499 
2.25824 0.311009 31.259 2.27151 0.19134 0.925 1.3499 
2.26268 0.315141 29.8454 2.27675 0.188282 0.95 1.3499 
2.26729 0.319424 28.4319 2.28219 0.185114 0.975 1.3499 
2.27207 0.323858 27.0184 2.28782 0.181835 1 1.3499 
2.26234 0.297722 32.7566 2.27421 0.186604 0.9 1.35808 
2.26672 0.301572 31.3431 2.2793 0.183767 0.925 1.35808 
2.27128 0.305567 29.9295 2.2846 0.180824 0.95 1.35808 
2.27601 0.309707 28.516 2.29009 0.177775 0.975 1.35808 
2.28091 0.313993 27.1025 2.29579 0.17462 1 1.35808 
2.27045 0.288176 32.8407 2.28166 0.17898 0.9 1.36626 
2.27493 0.291893 31.4272 2.2868 0.176252 0.925 1.36626 
2.2796 0.295749 30.0137 2.29215 0.173423 0.95 1.36626 
2.28443 0.299747 28.6001 2.2977 0.170491 0.975 1.36626 
2.28945 0.303885 27.1866 2.30345 0.167458 1 1.36626 
2.27828 0.278395 32.9248 2.28882 0.171417 0.9 1.37445 
2.28286 0.281978 31.5113 2.29401 0.168797 0.925 1.37445 
2.28762 0.285696 30.0978 2.29941 0.166079 0.95 1.37445 
2.29257 0.28955 28.6842 2.30501 0.163264 0.975 1.37445 
2.29769 0.29354 27.2707 2.31081 0.16035 1 1.37445 

ZONE I=5, J=5
2.27828 0.278395 32.989 2.28882 0.171417 0.9 1.37445 
2.28286 0.281978 31.546 2.29401 0.168797 0.925 1.37445 
2.28762 0.285696 30.1031 2.29941 0.166079 0.95 1.37445 
2.29257 0.28955 28.6601 2.30501 0.163264 0.975 1.37445 
2.29769 0.29354 27.2171 2.31081 0.16035 1 1.37445 
2.28581 0.268414 33.0619 2.29567 0.163903 0.9 1.38263 
2.29049 0.271857 31.6189 2.30091 0.161395 0.925 1.38263 
2.29535 0.275431 30.1759 2.30636 0.158794 0.95 1.38263 
2.3004 0.279135 28.7329 2.31201 0.1561 0.975 1.38263 
2.30563 0.28297 27.2899 2.31787 0.153312 1 1.38263 
2.29305 0.258226 33.1347 2.30224 0.156439 0.9 1.39081 
2.29782 0.261529 31.6918 2.30752 0.154043 0.925 1.39081 
2.30278 0.264958 30.2488 2.31301 0.151557 0.95 1.39081 
2.30793 0.268512 28.8058 2.31871 0.148982 0.975 1.39081 
2.31326 0.272191 27.3628 2.32462 0.146317 1 1.39081 
2.3 0.247837 33.2076 2.30851 0.149026 0.9 1.39899 
2.30486 0.251 31.7646 2.31384 0.146739 0.925 1.39899 
2.3099 0.254283 30.3216 2.31937 0.144367 0.95 1.39899 
2.31514 0.257687 28.8787 2.32511 0.141909 0.975 1.39899 
2.32057 0.26121 27.4357 2.33106 0.139366 1 1.39899 
2.30666 0.237253 33.2805 2.3145 0.141664 0.9 1.40717 
2.31159 0.240276 31.8375 2.31986 0.139485 0.925 1.40717 
2.31672 0.243414 30.3945 2.32543 0.137224 0.95 1.40717 
2.32205 0.246667 28.9515 2.33121 0.134882 0.975 1.40717 
2.32756 0.250035 27.5085 2.33721 0.132458 1 1.40717 

ZONE I=5, J=5
2.30666 0.237253 33.3358 2.3145 0.141664 0.9 1.40717 
2.31159 0.240276 31.8674 2.31986 0.139485 0.925 1.40717 
2.31672 0.243414 30.399 2.32543 0.137224 0.95 1.40717 
2.32205 0.246667 28.9306 2.33121 0.134882 0.975 1.40717 
2.32756 0.250035 27.4622 2.33721 0.132458 1 1.40717 
2.313 0.2265 33.3966 2.32018 0.134336 0.9 1.41535 
2.31802 0.229378 31.9282 2.32558 0.132269 0.925 1.41535 
2.32323 0.232365 30.4598 2.33119 0.130124 0.95 1.41535 
2.32864 0.235462 28.9914 2.33701 0.127902 0.975 1.41535 
2.33424 0.238668 27.523 2.34305 0.125603 1 1.41535 
2.31905 0.215573 33.4573 2.32558 0.127045 0.9 1.42353 
2.32413 0.218306 31.9889 2.33101 0.125088 0.925 1.42353 
2.32942 0.221142 30.5205 2.33666 0.123059 0.95 1.42353 
2.33491 0.224082 29.0521 2.34252 0.120956 0.975 1.42353 
2.3406 0.227126 27.5837 2.34859 0.118779 1 1.42353 
2.32478 0.204479 33.518 2.33068 0.119791 0.9 1.43171 
2.32994 0.207066 32.0496 2.33615 0.117944 0.925 1.43171 
2.3353 0.209751 30.5812 2.34183 0.116028 0.95 1.43171 
2.34086 0.212535 29.1128 2.34772 0.114042 0.975 1.43171 
2.34663 0.215417 27.6444 2.35383 0.111987 1 1.43171 
2.33021 0.193223 33.5788 2.3355 0.112576 0.9 1.4399 
2.33543 0.195665 32.1104 2.34099 0.110836 0.925 1.4399 
2.34086 0.1982 30.642 2.3467 0.109031 0.95 1.4399 
2.34649 0.200828 29.1736 2.35263 0.107161 0.975 1.4399 
2.35233 0.203548 27.7052 2.35877 0.105226 1 1.4399 

ZONE I=5, J=5
2.33021 0.193223 33.6241 2.3355 0.112576 0.9 1.4399 
2.33543 0.195665 32.1349 2.34099 0.110836 0.925 1.4399 
2.34086 0.1982 30.6457 2.3467 0.109031 0.95 1.4399 
2.34649 0.200828 29.1565 2.35263 0.107161 0.975 1.4399 
2.35233 0.203548 27.6673 2.35877 0.105226 1 1.4399 
2.33532 0.181841 33.672 2.34001 0.105389 0.9 1.44808 
2.3406 0.184133 32.1828 2.34554 0.103761 0.925 1.44808 
2.34609 0.186513 30.6936 2.35128 0.102071 0.95 1.44808 
2.35179 0.18898 29.2044 2.35724 0.100321 0.975 1.44808 
2.3577 0.191534 27.7152 2.36341 0.0985089 1 1.44808 
2.34011 0.170325 33.7199 2.34424 0.0982327 0.9 1.45626 
2.34545 0.172467 32.2307 2.34979 0.0967143 0.925 1.45626 
2.351 0.174692 30.7415 2.35556 0.0951388 0.95 1.45626 
2.35676 0.176998 29.2523 2.36154 0.0935063 0.975 1.45626 
2.36273 0.179385 27.7632 2.36775 0.0918168 1 1.45626 
2.34458 0.158681 33.7679 2.34817 0.091106 0.9 1.46444 
2.34997 0.160675 32.2787 2.35375 0.0896962 0.925 1.46444 
2.35557 0.162744 30.7895 2.35954 0.0882335 0.95 1.46444 
2.36139 0.16489 29.3003 2.36555 0.0867178 0.975 1.46444 
2.36742 0.167111 27.8111 2.37178 0.0851491 1 1.46444 
2.34872 0.146917 33.8158 2.35181 0.0840091 0.9 1.47262 
2.35417 0.148762 32.3266 2.35741 0.0827067 0.925 1.47262 
2.35982 0.150677 30.8374 2.36323 0.0813554 0.95 1.47262 
2.36569 0.152662 29.3482 2.36926 0.0799551 0.975 1.47262 
2.37177 0.154717 27.859 2.37552 0.078506 1 1.47262 

ZONE I=5, J=5
2.34872 0.146917 33.8503 2.35181 0.0840091 0.9 1.47262 
2.35417 0.148762 32.3452 2.35741 0.0827067 0.925 1.47262 
2.35982 0.150677 30.8402 2.36323 0.0813554 0.95 1.47262 
2.36569 0.152662 29.3352 2.36926 0.0799551 0.975 1.47262 
2.37177 0.154717 27.8301 2.37552 0.078506 1 1.47262 
2.35255 0.135054 33.8848 2.35516 0.0769301 0.9 1.4808 
2.35803 0.136746 32.3798 2.36078 0.0757379 0.925 1.4808 
2.36373 0.138503 30.8748 2.36662 0.0745009 0.95 1.4808 
2.36965 0.140324 29.3698 2.37267 0.0732192 0.975 1.4808 
2.37579 0.14221 27.8647 2.37895 0.0718926 1 1.4808 
2.35604 0.12309 33.9194 2.35822 0.0698695 0.9 1.48898 
2.36157 0.12463 32.4144 2.36386 0.0687867 0.925 1.48898 
2.36732 0.126228 30.9094 2.36971 0.0676632 0.95 1.48898 
2.37328 0.127885 29.4043 2.37579 0.0664989 0.975 1.48898 
2.37946 0.129601 27.8993 2.38209 0.0652939 1 1.48898 
2.35921 0.111031 33.954 2.36099 0.0628276 0.9 1.49716 
2.36478 0.112419 32.449 2.36664 0.0618531 0.925 1.49716 
2.37056 0.113859 30.9439 2.37251 0.060842 0.95 1.49716 
2.37656 0.115353 29.4389 2.37861 0.0597943 0.975 1.49716 
2.38279 0.116899 27.9339 2.38493 0.0587099 1 1.49716 
2.36206 0.0988851 33.9886 2.36347 0.0558041 0.9 1.50535 
2.36765 0.100121 32.4835 2.36913 0.0549372 0.925 1.50535 
2.37347 0.101404 30.9785 2.37502 0.0540376 0.95 1.50535 
2.37951 0.102733 29.4735 2.38113 0.0531054 0.975 1.50535 
2.38577 0.104111 27.9684 2.38747 0.0521406 1 1.50535 

ZONE I=5, J=5
2.36206 0.0988851 34.0118 2.36347 0.0558041 0.9 1.50535 
2.36765 0.100121 32.4961 2.36913 0.0549372 0.925 1.50535 
2.37347 0.101404 30.9804 2.37502 0.0540376 0.95 1.50535 
2.37951 0.102733 29.4648 2.38113 0.0531054 0.975 1.50535 
2.38577 0.104111 27.9491 2.38747 0.0521406 1 1.50535 
2.36456 0.0866812 34.0327 2.36565 0.0487967 0.9 1.51353 
2.37019 0.0877626 32.517 2.37133 0.0480391 0.925 1.51353 
2.37604 0.0888853 31.0013 2.37723 0.0472529 0.95 1.51353 
2.38211 0.0900493 29.4856 2.38336 0.0464383 0.975 1.51353 
2.3884 0.0912546 27.97 2.38971 0.0455951 1 1.51353 
2.36674 0.074416 34.0536 2.36754 0.0418015 0.9 1.52171 
2.37239 0.0753433 32.5379 2.37323 0.0411526 0.925 1.52171 
2.37827 0.0763061 31.0222 2.37914 0.0404793 0.95 1.52171 
2.38436 0.0773042 29.5065 2.38528 0.0397815 0.975 1.52171 
2.39068 0.0783377 27.9908 2.39165 0.0390593 1 1.52171 
2.36858 0.0620966 34.0745 2.36914 0.0348184 0.9 1.52989 
2.37426 0.0628699 32.5588 2.37484 0.0342777 0.925 1.52989 
2.38015 0.0636728 31.0431 2.38076 0.0337166 0.95 1.52989 
2.38627 0.0645053 29.5274 2.38691 0.0331351 0.975 1.52989 
2.39262 0.0653672 28.0117 2.39329 0.0325333 1 1.52989 
2.37009 0.0497298 34.0954 2.37045 0.0278475 0.9 1.53807 
2.37578 0.0503494 32.5797 2.37616 0.0274143 0.925 1.53807 
2.3817 0.0509928 31.064 2.38209 0.0269648 0.95 1.53807 
2.38784 0.0516597 29.5483 2.38825 0.0264991 0.975 1.53807 
2.3942 0.0523504 28.0326 2.39463 0.026017 1 1.53807 

ZONE I=5, J=5
2.37009 0.0497298 34.1071 2.37045 0.0278475 0.9 1.53807 
2.37578 0.0503494 32.586 2.37616 0.0274143 0.925 1.53807 
2.3817 0.0509928 31.065 2.38209 0.0269648 0.95 1.53807 
2.38784 0.0516597 29.5439 2.38825 0.0264991 0.975 1.53807 
2.3942 0.0523504 28.0229 2.39463 0.026017 1 1.53807 
2.37127 0.0373315 34.114 2.37147 0.0208828 0.9 1.54625 
2.37697 0.0377963 32.593 2.37718 0.0205581 0.925 1.54625 
2.3829 0.0382788 31.0719 2.38312 0.0202213 0.95 1.54625 
2.38905 0.038779 29.5509 2.38928 0.0198722 0.975 1.54625 
2.39543 0.039297 28.0299 2.39567 0.0195109 1 1.54625 
2.37211 0.0249043 34.121 2.3722 0.0139199 0.9 1.55443 
2.37782 0.0252141 32.6 2.37791 0.0137037 0.925 1.55443 
2.38376 0.0255357 31.0789 2.38386 0.0134793 0.95 1.55443 
2.38992 0.0258692 29.5579 2.39003 0.0132468 0.975 1.55443 
2.39631 0.0262145 28.0368 2.39642 0.0130061 1 1.55443 
2.37261 0.0124552 34.128 2.37263 0.00695903 0.9 1.56261 
2.37833 0.0126101 32.6069 2.37835 0.00685099 0.925 1.56261 
2.38427 0.0127708 31.0859 2.3843 0.00673888 0.95 1.56261 
2.39044 0.0129375 29.5648 2.39047 0.0066227 0.975 1.56261 
2.39684 0.0131101 28.0438 2.39687 0.00650244 1 1.56261 
2.37278 -8.71571e-06 34.135 2.37278 0 0.9 1.5708 
2.3785 -8.73672e-06 32.6139 2.3785 0 0.925 1.5708 
2.38445 -8.75856e-06 31.0929 2.38445 0 0.95 1.5708 
2.39062 -8.78123e-06 29.5718 2.39062 0 0.975 1.5708 
2.39702 -8.80473e-06 28.0508 2.39702 0 1 1.5708 

