ZONE I=5, J=5
0 0.77673 5.1709 0.77673 0 0.9 0 
0 0.791294 4.50924 0.791294 0 0.925 0 
0 0.806694 3.84758 0.806694 0 0.95 0 
0 0.82293 3.18591 0.82293 0 0.975 0 
0 0.84 2.52425 0.84 0 1 0 
0.00977952 0.77673 5.17154 0.776784 0.00342463 0.9 0.00818126 
0.00977771 0.791295 4.50988 0.791348 0.00330366 0.925 0.00818126 
0.00977641 0.806695 3.84822 0.806748 0.00317637 0.95 0.00818126 
0.00977562 0.82293 3.18656 0.822982 0.00304276 0.975 0.00818126 
0.00977534 0.84 2.52489 0.840052 0.00290283 1 0.00818126 
0.0195573 0.776732 5.17219 0.776948 0.00684593 0.9 0.0163625 
0.0195536 0.791297 4.51052 0.791511 0.00660401 0.925 0.0163625 
0.019551 0.806696 3.84886 0.806908 0.00634945 0.95 0.0163625 
0.0195495 0.82293 3.1872 0.82314 0.00608225 0.975 0.0163625 
0.0195489 0.84 2.52554 0.840207 0.0058024 1 0.0163625 
0.0293348 0.776736 5.17283 0.777222 0.0102639 0.9 0.0245437 
0.0293294 0.791299 4.51117 0.791781 0.00990105 0.925 0.0245437 
0.0293254 0.806698 3.8495 0.807175 0.00951924 0.95 0.0245437 
0.0293231 0.822931 3.18784 0.823403 0.00911846 0.975 0.0245437 
0.0293222 0.84 2.52618 0.840467 0.00869871 1 0.0245437 
0.0391137 0.776741 5.17347 0.777605 0.0136785 0.9 0.0327249 
0.0391064 0.791303 4.51181 0.792159 0.0131948 0.925 0.0327249 
0.0391011 0.8067 3.85014 0.807548 0.0126857 0.95 0.0327249 
0.0390979 0.822933 3.18848 0.823771 0.0121514 0.975 0.0327249 
0.0390967 0.84 2.52682 0.840829 0.0115918 1 0.0327249 

ZONE I=5, J=5
0.0391137 0.776741 5.1741 0.777605 0.0136785 0.9 0.0327249 
0.0391064 0.791303 4.51219 0.792159 0.0131948 0.925 0.0327249 
0.0391011 0.8067 3.85028 0.807548 0.0126857 0.95 0.0327249 
0.0390979 0.822933 3.18837 0.823771 0.0121514 0.975 0.0327249 
0.0390967 0.84 2.52646 0.840829 0.0115918 1 0.0327249 
0.0488929 0.776747 5.17566 0.778097 0.0170871 0.9 0.0409062 
0.0488838 0.791308 4.51375 0.792645 0.0164826 0.925 0.0409062 
0.0488773 0.806704 3.85184 0.808028 0.0158465 0.95 0.0409062 
0.0488734 0.822934 3.18993 0.824245 0.0151788 0.975 0.0409062 
0.0488719 0.84 2.52802 0.841296 0.0144794 1 0.0409062 
0.0586705 0.776754 5.17722 0.778698 0.0204863 0.9 0.0490874 
0.0586596 0.791314 4.51531 0.793239 0.0197611 0.925 0.0490874 
0.0586519 0.806708 3.8534 0.808614 0.0189979 0.95 0.0490874 
0.0586471 0.822936 3.19149 0.824823 0.0181969 0.975 0.0490874 
0.0586454 0.84 2.52958 0.841866 0.0173579 1 0.0490874 
0.068448 0.776763 5.17877 0.779408 0.023876 0.9 0.0572686 
0.0684354 0.79132 4.51686 0.79394 0.0230301 0.925 0.0572686 
0.0684263 0.806712 3.85495 0.809306 0.02214 0.95 0.0572686 
0.0684207 0.822939 3.19304 0.825506 0.0212057 0.975 0.0572686 
0.0684186 0.84 2.53113 0.842539 0.0202271 1 0.0572686 
0.0782272 0.776774 5.18033 0.780227 0.0272563 0.9 0.0654498 
0.0782126 0.791328 4.51842 0.794749 0.0262898 0.925 0.0654498 
0.0782021 0.806718 3.85651 0.810105 0.0252728 0.95 0.0654498 
0.0781956 0.822942 3.1946 0.826294 0.0242052 0.975 0.0654498 
0.0781931 0.84 2.53269 0.843316 0.0230871 1 0.0654498 

ZONE I=5, J=5
0.0782272 0.776774 5.18159 0.780227 0.0272563 0.9 0.0654498 
0.0782126 0.791328 4.51917 0.794749 0.0262898 0.925 0.0654498 
0.0782021 0.806718 3.85675 0.810105 0.0252728 0.95 0.0654498 
0.0781956 0.822942 3.19433 0.826294 0.0242052 0.975 0.0654498 
0.0781931 0.84 2.53191 0.843316 0.0230871 1 0.0654498 
0.088006 0.776785 5.18425 0.781155 0.0306237 0.9 0.0736311 
0.0879898 0.791337 4.52183 0.795666 0.029537 0.925 0.073631 
0.0879781 0.806724 3.85941 0.81101 0.0283934 0.95 0.0736311 
0.0879709 0.822945 3.19699 0.827187 0.027193 0.975 0.0736311 
0.0879683 0.84 2.53457 0.844195 0.0259357 1 0.0736311 
0.0977834 0.776798 5.18691 0.782191 0.0339756 0.9 0.0818123 
0.0977654 0.791347 4.52449 0.79669 0.0327687 0.925 0.0818123 
0.0977525 0.806731 3.86207 0.812021 0.0314986 0.95 0.0818123 
0.0977445 0.822948 3.19965 0.828183 0.0301654 0.975 0.0818123 
0.0977417 0.84 2.53723 0.845178 0.0287691 1 0.0818123 
0.107561 0.776813 5.18957 0.783336 0.0373119 0.9 0.0899936 
0.107541 0.791358 4.52715 0.797821 0.0359848 0.925 0.0899936 
0.107527 0.806738 3.86473 0.813137 0.0345884 0.95 0.0899936 
0.107518 0.822952 3.20231 0.829285 0.0331225 0.975 0.0899935 
0.107515 0.84 2.53989 0.846263 0.0315871 1 0.0899936 
0.11734 0.776829 5.19223 0.784589 0.0406326 0.9 0.0981748 
0.117318 0.791371 4.52981 0.799059 0.0391855 0.925 0.0981748 
0.117303 0.806747 3.86739 0.81436 0.0376627 0.95 0.0981748 
0.117293 0.822956 3.20497 0.83049 0.0360641 0.975 0.0981748 
0.117289 0.84 2.54255 0.847452 0.0343899 1 0.0981748 

ZONE I=5, J=5
0.11734 0.776829 5.19396 0.784589 0.0406326 0.9 0.0981748 
0.117318 0.791371 4.53078 0.799059 0.0391855 0.925 0.0981748 
0.117303 0.806747 3.86759 0.81436 0.0376627 0.95 0.0981748 
0.117293 0.822956 3.20441 0.83049 0.0360641 0.975 0.0981748 
0.117289 0.84 2.54123 0.847452 0.0343899 1 0.0981748 
0.127118 0.776846 5.19772 0.78595 0.0439337 0.9 0.106356 
0.127095 0.791384 4.53453 0.800404 0.0423671 0.925 0.106356 
0.127078 0.806756 3.87135 0.815687 0.0407185 0.95 0.106356 
0.127068 0.822961 3.20817 0.8318 0.0389879 0.975 0.106356 
0.127064 0.84 2.54498 0.848742 0.0371754 1 0.106356 
0.136895 0.776864 5.20147 0.787419 0.0472132 0.9 0.114537 
0.13687 0.791398 4.53829 0.801855 0.0455271 0.925 0.114537 
0.136852 0.806765 3.87511 0.81712 0.0437529 0.95 0.114537 
0.136841 0.822966 3.21192 0.833213 0.0418904 0.975 0.114537 
0.136837 0.84 2.54874 0.850135 0.0399396 1 0.114537 
0.146673 0.776884 5.20523 0.788996 0.050471 0.9 0.122718 
0.146646 0.791413 4.54205 0.803413 0.0486656 0.925 0.122718 
0.146626 0.806776 3.87886 0.818657 0.0467658 0.95 0.122718 
0.146614 0.822971 3.21568 0.834729 0.0447714 0.975 0.122718 
0.14661 0.84 2.5525 0.851629 0.0426826 1 0.122718 
0.156452 0.776905 5.20899 0.79068 0.0537072 0.9 0.1309 
0.156423 0.79143 4.5458 0.805076 0.0517826 0.925 0.1309 
0.156402 0.806787 3.88262 0.820299 0.0497572 0.95 0.1309 
0.156389 0.822977 3.21944 0.836349 0.0476312 0.975 0.1309 
0.156384 0.84 2.55625 0.853226 0.0454043 1 0.1309 

ZONE I=5, J=5
0.156452 0.776905 5.21123 0.79068 0.0537072 0.9 0.1309 
0.156423 0.79143 4.54702 0.805076 0.0517826 0.925 0.1309 
0.156402 0.806787 3.88281 0.820299 0.0497572 0.95 0.1309 
0.156389 0.822977 3.21861 0.836349 0.0476312 0.975 0.1309 
0.156384 0.84 2.5544 0.853226 0.0454043 1 0.1309 
0.16623 0.776928 5.21608 0.792471 0.0569172 0.9 0.139081 
0.166199 0.791447 4.55187 0.806846 0.054874 0.925 0.139081 
0.166177 0.806799 3.88767 0.822046 0.0527239 0.95 0.139081 
0.166164 0.822983 3.22346 0.838072 0.0504668 0.975 0.139081 
0.166159 0.84 2.55925 0.854924 0.0481029 1 0.139081 
0.176007 0.776952 5.22094 0.794368 0.0600993 0.9 0.147262 
0.175974 0.791466 4.55673 0.80872 0.0579378 0.925 0.147262 
0.175951 0.806812 3.89252 0.823896 0.055663 0.95 0.147262 
0.175937 0.82299 3.22832 0.839897 0.0532752 0.975 0.147262 
0.175932 0.84 2.56411 0.856723 0.0507742 1 0.147262 
0.185784 0.776977 5.22579 0.796372 0.0632538 0.9 0.155443 
0.18575 0.791485 4.56158 0.8107 0.0609739 0.925 0.155443 
0.185725 0.806825 3.89738 0.825851 0.0585747 0.95 0.155443 
0.18571 0.822996 3.23317 0.841825 0.0560561 0.975 0.155443 
0.185704 0.84 2.56896 0.858622 0.0534182 1 0.155443 
0.195563 0.777004 5.23065 0.798482 0.0663804 0.9 0.163625 
0.195527 0.791506 4.56644 0.812784 0.0639824 0.925 0.163625 
0.195501 0.806839 3.90223 0.827908 0.0614588 0.95 0.163625 
0.195485 0.823004 3.23802 0.843855 0.0588097 0.975 0.163625 
0.195478 0.84 2.57382 0.860623 0.056035 1 0.163625 

ZONE I=5, J=5
0.195563 0.777004 5.23342 0.798482 0.0663804 0.9 0.163625 
0.195527 0.791506 4.56792 0.812784 0.0639824 0.925 0.163625 
0.195501 0.806839 3.90243 0.827908 0.0614588 0.95 0.163625 
0.195485 0.823004 3.23693 0.843855 0.0588097 0.975 0.163625 
0.195478 0.84 2.57144 0.860623 0.056035 1 0.163625 
0.20534 0.777032 5.23937 0.800698 0.0694744 0.9 0.171806 
0.205303 0.791527 4.57388 0.814973 0.0669591 0.925 0.171806 
0.205276 0.806854 3.90839 0.830069 0.0643121 0.95 0.171806 
0.205259 0.823011 3.24289 0.845986 0.0615334 0.975 0.171806 
0.205253 0.84 2.5774 0.862724 0.0586229 1 0.171806 
0.215117 0.777061 5.24533 0.803018 0.0725346 0.9 0.179987 
0.215077 0.79155 4.57984 0.817266 0.0699022 0.925 0.179987 
0.215049 0.806869 3.91434 0.832332 0.0671318 0.95 0.179987 
0.215032 0.823019 3.24885 0.848218 0.0642237 0.975 0.179987 
0.215025 0.84 2.58335 0.864924 0.0611777 1 0.179987 
0.224893 0.777092 5.25129 0.805444 0.075561 0.9 0.188168 
0.224852 0.791574 4.5858 0.819662 0.0728115 0.925 0.188168 
0.224822 0.806885 3.9203 0.834698 0.0699181 0.95 0.188168 
0.224804 0.823027 3.25481 0.850552 0.0668806 0.975 0.188168 
0.224798 0.84 2.58931 0.867223 0.0636992 1 0.188168 
0.234673 0.777124 5.25725 0.807975 0.0785536 0.9 0.19635 
0.234629 0.791598 4.59175 0.822162 0.0756873 0.925 0.19635 
0.234598 0.806902 3.92626 0.837166 0.0726708 0.95 0.19635 
0.234578 0.823036 3.26076 0.852986 0.0695042 0.975 0.19635 
0.234571 0.84 2.59527 0.869622 0.0661875 1 0.19635 

ZONE I=5, J=5
0.234673 0.777124 5.26057 0.807975 0.0785536 0.9 0.19635 
0.234629 0.791598 4.59352 0.822162 0.0756873 0.925 0.19635 
0.234598 0.806902 3.92647 0.837166 0.0726708 0.95 0.19635 
0.234578 0.823036 3.25941 0.852986 0.0695042 0.975 0.19635 
0.234571 0.84 2.59236 0.869622 0.0661875 1 0.19635 
0.244449 0.777158 5.26764 0.810609 0.0815071 0.9 0.204531 
0.244404 0.791624 4.60059 0.824764 0.078525 0.925 0.204531 
0.244372 0.80692 3.93353 0.839735 0.0753867 0.95 0.204531 
0.244352 0.823045 3.26648 0.85552 0.0720921 0.975 0.204531 
0.244345 0.84 2.59943 0.87212 0.0686414 1 0.204531 
0.254225 0.777193 5.27471 0.813346 0.0844208 0.9 0.212712 
0.254178 0.791651 4.60766 0.827469 0.0813231 0.925 0.212712 
0.254145 0.806938 3.9406 0.842404 0.078063 0.95 0.212712 
0.254125 0.823055 3.27355 0.858153 0.0746407 0.975 0.212712 
0.254117 0.84 2.60649 0.874715 0.0710561 1 0.212712 
0.264001 0.777229 5.28178 0.816187 0.0872946 0.9 0.220893 
0.263952 0.791679 4.61473 0.830275 0.0840814 0.925 0.220893 
0.263918 0.806957 3.94767 0.845175 0.0806998 0.95 0.220893 
0.263896 0.823064 3.28062 0.860886 0.0771499 0.975 0.220893 
0.263888 0.84 2.61356 0.877408 0.0734316 1 0.220893 
0.273779 0.777266 5.28885 0.819131 0.0901285 0.9 0.229074 
0.273728 0.791708 4.62179 0.833183 0.0868 0.925 0.229074 
0.273692 0.806977 3.95474 0.848045 0.0832971 0.95 0.229074 
0.273669 0.823074 3.28769 0.863717 0.0796198 0.975 0.229074 
0.27366 0.84 2.62063 0.880198 0.075768 1 0.229074 

ZONE I=5, J=5
0.273779 0.777266 5.29275 0.819131 0.0901285 0.9 0.229074 
0.273728 0.791708 4.62386 0.833183 0.0868 0.925 0.229074 
0.273692 0.806977 3.95496 0.848045 0.0832971 0.95 0.229074 
0.273669 0.823074 3.28607 0.863717 0.0796198 0.975 0.229074 
0.27366 0.84 2.61717 0.880198 0.075768 1 0.229074 
0.283556 0.777305 5.30094 0.822176 0.0929175 0.9 0.237256 
0.283504 0.791738 4.63205 0.836192 0.089475 0.925 0.237256 
0.283466 0.806998 3.96315 0.851016 0.085852 0.95 0.237256 
0.283443 0.823085 3.29426 0.866647 0.0820486 0.975 0.237256 
0.283435 0.84 2.62536 0.883086 0.0780648 1 0.237256 
0.293331 0.777346 5.30913 0.825323 0.0956607 0.9 0.245437 
0.293278 0.791769 4.64024 0.839301 0.0921043 0.925 0.245437 
0.293239 0.807019 3.97134 0.854085 0.0883615 0.95 0.245437 
0.293216 0.823096 3.30245 0.869674 0.0844322 0.975 0.245437 
0.293207 0.84 2.63355 0.88607 0.0803165 1 0.245437 
0.303107 0.777387 5.31732 0.828571 0.098358 0.9 0.253618 
0.303051 0.791801 4.64843 0.84251 0.0946879 0.925 0.253618 
0.303011 0.807041 3.97953 0.857252 0.0908254 0.95 0.253618 
0.302987 0.823107 3.31063 0.872798 0.0867705 0.975 0.253618 
0.302978 0.84 2.64174 0.889149 0.0825231 1 0.253618 
0.312884 0.77743 5.32551 0.83192 0.101009 0.9 0.261799 
0.312826 0.791834 4.65661 0.845818 0.0972259 0.925 0.261799 
0.312785 0.807063 3.98772 0.860518 0.0932439 0.95 0.261799 
0.312759 0.823119 3.31882 0.876019 0.0890635 0.975 0.261799 
0.312749 0.84 2.64993 0.892323 0.0846847 1 0.261799 

ZONE I=5, J=5
0.312884 0.77743 5.33002 0.83192 0.101009 0.9 0.261799 
0.312826 0.791834 4.65899 0.845818 0.0972259 0.925 0.261799 
0.312785 0.807063 3.98796 0.860518 0.0932439 0.95 0.261799 
0.312759 0.823119 3.31693 0.876019 0.0890635 0.975 0.261799 
0.312749 0.84 2.6459 0.892323 0.0846847 1 0.261799 
0.32266 0.777474 5.33934 0.835369 0.10361 0.9 0.269981 
0.322601 0.791868 4.66831 0.849225 0.0997141 0.925 0.269981 
0.322559 0.807087 3.99728 0.863881 0.0956142 0.95 0.269981 
0.322533 0.823131 3.32625 0.879337 0.0913099 0.975 0.269981 
0.322523 0.84 2.65522 0.895593 0.0868013 1 0.269981 
0.332435 0.77752 5.34866 0.838916 0.106158 0.9 0.278162 
0.332374 0.791903 4.67763 0.85273 0.102151 0.925 0.278162 
0.332331 0.807111 4.0066 0.867341 0.0979332 0.95 0.278162 
0.332304 0.823143 3.33557 0.88275 0.0935053 0.975 0.278162 
0.332295 0.84 2.66454 0.898956 0.0888672 1 0.278162 
0.34221 0.777567 5.35798 0.842563 0.108656 0.9 0.286343 
0.342148 0.791939 4.68695 0.856332 0.104536 0.925 0.286343 
0.342103 0.807135 4.01592 0.870897 0.100201 0.95 0.286343 
0.342075 0.823156 3.34489 0.886257 0.0956497 0.975 0.286343 
0.342065 0.84 2.67385 0.902413 0.0908822 1 0.286343 
0.351987 0.777615 5.3673 0.846308 0.111101 0.9 0.294524 
0.351922 0.791976 4.69627 0.860032 0.10687 0.925 0.294524 
0.351875 0.807161 4.02523 0.874549 0.102418 0.95 0.294524 
0.351846 0.823169 3.3542 0.889859 0.0977431 0.975 0.294524 
0.351835 0.84 2.68317 0.905962 0.0928465 1 0.294524 

ZONE I=5, J=5
0.351987 0.777615 5.37243 0.846308 0.111101 0.9 0.294524 
0.351922 0.791976 4.69897 0.860032 0.10687 0.925 0.294524 
0.351875 0.807161 4.0255 0.874549 0.102418 0.95 0.294524 
0.351846 0.823169 3.35204 0.889859 0.0977431 0.975 0.294524 
0.351835 0.84 2.67857 0.905962 0.0928465 1 0.294524 
0.361762 0.777665 5.38288 0.85015 0.113489 0.9 0.302706 
0.361696 0.792015 4.70942 0.863828 0.109149 0.925 0.302706 
0.361649 0.807187 4.03596 0.878296 0.10458 0.95 0.302706 
0.36162 0.823182 3.36249 0.893555 0.0997842 0.975 0.302706 
0.361609 0.84 2.68903 0.909605 0.0947605 1 0.302706 
0.371536 0.777716 5.39334 0.854089 0.11582 0.9 0.310887 
0.371469 0.792054 4.71987 0.867719 0.11137 0.925 0.310887 
0.37142 0.807214 4.04641 0.882137 0.106686 0.95 0.310887 
0.371391 0.823196 3.37294 0.897344 0.101769 0.975 0.310887 
0.37138 0.84 2.69948 0.913339 0.0966181 1 0.310887 
0.381311 0.777769 5.40379 0.858123 0.118093 0.9 0.319068 
0.381241 0.792094 4.73033 0.871704 0.113534 0.925 0.319068 
0.381191 0.807242 4.05686 0.886071 0.108735 0.95 0.319068 
0.381161 0.82321 3.3834 0.901224 0.103697 0.975 0.319068 
0.381149 0.84 2.70993 0.917163 0.0984194 1 0.319068 
0.391087 0.777823 5.41424 0.862254 0.120309 0.9 0.327249 
0.391015 0.792136 4.74078 0.875785 0.115641 0.925 0.327249 
0.390963 0.80727 4.06731 0.890099 0.110727 0.95 0.327249 
0.390931 0.823225 3.39385 0.905197 0.105568 0.975 0.327249 
0.390919 0.84 2.72039 0.921078 0.100164 1 0.327249 

ZONE I=5, J=5
0.391087 0.777823 5.4199 0.862254 0.120309 0.9 0.327249 
0.391015 0.792136 4.74375 0.875785 0.115641 0.925 0.327249 
0.390963 0.80727 4.06761 0.890099 0.110727 0.95 0.327249 
0.390931 0.823225 3.39146 0.905197 0.105568 0.975 0.327249 
0.390919 0.84 2.71531 0.921078 0.100164 1 0.327249 
0.400861 0.777878 5.43149 0.86648 0.122462 0.9 0.335431 
0.400789 0.792179 4.75534 0.87996 0.117686 0.925 0.335431 
0.400736 0.8073 4.07919 0.89422 0.112659 0.95 0.335431 
0.400704 0.82324 3.40304 0.909262 0.107382 0.975 0.335431 
0.400693 0.84 2.72689 0.925084 0.101854 1 0.335431 
0.410634 0.777935 5.44307 0.870798 0.124552 0.9 0.343612 
0.41056 0.792223 4.76692 0.884226 0.119669 0.925 0.343612 
0.410507 0.80733 4.09077 0.898432 0.114529 0.95 0.343612 
0.410475 0.823255 3.41462 0.913416 0.109133 0.975 0.343612 
0.410463 0.84 2.73848 0.929178 0.103482 1 0.343612 
0.420408 0.777993 5.45465 0.875211 0.126579 0.9 0.351793 
0.420332 0.792268 4.77851 0.888585 0.121588 0.925 0.351793 
0.420277 0.80736 4.10236 0.902735 0.116337 0.95 0.351793 
0.420244 0.823271 3.42621 0.91766 0.110823 0.975 0.351793 
0.420233 0.84 2.75006 0.93336 0.105048 1 0.351793 
0.430183 0.778053 5.46624 0.879716 0.128542 0.9 0.359974 
0.430105 0.792314 4.79009 0.893036 0.123445 0.925 0.359974 
0.430049 0.807392 4.11394 0.907128 0.118082 0.95 0.359974 
0.430015 0.823288 3.43779 0.921993 0.112451 0.975 0.359974 
0.430003 0.84 2.76164 0.93763 0.106552 1 0.359974 

ZONE I=5, J=5
0.430183 0.778053 5.47194 0.879716 0.128542 0.9 0.359974 
0.430105 0.792314 4.79309 0.893036 0.123445 0.925 0.359974 
0.430049 0.807392 4.11424 0.907128 0.118082 0.95 0.359974 
0.430015 0.823288 3.43539 0.921993 0.112451 0.975 0.359974 
0.430003 0.84 2.75653 0.93763 0.106552 1 0.359974 
0.439957 0.778114 5.48463 0.884313 0.130437 0.9 0.368156 
0.439878 0.792362 4.80578 0.897578 0.125235 0.925 0.368156 
0.439821 0.807425 4.12692 0.911612 0.119762 0.95 0.368156 
0.439788 0.823305 3.44807 0.926415 0.114015 0.975 0.368156 
0.439777 0.84 2.76922 0.941988 0.107996 1 0.368156 
0.449728 0.778177 5.49731 0.889 0.132262 0.9 0.376337 
0.449648 0.792411 4.81846 0.902209 0.126957 0.925 0.376337 
0.449592 0.807459 4.13961 0.916183 0.121374 0.95 0.376337 
0.449558 0.823322 3.46076 0.930924 0.115513 0.975 0.376337 
0.449548 0.84 2.78191 0.946431 0.109374 1 0.376337 
0.4595 0.778241 5.51 0.893778 0.134019 0.9 0.384518 
0.459419 0.792461 4.83115 0.906929 0.12861 0.925 0.384518 
0.459362 0.807494 4.1523 0.920843 0.122918 0.95 0.384518 
0.459329 0.82334 3.47345 0.935519 0.116943 0.975 0.384518 
0.459319 0.84 2.7946 0.950959 0.110685 1 0.384518 
0.469273 0.778307 5.52269 0.898645 0.135706 0.9 0.392699 
0.469191 0.792513 4.84384 0.911738 0.130194 0.925 0.392699 
0.469133 0.807531 4.16499 0.92559 0.124394 0.95 0.392699 
0.4691 0.823359 3.48614 0.940202 0.118306 0.975 0.392699 
0.469091 0.84 2.80729 0.955572 0.11193 1 0.392699 

ZONE I=5, J=5
0.469273 0.778307 5.52673 0.898645 0.135706 0.9 0.392699 
0.469191 0.792513 4.84597 0.911738 0.130194 0.925 0.392699 
0.469133 0.807531 4.16521 0.92559 0.124394 0.95 0.392699 
0.4691 0.823359 3.48445 0.940202 0.118306 0.975 0.392699 
0.469091 0.84 2.80369 0.955572 0.11193 1 0.392699 
0.479045 0.778376 5.54047 0.903601 0.13732 0.9 0.400881 
0.478962 0.792567 4.85971 0.916636 0.131706 0.925 0.400881 
0.478905 0.807568 4.17895 0.930425 0.1258 0.95 0.400881 
0.478873 0.823379 3.49819 0.94497 0.119601 0.975 0.400881 
0.478867 0.84 2.81743 0.960271 0.113109 1 0.400881 
0.488813 0.778445 5.5542 0.908644 0.138857 0.9 0.409062 
0.488731 0.792622 4.87344 0.921619 0.133144 0.925 0.409062 
0.488676 0.807607 4.19268 0.935345 0.127132 0.95 0.409062 
0.488646 0.8234 3.51192 0.949823 0.120824 0.975 0.409062 
0.488642 0.84 2.83116 0.965052 0.114218 1 0.409062 
0.49858 0.778517 5.56794 0.913773 0.140319 0.9 0.417243 
0.4985 0.79268 4.88718 0.926688 0.134506 0.925 0.417243 
0.498446 0.807648 4.20642 0.940351 0.128391 0.95 0.417243 
0.498419 0.823422 3.52566 0.95476 0.121975 0.975 0.417243 
0.498419 0.84 2.8449 0.969916 0.115257 1 0.417243 
0.508347 0.77859 5.58168 0.918988 0.141706 0.9 0.425424 
0.508269 0.79274 4.90092 0.931844 0.135794 0.925 0.425424 
0.508218 0.807691 4.22016 0.945442 0.129577 0.95 0.425424 
0.508195 0.823445 3.5394 0.959781 0.123055 0.975 0.425424 
0.508199 0.84 2.85864 0.974863 0.116226 1 0.425424 

ZONE I=5, J=5
0.508347 0.77859 5.57904 0.918988 0.141706 0.9 0.425424 
0.508269 0.79274 4.89953 0.931844 0.135794 0.925 0.425424 
0.508218 0.807691 4.22003 0.945442 0.129577 0.95 0.425424 
0.508195 0.823445 3.54053 0.959781 0.123055 0.975 0.425424 
0.508199 0.84 2.86102 0.974863 0.116226 1 0.425424 
0.518114 0.778667 5.59377 0.924289 0.143013 0.9 0.433605 
0.518038 0.792802 4.91426 0.937085 0.137006 0.925 0.433605 
0.51799 0.807736 4.23476 0.950616 0.130688 0.95 0.433605 
0.517971 0.823469 3.55525 0.964885 0.12406 0.975 0.433605 
0.51798 0.84 2.87575 0.979891 0.117123 1 0.433605 
0.527874 0.778744 5.6085 0.929672 0.144237 0.9 0.441786 
0.527803 0.792866 4.92899 0.942408 0.138135 0.925 0.441786 
0.527761 0.807783 4.24949 0.955874 0.131719 0.95 0.441786 
0.527749 0.823494 3.56998 0.970072 0.124991 0.975 0.441786 
0.527766 0.84 2.89048 0.985 0.117949 1 0.441786 
0.537629 0.778823 5.62322 0.935134 0.145376 0.9 0.449967 
0.537566 0.792934 4.94372 0.947813 0.139182 0.925 0.449967 
0.537533 0.807833 4.26422 0.961215 0.132672 0.95 0.449967 
0.537531 0.823522 3.58471 0.975341 0.125846 0.975 0.449967 
0.537558 0.84 2.90521 0.990191 0.118704 1 0.449967 
0.54738 0.778903 5.63795 0.940677 0.14643 0.9 0.458149 
0.547328 0.793004 4.95845 0.953301 0.140147 0.925 0.458149 
0.547308 0.807887 4.27894 0.96664 0.133546 0.95 0.458149 
0.547318 0.823552 3.59944 0.980694 0.126627 0.975 0.458149 
0.547359 0.84 2.91994 0.995464 0.119389 1 0.458149 

ZONE I=5, J=5
0.54738 0.778903 5.61555 0.940677 0.14643 0.9 0.458149 
0.547328 0.793004 4.94664 0.953301 0.140147 0.925 0.458149 
0.547308 0.807887 4.27773 0.96664 0.133546 0.95 0.458149 
0.547318 0.823552 3.60881 0.980694 0.126627 0.975 0.458149 
0.547359 0.84 2.9399 0.995464 0.119389 1 0.458149 
0.557136 0.77899 5.63141 0.946307 0.147405 0.9 0.46633 
0.557094 0.793078 4.9625 0.958872 0.141033 0.925 0.46633 
0.557083 0.807942 4.29359 0.972144 0.13434 0.95 0.46633 
0.557103 0.823583 3.62468 0.986124 0.127326 0.975 0.46633 
0.557154 0.84 2.95577 1.00081 0.11999 1 0.46633 
0.566875 0.779074 5.64728 0.952006 0.148283 0.9 0.474511 
0.56685 0.793154 4.97837 0.964519 0.141828 0.925 0.474511 
0.566857 0.808002 4.30946 0.97773 0.13505 0.95 0.474511 
0.566895 0.823617 3.64055 0.991637 0.127949 0.975 0.474511 
0.566964 0.84 2.97164 1.00624 0.120525 1 0.474511 
0.576597 0.779157 5.66315 0.957773 0.149062 0.9 0.482692 
0.576598 0.793233 4.99424 0.970242 0.14253 0.925 0.482692 
0.576631 0.808066 4.32533 0.983395 0.135674 0.95 0.482692 
0.576696 0.823655 3.65642 0.997233 0.128495 0.975 0.482692 
0.576791 0.84 2.98751 1.01176 0.120993 1 0.482692 
0.586304 0.779239 5.67902 0.963609 0.149743 0.9 0.490874 
0.58634 0.793315 5.01011 0.976041 0.14314 0.925 0.490874 
0.586408 0.808134 4.34119 0.989142 0.136214 0.95 0.490874 
0.586507 0.823696 3.67228 1.00291 0.128965 0.975 0.490874 
0.586637 0.84 3.00337 1.01735 0.121394 1 0.490874 

ZONE I=5, J=5
0.586304 0.779239 5.60649 0.963609 0.149743 0.9 0.490874 
0.58634 0.793315 4.97177 0.976041 0.14314 0.925 0.490874 
0.586408 0.808134 4.33705 0.989142 0.136214 0.95 0.490874 
0.586507 0.823696 3.70232 1.00291 0.128965 0.975 0.490874 
0.586637 0.84 3.0676 1.01735 0.121394 1 0.490874 
0.596032 0.779331 5.62469 0.969538 0.150352 0.9 0.499055 
0.596095 0.793402 4.98996 0.981924 0.143673 0.925 0.499055 
0.596187 0.808204 4.35524 0.994964 0.13667 0.95 0.499055 
0.596309 0.823736 3.72052 1.00866 0.129343 0.975 0.499055 
0.59646 0.84 3.0858 1.02301 0.121692 1 0.499055 
0.605716 0.779411 5.64288 0.97551 0.150842 0.9 0.507236 
0.605827 0.793486 5.00816 0.987867 0.144101 0.925 0.507236 
0.605963 0.808276 4.37344 1.00086 0.137036 0.95 0.507236 
0.606126 0.823781 3.73872 1.01449 0.129647 0.975 0.507236 
0.606316 0.84 3.104 1.02876 0.121934 1 0.507236 
0.61536 0.779479 5.66108 0.981525 0.151213 0.9 0.515417 
0.615537 0.793569 5.02636 0.993871 0.144422 0.925 0.515417 
0.615737 0.808352 4.39164 1.00683 0.137309 0.95 0.515417 
0.61596 0.823829 3.75691 1.02041 0.129875 0.975 0.515417 
0.616206 0.84 3.12219 1.0346 0.122119 1 0.515417 
0.624964 0.779538 5.67928 0.987582 0.151465 0.9 0.523599 
0.625228 0.793651 5.04455 0.999936 0.144637 0.925 0.523599 
0.62551 0.808432 4.40983 1.01288 0.137492 0.95 0.523599 
0.625812 0.823882 3.77511 1.02641 0.130028 0.975 0.523599 
0.626133 0.84 3.14039 1.04053 0.122247 1 0.523599 

ZONE I=5, J=5
0.624964 0.779538 5.49668 0.987582 0.151465 0.9 0.523599 
0.625228 0.793651 4.94781 0.999936 0.144637 0.925 0.523599 
0.62551 0.808432 4.39894 1.01288 0.137492 0.95 0.523599 
0.625812 0.823882 3.85007 1.02641 0.130028 0.975 0.523599 
0.626133 0.84 3.3012 1.04053 0.122247 1 0.523599 
0.634618 0.779604 5.52205 0.99374 0.151668 0.9 0.53178 
0.634947 0.793731 4.97318 1.00608 0.144789 0.925 0.53178 
0.635287 0.808506 4.42431 1.01899 0.13759 0.95 0.53178 
0.635636 0.823928 3.87544 1.03246 0.130071 0.975 0.53178 
0.635996 0.84 3.32657 1.04649 0.122231 1 0.53178 
0.644186 0.779631 5.54742 0.999889 0.151727 0.9 0.539961 
0.644617 0.793787 4.99855 1.01225 0.144818 0.925 0.539961 
0.645048 0.808567 4.44968 1.02515 0.13759 0.95 0.539961 
0.645479 0.823971 3.90081 1.03859 0.13004 0.975 0.539961 
0.645911 0.84 3.35194 1.05256 0.12217 1 0.539961 
0.653669 0.779619 5.57278 1.00603 0.151641 0.9 0.548142 
0.654236 0.79382 5.02392 1.01844 0.144725 0.925 0.548142 
0.654794 0.808617 4.47505 1.03136 0.13749 0.95 0.548142 
0.655342 0.82401 3.92618 1.04479 0.129937 0.975 0.548142 
0.655881 0.840001 3.37731 1.05872 0.122064 1 0.548142 
0.663069 0.779573 5.59815 1.01216 0.151412 0.9 0.556324 
0.663807 0.793832 5.04928 1.02466 0.144509 0.925 0.556324 
0.664527 0.808656 4.50041 1.03763 0.137292 0.95 0.556324 
0.665227 0.824046 3.95155 1.05107 0.12976 0.975 0.556324 
0.665908 0.84 3.40268 1.06497 0.121913 1 0.556324 

ZONE I=5, J=5
0.663069 0.779573 5.22122 1.01216 0.151412 0.9 0.556324 
0.663807 0.793832 4.85149 1.02466 0.144509 0.925 0.556324 
0.664527 0.808656 4.48177 1.03763 0.137292 0.95 0.556324 
0.665227 0.824046 4.11204 1.05107 0.12976 0.975 0.556324 
0.665908 0.84 3.74231 1.06497 0.121913 1 0.556324 
0.672561 0.779485 5.26416 1.01837 0.151193 0.9 0.564505 
0.673418 0.793801 4.89443 1.03092 0.144257 0.925 0.564505 
0.674239 0.808662 4.5247 1.04392 0.137001 0.95 0.564505 
0.675026 0.824067 4.15498 1.05735 0.129424 0.975 0.564505 
0.675777 0.840015 3.78525 1.07123 0.121526 1 0.564505 
0.681952 0.779321 5.30709 1.02452 0.150838 0.9 0.572686 
0.682943 0.793682 4.93737 1.03713 0.143889 0.925 0.572686 
0.683896 0.808582 4.56764 1.05017 0.136616 0.95 0.572686 
0.68481 0.824021 4.19792 1.06364 0.129017 0.975 0.572686 
0.685684 0.84 3.82819 1.07754 0.121094 1 0.572686 
0.691241 0.779084 5.35003 1.03062 0.150347 0.9 0.580867 
0.692384 0.793476 4.9803 1.04328 0.143405 0.925 0.580867 
0.693497 0.808417 4.61058 1.05638 0.136136 0.95 0.580867 
0.694579 0.82391 4.24085 1.06993 0.128539 0.975 0.580867 
0.695631 0.839953 3.87113 1.08392 0.120615 1 0.580867 
0.700428 0.778777 5.39297 1.03667 0.149719 0.9 0.589049 
0.701739 0.793185 5.02324 1.04937 0.142804 0.925 0.589049 
0.703041 0.80817 4.65352 1.06256 0.135561 0.95 0.589049 
0.704334 0.823733 4.28379 1.07622 0.12799 0.975 0.589049 
0.705617 0.839874 3.91406 1.09035 0.12009 1 0.589049 

ZONE I=5, J=5
0.700428 0.778777 4.99666 1.03667 0.149719 0.9 0.589049 
0.701739 0.793185 4.82098 1.04937 0.142804 0.925 0.589049 
0.703041 0.80817 4.64531 1.06256 0.135561 0.95 0.589049 
0.704334 0.823733 4.46963 1.07622 0.12799 0.975 0.589049 
0.705617 0.839874 4.29395 1.09035 0.12009 1 0.589049 
0.709735 0.778298 5.02307 1.04269 0.149199 0.9 0.59723 
0.711123 0.79278 4.84739 1.05545 0.142203 0.925 0.59723 
0.712526 0.807796 4.67172 1.06866 0.134918 0.95 0.59723 
0.713943 0.823347 4.49604 1.08231 0.127345 0.975 0.59723 
0.715374 0.839432 4.32036 1.09642 0.119482 1 0.59723 
0.718947 0.777699 5.04948 1.04863 0.148579 0.9 0.605411 
0.720451 0.792226 4.8738 1.06143 0.141548 0.925 0.605411 
0.72199 0.807251 4.69813 1.07466 0.134263 0.95 0.605411 
0.723566 0.822773 4.52245 1.08832 0.126725 0.975 0.605411 
0.725177 0.838793 4.34677 1.10241 0.118933 1 0.605411 
0.728063 0.776984 5.07589 1.05448 0.14786 0.9 0.613592 
0.729719 0.791527 4.90021 1.06732 0.140839 0.925 0.613592 
0.73143 0.806536 4.72454 1.08057 0.133596 0.95 0.613592 
0.733198 0.822012 4.54886 1.09425 0.126131 0.975 0.613592 
0.735023 0.837954 4.37318 1.10833 0.118443 1 0.613592 
0.737081 0.776154 5.1023 1.06023 0.147041 0.9 0.621774 
0.738925 0.790682 4.92662 1.07311 0.140078 0.925 0.621774 
0.740844 0.805651 4.75095 1.0864 0.132918 0.95 0.621774 
0.742838 0.821062 4.57527 1.10008 0.125562 0.975 0.621774 
0.744908 0.836915 4.39959 1.11418 0.118011 1 0.621774 

ZONE I=5, J=5
0.737081 0.776154 4.9329 1.06023 0.147041 0.9 0.621774 
0.738925 0.790682 4.83503 1.07311 0.140078 0.925 0.621774 
0.740844 0.805651 4.73715 1.0864 0.132918 0.95 0.621774 
0.742838 0.821062 4.63927 1.10008 0.125562 0.975 0.621774 
0.744908 0.836915 4.54139 1.11418 0.118011 1 0.621774 
0.74613 0.775142 4.95383 1.06591 0.14627 0.9 0.629955 
0.748151 0.789664 4.85595 1.07883 0.139349 0.925 0.629955 
0.750255 0.804599 4.75807 1.09214 0.132251 0.95 0.629955 
0.752443 0.819947 4.6602 1.10583 0.124977 0.975 0.629955 
0.754714 0.835708 4.56232 1.11991 0.117527 1 0.629955 
0.755128 0.773983 4.97475 1.0715 0.145463 0.9 0.638136 
0.757342 0.788484 4.87688 1.08446 0.138604 0.925 0.638136 
0.759647 0.803375 4.779 1.0978 0.131584 0.95 0.638136 
0.762043 0.818658 4.68112 1.1115 0.124405 0.975 0.638136 
0.76453 0.834332 4.58324 1.12557 0.117066 1 0.638136 
0.764074 0.772679 4.99568 1.077 0.144619 0.9 0.646317 
0.766497 0.787143 4.8978 1.09001 0.137843 0.925 0.646317 
0.769018 0.801982 4.79992 1.10337 0.130919 0.95 0.646317 
0.771637 0.817196 4.70205 1.11709 0.123847 0.975 0.646317 
0.774354 0.832785 4.60417 1.13117 0.116627 1 0.646317 
0.772966 0.771231 5.0166 1.08241 0.14374 0.9 0.654498 
0.775613 0.785643 4.91873 1.09546 0.137066 0.925 0.654498 
0.778365 0.80042 4.82085 1.10885 0.130254 0.95 0.654498 
0.781221 0.815562 4.72297 1.12261 0.123302 0.975 0.654498 
0.784182 0.831069 4.6251 1.13671 0.116211 1 0.654498 

ZONE I=5, J=5
0.772966 0.771231 4.94825 1.08241 0.14374 0.9 0.654498 
0.775613 0.785643 4.88284 1.09546 0.137066 0.925 0.654498 
0.778365 0.80042 4.81744 1.10885 0.130254 0.95 0.654498 
0.781221 0.815562 4.75203 1.12261 0.123302 0.975 0.654498 
0.784182 0.831069 4.68663 1.13671 0.116211 1 0.654498 
0.781857 0.769614 4.96916 1.08775 0.142883 0.9 0.66268 
0.784718 0.783979 4.90375 1.10083 0.136301 0.925 0.66268 
0.787688 0.798695 4.83835 1.11426 0.129588 0.95 0.66268 
0.790766 0.813762 4.77294 1.12803 0.122745 0.975 0.66268 
0.793952 0.82918 4.70754 1.14215 0.115772 1 0.66268 
0.79071 0.767849 4.99006 1.093 0.142011 0.9 0.670861 
0.79379 0.782158 4.92466 1.10612 0.135528 0.925 0.670861 
0.796982 0.796808 4.85925 1.11958 0.128921 0.95 0.670861 
0.800286 0.811797 4.79385 1.13338 0.122191 0.975 0.670861 
0.803702 0.827126 4.72844 1.14751 0.115337 1 0.670861 
0.799525 0.765937 5.01097 1.09817 0.141125 0.9 0.679042 
0.802826 0.780181 4.94557 1.11133 0.134747 0.925 0.679042 
0.806243 0.794758 4.88016 1.12482 0.128252 0.95 0.679042 
0.809777 0.809666 4.81476 1.13864 0.121639 0.975 0.679042 
0.813428 0.824907 4.74935 1.15279 0.114908 1 0.679042 
0.808298 0.763879 5.03188 1.10327 0.140223 0.9 0.687223 
0.811823 0.778049 4.96647 1.11646 0.133959 0.925 0.687223 
0.81547 0.792547 4.90107 1.12998 0.127581 0.95 0.687223 
0.819238 0.807371 4.83566 1.14383 0.121089 0.975 0.687223 
0.823128 0.822523 4.77026 1.15801 0.114484 1 0.687223 

ZONE I=5, J=5
0.808298 0.763879 5.00876 1.10327 0.140223 0.9 0.687223 
0.811823 0.778049 4.9544 1.11646 0.133959 0.925 0.687223 
0.81547 0.792547 4.90005 1.12998 0.127581 0.95 0.687223 
0.819238 0.807371 4.84569 1.14383 0.121089 0.975 0.687223 
0.823128 0.822523 4.79133 1.15801 0.114484 1 0.687223 
0.817047 0.761665 5.0295 1.10828 0.139329 0.9 0.695405 
0.820792 0.775762 4.97515 1.1215 0.133172 0.925 0.695405 
0.824662 0.790179 4.92079 1.13505 0.126906 0.95 0.695405 
0.828656 0.804917 4.86643 1.14893 0.120531 0.975 0.695405 
0.832776 0.819975 4.81207 1.16313 0.114046 1 0.695405 
0.825761 0.759307 5.05025 1.11322 0.138427 0.9 0.703586 
0.829723 0.773325 4.99589 1.12648 0.132379 0.925 0.703586 
0.833814 0.787658 4.94153 1.14005 0.126226 0.95 0.703586 
0.838035 0.802306 4.88717 1.15395 0.119967 0.975 0.703586 
0.842384 0.817269 4.83281 1.16818 0.113603 1 0.703586 
0.834436 0.756805 5.07099 1.11809 0.137518 0.9 0.711767 
0.838614 0.770739 5.01663 1.13137 0.13158 0.925 0.711767 
0.842926 0.784984 4.96227 1.14497 0.125541 0.95 0.711767 
0.847371 0.79954 4.90791 1.1589 0.119399 0.975 0.711767 
0.851949 0.814406 4.85355 1.17315 0.113155 1 0.711767 
0.84307 0.75416 5.09173 1.12288 0.136601 0.9 0.719948 
0.847463 0.768005 5.03737 1.13619 0.130776 0.925 0.719948 
0.851994 0.782157 4.98301 1.14982 0.124851 0.95 0.719948 
0.856662 0.796618 4.92865 1.16377 0.118826 0.975 0.719948 
0.861468 0.811387 4.8743 1.17804 0.112702 1 0.719948 

ZONE I=5, J=5
0.84307 0.75416 5.09021 1.12288 0.136601 0.9 0.719948 
0.847463 0.768005 5.03659 1.13619 0.130776 0.925 0.719948 
0.851994 0.782157 4.98297 1.14982 0.124851 0.95 0.719948 
0.856662 0.796618 4.92936 1.16377 0.118826 0.975 0.719948 
0.861468 0.811387 4.87574 1.17804 0.112702 1 0.719948 
0.851666 0.751371 5.11051 1.1276 0.135683 0.9 0.72813 
0.856271 0.765125 5.05689 1.14093 0.129967 0.925 0.72813 
0.861017 0.779183 5.00328 1.15458 0.124154 0.95 0.72813 
0.865906 0.793545 4.94966 1.16856 0.118245 0.975 0.72813 
0.870935 0.808212 4.89604 1.18285 0.112239 1 0.72813 
0.860223 0.748443 5.13081 1.13225 0.134759 0.9 0.736311 
0.865036 0.762102 5.0772 1.1456 0.129152 0.925 0.736311 
0.869994 0.776063 5.02358 1.15928 0.123451 0.95 0.736311 
0.875099 0.790325 4.96996 1.17327 0.117655 0.975 0.736311 
0.880349 0.804889 4.91635 1.18759 0.111765 1 0.736311 
0.868737 0.745377 5.15112 1.13683 0.133831 0.9 0.744492 
0.873755 0.758939 5.0975 1.1502 0.128332 0.925 0.744492 
0.878922 0.7728 5.04388 1.1639 0.12274 0.95 0.744492 
0.88424 0.786959 4.99027 1.17791 0.117056 0.975 0.744492 
0.889707 0.801418 4.93665 1.19225 0.11128 1 0.744492 
0.877207 0.742174 5.17142 1.14134 0.132898 0.9 0.752673 
0.882426 0.755635 5.1178 1.15473 0.127505 0.925 0.752673 
0.887799 0.769393 5.06419 1.16844 0.122022 0.95 0.752673 
0.893326 0.783448 5.01057 1.18248 0.116448 0.975 0.752673 
0.899008 0.7978 4.95695 1.19684 0.110784 1 0.752673 

ZONE I=5, J=5
0.877207 0.742174 5.18001 1.14134 0.132898 0.9 0.752673 
0.882426 0.755635 5.12231 1.15473 0.127505 0.925 0.752673 
0.887799 0.769393 5.0646 1.16844 0.122022 0.95 0.752673 
0.893326 0.783448 5.0069 1.18248 0.116448 0.975 0.752673 
0.899008 0.7978 4.94919 1.19684 0.110784 1 0.752673 
0.885629 0.738836 5.1997 1.14578 0.131957 0.9 0.760855 
0.891048 0.752194 5.14199 1.15919 0.12667 0.925 0.760855 
0.896624 0.765847 5.08429 1.17292 0.121295 0.95 0.760855 
0.90236 0.779794 5.02658 1.18698 0.115831 0.975 0.760855 
0.908254 0.794037 4.96888 1.20136 0.110279 1 0.760855 
0.894006 0.735366 5.21938 1.15015 0.131012 0.9 0.769036 
0.89962 0.748619 5.16168 1.16358 0.125829 0.925 0.769036 
0.905396 0.762165 5.10397 1.17733 0.120559 0.95 0.769036 
0.911335 0.776003 5.04627 1.1914 0.115203 0.975 0.769036 
0.917437 0.790134 4.98856 1.2058 0.10976 1 0.769036 
0.902336 0.731764 5.23907 1.15446 0.130062 0.9 0.777217 
0.908141 0.74491 5.18136 1.1679 0.12498 0.925 0.777217 
0.914112 0.758347 5.12366 1.18167 0.119814 0.95 0.777217 
0.920251 0.772074 5.06595 1.19576 0.114563 0.975 0.777217 
0.926556 0.786093 5.00825 1.21017 0.109227 1 0.777217 
0.910617 0.728032 5.25875 1.1587 0.129107 0.9 0.785398 
0.916608 0.741069 5.20105 1.17215 0.124125 0.925 0.785398 
0.922771 0.754395 5.14334 1.18594 0.11906 0.95 0.785398 
0.929105 0.76801 5.08564 1.20004 0.113911 0.975 0.785398 
0.93561 0.781915 5.02793 1.21447 0.108679 1 0.785398 

ZONE I=5, J=5
0.910617 0.728032 5.27181 1.1587 0.129107 0.9 0.785398 
0.916608 0.741069 5.20789 1.17215 0.124125 0.925 0.785398 
0.922771 0.754395 5.14397 1.18594 0.11906 0.95 0.785398 
0.929105 0.76801 5.08004 1.20004 0.113911 0.975 0.785398 
0.93561 0.781915 5.01612 1.21447 0.108679 1 0.785398 
0.918842 0.724174 5.29076 1.16288 0.128141 0.9 0.79358 
0.925019 0.7371 5.22684 1.17634 0.123259 0.925 0.79358 
0.931372 0.750312 5.16292 1.19014 0.118296 0.95 0.79358 
0.937901 0.763812 5.09899 1.20426 0.11325 0.975 0.79358 
0.944604 0.777599 5.03507 1.21871 0.108123 1 0.79358 
0.927016 0.720191 5.30971 1.16699 0.12717 0.9 0.801761 
0.933375 0.733003 5.24579 1.18047 0.122386 0.925 0.801761 
0.939914 0.746101 5.18187 1.19428 0.117521 0.95 0.801761 
0.946632 0.759485 5.11794 1.20841 0.112576 0.975 0.801761 
0.95353 0.773154 5.05402 1.22287 0.107551 1 0.801761 
0.935138 0.716083 5.32866 1.17104 0.126194 0.9 0.809942 
0.941674 0.728781 5.26474 1.18453 0.121505 0.925 0.809942 
0.948395 0.741763 5.20081 1.19835 0.116736 0.95 0.809942 
0.955299 0.755029 5.13689 1.2125 0.111889 0.975 0.809942 
0.962386 0.768579 5.07297 1.22697 0.106963 1 0.809942 
0.943205 0.711852 5.34761 1.17503 0.125213 0.9 0.818123 
0.949915 0.724435 5.28369 1.18853 0.120616 0.925 0.818123 
0.956812 0.7373 5.21976 1.20236 0.115941 0.95 0.818123 
0.963897 0.750447 5.15584 1.21651 0.111189 0.975 0.818123 
0.97117 0.763877 5.09192 1.231 0.106358 1 0.818123 

ZONE I=5, J=5
0.943205 0.711852 5.36235 1.17503 0.125213 0.9 0.818123 
0.949915 0.724435 5.29141 1.18853 0.120616 0.925 0.818123 
0.956812 0.7373 5.22047 1.20236 0.115941 0.95 0.818123 
0.963897 0.750447 5.14953 1.21651 0.111189 0.975 0.818123 
0.97117 0.763877 5.07858 1.231 0.106358 1 0.818123 
0.951211 0.707503 5.38049 1.17895 0.124218 0.9 0.826305 
0.958093 0.719968 5.30955 1.19246 0.119714 0.925 0.826305 
0.965167 0.732713 5.23861 1.2063 0.115134 0.95 0.826305 
0.972433 0.745739 5.16766 1.22047 0.110478 0.975 0.826305 
0.979891 0.759046 5.09672 1.23497 0.105745 1 0.826305 
0.959161 0.703035 5.39863 1.18282 0.123218 0.9 0.834486 
0.966211 0.715381 5.32769 1.19634 0.118805 0.925 0.834486 
0.973457 0.728006 5.25675 1.21018 0.114317 0.95 0.834486 
0.9809 0.74091 5.1858 1.22436 0.109753 0.975 0.834486 
0.988538 0.754093 5.11486 1.23888 0.105115 1 0.834486 
0.967053 0.69845 5.41677 1.18663 0.122211 0.9 0.842667 
0.974267 0.710677 5.34583 1.20015 0.117886 0.925 0.842667 
0.981682 0.72318 5.27489 1.21401 0.113487 0.95 0.842667 
0.989296 0.735961 5.20394 1.22819 0.109015 0.975 0.842667 
0.997111 0.749019 5.133 1.24272 0.104468 1 0.842667 
0.974886 0.693749 5.43491 1.19038 0.121199 0.9 0.850848 
0.98226 0.705855 5.36397 1.2039 0.116959 0.925 0.850848 
0.989839 0.718237 5.29302 1.21777 0.112647 0.95 0.850848 
0.997621 0.730894 5.22208 1.23196 0.108262 0.975 0.850848 
1.00561 0.743827 5.15114 1.24649 0.103804 1 0.850848 

ZONE I=5, J=5
0.974886 0.693749 5.44999 1.19038 0.121199 0.9 0.850848 
0.98226 0.705855 5.37187 1.2039 0.116959 0.925 0.850848 
0.989839 0.718237 5.29375 1.21777 0.112647 0.95 0.850848 
0.997621 0.730894 5.21563 1.23196 0.108262 0.975 0.850848 
1.00561 0.743827 5.13751 1.24649 0.103804 1 0.850848 
0.982651 0.688937 5.46727 1.19407 0.120172 0.9 0.859029 
0.990185 0.700921 5.38915 1.2076 0.116019 0.925 0.859029 
0.997927 0.713178 5.31103 1.22147 0.111795 0.95 0.859029 
1.00588 0.725709 5.23291 1.23567 0.107499 0.975 0.859029 
1.01403 0.738513 5.15479 1.25021 0.103132 1 0.859029 
0.990356 0.684014 5.48455 1.1977 0.119139 0.9 0.86721 
0.998046 0.695874 5.40643 1.21124 0.11507 0.925 0.86721 
1.00595 0.708006 5.32831 1.22511 0.110931 0.95 0.86721 
1.01406 0.72041 5.25019 1.23932 0.106721 0.975 0.86721 
1.02239 0.733086 5.17207 1.25387 0.102442 1 0.86721 
0.997999 0.678979 5.50183 1.20128 0.118098 0.9 0.875391 
1.00584 0.690716 5.42371 1.21482 0.114111 0.925 0.875391 
1.0139 0.702722 5.34559 1.2287 0.110055 0.95 0.875391 
1.02217 0.714999 5.26747 1.24291 0.105929 0.975 0.875391 
1.03066 0.727546 5.18935 1.25747 0.101734 1 0.875391 
1.00558 0.673834 5.51911 1.2048 0.117051 0.9 0.883573 
1.01357 0.685447 5.44099 1.21834 0.113143 0.925 0.883573 
1.02178 0.697328 5.36287 1.23222 0.109167 0.95 0.883573 
1.03021 0.709477 5.28475 1.24645 0.105122 0.975 0.883573 
1.03885 0.721894 5.20663 1.26101 0.10101 1 0.883573 

ZONE I=5, J=5
1.00558 0.673834 5.53387 1.2048 0.117051 0.9 0.883573 
1.01357 0.685447 5.44873 1.21834 0.113143 0.925 0.883573 
1.02178 0.697328 5.36359 1.23222 0.109167 0.95 0.883573 
1.03021 0.709477 5.27845 1.24645 0.105122 0.975 0.883573 
1.03885 0.721894 5.19331 1.26101 0.10101 1 0.883573 
1.01309 0.668587 5.55026 1.20826 0.115989 0.9 0.891754 
1.02122 0.680073 5.46512 1.22181 0.112162 0.925 0.891754 
1.02958 0.691826 5.37998 1.2357 0.108267 0.95 0.891754 
1.03817 0.703845 5.29484 1.24992 0.104305 0.975 0.891754 
1.04697 0.716129 5.2097 1.26449 0.100276 1 0.891754 
1.02053 0.663235 5.56666 1.21167 0.11492 0.9 0.899935 
1.02881 0.674594 5.48152 1.22522 0.11117 0.925 0.899935 
1.03732 0.686218 5.39638 1.23911 0.107354 0.95 0.899935 
1.04605 0.698106 5.31124 1.25334 0.103473 0.975 0.899935 
1.05501 0.710258 5.2261 1.26792 0.0995256 1 0.899935 
1.02791 0.657777 5.58306 1.21503 0.113844 0.9 0.908116 
1.03633 0.66901 5.49792 1.22858 0.110169 0.925 0.908116 
1.04498 0.680505 5.41278 1.24247 0.10643 0.95 0.908116 
1.05386 0.692262 5.32764 1.25671 0.102626 0.975 0.908116 
1.06297 0.704281 5.2425 1.27129 0.0987576 1 0.908116 
1.03521 0.652217 5.59946 1.21833 0.11276 0.9 0.916298 
1.04377 0.663323 5.51432 1.23188 0.109159 0.925 0.916298 
1.05256 0.674688 5.42918 1.24578 0.105494 0.95 0.916298 
1.06159 0.686315 5.34404 1.26002 0.101765 0.975 0.916298 
1.07085 0.698201 5.2589 1.2746 0.0979723 1 0.916298 

ZONE I=5, J=5
1.03521 0.652217 5.61358 1.21833 0.11276 0.9 0.916298 
1.04377 0.663323 5.52172 1.23188 0.109159 0.925 0.916298 
1.05256 0.674688 5.42986 1.24578 0.105494 0.95 0.916298 
1.06159 0.686315 5.33801 1.26002 0.101765 0.975 0.916298 
1.07085 0.698201 5.24615 1.2746 0.0979723 1 0.916298 
1.04245 0.64656 5.62908 1.22158 0.111661 0.9 0.924479 
1.05114 0.657537 5.53722 1.23514 0.108134 0.925 0.924479 
1.06007 0.668771 5.44537 1.24903 0.104545 0.95 0.924479 
1.06924 0.680264 5.35351 1.26327 0.100893 0.975 0.924479 
1.07865 0.692014 5.26165 1.27786 0.0971783 1 0.924479 
1.04961 0.640805 5.64458 1.22478 0.110554 0.9 0.93266 
1.05844 0.651652 5.55272 1.23833 0.107099 0.925 0.93266 
1.06751 0.662755 5.46087 1.25223 0.103584 0.95 0.93266 
1.07682 0.674113 5.36901 1.26648 0.100006 0.975 0.93266 
1.08637 0.685728 5.27716 1.28107 0.0963673 1 0.93266 
1.0567 0.634951 5.66008 1.22793 0.109439 0.9 0.940841 
1.06566 0.645668 5.56823 1.24148 0.106055 0.925 0.940841 
1.07486 0.65664 5.47637 1.25538 0.10261 0.95 0.940841 
1.08431 0.667865 5.38451 1.26963 0.0991051 0.975 0.940841 
1.094 0.679343 5.29266 1.28422 0.0955393 1 0.940841 
1.06373 0.629 5.67559 1.23103 0.108317 0.9 0.949023 
1.07281 0.639588 5.58373 1.24458 0.105001 0.925 0.949023 
1.08214 0.650428 5.49187 1.25847 0.101625 0.95 0.949023 
1.09172 0.661519 5.40002 1.27272 0.0981894 0.975 0.949023 
1.10155 0.672861 5.30816 1.28732 0.0946944 1 0.949023 

ZONE I=5, J=5
1.06373 0.629 5.68893 1.23103 0.108317 0.9 0.949023 
1.07281 0.639588 5.59073 1.24458 0.105001 0.925 0.949023 
1.08214 0.650428 5.49252 1.25847 0.101625 0.95 0.949023 
1.09172 0.661519 5.39432 1.27272 0.0981894 0.975 0.949023 
1.10155 0.672861 5.29612 1.28732 0.0946944 1 0.949023 
1.07067 0.622959 5.70353 1.23407 0.107179 0.9 0.957204 
1.07988 0.633416 5.60533 1.24762 0.103932 0.925 0.957204 
1.08934 0.644122 5.50713 1.26152 0.100627 0.95 0.957204 
1.09905 0.655076 5.40892 1.27577 0.0972631 0.975 0.957204 
1.10902 0.66628 5.31072 1.29037 0.0938407 1 0.957204 
1.07754 0.616825 5.71814 1.23706 0.106034 0.9 0.965385 
1.08687 0.627151 5.61993 1.25061 0.102854 0.925 0.965385 
1.09646 0.637722 5.52173 1.26451 0.0996171 0.95 0.965385 
1.1063 0.648541 5.42353 1.27876 0.0963226 0.975 0.965385 
1.1164 0.659606 5.32532 1.29336 0.0929706 1 0.965385 
1.08434 0.610599 5.73274 1.24001 0.10488 0.9 0.973566 
1.09379 0.620793 5.63454 1.25356 0.101766 0.925 0.973566 
1.1035 0.631231 5.53633 1.26746 0.0985951 0.95 0.973566 
1.11347 0.641913 5.43813 1.28171 0.0953678 0.975 0.973566 
1.1237 0.65284 5.33992 1.29631 0.092084 1 0.973566 
1.09106 0.604283 5.74734 1.24291 0.103719 0.9 0.981748 
1.10063 0.614345 5.64914 1.25645 0.100668 0.925 0.981748 
1.11046 0.624649 5.55094 1.27035 0.097561 0.95 0.981748 
1.12055 0.635195 5.45273 1.2846 0.0943988 0.975 0.981748 
1.1309 0.645983 5.35453 1.2992 0.0911809 1 0.981748 

ZONE I=5, J=5
1.09106 0.604283 5.75987 1.24291 0.103719 0.9 0.981748 
1.10063 0.614345 5.65571 1.25645 0.100668 0.925 0.981748 
1.11046 0.624649 5.55155 1.27035 0.097561 0.95 0.981748 
1.12055 0.635195 5.44739 1.2846 0.0943988 0.975 0.981748 
1.1309 0.645983 5.34324 1.2992 0.0911809 1 0.981748 
1.0977 0.597882 5.77357 1.24575 0.102542 0.9 0.989929 
1.10739 0.607811 5.66942 1.2593 0.0995557 0.925 0.989929 
1.11734 0.617979 5.56526 1.27319 0.0965147 0.95 0.989929 
1.12755 0.628386 5.4611 1.28744 0.0934192 0.975 0.989929 
1.13803 0.639033 5.35694 1.30205 0.0902691 1 0.989929 
1.10427 0.591394 5.78728 1.24855 0.101357 0.9 0.99811 
1.11407 0.60119 5.68312 1.26209 0.0984339 0.925 0.99811 
1.12413 0.611222 5.57897 1.27599 0.0954567 0.95 0.99811 
1.13446 0.621491 5.47481 1.29024 0.092426 0.975 0.99811 
1.14507 0.631997 5.37065 1.30484 0.0893417 1 0.99811 
1.11076 0.584821 5.80099 1.2513 0.100165 0.9 1.00629 
1.12066 0.594483 5.69683 1.26484 0.0973023 0.925 1.00629 
1.13084 0.60438 5.59267 1.27874 0.094387 0.95 1.00629 
1.14129 0.61451 5.48852 1.29299 0.091419 0.975 1.00629 
1.15201 0.624875 5.38436 1.30759 0.0883984 1 1.00629 
1.11716 0.578163 5.8147 1.25401 0.0989644 0.9 1.01447 
1.12718 0.587692 5.71054 1.26754 0.0961608 0.925 1.01447 
1.13747 0.597453 5.60638 1.28144 0.0933055 0.95 1.01447 
1.14803 0.607446 5.50222 1.29568 0.0903984 0.975 1.01447 
1.15887 0.61767 5.39807 1.31029 0.0874394 1 1.01447 

ZONE I=5, J=5
1.11716 0.578163 5.82639 1.25401 0.0989644 0.9 1.01447 
1.12718 0.587692 5.71667 1.26754 0.0961608 0.925 1.01447 
1.13747 0.597453 5.60696 1.28144 0.0933055 0.95 1.01447 
1.14803 0.607446 5.49725 1.29568 0.0903984 0.975 1.01447 
1.15887 0.61767 5.38753 1.31029 0.0874394 1 1.01447 
1.12349 0.571422 5.83921 1.25667 0.0977482 0.9 1.02266 
1.13362 0.580816 5.7295 1.2702 0.0950051 0.925 1.02266 
1.14402 0.590439 5.61979 1.28409 0.0922112 0.95 1.02266 
1.15469 0.600291 5.51007 1.29834 0.0893666 0.975 1.02266 
1.16565 0.610372 5.40036 1.31294 0.0864711 1 1.02266 
1.12974 0.564601 5.85204 1.25928 0.0965243 0.9 1.03084 
1.13997 0.57386 5.74232 1.27281 0.09384 0.925 1.03084 
1.15048 0.583345 5.63261 1.2867 0.0911058 0.95 1.03084 
1.16127 0.593057 5.5229 1.30094 0.0883218 0.975 1.03084 
1.17234 0.602995 5.41318 1.31555 0.085488 1 1.03084 
1.13591 0.557701 5.86486 1.26184 0.0952928 0.9 1.03902 
1.14624 0.566826 5.75515 1.27537 0.0926656 0.925 1.03902 
1.15685 0.576174 5.64544 1.28926 0.0899894 0.95 1.03902 
1.16775 0.585745 5.53572 1.3035 0.0872642 0.975 1.03902 
1.17893 0.595541 5.42601 1.3181 0.0844901 1 1.03902 
1.142 0.550725 5.87769 1.26436 0.0940536 0.9 1.0472 
1.15242 0.559715 5.76797 1.27789 0.0914818 0.925 1.0472 
1.16314 0.568926 5.65826 1.29177 0.0888618 0.95 1.0472 
1.17414 0.578358 5.54855 1.30601 0.0861936 0.975 1.0472 
1.18543 0.588011 5.43883 1.32061 0.0834774 1 1.0472 

ZONE I=5, J=5
1.142 0.550725 5.88854 1.26436 0.0940536 0.9 1.0472 
1.15242 0.559715 5.77366 1.27789 0.0914818 0.925 1.0472 
1.16314 0.568926 5.65879 1.29177 0.0888618 0.95 1.0472 
1.17414 0.578358 5.54392 1.30601 0.0861936 0.975 1.0472 
1.18543 0.588011 5.42905 1.32061 0.0834774 1 1.0472 
1.148 0.543674 5.90049 1.26683 0.0928001 0.9 1.05538 
1.15852 0.552528 5.78561 1.28036 0.0902849 0.925 1.05538 
1.16934 0.5616 5.67074 1.29424 0.0877225 0.95 1.05538 
1.18044 0.57089 5.55587 1.30848 0.085113 0.975 1.05538 
1.19184 0.580398 5.44099 1.32308 0.0824563 1 1.05538 
1.15392 0.536548 5.91243 1.26926 0.0915386 0.9 1.06356 
1.16454 0.545265 5.79756 1.28278 0.0890786 0.925 1.06356 
1.17545 0.554198 5.68269 1.29666 0.0865722 0.95 1.06356 
1.18666 0.563346 5.56781 1.3109 0.0840197 0.975 1.06356 
1.19816 0.57271 5.45294 1.3255 0.0814209 1 1.06356 
1.15975 0.529346 5.92438 1.27165 0.0902693 0.9 1.07174 
1.17047 0.537928 5.80951 1.28516 0.0878628 0.925 1.07174 
1.18148 0.546722 5.69463 1.29904 0.085411 0.95 1.07174 
1.19278 0.555729 5.57976 1.31328 0.0829137 0.975 1.07174 
1.20438 0.564948 5.46489 1.32787 0.0803711 1 1.07174 
1.1655 0.522071 5.93633 1.27399 0.088992 0.9 1.07992 
1.17631 0.530517 5.82145 1.2875 0.0866377 0.925 1.07992 
1.18742 0.539173 5.70658 1.30137 0.0842387 0.95 1.07992 
1.19882 0.548039 5.59171 1.31561 0.0817952 0.975 1.07992 
1.21052 0.557114 5.47684 1.3302 0.0793071 1 1.07992 

ZONE I=5, J=5
1.1655 0.522071 5.94637 1.27399 0.088992 0.9 1.07992 
1.17631 0.530517 5.82672 1.2875 0.0866377 0.925 1.07992 
1.18742 0.539173 5.70708 1.30137 0.0842387 0.95 1.07992 
1.19882 0.548039 5.58743 1.31561 0.0817952 0.975 1.07992 
1.21052 0.557114 5.46778 1.3302 0.0793071 1 1.07992 
1.17117 0.51473 5.95746 1.27628 0.0877015 0.9 1.0881 
1.18207 0.523038 5.83781 1.28979 0.0854004 0.925 1.0881 
1.19326 0.531554 5.71817 1.30366 0.0830556 0.95 1.0881 
1.20476 0.540276 5.59852 1.31789 0.0806673 0.975 1.0881 
1.21656 0.549205 5.47887 1.33249 0.0782353 1 1.0881 
1.17675 0.507315 5.96855 1.27853 0.0864028 0.9 1.09628 
1.18774 0.515487 5.84891 1.29204 0.0841536 0.925 1.09628 
1.19902 0.523862 5.72926 1.30591 0.0818617 0.95 1.09628 
1.21062 0.532441 5.60961 1.32014 0.079527 0.975 1.09628 
1.22251 0.541223 5.48996 1.33473 0.0771497 1 1.09628 
1.18225 0.499829 5.97964 1.28074 0.0850961 0.9 1.10446 
1.19332 0.507863 5.86 1.29424 0.0828974 0.925 1.10446 
1.2047 0.516098 5.74035 1.30811 0.0806569 0.95 1.10446 
1.21638 0.524534 5.6207 1.32234 0.0783745 0.975 1.10446 
1.22837 0.533171 5.50106 1.33693 0.0760502 1 1.10446 
1.18766 0.492272 5.99073 1.28291 0.0837812 0.9 1.11265 
1.19882 0.500169 5.87109 1.29641 0.0816318 0.925 1.11265 
1.21028 0.508265 5.75144 1.31027 0.0794413 0.95 1.11265 
1.22205 0.516558 5.63179 1.32449 0.0772096 0.975 1.11265 
1.23413 0.525049 5.51215 1.33908 0.0749368 1 1.11265 

ZONE I=5, J=5
1.18766 0.492272 6 1.28291 0.0837812 0.9 1.11265 
1.19882 0.500169 5.87595 1.29641 0.0816318 0.925 1.11265 
1.21028 0.508265 5.75191 1.31027 0.0794413 0.95 1.11265 
1.22205 0.516558 5.62786 1.32449 0.0772096 0.975 1.11265 
1.23413 0.525049 5.50382 1.33908 0.0749368 1 1.11265 
1.19298 0.484658 6.01024 1.28503 0.0824545 0.9 1.12083 
1.20422 0.492417 5.8862 1.29852 0.0803554 0.925 1.12083 
1.21577 0.500371 5.76215 1.31238 0.0782161 0.95 1.12083 
1.22763 0.50852 5.6381 1.32661 0.0760366 0.975 1.12083 
1.2398 0.516864 5.51406 1.34119 0.0738168 1 1.12083 
1.19822 0.476978 6.02049 1.28711 0.0811205 0.9 1.12901 
1.20954 0.484599 5.89644 1.3006 0.0790704 0.925 1.12901 
1.22117 0.492412 5.77239 1.31446 0.076981 0.95 1.12901 
1.23311 0.500417 5.64835 1.32868 0.0748523 0.975 1.12901 
1.24537 0.508613 5.5243 1.34326 0.0726842 1 1.12901 
1.20336 0.469234 6.03073 1.28915 0.0797791 0.9 1.13719 
1.21476 0.476718 5.90668 1.30263 0.0777768 0.925 1.13719 
1.22648 0.48439 5.78264 1.31649 0.075736 0.95 1.13719 
1.2385 0.492251 5.65859 1.33071 0.0736567 0.975 1.13719 
1.25085 0.5003 5.53454 1.34529 0.0715389 1 1.13719 
1.20842 0.461427 6.04097 1.29114 0.0784302 0.9 1.14537 
1.2199 0.468774 5.91693 1.30463 0.0764746 0.925 1.14537 
1.23169 0.476305 5.79288 1.31848 0.0744811 0.95 1.14537 
1.2438 0.484022 5.66883 1.33269 0.0724499 0.975 1.14537 
1.25623 0.491924 5.54479 1.34727 0.0703809 1 1.14537 

ZONE I=5, J=5
1.20842 0.461427 6.04946 1.29114 0.0784302 0.9 1.14537 
1.2199 0.468774 5.92138 1.30463 0.0764746 0.925 1.14537 
1.23169 0.476305 5.7933 1.31848 0.0744811 0.95 1.14537 
1.2438 0.484022 5.66522 1.33269 0.0724499 0.975 1.14537 
1.25623 0.491924 5.53714 1.34727 0.0703809 1 1.14537 
1.21339 0.453564 6.05888 1.2931 0.0770695 0.9 1.15355 
1.22494 0.460771 5.9308 1.30658 0.0751615 0.925 1.15355 
1.23681 0.46816 5.80272 1.32042 0.0732166 0.95 1.15355 
1.249 0.475732 5.67464 1.33464 0.0712348 0.975 1.15355 
1.26151 0.483486 5.54656 1.34921 0.0692161 1 1.15355 
1.21827 0.445638 6.0683 1.29501 0.0757014 0.9 1.16173 
1.2299 0.452706 5.94021 1.30849 0.0738399 0.925 1.16173 
1.24184 0.459953 5.81213 1.32233 0.0719424 0.95 1.16173 
1.25411 0.46738 5.68405 1.33654 0.0700087 0.975 1.16173 
1.2667 0.474985 5.55597 1.35112 0.0680391 1 1.16173 
1.22307 0.43765 6.07771 1.29688 0.0743258 0.9 1.16991 
1.23476 0.44458 5.94963 1.31035 0.0725098 0.925 1.16991 
1.24678 0.451685 5.82155 1.32419 0.0706584 0.95 1.16991 
1.25913 0.458966 5.69347 1.3384 0.0687718 0.975 1.16991 
1.27179 0.466423 5.56539 1.35298 0.0668499 1 1.16991 
1.22777 0.429602 6.08713 1.29871 0.0729428 0.9 1.1781 
1.23953 0.436393 5.95905 1.31218 0.0711711 0.925 1.1781 
1.25163 0.443357 5.83097 1.32602 0.0693648 0.95 1.1781 
1.26405 0.450493 5.70288 1.34022 0.067524 0.975 1.1781 
1.27679 0.457803 5.5748 1.35479 0.0656487 1 1.1781 

ZONE I=5, J=5
1.22777 0.429602 6.09488 1.29871 0.0729428 0.9 1.1781 
1.23953 0.436393 5.96312 1.31218 0.0711711 0.925 1.1781 
1.25163 0.443357 5.83136 1.32602 0.0693648 0.95 1.1781 
1.26405 0.450493 5.6996 1.34022 0.067524 0.975 1.1781 
1.27679 0.457803 5.56783 1.35479 0.0656487 1 1.1781 
1.23238 0.421507 6.10348 1.3005 0.0715496 0.9 1.18628 
1.24421 0.428159 5.97172 1.31397 0.0698231 0.925 1.18628 
1.25638 0.434979 5.83996 1.3278 0.068063 0.95 1.18628 
1.26887 0.441969 5.7082 1.342 0.0662692 0.975 1.18628 
1.28169 0.449129 5.57643 1.35657 0.0644417 1 1.18628 
1.2369 0.413357 6.11208 1.30225 0.0701497 0.9 1.19446 
1.2488 0.419869 5.98032 1.31571 0.0684676 0.925 1.19446 
1.26103 0.426547 5.84856 1.32954 0.0667525 0.95 1.19446 
1.27359 0.433391 5.71679 1.34374 0.0650046 0.975 1.19446 
1.28649 0.440401 5.58503 1.35831 0.0632238 1 1.19446 
1.24132 0.405153 6.12068 1.30396 0.0687433 0.9 1.20264 
1.25329 0.411525 5.98892 1.31742 0.0671044 0.925 1.20264 
1.26559 0.41806 5.85716 1.33124 0.0654334 0.95 1.20264 
1.27822 0.424759 5.72539 1.34544 0.0637303 0.975 1.20264 
1.29119 0.431619 5.59363 1.36001 0.0619951 1 1.20264 
1.24566 0.396895 6.12928 1.30563 0.0673302 0.9 1.21082 
1.25769 0.403129 5.99752 1.31908 0.0657336 0.925 1.21082 
1.27005 0.409522 5.86575 1.33291 0.0641056 0.95 1.21082 
1.28275 0.416074 5.73399 1.3471 0.0624463 0.975 1.21082 
1.29579 0.422787 5.60223 1.36166 0.0607555 1 1.21082 

ZONE I=5, J=5
1.24566 0.396895 6.13631 1.30563 0.0673302 0.9 1.21082 
1.25769 0.403129 6.00121 1.31908 0.0657336 0.925 1.21082 
1.27005 0.409522 5.86611 1.33291 0.0641056 0.95 1.21082 
1.28275 0.416074 5.73101 1.3471 0.0624463 0.975 1.21082 
1.29579 0.422787 5.59591 1.36166 0.0607555 1 1.21082 
1.2499 0.388591 6.14411 1.30726 0.065907 0.9 1.219 
1.26199 0.394684 6.00901 1.32071 0.0643535 0.925 1.219 
1.27442 0.400934 5.87391 1.33453 0.0627696 0.95 1.219 
1.28719 0.407339 5.73881 1.34872 0.061155 0.975 1.219 
1.30029 0.413901 5.60371 1.36328 0.05951 1 1.219 
1.25405 0.380234 6.15191 1.30884 0.0644771 0.9 1.22718 
1.26621 0.386187 6.01681 1.32229 0.062966 0.925 1.22718 
1.2787 0.392293 5.88171 1.33611 0.0614251 0.95 1.22718 
1.29153 0.398551 5.74661 1.3503 0.0598545 0.975 1.22718 
1.30469 0.404963 5.61151 1.36485 0.0582541 1 1.22718 
1.25811 0.371825 6.15971 1.31039 0.0630407 0.9 1.23536 
1.27032 0.377638 6.02461 1.32384 0.061571 0.925 1.23536 
1.28288 0.383601 5.88951 1.33765 0.0600723 0.95 1.23536 
1.29577 0.389713 5.75441 1.35184 0.0585446 0.975 1.23536 
1.309 0.395974 5.61931 1.36639 0.0569879 1 1.23536 
1.26208 0.363365 6.16751 1.3119 0.0615977 0.9 1.24355 
1.27435 0.369039 6.03241 1.32534 0.0601685 0.925 1.24355 
1.28696 0.374858 5.89731 1.33916 0.0587111 0.95 1.24355 
1.29991 0.380824 5.76221 1.35334 0.0572254 0.975 1.24355 
1.31321 0.386936 5.62711 1.36789 0.0557114 1 1.24355 

ZONE I=5, J=5
1.26208 0.363365 6.17385 1.3119 0.0615977 0.9 1.24355 
1.27435 0.369039 6.03574 1.32534 0.0601685 0.925 1.24355 
1.28696 0.374858 5.89763 1.33916 0.0587111 0.95 1.24355 
1.29991 0.380824 5.75953 1.35334 0.0572254 0.975 1.24355 
1.31321 0.386936 5.62142 1.36789 0.0557114 1 1.24355 
1.26595 0.354869 6.18086 1.31337 0.0601462 0.9 1.25173 
1.27828 0.360401 6.04275 1.32681 0.0587584 0.925 1.25173 
1.29094 0.366077 5.90465 1.34062 0.0573431 0.95 1.25173 
1.30396 0.371894 5.76654 1.3548 0.0559003 0.975 1.25173 
1.31731 0.377855 5.62844 1.36935 0.0544301 1 1.25173 
1.26973 0.346327 6.18787 1.31481 0.0586891 0.9 1.25991 
1.28211 0.351719 6.04976 1.32824 0.0573418 0.925 1.25991 
1.29483 0.35725 5.91166 1.34204 0.0559679 0.95 1.25991 
1.3079 0.36292 5.77355 1.35622 0.0545672 0.975 1.25991 
1.32131 0.36873 5.63545 1.37077 0.0531399 1 1.25991 
1.27341 0.33774 6.19488 1.3162 0.0572263 0.9 1.26809 
1.28584 0.342992 6.05678 1.32963 0.0559188 0.925 1.26809 
1.29862 0.348379 5.91867 1.34343 0.0545854 0.95 1.26809 
1.31175 0.353902 5.78057 1.3576 0.053226 0.975 1.26809 
1.32522 0.359561 5.64246 1.37215 0.0518406 1 1.26809 
1.277 0.32911 6.20189 1.31755 0.0557579 0.9 1.27627 
1.28948 0.334222 6.06379 1.33098 0.0544894 0.925 1.27627 
1.30231 0.339466 5.92568 1.34478 0.0531956 0.95 1.27627 
1.31549 0.344842 5.78758 1.35895 0.0518766 0.975 1.27627 
1.32902 0.35035 5.64947 1.37349 0.0505323 1 1.27627 

ZONE I=5, J=5
1.277 0.32911 6.20754 1.31755 0.0557579 0.9 1.27627 
1.28948 0.334222 6.06675 1.33098 0.0544894 0.925 1.27627 
1.30231 0.339466 5.92597 1.34478 0.0531956 0.95 1.27627 
1.31549 0.344842 5.78518 1.35895 0.0518766 0.975 1.27627 
1.32902 0.35035 5.6444 1.37349 0.0505323 1 1.27627 
1.28049 0.320443 6.21378 1.31886 0.054281 0.9 1.28445 
1.29302 0.325413 6.07299 1.33229 0.0530523 0.925 1.28445 
1.30591 0.330512 5.93221 1.34608 0.051799 0.95 1.28445 
1.31914 0.33574 5.79142 1.36025 0.0505213 0.975 1.28445 
1.33272 0.341097 5.65064 1.3748 0.0492191 1 1.28445 
1.28389 0.311732 6.22002 1.32014 0.0527986 0.9 1.29263 
1.29647 0.316561 6.07923 1.33356 0.0516089 0.925 1.29263 
1.3094 0.321516 5.93845 1.34736 0.0503955 0.95 1.29263 
1.32268 0.326596 5.79766 1.36152 0.0491583 0.975 1.29263 
1.33632 0.331801 5.65688 1.37606 0.0478974 1 1.29263 
1.2872 0.302979 6.22626 1.32138 0.0513106 0.9 1.30081 
1.29982 0.307668 6.08547 1.3348 0.0501593 0.925 1.30081 
1.3128 0.312478 5.94469 1.34859 0.0489849 0.95 1.30081 
1.32613 0.31741 5.8039 1.36275 0.0477876 0.975 1.30081 
1.33982 0.322463 5.66312 1.37729 0.0465672 1 1.30081 
1.29041 0.294185 6.2325 1.32258 0.049817 0.9 1.309 
1.30308 0.298733 6.09172 1.33599 0.0487034 0.925 1.309 
1.3161 0.303399 5.95093 1.34978 0.0475674 0.95 1.309 
1.32948 0.308183 5.81014 1.36394 0.0464091 0.975 1.309 
1.34322 0.313085 5.66936 1.37848 0.0452285 1 1.309 

ZONE I=5, J=5
1.29041 0.294185 6.23748 1.32258 0.049817 0.9 1.309 
1.30308 0.298733 6.09433 1.33599 0.0487034 0.925 1.309 
1.3161 0.303399 5.95119 1.34978 0.0475674 0.95 1.309 
1.32948 0.308183 5.80804 1.36394 0.0464091 0.975 1.309 
1.34322 0.313085 5.66489 1.37848 0.0452285 1 1.309 
1.29352 0.285364 6.24296 1.32374 0.0483168 0.9 1.31718 
1.30623 0.28977 6.09981 1.33715 0.0472415 0.925 1.31718 
1.3193 0.29429 5.95666 1.35094 0.0461446 0.95 1.31718 
1.33273 0.298926 5.81351 1.3651 0.0450262 0.975 1.31718 
1.34651 0.303676 5.67037 1.37963 0.0438863 1 1.31718 
1.29653 0.276506 6.24844 1.32486 0.0468121 0.9 1.32536 
1.30929 0.28077 6.10529 1.33827 0.0457745 0.925 1.32536 
1.3224 0.285146 5.96214 1.35206 0.0447161 0.95 1.32536 
1.33587 0.289633 5.81899 1.36621 0.0436369 0.975 1.32536 
1.3497 0.294231 5.67584 1.38075 0.0425369 1 1.32536 
1.29945 0.267613 6.25391 1.32595 0.0453028 0.9 1.33354 
1.31225 0.271736 6.11076 1.33936 0.0443023 0.925 1.33354 
1.3254 0.275967 5.96762 1.35314 0.0432817 0.95 1.33354 
1.33892 0.280306 5.82447 1.36729 0.0422411 0.975 1.33354 
1.35279 0.284752 5.68132 1.38182 0.0411804 1 1.33354 
1.30227 0.258687 6.25939 1.327 0.0437889 0.9 1.34172 
1.31511 0.262669 6.11624 1.3404 0.0428249 0.925 1.34172 
1.3283 0.266756 5.97309 1.35418 0.0418416 0.95 1.34172 
1.34186 0.270946 5.82994 1.36833 0.0408388 0.975 1.34172 
1.35578 0.275241 5.6868 1.38286 0.0398167 1 1.34172 

ZONE I=5, J=5
1.30227 0.258687 6.26371 1.327 0.0437889 0.9 1.34172 
1.31511 0.262669 6.11851 1.3404 0.0428249 0.925 1.34172 
1.3283 0.266756 5.97331 1.35418 0.0418416 0.95 1.34172 
1.34186 0.270946 5.82811 1.36833 0.0408388 0.975 1.34172 
1.35578 0.275241 5.68291 1.38286 0.0398167 1 1.34172 
1.305 0.249732 6.26844 1.32801 0.0422685 0.9 1.3499 
1.31787 0.253573 6.12324 1.34141 0.0413416 0.925 1.3499 
1.33111 0.257514 5.97804 1.35518 0.0403961 0.95 1.3499 
1.3447 0.261555 5.83284 1.36933 0.039432 0.975 1.3499 
1.35866 0.265697 5.68764 1.38386 0.0384492 1 1.3499 
1.30763 0.240743 6.27317 1.32898 0.0407435 0.9 1.35808 
1.32054 0.244442 6.12796 1.34238 0.0398533 0.925 1.35808 
1.33381 0.248238 5.98276 1.35615 0.0389452 0.95 1.35808 
1.34744 0.25213 5.83756 1.3703 0.0380191 0.975 1.35808 
1.36144 0.256119 5.69236 1.38482 0.0370751 1 1.35808 
1.31016 0.231721 6.27789 1.32991 0.0392142 0.9 1.36626 
1.3231 0.235279 6.13269 1.34331 0.03836 0.925 1.36626 
1.33641 0.238929 5.98749 1.35708 0.0374887 0.95 1.36626 
1.35008 0.242672 5.84229 1.37123 0.0366001 0.975 1.36626 
1.36412 0.246509 5.69709 1.38575 0.0356943 1 1.36626 
1.31259 0.222668 6.28262 1.33081 0.0376803 0.9 1.37445 
1.32557 0.226084 6.13742 1.34421 0.0368618 0.925 1.37445 
1.33891 0.229589 5.99222 1.35798 0.0360267 0.95 1.37445 
1.35262 0.233184 5.84702 1.37212 0.0351751 0.975 1.37445 
1.36669 0.236868 5.70181 1.38664 0.034307 1 1.37445 

ZONE I=5, J=5
1.31259 0.222668 6.28631 1.33081 0.0376803 0.9 1.37445 
1.32557 0.226084 6.13936 1.34421 0.0368618 0.925 1.37445 
1.33891 0.229589 5.99241 1.35798 0.0360267 0.95 1.37445 
1.35262 0.233184 5.84546 1.37212 0.0351751 0.975 1.37445 
1.36669 0.236868 5.69851 1.38664 0.034307 1 1.37445 
1.31493 0.213596 6.29029 1.33167 0.0361418 0.9 1.38263 
1.32794 0.21687 6.14334 1.34506 0.0353594 0.925 1.38263 
1.34131 0.220229 5.99639 1.35883 0.0345611 0.95 1.38263 
1.35505 0.223674 5.84944 1.37298 0.0337471 0.975 1.38263 
1.36916 0.227206 5.70249 1.38749 0.0329172 1 1.38263 
1.31716 0.204497 6.29427 1.3325 0.0345999 0.9 1.39081 
1.3302 0.207629 6.14732 1.34589 0.0338531 0.925 1.39081 
1.34361 0.210843 6.00037 1.35965 0.0330912 0.95 1.39081 
1.35738 0.214139 5.85342 1.37379 0.0323142 0.975 1.39081 
1.37153 0.217517 5.70647 1.38831 0.0315222 1 1.39081 
1.3193 0.195373 6.29825 1.33328 0.0330545 0.9 1.39899 
1.33237 0.198363 6.1513 1.34667 0.032343 0.925 1.39899 
1.34581 0.201431 6.00435 1.36043 0.031617 0.95 1.39899 
1.35961 0.204578 5.8574 1.37457 0.0308767 0.975 1.39899 
1.37379 0.207803 5.71046 1.38909 0.0301219 1 1.39899 
1.32134 0.186225 6.30224 1.33403 0.0315058 0.9 1.40717 
1.33444 0.189073 6.15529 1.34742 0.030829 0.925 1.40717 
1.34791 0.191996 6.00834 1.36118 0.0301385 0.95 1.40717 
1.36174 0.194994 5.86139 1.37532 0.0294343 0.975 1.40717 
1.37594 0.198067 5.71444 1.38983 0.0287164 1 1.40717 

ZONE I=5, J=5
1.32134 0.186225 6.30529 1.33403 0.0315058 0.9 1.40717 
1.33444 0.189073 6.15689 1.34742 0.030829 0.925 1.40717 
1.34791 0.191996 6.00849 1.36118 0.0301385 0.95 1.40717 
1.36174 0.194994 5.86009 1.37532 0.0294343 0.975 1.40717 
1.37594 0.198067 5.71169 1.38983 0.0287164 1 1.40717 
1.32329 0.177057 6.30854 1.33474 0.0299524 0.9 1.41535 
1.33641 0.179763 6.16014 1.34813 0.0293108 0.925 1.41535 
1.3499 0.18254 6.01174 1.36189 0.0286563 0.95 1.41535 
1.36376 0.185388 5.86334 1.37602 0.0279887 0.975 1.41535 
1.378 0.188307 5.71494 1.39054 0.0273082 1 1.41535 
1.32513 0.167864 6.31179 1.33542 0.0283957 0.9 1.42353 
1.33828 0.170427 6.16339 1.3488 0.0277891 0.925 1.42353 
1.3518 0.173058 6.01499 1.36256 0.0271701 0.95 1.42353 
1.36569 0.175757 5.86659 1.37669 0.0265388 0.975 1.42353 
1.37995 0.178523 5.71819 1.3912 0.0258953 1 1.42353 
1.32687 0.158647 6.31504 1.33606 0.0268358 0.9 1.43171 
1.34005 0.161069 6.16664 1.34944 0.0262636 0.925 1.43171 
1.35359 0.163554 6.01824 1.36319 0.0256799 0.95 1.43171 
1.3675 0.166103 5.86984 1.37733 0.0250846 0.975 1.43171 
1.38179 0.168716 5.72144 1.39184 0.0244776 1 1.43171 
1.32852 0.149408 6.31828 1.33666 0.0252725 0.9 1.4399 
1.34172 0.151688 6.16989 1.35004 0.0247346 0.925 1.4399 
1.35528 0.154027 6.02149 1.36379 0.0241857 0.95 1.4399 
1.36922 0.156427 5.87309 1.37792 0.0236259 0.975 1.4399 
1.38353 0.158886 5.72469 1.39243 0.0230552 1 1.4399 

ZONE I=5, J=5
1.32852 0.149408 6.32072 1.33666 0.0252725 0.9 1.4399 
1.34172 0.151688 6.17117 1.35004 0.0247346 0.925 1.4399 
1.35528 0.154027 6.02161 1.36379 0.0241857 0.95 1.4399 
1.36922 0.156427 5.87206 1.37792 0.0236259 0.975 1.4399 
1.38353 0.158886 5.72251 1.39243 0.0230552 1 1.4399 
1.33007 0.140159 6.32324 1.33722 0.0237065 0.9 1.44808 
1.34328 0.142296 6.17369 1.3506 0.0232031 0.925 1.44808 
1.35687 0.14449 6.02413 1.36435 0.0226895 0.95 1.44808 
1.37083 0.146739 5.87458 1.37848 0.0221657 0.975 1.44808 
1.38516 0.149045 5.72503 1.39299 0.0216316 1 1.44808 
1.33152 0.130893 6.32576 1.33775 0.0221384 0.9 1.45626 
1.34475 0.132888 6.1762 1.35113 0.0216692 0.925 1.45626 
1.35836 0.134935 6.02665 1.36488 0.0211905 0.95 1.45626 
1.37234 0.137035 5.8771 1.37901 0.0207023 0.975 1.45626 
1.38669 0.139187 5.72754 1.39352 0.0202046 1 1.45626 
1.33286 0.12161 6.32828 1.33824 0.020568 0.9 1.46444 
1.34612 0.123463 6.17872 1.35162 0.0201329 0.925 1.46444 
1.35974 0.125364 6.02917 1.36537 0.0196888 0.95 1.46444 
1.37374 0.127314 5.87962 1.3795 0.019236 0.975 1.46444 
1.38812 0.129313 5.73006 1.394 0.0187742 1 1.46444 
1.33411 0.112313 6.3308 1.3387 0.0189955 0.9 1.47262 
1.34738 0.114024 6.18124 1.35207 0.018594 0.925 1.47262 
1.36102 0.115779 6.03169 1.36582 0.0181844 0.95 1.47262 
1.37504 0.11758 5.88214 1.37995 0.0177666 0.975 1.47262 
1.38944 0.119425 5.73258 1.39445 0.0173406 1 1.47262 

ZONE I=5, J=5
1.33411 0.112313 6.33262 1.3387 0.0189955 0.9 1.47262 
1.34738 0.114024 6.1822 1.35207 0.018594 0.925 1.47262 
1.36102 0.115779 6.03178 1.36582 0.0181844 0.95 1.47262 
1.37504 0.11758 5.88137 1.37995 0.0177666 0.975 1.47262 
1.38944 0.119425 5.73095 1.39445 0.0173406 1 1.47262 
1.33526 0.103005 6.33441 1.33911 0.0174202 0.9 1.4808 
1.34855 0.104573 6.184 1.35249 0.0170527 0.925 1.4808 
1.36221 0.106182 6.03358 1.36624 0.0166778 0.95 1.4808 
1.37624 0.107832 5.88316 1.38036 0.0162953 0.975 1.4808 
1.39065 0.109524 5.73275 1.39487 0.0159054 1 1.4808 
1.33631 0.0936805 6.33621 1.3395 0.0158429 0.9 1.48898 
1.34961 0.0951058 6.18579 1.35287 0.0155092 0.925 1.48898 
1.36328 0.0965688 6.03538 1.36662 0.0151687 0.95 1.48898 
1.37733 0.0980693 5.88496 1.38074 0.0148214 0.975 1.48898 
1.39176 0.0996075 5.73454 1.39524 0.0144674 1 1.48898 
1.33726 0.0843419 6.338 1.33984 0.0142636 0.9 1.49716 
1.35057 0.0856248 6.18759 1.35321 0.0139635 0.925 1.49716 
1.36426 0.0869415 6.03717 1.36696 0.0136573 0.95 1.49716 
1.37832 0.0882921 5.88676 1.38108 0.0133449 0.975 1.49716 
1.39276 0.0896766 5.73634 1.39559 0.0130265 1 1.49716 
1.33811 0.0749903 6.3398 1.34015 0.0126821 0.9 1.50535 
1.35143 0.0761308 6.18939 1.35352 0.0124155 0.925 1.50535 
1.36513 0.0773013 6.03897 1.36727 0.0121434 0.95 1.50535 
1.37921 0.078502 5.88855 1.38139 0.0118658 0.975 1.50535 
1.39366 0.0797328 5.73814 1.39589 0.0115828 1 1.50535 

ZONE I=5, J=5
1.33811 0.0749903 6.34101 1.34015 0.0126821 0.9 1.50535 
1.35143 0.0761308 6.19002 1.35352 0.0124155 0.925 1.50535 
1.36513 0.0773013 6.03903 1.36727 0.0121434 0.95 1.50535 
1.37921 0.078502 5.88804 1.38139 0.0118658 0.975 1.50535 
1.39366 0.0797328 5.73705 1.39589 0.0115828 1 1.50535 
1.33886 0.0656374 6.34209 1.34042 0.0111 0.9 1.51353 
1.35219 0.0666352 6.1911 1.35379 0.0108669 0.925 1.51353 
1.3659 0.0676594 6.04011 1.36754 0.010629 0.95 1.51353 
1.37999 0.06871 5.88912 1.38166 0.0103864 0.975 1.51353 
1.39445 0.069787 5.73813 1.39616 0.0101391 1 1.51353 
1.33951 0.0562762 6.34316 1.34066 0.00951686 0.9 1.52171 
1.35285 0.0571315 6.19217 1.35403 0.00931722 0.925 1.52171 
1.36657 0.0580094 6.04118 1.36777 0.00911351 0.95 1.52171 
1.38067 0.0589099 5.89019 1.3819 0.00890572 0.975 1.52171 
1.39514 0.059833 5.7392 1.3964 0.00869387 1 1.52171 
1.34006 0.0469081 6.34424 1.34086 0.0079328 0.9 1.52989 
1.35341 0.047621 6.19325 1.35423 0.0077665 0.925 1.52989 
1.36714 0.0483526 6.04226 1.36797 0.00759681 0.95 1.52989 
1.38124 0.0491031 5.89127 1.38209 0.00742373 0.975 1.52989 
1.39572 0.0498724 5.74028 1.39659 0.00724725 1 1.52989 
1.34051 0.0375345 6.34532 1.34102 0.00634779 0.9 1.53807 
1.35387 0.0381049 6.19433 1.35439 0.00621472 0.925 1.53807 
1.3676 0.0386903 6.04334 1.36813 0.00607893 0.95 1.53807 
1.38171 0.0392908 5.89235 1.38226 0.00594043 0.975 1.53807 
1.3962 0.0399064 5.74136 1.39676 0.0057992 1 1.53807 

ZONE I=5, J=5
1.34051 0.0375345 6.34592 1.34102 0.00634779 0.9 1.53807 
1.35387 0.0381049 6.19464 1.35439 0.00621472 0.925 1.53807 
1.3676 0.0386903 6.04337 1.36813 0.00607893 0.95 1.53807 
1.38171 0.0392908 5.89209 1.38226 0.00594043 0.975 1.53807 
1.3962 0.0399064 5.74081 1.39676 0.0057992 1 1.53807 
1.34086 0.028158 6.34628 1.34115 0.00476204 0.9 1.54625 
1.35422 0.0285859 6.195 1.35452 0.00466228 0.925 1.54625 
1.36796 0.029025 6.04373 1.36826 0.00456049 0.95 1.54625 
1.38207 0.0294754 5.89245 1.38238 0.00445665 0.975 1.54625 
1.39657 0.0299371 5.74117 1.39688 0.00435078 1 1.54625 
1.34111 0.0187751 6.34664 1.34124 0.0031755 0.9 1.55443 
1.35448 0.0190603 6.19536 1.35461 0.00310902 0.925 1.55443 
1.36822 0.0193531 6.04408 1.36835 0.00304118 0.95 1.55443 
1.38234 0.0196534 5.89281 1.38247 0.00297199 0.975 1.55443 
1.39683 0.0199612 5.74153 1.39697 0.00290144 1 1.55443 
1.34126 0.00938703 6.347 1.34129 0.00158815 0.9 1.56261 
1.35463 0.00952962 6.19572 1.35466 0.00155492 0.925 1.56261 
1.36837 0.00967598 6.04444 1.3684 0.00152102 0.95 1.56261 
1.38249 0.00982611 5.89317 1.38253 0.00148644 0.975 1.56261 
1.39699 0.00998001 5.74189 1.39703 0.00145118 1 1.56261 
1.34131 -4.92692e-06 6.34736 1.34131 0 0.9 1.5708 
1.35468 -4.97601e-06 6.19608 1.35468 0 0.925 1.5708 
1.36842 -5.0265e-06 6.0448 1.36842 0 0.95 1.5708 
1.38254 -5.07837e-06 5.89353 1.38254 0 0.975 1.5708 
1.39704 -5.13163e-06 5.74225 1.39704 0 1 1.5708 

