ZONE I=2, J=2
0 0.993527 4.71129 0.993527 0 0.9 0 
0 1.06 2.19608 1.06 0 1 0 
0.0381623 0.99354 4.71356 0.994257 0.00563414 0.9 0.0327249 
0.0381432 1.06 2.19834 1.06068 0.00344059 1 0.0327249 

ZONE I=2, J=2
0.0381623 0.99354 4.71398 0.994257 0.00563414 0.9 0.0327249 
0.0381432 1.06 2.19817 1.06068 0.00344059 1 0.0327249 
0.0763233 0.993579 4.7194 0.996444 0.0111768 0.9 0.0654498 
0.0762901 1.06 2.20358 1.06272 0.00679948 1 0.0654498 

ZONE I=2, J=2
0.0763233 0.993579 4.71955 0.996444 0.0111768 0.9 0.0654498 
0.0762901 1.06 2.20382 1.06272 0.00679948 1 0.0654498 
0.114479 0.993648 4.72854 1.00008 0.0165337 0.9 0.0981748 
0.114448 1.06 2.21281 1.06611 0.00999905 1 0.0981748 

ZONE I=2, J=2
0.114479 0.993648 4.72614 1.00008 0.0165337 0.9 0.0981748 
0.114448 1.06 2.21527 1.06611 0.00999905 1 0.0981748 
0.15262 0.993749 4.7383 1.00517 0.0216034 0.9 0.1309 
0.152635 1.06 2.22743 1.07085 0.0129713 1 0.1309 

ZONE I=2, J=2
0.15262 0.993749 4.7278 1.00517 0.0216034 0.9 0.1309 
0.152635 1.06 2.23717 1.07085 0.0129713 1 0.1309 
0.190714 0.993885 4.74285 1.01168 0.0262666 0.9 0.163625 
0.190886 1.06 2.25221 1.07694 0.0156666 1 0.163625 

ZONE I=2, J=2
0.190714 0.993885 4.71112 1.01168 0.0262666 0.9 0.163625 
0.190886 1.06 2.28093 1.07694 0.0156666 1 0.163625 
0.22869 0.994041 4.73001 1.01956 0.0303676 0.9 0.19635 
0.229263 1.06 2.29982 1.08436 0.0180613 1 0.19635 

ZONE I=2, J=2
0.22869 0.994041 4.64948 1.01956 0.0303676 0.9 0.19635 
0.229263 1.06 2.37189 1.08436 0.0180613 1 0.19635 
0.266399 0.994144 4.67826 1.02867 0.0336936 0.9 0.229074 
0.267847 1.06 2.40068 1.09313 0.0201494 1 0.229074 

ZONE I=2, J=2
0.266399 0.994144 4.49985 1.02867 0.0336936 0.9 0.229074 
0.267847 1.06 2.55911 1.09313 0.0201494 1 0.229074 
0.303597 0.99395 4.56 1.03866 0.0359998 0.9 0.261799 
0.306661 1.06 2.61926 1.10325 0.0218645 1 0.261799 

ZONE I=2, J=2
0.303597 0.99395 4.22895 1.03866 0.0359998 0.9 0.261799 
0.306661 1.06 2.92937 1.10325 0.0218645 1 0.261799 
0.340231 0.992968 4.34532 1.04898 0.0373381 0.9 0.294524 
0.345388 1.05974 3.04574 1.11437 0.0228904 1 0.294524 

ZONE I=2, J=2
0.340231 0.992968 4.04028 1.04898 0.0373381 0.9 0.294524 
0.345388 1.05974 3.33533 1.11437 0.0228904 1 0.294524 
0.376322 0.990463 4.09409 1.05886 0.0379766 0.9 0.327249 
0.383905 1.05705 3.38913 1.12435 0.0237538 1 0.327249 

ZONE I=2, J=2
0.376322 0.990463 3.96466 1.05886 0.0379766 0.9 0.327249 
0.383905 1.05705 3.49902 1.12435 0.0237538 1 0.327249 
0.411886 0.986141 4.00081 1.06802 0.0381183 0.9 0.359974 
0.422452 1.05212 3.53517 1.13349 0.0247664 1 0.359974 

ZONE I=2, J=2
0.411886 0.986141 3.9434 1.06802 0.0381183 0.9 0.359974 
0.422452 1.05212 3.58727 1.13349 0.0247664 1 0.359974 
0.447106 0.979927 3.97865 1.07643 0.0380699 0.9 0.392699 
0.46081 1.04512 3.62252 1.14191 0.0257837 1 0.392699 

ZONE I=2, J=2
0.447106 0.979927 3.95422 1.07643 0.0380699 0.9 0.392699 
0.46081 1.04512 3.6449 1.14191 0.0257837 1 0.392699 
0.481995 0.971882 3.98839 1.08417 0.037929 0.9 0.425424 
0.498803 1.03614 3.67906 1.14964 0.0267182 1 0.425424 

ZONE I=2, J=2
0.481995 0.971882 3.9801 1.08417 0.037929 0.9 0.425424 
0.498803 1.03614 3.68665 1.14964 0.0267182 1 0.425424 
0.516513 0.962084 4.01264 1.09131 0.0377274 0.9 0.458149 
0.536311 1.0253 3.71919 1.15676 0.0275262 1 0.458149 

ZONE I=2, J=2
0.516513 0.962084 4.01217 1.09131 0.0377274 0.9 0.458149 
0.536311 1.0253 3.7196 1.15676 0.0275262 1 0.458149 
0.550605 0.950615 4.04286 1.09792 0.0374731 0.9 0.490874 
0.573253 1.01268 3.75028 1.16333 0.0281905 1 0.490874 

ZONE I=2, J=2
0.550605 0.950615 4.04606 1.09792 0.0374731 0.9 0.490874 
0.573253 1.01268 3.74734 1.16333 0.0281905 1 0.490874 
0.584212 0.937553 4.07484 1.10405 0.0371654 0.9 0.523599 
0.609568 0.998387 3.77612 1.16941 0.0287071 1 0.523599 

ZONE I=2, J=2
0.584212 0.937553 4.07961 1.10405 0.0371654 0.9 0.523599 
0.609568 0.998387 3.77174 1.16941 0.0287071 1 0.523599 
0.617277 0.922971 4.10652 1.10975 0.0368009 0.9 0.556324 
0.645204 0.982504 3.79865 1.17506 0.0290791 1 0.556324 

ZONE I=2, J=2
0.617277 0.922971 4.11184 1.10975 0.0368009 0.9 0.556324 
0.645204 0.982504 3.79378 1.17506 0.0290791 1 0.556324 
0.649747 0.906939 4.13695 1.11507 0.0363763 0.9 0.589049 
0.680118 0.965107 3.81889 1.18031 0.0293121 1 0.589049 

ZONE I=2, J=2
0.649747 0.906939 4.14232 1.11507 0.0363763 0.9 0.589049 
0.680118 0.965107 3.81397 1.18031 0.0293121 1 0.589049 
0.681573 0.889519 4.16573 1.12004 0.0358889 0.9 0.621774 
0.714269 0.946263 3.83738 1.18521 0.0294134 1 0.621774 

ZONE I=2, J=2
0.681573 0.889519 4.17091 1.12004 0.0358889 0.9 0.621774 
0.714269 0.946263 3.83264 1.18521 0.0294134 1 0.621774 
0.712707 0.870771 4.19272 1.1247 0.035337 0.9 0.654498 
0.747618 0.926038 3.85445 1.1898 0.0293901 1 0.654498 

ZONE I=2, J=2
0.712707 0.870771 4.19762 1.1247 0.035337 0.9 0.654498 
0.747618 0.926038 3.84997 1.1898 0.0293901 1 0.654498 
0.743107 0.85075 4.21793 1.12906 0.0347198 0.9 0.687223 
0.780133 0.904489 3.87028 1.19409 0.0292497 1 0.687223 

ZONE I=2, J=2
0.743107 0.85075 4.22251 1.12906 0.0347198 0.9 0.687223 
0.780133 0.904489 3.86609 1.19409 0.0292497 1 0.687223 
0.772732 0.82951 4.24143 1.13316 0.0340373 0.9 0.719948 
0.811776 0.881672 3.88501 1.19812 0.028999 1 0.719948 

ZONE I=2, J=2
0.772732 0.82951 4.24568 1.13316 0.0340373 0.9 0.719948 
0.811776 0.881672 3.88111 1.19812 0.028999 1 0.719948 
0.801545 0.807102 4.26329 1.137 0.0332903 0.9 0.752673 
0.842515 0.857642 3.89872 1.2019 0.0286446 1 0.752673 

ZONE I=2, J=2
0.801545 0.807102 4.26724 1.137 0.0332903 0.9 0.752673 
0.842515 0.857642 3.89511 1.2019 0.0286446 1 0.752673 
0.829507 0.783574 4.28363 1.14062 0.0324799 0.9 0.785398 
0.872317 0.832447 3.9115 1.20545 0.0281926 1 0.785398 

ZONE I=2, J=2
0.829507 0.783574 4.28729 1.14062 0.0324799 0.9 0.785398 
0.872317 0.832447 3.90816 1.20545 0.0281926 1 0.785398 
0.856586 0.758974 4.30254 1.14402 0.0316078 0.9 0.818123 
0.901152 0.806138 3.9234 1.20879 0.027649 1 0.818123 

ZONE I=2, J=2
0.856586 0.758974 4.30592 1.14402 0.0316078 0.9 0.818123 
0.901152 0.806138 3.92031 1.20879 0.027649 1 0.818123 
0.882748 0.733348 4.3201 1.14722 0.0306756 0.9 0.850848 
0.928988 0.778763 3.93449 1.21192 0.0270191 1 0.850848 

ZONE I=2, J=2
0.882748 0.733348 4.32324 1.14722 0.0306756 0.9 0.850848 
0.928988 0.778763 3.93163 1.21192 0.0270191 1 0.850848 
0.907962 0.706743 4.33642 1.15022 0.0296856 0.9 0.883573 
0.955797 0.750369 3.94481 1.21487 0.0263083 1 0.883573 

ZONE I=2, J=2
0.907962 0.706743 4.33931 1.15022 0.0296856 0.9 0.883573 
0.955797 0.750369 3.94217 1.21487 0.0263083 1 0.883573 
0.9322 0.679202 4.35155 1.15304 0.02864 0.9 0.916298 
0.981552 0.721002 3.95441 1.21764 0.0255213 1 0.916298 

ZONE I=2, J=2
0.9322 0.679202 4.35423 1.15304 0.02864 0.9 0.916298 
0.981552 0.721002 3.95196 1.21764 0.0255213 1 0.916298 
0.955432 0.65077 4.36558 1.15568 0.027541 0.9 0.949023 
1.00623 0.690709 3.96332 1.22023 0.024663 1 0.949023 

ZONE I=2, J=2
0.955432 0.65077 4.36806 1.15568 0.027541 0.9 0.949023 
1.00623 0.690709 3.96106 1.22023 0.024663 1 0.949023 
0.977632 0.621492 4.37858 1.15815 0.0263912 0.9 0.981748 
1.02979 0.659535 3.97159 1.22266 0.0237378 1 0.981748 

ZONE I=2, J=2
0.977632 0.621492 4.38086 1.15815 0.0263912 0.9 0.981748 
1.02979 0.659535 3.96951 1.22266 0.0237378 1 0.981748 
0.998774 0.591414 4.39059 1.16047 0.0251932 0.9 1.01447 
1.05222 0.627529 3.97924 1.22493 0.0227501 1 1.01447 

ZONE I=2, J=2
0.998774 0.591414 4.39269 1.16047 0.0251932 0.9 1.01447 
1.05222 0.627529 3.97732 1.22493 0.0227501 1 1.01447 
1.01884 0.56057 4.40168 1.16263 0.0239491 0.9 1.0472 
1.07351 0.594725 3.98631 1.22705 0.0217036 1 1.0472 

ZONE I=2, J=2
1.01884 0.56057 4.40361 1.16263 0.0239491 0.9 1.0472 
1.07351 0.594725 3.98455 1.22705 0.0217036 1 1.0472 
1.0378 0.529021 4.41189 1.16463 0.0226623 0.9 1.07992 
1.09361 0.561187 3.99283 1.22902 0.020603 1 1.07992 

ZONE I=2, J=2
1.0378 0.529021 4.41365 1.16463 0.0226623 0.9 1.07992 
1.09361 0.561187 3.99121 1.22902 0.020603 1 1.07992 
1.05564 0.496791 4.42126 1.1665 0.0213345 0.9 1.11265 
1.11251 0.526939 3.99882 1.23084 0.0194515 1 1.11265 

ZONE I=2, J=2
1.05564 0.496791 4.42288 1.1665 0.0213345 0.9 1.11265 
1.11251 0.526939 3.99734 1.23084 0.0194515 1 1.11265 
1.07233 0.463944 4.42984 1.16822 0.0199693 0.9 1.14537 
1.1302 0.49205 4.0043 1.23253 0.0182535 1 1.14537 

ZONE I=2, J=2
1.07233 0.463944 4.43131 1.16822 0.0199693 0.9 1.14537 
1.1302 0.49205 4.00296 1.23253 0.0182535 1 1.14537 
1.08786 0.430503 4.43766 1.1698 0.0185685 0.9 1.1781 
1.14665 0.456542 4.0093 1.23408 0.017012 1 1.1781 

ZONE I=2, J=2
1.08786 0.430503 4.439 1.1698 0.0185685 0.9 1.1781 
1.14665 0.456542 4.00808 1.23408 0.017012 1 1.1781 
1.10221 0.396534 4.44475 1.17124 0.0171357 0.9 1.21082 
1.16185 0.420484 4.01383 1.2355 0.0157313 1 1.21082 

ZONE I=2, J=2
1.10221 0.396534 4.44596 1.17124 0.0171357 0.9 1.21082 
1.16185 0.420484 4.01273 1.2355 0.0157313 1 1.21082 
1.11536 0.36206 4.45114 1.17255 0.0156726 0.9 1.24355 
1.17578 0.383899 4.01791 1.23678 0.0144141 1 1.24355 

ZONE I=2, J=2
1.11536 0.36206 4.45222 1.17255 0.0156726 0.9 1.24355 
1.17578 0.383899 4.01693 1.23678 0.0144141 1 1.24355 
1.12731 0.327146 4.45686 1.17373 0.0141828 0.9 1.27627 
1.18843 0.346856 4.02156 1.23794 0.0130648 1 1.27627 

ZONE I=2, J=2
1.12731 0.327146 4.45782 1.17373 0.0141828 0.9 1.27627 
1.18843 0.346856 4.02068 1.23794 0.0130648 1 1.27627 
1.13803 0.291816 4.46192 1.17478 0.0126682 0.9 1.309 
1.19978 0.309379 4.02478 1.23897 0.0116858 1 1.309 

ZONE I=2, J=2
1.13803 0.291816 4.46276 1.17478 0.0126682 0.9 1.309 
1.19978 0.309379 4.02401 1.23897 0.0116858 1 1.309 
1.14752 0.256135 4.46635 1.17571 0.0111324 0.9 1.34172 
1.20982 0.271537 4.0276 1.23988 0.0102815 1 1.34172 

ZONE I=2, J=2
1.14752 0.256135 4.46708 1.17571 0.0111324 0.9 1.34172 
1.20982 0.271537 4.02693 1.23988 0.0102815 1 1.34172 
1.15577 0.220128 4.47016 1.1765 0.00957711 0.9 1.37445 
1.21855 0.233353 4.03001 1.24066 0.00885412 1 1.37445 

ZONE I=2, J=2
1.15577 0.220128 4.47078 1.1765 0.00957711 0.9 1.37445 
1.21855 0.233353 4.02944 1.24066 0.00885412 1 1.37445 
1.16276 0.18386 4.47337 1.17718 0.00800603 0.9 1.40717 
1.22595 0.194899 4.03203 1.24132 0.00740796 1 1.40717 

ZONE I=2, J=2
1.16276 0.18386 4.47388 1.17718 0.00800603 0.9 1.40717 
1.22595 0.194899 4.03156 1.24132 0.00740796 1 1.40717 
1.16849 0.147354 4.47599 1.17773 0.00642091 0.9 1.4399 
1.23201 0.156197 4.03367 1.24186 0.00594534 1 1.4399 

ZONE I=2, J=2
1.16849 0.147354 4.4764 1.17773 0.00642091 0.9 1.4399 
1.23201 0.156197 4.0333 1.24186 0.00594534 1 1.4399 
1.17295 0.110679 4.47803 1.17815 0.00482542 0.9 1.47262 
1.23674 0.117318 4.03492 1.24228 0.00447039 1 1.47262 

ZONE I=2, J=2
1.17295 0.110679 4.47833 1.17815 0.00482542 0.9 1.47262 
1.23674 0.117318 4.03465 1.24228 0.00447039 1 1.47262 
1.17614 0.0738562 4.47949 1.17846 0.00322131 0.9 1.50535 
1.24011 0.0782852 4.03581 1.24258 0.00298542 1 1.50535 

ZONE I=2, J=2
1.17614 0.0738562 4.4797 1.17846 0.00322131 0.9 1.50535 
1.24011 0.0782852 4.03562 1.24258 0.00298542 1 1.50535 
1.17806 0.0369542 4.48039 1.17864 0.00161226 0.9 1.53807 
1.24214 0.0391699 4.03631 1.24276 0.00149453 1 1.53807 

ZONE I=2, J=2
1.17806 0.0369542 4.48049 1.17864 0.00161226 0.9 1.53807 
1.24214 0.0391699 4.03622 1.24276 0.00149453 1 1.53807 
1.1787 -4.3296e-06 4.48072 1.1787 0 0.9 1.5708 
1.24282 -4.56513e-06 4.03645 1.24282 0 1 1.5708 

