ZONE I=5, J=5
0 0.426413 26.1796 0.426413 0 0.9 0 
0 0.432887 23.8381 0.432887 0 0.925 0 
0 0.439732 21.4967 0.439732 0 0.95 0 
0 0.446947 19.1552 0.446947 0 0.975 0 
0 0.454531 16.8137 0.454531 0 1 0 
0.0146663 0.426413 26.1814 0.426519 0.0111772 0.9 0.00818126 
0.014666 0.432888 23.8399 0.432993 0.011124 0.925 0.00818126 
0.0146658 0.439732 21.4984 0.439838 0.0110677 0.95 0.00818126 
0.0146656 0.446947 19.157 0.447052 0.0110086 0.975 0.00818126 
0.0146655 0.454531 16.8155 0.454636 0.0109464 1 0.00818126 
0.0293294 0.426414 26.1831 0.426837 0.0223486 0.9 0.0163625 
0.0293288 0.432888 23.8417 0.43331 0.0222421 0.925 0.0163625 
0.0293283 0.439733 21.5002 0.440154 0.0221296 0.95 0.0163625 
0.029328 0.446947 19.1587 0.447367 0.0220112 0.975 0.0163625 
0.0293277 0.454531 16.8173 0.45495 0.0218869 1 0.0163625 
0.0439922 0.426415 26.1849 0.427366 0.0335142 0.9 0.0245437 
0.0439912 0.432889 23.8434 0.433839 0.0333543 0.925 0.0245437 
0.0439904 0.439733 21.502 0.440681 0.0331855 0.95 0.0245437 
0.0439897 0.446947 19.1605 0.447892 0.0330079 0.975 0.0245437 
0.0439893 0.454531 16.819 0.455474 0.0328213 1 0.0245437 
0.0586573 0.426417 26.1866 0.428108 0.0446739 0.9 0.0327249 
0.0586559 0.432891 23.8452 0.434578 0.0444607 0.925 0.0327249 
0.0586547 0.439734 21.5037 0.441418 0.0442356 0.95 0.0327249 
0.0586537 0.446948 19.1622 0.448628 0.0439986 0.975 0.0327249 
0.0586529 0.454531 16.8208 0.456207 0.0437497 1 0.0327249 

ZONE I=5, J=5
0.0586573 0.426417 26.1896 0.428108 0.0446739 0.9 0.0327249 
0.0586559 0.432891 23.847 0.434578 0.0444607 0.925 0.0327249 
0.0586547 0.439734 21.5043 0.441418 0.0442356 0.95 0.0327249 
0.0586537 0.446948 19.1617 0.448628 0.0439986 0.975 0.0327249 
0.0586529 0.454531 16.8191 0.456207 0.0437497 1 0.0327249 
0.0733225 0.426419 26.1937 0.429061 0.0558229 0.9 0.0409062 
0.0733209 0.432892 23.8511 0.435529 0.0555565 0.925 0.0409062 
0.0733196 0.439736 21.5085 0.442366 0.0552753 0.95 0.0409062 
0.0733186 0.446949 19.1659 0.449573 0.0549794 0.975 0.0409062 
0.0733179 0.454531 16.8233 0.457149 0.0546686 1 0.0409062 
0.0879847 0.426422 26.1979 0.430225 0.0669552 0.9 0.0490874 
0.0879828 0.432894 23.8553 0.43669 0.0666357 0.925 0.0490874 
0.0879812 0.439737 21.5127 0.443524 0.0662984 0.95 0.0490874 
0.08798 0.446949 19.1701 0.450728 0.0659433 0.975 0.0490874 
0.0879793 0.454531 16.8274 0.458301 0.0655705 1 0.0490874 
0.102647 0.426425 26.2021 0.431601 0.0780709 0.9 0.0572686 
0.102644 0.432897 23.8595 0.438062 0.0776982 0.925 0.0572686 
0.102642 0.439738 21.5168 0.444893 0.0773046 0.95 0.0572686 
0.102641 0.44695 19.1742 0.452092 0.0768904 0.975 0.0572686 
0.10264 0.454531 16.8316 0.459661 0.0764553 1 0.0572686 
0.117311 0.426428 26.2062 0.433188 0.0891701 0.9 0.0654498 
0.117308 0.432899 23.8636 0.439645 0.088744 0.925 0.0654498 
0.117306 0.43974 21.521 0.446471 0.0882941 0.95 0.0654498 
0.117304 0.446951 19.1784 0.453666 0.0878205 0.975 0.0654498 
0.117302 0.454531 16.8358 0.46123 0.0873232 1 0.0654498 

ZONE I=5, J=5
0.117311 0.426428 26.2118 0.433188 0.0891701 0.9 0.0654498 
0.117308 0.432899 23.8669 0.439645 0.088744 0.925 0.0654498 
0.117306 0.43974 21.522 0.446471 0.0882941 0.95 0.0654498 
0.117304 0.446951 19.1771 0.453666 0.0878205 0.975 0.0654498 
0.117302 0.454531 16.8323 0.46123 0.0873232 1 0.0654498 
0.131974 0.426432 26.2189 0.434985 0.100246 0.9 0.0736311 
0.131971 0.432903 23.874 0.441438 0.0997673 0.925 0.073631 
0.131969 0.439742 21.5292 0.448259 0.0992617 0.95 0.0736311 
0.131967 0.446952 19.1843 0.455449 0.0987295 0.975 0.0736311 
0.131966 0.454531 16.8394 0.463008 0.0981707 1 0.0736311 
0.146634 0.426437 26.2261 0.436993 0.111295 0.9 0.0818123 
0.146631 0.432906 23.8812 0.443441 0.110763 0.925 0.0818123 
0.146628 0.439745 21.5363 0.450257 0.110202 0.95 0.0818123 
0.146627 0.446953 19.1915 0.457441 0.109611 0.975 0.0818123 
0.146625 0.454531 16.8466 0.464993 0.10899 1 0.0818123 
0.161294 0.426441 26.2332 0.439212 0.122316 0.9 0.0899936 
0.161291 0.43291 23.8884 0.445653 0.121731 0.925 0.0899936 
0.161288 0.439747 21.5435 0.452463 0.121114 0.95 0.0899936 
0.161285 0.446954 19.1986 0.459641 0.120464 0.975 0.0899935 
0.161284 0.454531 16.8537 0.467187 0.119781 1 0.0899936 
0.175957 0.426447 26.2404 0.44164 0.13331 0.9 0.0981748 
0.175952 0.432914 23.8955 0.448075 0.132672 0.925 0.0981748 
0.175949 0.43975 21.5506 0.454879 0.131998 0.95 0.0981748 
0.175946 0.446956 19.2058 0.462049 0.131289 0.975 0.0981748 
0.175943 0.454531 16.8609 0.469588 0.130544 1 0.0981748 

ZONE I=5, J=5
0.175957 0.426447 26.2482 0.44164 0.13331 0.9 0.0981748 
0.175952 0.432914 23.8999 0.448075 0.132672 0.925 0.0981748 
0.175949 0.43975 21.5516 0.454879 0.131998 0.95 0.0981748 
0.175946 0.446956 19.2034 0.462049 0.131289 0.975 0.0981748 
0.175943 0.454531 16.8551 0.469588 0.130544 1 0.0981748 
0.190616 0.426453 26.2583 0.444278 0.144269 0.9 0.106356 
0.190612 0.432918 23.91 0.450707 0.143578 0.925 0.106356 
0.190609 0.439753 21.5617 0.457503 0.142849 0.95 0.106356 
0.190606 0.446958 19.2135 0.464666 0.142082 0.975 0.106356 
0.190604 0.454531 16.8652 0.472197 0.141276 1 0.106356 
0.205274 0.426459 26.2684 0.447125 0.15519 0.9 0.114537 
0.205269 0.432923 23.9201 0.453546 0.154447 0.925 0.114537 
0.205265 0.439757 21.5719 0.460334 0.153662 0.95 0.114537 
0.205263 0.446959 19.2236 0.46749 0.152836 0.975 0.114537 
0.205261 0.454531 16.8753 0.475012 0.151969 1 0.114537 
0.219931 0.426466 26.2785 0.45018 0.166073 0.9 0.122718 
0.219926 0.432928 23.9302 0.456594 0.165277 0.925 0.122718 
0.219922 0.43976 21.582 0.463374 0.164436 0.95 0.122718 
0.219919 0.446961 19.2337 0.47052 0.163552 0.975 0.122718 
0.219916 0.454531 16.8855 0.478033 0.162623 1 0.122718 
0.234591 0.426473 26.2886 0.453445 0.176918 0.9 0.1309 
0.234585 0.432934 23.9403 0.459849 0.176069 0.925 0.1309 
0.23458 0.439764 21.5921 0.46662 0.175172 0.95 0.1309 
0.234576 0.446963 19.2438 0.473758 0.174229 0.975 0.1309 
0.234573 0.454531 16.8956 0.481261 0.173238 1 0.1309 

ZONE I=5, J=5
0.234591 0.426473 26.2987 0.453445 0.176918 0.9 0.1309 
0.234585 0.432934 23.9459 0.459849 0.176069 0.925 0.1309 
0.23458 0.439764 21.5932 0.46662 0.175172 0.95 0.1309 
0.234576 0.446963 19.2404 0.473758 0.174229 0.975 0.1309 
0.234573 0.454531 16.8876 0.481261 0.173238 1 0.1309 
0.249246 0.426481 26.3118 0.456916 0.187715 0.9 0.139081 
0.249241 0.43294 23.959 0.463312 0.186814 0.925 0.139081 
0.249236 0.439768 21.6062 0.470074 0.185863 0.95 0.139081 
0.249233 0.446965 19.2535 0.477201 0.184862 0.975 0.139081 
0.24923 0.454531 16.9007 0.484694 0.183811 1 0.139081 
0.263899 0.426489 26.3249 0.460595 0.198464 0.9 0.147262 
0.263893 0.432946 23.9721 0.466981 0.197511 0.925 0.147262 
0.263889 0.439772 21.6193 0.473733 0.196505 0.95 0.147262 
0.263885 0.446967 19.2665 0.48085 0.195446 0.975 0.147262 
0.263883 0.454531 16.9137 0.488331 0.194333 1 0.147262 
0.278552 0.426497 26.3379 0.46448 0.209164 0.9 0.155443 
0.278546 0.432953 23.9851 0.470857 0.208159 0.925 0.155443 
0.278541 0.439777 21.6324 0.477598 0.207097 0.95 0.155443 
0.278537 0.44697 19.2796 0.484703 0.20598 0.975 0.155443 
0.278534 0.454531 16.9268 0.492173 0.204806 1 0.155443 
0.293208 0.426506 26.351 0.468572 0.219816 0.9 0.163625 
0.293201 0.43296 23.9982 0.474938 0.218758 0.925 0.163625 
0.293195 0.439781 21.6454 0.481668 0.21764 0.95 0.163625 
0.29319 0.446972 19.2926 0.488761 0.216464 0.975 0.163625 
0.293186 0.454531 16.9399 0.496219 0.215229 1 0.163625 

ZONE I=5, J=5
0.293208 0.426506 26.3635 0.468572 0.219816 0.9 0.163625 
0.293201 0.43296 24.0051 0.474938 0.218758 0.925 0.163625 
0.293195 0.439781 21.6466 0.481668 0.21764 0.95 0.163625 
0.29319 0.446972 19.2882 0.488761 0.216464 0.975 0.163625 
0.293186 0.454531 16.9298 0.496219 0.215229 1 0.163625 
0.307859 0.426516 26.3795 0.472869 0.230408 0.9 0.171806 
0.307852 0.432967 24.0211 0.479224 0.229299 0.925 0.171806 
0.307846 0.439787 21.6627 0.485942 0.228127 0.95 0.171806 
0.307842 0.446975 19.3042 0.493024 0.226894 0.975 0.171806 
0.307839 0.454531 16.9458 0.500468 0.225599 1 0.171806 
0.322507 0.426526 26.3956 0.47737 0.240942 0.9 0.179987 
0.3225 0.432975 24.0371 0.483713 0.23978 0.925 0.179987 
0.322494 0.439792 21.6787 0.490419 0.238554 0.95 0.179987 
0.32249 0.446977 19.3203 0.497488 0.237264 0.975 0.179987 
0.322487 0.454531 16.9618 0.504919 0.235909 1 0.179987 
0.337155 0.426536 26.4116 0.482076 0.251416 0.9 0.188168 
0.337147 0.432983 24.0531 0.488407 0.250202 0.925 0.188168 
0.337141 0.439797 21.6947 0.4951 0.248922 0.95 0.188168 
0.337136 0.44698 19.3363 0.502155 0.247573 0.975 0.188168 
0.337133 0.454531 16.9778 0.509572 0.246157 1 0.188168 
0.351806 0.426547 26.4276 0.486985 0.26183 0.9 0.19635 
0.351797 0.432991 24.0692 0.493304 0.260565 0.925 0.19635 
0.35179 0.439803 21.7107 0.499983 0.259229 0.95 0.19635 
0.351784 0.446983 19.3523 0.507024 0.257822 0.975 0.19635 
0.351779 0.454531 16.9939 0.514426 0.256345 1 0.19635 

ZONE I=5, J=5
0.351806 0.426547 26.4426 0.486985 0.26183 0.9 0.19635 
0.351797 0.432991 24.0773 0.493304 0.260565 0.925 0.19635 
0.35179 0.439803 21.7121 0.499983 0.259229 0.95 0.19635 
0.351784 0.446983 19.3469 0.507024 0.257822 0.975 0.19635 
0.351779 0.454531 16.9816 0.514426 0.256345 1 0.19635 
0.36645 0.426559 26.4616 0.492097 0.272175 0.9 0.204531 
0.366442 0.433 24.0963 0.498402 0.270858 0.925 0.204531 
0.366436 0.439809 21.7311 0.505068 0.269469 0.95 0.204531 
0.36643 0.446986 19.3659 0.512094 0.268006 0.975 0.204531 
0.366427 0.454531 17.0006 0.519482 0.26647 1 0.204531 
0.381092 0.426571 26.4806 0.49741 0.282449 0.9 0.212712 
0.381084 0.433009 24.1153 0.503701 0.281082 0.925 0.212712 
0.381077 0.439815 21.7501 0.510353 0.279638 0.95 0.212712 
0.381072 0.446989 19.3848 0.517364 0.278119 0.975 0.212712 
0.381069 0.454531 17.0196 0.524735 0.276523 1 0.212712 
0.395733 0.426583 26.4995 0.502923 0.292653 0.9 0.220893 
0.395724 0.433018 24.1343 0.509201 0.291234 0.925 0.220893 
0.395717 0.439822 21.7691 0.515837 0.289737 0.95 0.220893 
0.395711 0.446993 19.4038 0.522832 0.28816 0.975 0.220893 
0.395707 0.454531 17.0386 0.530187 0.286504 1 0.220893 
0.410377 0.426595 26.5185 0.508638 0.302787 0.9 0.229074 
0.410367 0.433028 24.1533 0.514901 0.301316 0.925 0.229074 
0.410358 0.439828 21.7881 0.521521 0.299764 0.95 0.229074 
0.410351 0.446996 19.4228 0.5285 0.29813 0.975 0.229074 
0.410346 0.454531 17.0576 0.535837 0.296413 1 0.229074 

ZONE I=5, J=5
0.410377 0.426595 26.536 0.508638 0.302787 0.9 0.229074 
0.410367 0.433028 24.1628 0.514901 0.301316 0.925 0.229074 
0.410358 0.439828 21.7896 0.521521 0.299764 0.95 0.229074 
0.410351 0.446996 19.4164 0.5285 0.29813 0.975 0.229074 
0.410346 0.454531 17.0432 0.535837 0.296413 1 0.229074 
0.425015 0.426609 26.558 0.514552 0.312841 0.9 0.237256 
0.425006 0.433039 24.1848 0.520799 0.31132 0.925 0.237256 
0.424998 0.439836 21.8116 0.527404 0.309715 0.95 0.237256 
0.424992 0.447 19.4384 0.534366 0.308026 0.975 0.237256 
0.424988 0.454531 17.0652 0.541686 0.306252 1 0.237256 
0.439651 0.426622 26.5799 0.520664 0.322814 0.9 0.245437 
0.439641 0.433049 24.2068 0.526895 0.321243 0.925 0.245437 
0.439633 0.439843 21.8336 0.533483 0.319585 0.95 0.245437 
0.439628 0.447003 19.4604 0.540428 0.31784 0.975 0.245437 
0.439624 0.454531 17.0872 0.547729 0.316007 1 0.245437 
0.454285 0.426636 26.6019 0.526972 0.332706 0.9 0.253618 
0.454275 0.43306 24.2287 0.533188 0.331085 0.925 0.253618 
0.454266 0.43985 21.8555 0.539758 0.329373 0.95 0.253618 
0.45426 0.447007 19.4824 0.546685 0.327571 0.975 0.253618 
0.454255 0.454531 17.1092 0.553967 0.325679 1 0.253618 
0.468921 0.426651 26.6239 0.533479 0.342517 0.9 0.261799 
0.468909 0.433071 24.2507 0.539677 0.340845 0.925 0.261799 
0.4689 0.439857 21.8775 0.54623 0.339079 0.95 0.261799 
0.468892 0.447011 19.5043 0.553137 0.33722 0.975 0.261799 
0.468885 0.454531 17.1311 0.5604 0.335267 1 0.261799 

ZONE I=5, J=5
0.468921 0.426651 26.6438 0.533479 0.342517 0.9 0.261799 
0.468909 0.433071 24.2615 0.539677 0.340845 0.925 0.261799 
0.4689 0.439857 21.8792 0.54623 0.339079 0.95 0.261799 
0.468892 0.447011 19.4969 0.553137 0.33722 0.975 0.261799 
0.468885 0.454531 17.1146 0.5604 0.335267 1 0.261799 
0.483551 0.426666 26.6688 0.54018 0.352238 0.9 0.269981 
0.48354 0.433083 24.2865 0.546361 0.350516 0.925 0.269981 
0.483532 0.439866 21.9042 0.552896 0.348698 0.95 0.269981 
0.483525 0.447015 19.5219 0.559785 0.346785 0.975 0.269981 
0.48352 0.454531 17.1396 0.567028 0.344776 1 0.269981 
0.498178 0.426681 26.6938 0.547075 0.361867 0.9 0.278162 
0.498167 0.433094 24.3115 0.553238 0.360096 0.925 0.278162 
0.498159 0.439874 21.9292 0.559754 0.358226 0.95 0.278162 
0.498152 0.447019 19.5469 0.566624 0.356258 0.975 0.278162 
0.498148 0.454531 17.1646 0.573846 0.354191 1 0.278162 
0.512804 0.426697 26.7188 0.554163 0.371405 0.9 0.286343 
0.512792 0.433106 24.3365 0.560308 0.369584 0.925 0.286343 
0.512783 0.439882 21.9542 0.566805 0.367661 0.95 0.286343 
0.512776 0.447023 19.5719 0.573654 0.365637 0.975 0.286343 
0.512771 0.454531 17.1896 0.580854 0.363512 1 0.286343 
0.527431 0.426713 26.7438 0.561444 0.380852 0.9 0.294524 
0.527419 0.433119 24.3615 0.56757 0.378981 0.925 0.294524 
0.527408 0.43989 21.9792 0.574047 0.377005 0.95 0.294524 
0.527399 0.447028 19.5969 0.580875 0.374924 0.975 0.294524 
0.527392 0.454531 17.2146 0.588053 0.372739 1 0.294524 

ZONE I=5, J=5
0.527431 0.426713 26.7662 0.561444 0.380852 0.9 0.294524 
0.527419 0.433119 24.3737 0.56757 0.378981 0.925 0.294524 
0.527408 0.43989 21.9811 0.574047 0.377005 0.95 0.294524 
0.527399 0.447028 19.5885 0.580875 0.374924 0.975 0.294524 
0.527392 0.454531 17.1959 0.588053 0.372739 1 0.294524 
0.542053 0.426731 26.7943 0.568917 0.390197 0.9 0.302706 
0.542041 0.433132 24.4017 0.575024 0.388278 0.925 0.302706 
0.542031 0.4399 22.0091 0.58148 0.386251 0.95 0.302706 
0.542023 0.447033 19.6165 0.588287 0.384117 0.975 0.302706 
0.542018 0.454531 17.2239 0.595443 0.381877 1 0.302706 
0.55667 0.426748 26.8223 0.576578 0.399441 0.9 0.310887 
0.556658 0.433145 24.4297 0.582665 0.397473 0.925 0.310887 
0.556649 0.439908 22.0371 0.589101 0.395395 0.95 0.310887 
0.556641 0.447037 19.6445 0.595886 0.393207 0.975 0.310887 
0.556636 0.454531 17.252 0.603019 0.39091 1 0.310887 
0.571286 0.426765 26.8503 0.584428 0.408584 0.9 0.319068 
0.571274 0.433159 24.4577 0.590495 0.406567 0.925 0.319068 
0.571263 0.439917 22.0651 0.596909 0.404437 0.95 0.319068 
0.571255 0.447042 19.6726 0.603671 0.402194 0.975 0.319068 
0.57125 0.454531 17.28 0.610781 0.39984 1 0.319068 
0.585904 0.426783 26.8783 0.592466 0.417626 0.9 0.327249 
0.58589 0.433173 24.4857 0.598512 0.415559 0.925 0.327249 
0.585878 0.439927 22.0932 0.604904 0.413376 0.95 0.327249 
0.585868 0.447047 19.7006 0.611643 0.411078 0.975 0.327249 
0.58586 0.454531 17.308 0.618728 0.408665 1 0.327249 

ZONE I=5, J=5
0.585904 0.426783 26.9033 0.592466 0.417626 0.9 0.327249 
0.58589 0.433173 24.4993 0.598512 0.415559 0.925 0.327249 
0.585878 0.439927 22.0952 0.604904 0.413376 0.95 0.327249 
0.585868 0.447047 19.6912 0.611643 0.411078 0.975 0.327249 
0.58586 0.454531 17.2872 0.618728 0.408665 1 0.327249 
0.600515 0.426802 26.9344 0.600691 0.426555 0.9 0.335431 
0.600502 0.433187 24.5304 0.606716 0.42444 0.925 0.335431 
0.600491 0.439937 22.1263 0.613086 0.422208 0.95 0.335431 
0.600483 0.447052 19.7223 0.619802 0.419858 0.975 0.335431 
0.600477 0.454532 17.3182 0.626862 0.417391 1 0.335431 
0.615122 0.426821 26.9655 0.609099 0.435373 0.9 0.343612 
0.615109 0.433202 24.5614 0.615102 0.433211 0.925 0.343612 
0.615098 0.439947 22.1574 0.62145 0.430928 0.95 0.343612 
0.61509 0.447057 19.7534 0.628142 0.428526 0.975 0.343612 
0.615085 0.454531 17.3493 0.635177 0.426003 1 0.343612 
0.629728 0.42684 26.9966 0.617691 0.44408 0.9 0.351793 
0.629714 0.433216 24.5925 0.623672 0.44187 0.925 0.351793 
0.629702 0.439957 22.1885 0.629996 0.439536 0.95 0.351793 
0.629694 0.447062 19.7844 0.636663 0.43708 0.975 0.351793 
0.629687 0.454531 17.3804 0.643673 0.4345 1 0.351793 
0.644335 0.42686 27.0276 0.626467 0.452676 0.9 0.359974 
0.644319 0.433231 24.6236 0.632425 0.450417 0.925 0.359974 
0.644306 0.439967 22.2196 0.638725 0.448032 0.95 0.359974 
0.644295 0.447067 19.8155 0.645366 0.44552 0.975 0.359974 
0.644287 0.454531 17.4115 0.652348 0.442883 1 0.359974 

ZONE I=5, J=5
0.644335 0.42686 27.0552 0.626467 0.452676 0.9 0.359974 
0.644319 0.433231 24.6385 0.632425 0.450417 0.925 0.359974 
0.644306 0.439967 22.2218 0.638725 0.448032 0.95 0.359974 
0.644295 0.447067 19.8051 0.645366 0.44552 0.975 0.359974 
0.644287 0.454531 17.3884 0.652348 0.442883 1 0.359974 
0.658934 0.42688 27.0894 0.635423 0.461149 0.9 0.368156 
0.65892 0.433247 24.6727 0.641359 0.458844 0.925 0.368156 
0.658908 0.439978 22.256 0.647634 0.45641 0.95 0.368156 
0.658899 0.447073 19.8393 0.65425 0.453848 0.975 0.368156 
0.658892 0.454532 17.4226 0.661207 0.451158 1 0.368156 
0.673529 0.426901 27.1236 0.644558 0.469501 0.9 0.376337 
0.673515 0.433263 24.7069 0.65047 0.467149 0.925 0.376337 
0.673503 0.439989 22.2902 0.656721 0.464666 0.95 0.376337 
0.673495 0.447078 19.8735 0.663311 0.462053 0.975 0.376337 
0.673489 0.454531 17.4568 0.67024 0.459308 1 0.376337 
0.688123 0.426921 27.1577 0.653871 0.477732 0.9 0.384518 
0.688108 0.433279 24.741 0.659759 0.475333 0.925 0.384518 
0.688095 0.44 22.3243 0.665984 0.472801 0.95 0.384518 
0.688086 0.447084 19.9077 0.672547 0.470135 0.975 0.384518 
0.688079 0.454531 17.491 0.679448 0.467335 1 0.384518 
0.702718 0.426943 27.1919 0.663362 0.485843 0.9 0.392699 
0.702701 0.433296 24.7752 0.669225 0.483396 0.925 0.392699 
0.702687 0.440011 22.3585 0.675424 0.480813 0.95 0.392699 
0.702675 0.44709 19.9418 0.681959 0.478093 0.975 0.392699 
0.702666 0.454531 17.5251 0.688831 0.475237 1 0.392699 

ZONE I=5, J=5
0.702718 0.426943 27.2221 0.663362 0.485843 0.9 0.392699 
0.702701 0.433296 24.7915 0.669225 0.483396 0.925 0.392699 
0.702687 0.440011 22.361 0.675424 0.480813 0.95 0.392699 
0.702675 0.44709 19.9304 0.681959 0.478093 0.975 0.392699 
0.702666 0.454531 17.4999 0.688831 0.475237 1 0.392699 
0.717304 0.426965 27.2594 0.673028 0.493821 0.9 0.400881 
0.717289 0.433313 24.8288 0.678866 0.491329 0.925 0.400881 
0.717276 0.440023 22.3983 0.685039 0.488699 0.95 0.400881 
0.717266 0.447096 19.9677 0.691547 0.48593 0.975 0.400881 
0.717259 0.454532 17.5372 0.698391 0.483022 1 0.400881 
0.731887 0.426987 27.2967 0.682866 0.501668 0.9 0.409062 
0.731871 0.43333 24.8661 0.688679 0.499131 0.925 0.409062 
0.731858 0.440035 22.4356 0.694825 0.496453 0.95 0.409062 
0.731849 0.447102 20.005 0.701306 0.493633 0.975 0.409062 
0.731843 0.454531 17.5745 0.70812 0.490672 1 0.409062 
0.746467 0.42701 27.334 0.692876 0.509385 0.9 0.417243 
0.746451 0.433347 24.9034 0.698663 0.506802 0.925 0.417243 
0.746437 0.440046 22.4729 0.704782 0.504075 0.95 0.417243 
0.746427 0.447108 20.0423 0.711233 0.501204 0.975 0.417243 
0.74642 0.454531 17.6118 0.718017 0.498189 1 0.417243 
0.761049 0.427033 27.3713 0.703059 0.516973 0.9 0.425424 
0.761031 0.433365 24.9407 0.708819 0.514343 0.925 0.425424 
0.761016 0.440059 22.5102 0.71491 0.511566 0.95 0.425424 
0.761003 0.447114 20.0796 0.721331 0.508643 0.975 0.425424 
0.760992 0.454531 17.6491 0.728083 0.505572 1 0.425424 

ZONE I=5, J=5
0.761049 0.427033 27.4041 0.703059 0.516973 0.9 0.425424 
0.761031 0.433365 24.9585 0.708819 0.514343 0.925 0.425424 
0.761016 0.440059 22.5128 0.71491 0.511566 0.95 0.425424 
0.761003 0.447114 20.0672 0.721331 0.508643 0.975 0.425424 
0.760992 0.454531 17.6216 0.728083 0.505572 1 0.425424 
0.77562 0.427057 27.4445 0.713409 0.524416 0.9 0.433605 
0.775603 0.433384 24.9989 0.719143 0.521743 0.925 0.433605 
0.775589 0.440071 22.5533 0.725206 0.51892 0.95 0.433605 
0.775578 0.447121 20.1077 0.731598 0.515949 0.975 0.433605 
0.775571 0.454532 17.662 0.73832 0.512828 1 0.433605 
0.790187 0.427081 27.485 0.723925 0.531721 0.9 0.441786 
0.79017 0.433402 25.0394 0.729632 0.529003 0.925 0.441786 
0.790157 0.440084 22.5938 0.735667 0.526134 0.95 0.441786 
0.790147 0.447127 20.1481 0.742029 0.523113 0.975 0.441786 
0.79014 0.454531 17.7025 0.74872 0.519941 1 0.441786 
0.804754 0.427105 27.5255 0.734608 0.538886 0.9 0.449967 
0.804736 0.43342 25.0798 0.740287 0.536124 0.925 0.449967 
0.804722 0.440096 22.6342 0.746292 0.533207 0.95 0.449967 
0.804711 0.447133 20.1886 0.752624 0.530136 0.975 0.449967 
0.804703 0.454531 17.743 0.759282 0.526912 1 0.449967 
0.819322 0.42713 27.5659 0.745458 0.545913 0.9 0.458149 
0.819303 0.433439 25.1203 0.751109 0.543105 0.925 0.458149 
0.819287 0.44011 22.6747 0.757083 0.54014 0.95 0.458149 
0.819273 0.44714 20.229 0.763383 0.537018 0.975 0.458149 
0.819262 0.454531 17.7834 0.770007 0.533739 1 0.458149 

ZONE I=5, J=5
0.819322 0.42713 27.6014 0.745458 0.545913 0.9 0.458149 
0.819303 0.433439 25.1395 0.751109 0.543105 0.925 0.458149 
0.819287 0.44011 22.6776 0.757083 0.54014 0.95 0.458149 
0.819273 0.44714 20.2156 0.763383 0.537018 0.975 0.458149 
0.819262 0.454531 17.7537 0.770007 0.533739 1 0.458149 
0.833878 0.427155 27.6451 0.756466 0.552786 0.9 0.46633 
0.83386 0.433459 25.1831 0.762089 0.549936 0.925 0.46633 
0.833845 0.440123 22.7212 0.768035 0.546926 0.95 0.46633 
0.833833 0.447147 20.2593 0.774304 0.543758 0.975 0.46633 
0.833825 0.454532 17.7973 0.780896 0.540431 1 0.46633 
0.848429 0.427181 27.6887 0.767635 0.559511 0.9 0.474511 
0.848412 0.433479 25.2268 0.773229 0.556618 0.925 0.474511 
0.848397 0.440136 22.7649 0.779144 0.553563 0.95 0.474511 
0.848386 0.447154 20.3029 0.785381 0.550347 0.975 0.474511 
0.848379 0.454531 17.841 0.79194 0.54697 1 0.474511 
0.86298 0.427207 27.7324 0.778963 0.566089 0.9 0.482692 
0.862962 0.433498 25.2705 0.784528 0.563152 0.925 0.482692 
0.862946 0.44015 22.8085 0.790412 0.560051 0.95 0.482692 
0.862934 0.447161 20.3466 0.796616 0.556786 0.975 0.482692 
0.862926 0.454531 17.8847 0.803141 0.553358 1 0.482692 
0.877533 0.427233 27.7761 0.790452 0.572519 0.9 0.490874 
0.877512 0.433519 25.3141 0.795986 0.569537 0.925 0.490874 
0.877495 0.440164 22.8522 0.801838 0.566389 0.95 0.490874 
0.87748 0.447168 20.3903 0.808008 0.563075 0.975 0.490874 
0.877468 0.454531 17.9283 0.814497 0.559593 1 0.490874 

ZONE I=5, J=5
0.877533 0.427233 27.8143 0.790452 0.572519 0.9 0.490874 
0.877512 0.433519 25.3348 0.795986 0.569537 0.925 0.490874 
0.877495 0.440164 22.8553 0.801838 0.566389 0.95 0.490874 
0.87748 0.447168 20.3758 0.808008 0.563075 0.975 0.490874 
0.877468 0.454531 17.8963 0.814497 0.559593 1 0.490874 
0.892071 0.42726 27.8612 0.802091 0.578785 0.9 0.499055 
0.892052 0.43354 25.3817 0.807596 0.575763 0.925 0.499055 
0.892036 0.440178 22.9022 0.813417 0.572572 0.95 0.499055 
0.892024 0.447176 20.4227 0.819555 0.569212 0.975 0.499055 
0.892016 0.454532 17.9432 0.82601 0.565684 1 0.499055 
0.906606 0.427287 27.9081 0.813883 0.584895 0.9 0.507236 
0.906587 0.433561 25.4286 0.819358 0.581831 0.925 0.507236 
0.906572 0.440192 22.9491 0.825147 0.578597 0.95 0.507236 
0.90656 0.447183 20.4696 0.831252 0.575191 0.975 0.507236 
0.906553 0.454531 17.9901 0.837671 0.571614 1 0.507236 
0.92114 0.427314 27.955 0.825829 0.590849 0.9 0.515417 
0.92112 0.433582 25.4755 0.831272 0.587743 0.925 0.515417 
0.921104 0.440207 22.996 0.837028 0.584463 0.95 0.515417 
0.921091 0.44719 20.5165 0.843098 0.58101 0.975 0.515417 
0.921082 0.454531 18.037 0.849481 0.577384 1 0.515417 
0.935675 0.427342 28.0019 0.837927 0.596647 0.9 0.523599 
0.935653 0.433603 25.5224 0.843338 0.593498 0.925 0.523599 
0.935634 0.440221 23.0429 0.84906 0.590172 0.95 0.523599 
0.935619 0.447198 20.5634 0.855094 0.586671 0.975 0.523599 
0.935606 0.454531 18.0839 0.861439 0.582993 1 0.523599 

ZONE I=5, J=5
0.935675 0.427342 28.0429 0.837927 0.596647 0.9 0.523599 
0.935653 0.433603 25.5446 0.843338 0.593498 0.925 0.523599 
0.935634 0.440221 23.0462 0.84906 0.590172 0.95 0.523599 
0.935619 0.447198 20.5479 0.855094 0.586671 0.975 0.523599 
0.935606 0.454531 18.0496 0.861439 0.582993 1 0.523599 
0.950195 0.427371 28.0931 0.850168 0.602272 0.9 0.53178 
0.950175 0.433625 25.5948 0.855548 0.599083 0.925 0.53178 
0.950158 0.440237 23.0964 0.861238 0.595717 0.95 0.53178 
0.950145 0.447206 20.5981 0.867238 0.592172 0.975 0.53178 
0.950136 0.454532 18.0998 0.873547 0.588449 1 0.53178 
0.964711 0.4274 28.1433 0.862553 0.607733 0.9 0.539961 
0.964691 0.433647 25.645 0.867902 0.604504 0.925 0.539961 
0.964675 0.440252 23.1466 0.873558 0.601095 0.95 0.539961 
0.964663 0.447213 20.6483 0.879523 0.597506 0.975 0.539961 
0.964655 0.454531 18.15 0.885796 0.593736 1 0.539961 
0.979226 0.427429 28.1935 0.875085 0.613029 0.9 0.548142 
0.979205 0.433669 25.6952 0.880401 0.609759 0.925 0.548142 
0.979188 0.440267 23.1968 0.886022 0.606307 0.95 0.548142 
0.979175 0.447221 20.6985 0.891951 0.602672 0.975 0.548142 
0.979165 0.454531 18.2002 0.898185 0.598854 1 0.548142 
0.993743 0.427458 28.2437 0.887762 0.618161 0.9 0.556324 
0.993719 0.433692 25.7454 0.893044 0.61485 0.925 0.556324 
0.9937 0.440282 23.247 0.89863 0.611353 0.95 0.556324 
0.993683 0.447229 20.7487 0.90452 0.60767 0.975 0.556324 
0.99367 0.454531 18.2504 0.910714 0.603803 1 0.556324 

ZONE I=5, J=5
0.993743 0.427458 28.2875 0.887762 0.618161 0.9 0.556324 
0.993719 0.433692 25.769 0.893044 0.61485 0.925 0.556324 
0.9937 0.440282 23.2506 0.89863 0.611353 0.95 0.556324 
0.993683 0.447229 20.7321 0.90452 0.60767 0.975 0.556324 
0.99367 0.454531 18.2137 0.910714 0.603803 1 0.556324 
1.00824 0.427488 28.341 0.900573 0.623112 0.9 0.564505 
1.00822 0.433716 25.8226 0.905822 0.619763 0.925 0.564505 
1.0082 0.440299 23.3041 0.911374 0.616226 0.95 0.564505 
1.00819 0.447237 20.7857 0.917229 0.612502 0.975 0.564505 
1.00818 0.454532 18.2672 0.923387 0.608591 1 0.564505 
1.02274 0.427518 28.3946 0.913521 0.627891 0.9 0.572686 
1.02272 0.433739 25.8761 0.918737 0.624502 0.925 0.572686 
1.0227 0.440314 23.3577 0.924254 0.620925 0.95 0.572686 
1.02269 0.447245 20.8392 0.930072 0.617158 0.975 0.572686 
1.02268 0.454531 18.3208 0.936191 0.613203 1 0.572686 
1.03723 0.427549 28.4481 0.926606 0.632497 0.9 0.580867 
1.03721 0.433762 25.9297 0.931788 0.629069 0.925 0.580867 
1.03719 0.44033 23.4112 0.937269 0.62545 0.95 0.580867 
1.03718 0.447253 20.8928 0.943049 0.621639 0.975 0.580867 
1.03717 0.454531 18.3743 0.949128 0.617637 1 0.580867 
1.05173 0.42758 28.5017 0.93983 0.63693 0.9 0.589049 
1.05171 0.433786 25.9832 0.944976 0.633462 0.925 0.589049 
1.05168 0.440346 23.4648 0.950419 0.6298 0.95 0.589049 
1.05167 0.447262 20.9463 0.95616 0.625944 0.975 0.589049 
1.05165 0.454531 18.4279 0.962196 0.621893 1 0.589049 

ZONE I=5, J=5
1.05173 0.42758 28.5483 0.93983 0.63693 0.9 0.589049 
1.05171 0.433786 26.0084 0.944976 0.633462 0.925 0.589049 
1.05168 0.440346 23.4685 0.950419 0.6298 0.95 0.589049 
1.05167 0.447262 20.9287 0.95616 0.625944 0.975 0.589049 
1.05165 0.454531 18.3888 0.962196 0.621893 1 0.589049 
1.06621 0.427612 28.6052 0.953177 0.641175 0.9 0.59723 
1.06619 0.43381 26.0653 0.95829 0.637671 0.925 0.59723 
1.06617 0.440363 23.5255 0.963699 0.63397 0.95 0.59723 
1.06615 0.44727 20.9856 0.969402 0.630074 0.975 0.59723 
1.06614 0.454532 18.4457 0.9754 0.625982 1 0.59723 
1.08068 0.427643 28.6622 0.966654 0.64524 0.9 0.605411 
1.08066 0.433834 26.1223 0.971733 0.641698 0.925 0.605411 
1.08064 0.44038 23.5824 0.977104 0.637958 0.95 0.605411 
1.08063 0.447279 21.0426 0.982769 0.634021 0.975 0.605411 
1.08062 0.454531 18.5027 0.988728 0.629886 1 0.605411 
1.09516 0.427675 28.7191 0.98026 0.649124 0.9 0.613592 
1.09513 0.433859 26.1793 0.985303 0.645545 0.925 0.613592 
1.09511 0.440396 23.6394 0.990637 0.641765 0.95 0.613592 
1.0951 0.447287 21.0995 0.996262 0.637785 0.975 0.613592 
1.09509 0.454531 18.5596 1.00218 0.633605 1 0.613592 
1.10963 0.427707 28.7761 0.993995 0.652829 0.9 0.621774 
1.1096 0.433884 26.2362 0.999001 0.64921 0.925 0.621774 
1.10958 0.440413 23.6963 1.0043 0.645389 0.95 0.621774 
1.10956 0.447296 21.1565 1.00988 0.641365 0.975 0.621774 
1.10955 0.454531 18.6166 1.01575 0.637139 1 0.621774 

ZONE I=5, J=5
1.10963 0.427707 28.8256 0.993995 0.652829 0.9 0.621774 
1.1096 0.433884 26.2629 0.999001 0.64921 0.925 0.621774 
1.10958 0.440413 23.7003 1.0043 0.645389 0.95 0.621774 
1.10956 0.447296 21.1377 1.00988 0.641365 0.975 0.621774 
1.10955 0.454531 18.5751 1.01575 0.637139 1 0.621774 
1.12409 0.42774 28.886 1.00785 0.656337 0.9 0.629955 
1.12406 0.43391 26.3234 1.01282 0.652683 0.925 0.629955 
1.12404 0.440431 23.7607 1.01808 0.648826 0.95 0.629955 
1.12403 0.447305 21.1981 1.02362 0.644764 0.975 0.629955 
1.12402 0.454532 18.6355 1.02945 0.640498 1 0.629955 
1.13854 0.427773 28.9464 1.02182 0.659658 0.9 0.638136 
1.13851 0.433935 26.3838 1.02675 0.655968 0.925 0.638136 
1.1385 0.440448 23.8211 1.03197 0.652073 0.95 0.638136 
1.13848 0.447314 21.2585 1.03748 0.647972 0.975 0.638136 
1.13847 0.454531 18.6959 1.04327 0.643665 1 0.638136 
1.15299 0.427806 29.0068 1.03591 0.662791 0.9 0.646317 
1.15296 0.43396 26.4442 1.04081 0.659065 0.925 0.646317 
1.15294 0.440465 23.8816 1.04599 0.655132 0.95 0.646317 
1.15293 0.447322 21.3189 1.05145 0.65099 0.975 0.646317 
1.15292 0.454531 18.7563 1.0572 0.646639 1 0.646317 
1.16744 0.42784 29.0672 1.05012 0.665736 0.9 0.654498 
1.16741 0.433986 26.5046 1.05498 0.661974 0.925 0.654498 
1.16739 0.440484 23.942 1.06012 0.658001 0.95 0.654498 
1.16737 0.447332 21.3793 1.06554 0.653816 0.975 0.654498 
1.16735 0.454531 18.8167 1.07124 0.649421 1 0.654498 

ZONE I=5, J=5
1.16744 0.42784 29.1197 1.05012 0.665736 0.9 0.654498 
1.16741 0.433986 26.5329 1.05498 0.661974 0.925 0.654498 
1.16739 0.440484 23.9462 1.06012 0.658001 0.95 0.654498 
1.16737 0.447332 21.3595 1.06554 0.653816 0.975 0.654498 
1.16735 0.454531 18.7727 1.07124 0.649421 1 0.654498 
1.18187 0.427875 29.1836 1.06444 0.668479 0.9 0.66268 
1.18184 0.434013 26.5969 1.06926 0.664683 0.925 0.66268 
1.18182 0.440502 24.0101 1.07436 0.660675 0.95 0.66268 
1.18181 0.447342 21.4234 1.07975 0.656455 0.975 0.66268 
1.1818 0.454532 18.8367 1.08541 0.652022 1 0.66268 
1.19629 0.427909 29.2475 1.07886 0.671027 0.9 0.670861 
1.19627 0.434039 26.6608 1.08365 0.667198 0.925 0.670861 
1.19625 0.44052 24.0741 1.08872 0.663154 0.95 0.670861 
1.19624 0.44735 21.4873 1.09406 0.658896 0.975 0.670861 
1.19623 0.454531 18.9006 1.09967 0.654424 1 0.670861 
1.21072 0.427944 29.3115 1.0934 0.673381 0.9 0.679042 
1.21069 0.434066 26.7247 1.09815 0.669517 0.925 0.679042 
1.21067 0.440538 24.138 1.10318 0.665436 0.95 0.679042 
1.21066 0.447359 21.5513 1.10847 0.661139 0.975 0.679042 
1.21064 0.454531 18.9645 1.11405 0.656626 1 0.679042 
1.22514 0.427979 29.3754 1.10805 0.675541 0.9 0.687223 
1.22511 0.434093 26.7887 1.11276 0.671641 0.925 0.687223 
1.22509 0.440556 24.2019 1.11774 0.667522 0.95 0.687223 
1.22507 0.447369 21.6152 1.123 0.663185 0.975 0.687223 
1.22505 0.454531 19.0285 1.12852 0.658629 1 0.687223 

ZONE I=5, J=5
1.22514 0.427979 29.4308 1.10805 0.675541 0.9 0.687223 
1.22511 0.434093 26.8186 1.11276 0.671641 0.925 0.687223 
1.22509 0.440556 24.2064 1.11774 0.667522 0.95 0.687223 
1.22507 0.447369 21.5942 1.123 0.663185 0.975 0.687223 
1.22505 0.454531 18.982 1.12852 0.658629 1 0.687223 
1.23955 0.428015 29.4984 1.1228 0.677491 0.9 0.695405 
1.23952 0.434121 26.8861 1.12747 0.673559 0.925 0.695405 
1.2395 0.440576 24.2739 1.13242 0.669407 0.95 0.695405 
1.23948 0.447379 21.6617 1.13763 0.665035 0.975 0.695405 
1.23947 0.454532 19.0495 1.14311 0.660444 1 0.695405 
1.25395 0.42805 29.5659 1.13765 0.67924 0.9 0.703586 
1.25392 0.434148 26.9537 1.14228 0.675275 0.925 0.703586 
1.2539 0.440594 24.3415 1.14719 0.67109 0.95 0.703586 
1.25389 0.447389 21.7292 1.15236 0.666682 0.975 0.703586 
1.25388 0.454531 19.117 1.1578 0.662053 1 0.703586 
1.26834 0.428086 29.6334 1.1526 0.680788 0.9 0.711767 
1.26832 0.434175 27.0212 1.15719 0.67679 0.925 0.711767 
1.2683 0.440613 24.409 1.16205 0.672569 0.95 0.711767 
1.26828 0.447398 21.7968 1.16718 0.668125 0.975 0.711767 
1.26827 0.454531 19.1845 1.17257 0.663457 1 0.711767 
1.28274 0.428123 29.7009 1.16765 0.682135 0.9 0.719948 
1.28271 0.434204 27.0887 1.1722 0.678104 0.925 0.719948 
1.28269 0.440632 24.4765 1.17702 0.673847 0.95 0.719948 
1.28267 0.447408 21.8643 1.1821 0.669364 0.975 0.719948 
1.28265 0.454531 19.2521 1.18744 0.664654 1 0.719948 

ZONE I=5, J=5
1.28274 0.428123 29.7594 1.16765 0.682135 0.9 0.719948 
1.28271 0.434204 27.1203 1.1722 0.678104 0.925 0.719948 
1.28269 0.440632 24.4812 1.17702 0.673847 0.95 0.719948 
1.28267 0.447408 21.8421 1.1821 0.669364 0.975 0.719948 
1.28265 0.454531 19.203 1.18744 0.664654 1 0.719948 
1.29712 0.42816 29.8306 1.18279 0.683266 0.9 0.72813 
1.29709 0.434233 27.1915 1.1873 0.679205 0.925 0.72813 
1.29707 0.440652 24.5524 1.19208 0.674917 0.95 0.72813 
1.29705 0.447419 21.9133 1.19712 0.670401 0.975 0.72813 
1.29704 0.454532 19.2742 1.20242 0.665658 1 0.72813 
1.31149 0.428197 29.9018 1.19802 0.68419 0.9 0.736311 
1.31146 0.434261 27.2627 1.20249 0.680099 0.925 0.736311 
1.31144 0.440671 24.6236 1.20723 0.675778 0.95 0.736311 
1.31143 0.447428 21.9845 1.21222 0.671229 0.975 0.736311 
1.31142 0.454531 19.3454 1.21748 0.66645 1 0.736311 
1.32586 0.428234 29.973 1.21334 0.684908 0.9 0.744492 
1.32583 0.434289 27.3339 1.21777 0.680785 0.925 0.744492 
1.32581 0.44069 24.6948 1.22246 0.676431 0.95 0.744492 
1.32579 0.447438 22.0557 1.22741 0.671846 0.975 0.744492 
1.32578 0.454531 19.4166 1.23262 0.667031 1 0.744492 
1.34023 0.428272 30.0442 1.22875 0.685419 0.9 0.752673 
1.3402 0.434318 27.4051 1.23314 0.681264 0.925 0.752673 
1.34017 0.440711 24.766 1.23779 0.676875 0.95 0.752673 
1.34015 0.447448 22.1269 1.24269 0.672254 0.975 0.752673 
1.34013 0.454531 19.4878 1.24785 0.667399 1 0.752673 

ZONE I=5, J=5
1.34023 0.428272 30.1058 1.22875 0.685419 0.9 0.752673 
1.3402 0.434318 27.4384 1.23314 0.681264 0.925 0.752673 
1.34017 0.440711 24.7709 1.23779 0.676875 0.95 0.752673 
1.34015 0.447448 22.1035 1.24269 0.672254 0.975 0.752673 
1.34013 0.454531 19.4361 1.24785 0.667399 1 0.752673 
1.35457 0.42831 30.1807 1.24424 0.685708 0.9 0.760855 
1.35455 0.434348 27.5133 1.24859 0.681524 0.925 0.760855 
1.35452 0.440731 24.8459 1.2532 0.677107 0.95 0.760855 
1.3545 0.447459 22.1785 1.25806 0.672455 0.975 0.760855 
1.35449 0.454532 19.511 1.26317 0.667568 1 0.760855 
1.36891 0.428348 30.2556 1.2598 0.685784 0.9 0.769036 
1.36889 0.434377 27.5882 1.26412 0.681572 0.925 0.769036 
1.36886 0.440751 24.9208 1.26868 0.677124 0.95 0.769036 
1.36885 0.447469 22.2534 1.2735 0.67244 0.975 0.769036 
1.36884 0.454531 19.586 1.27857 0.66752 1 0.769036 
1.38325 0.428386 30.3306 1.27545 0.685648 0.9 0.777217 
1.38322 0.434407 27.6631 1.27973 0.681406 0.925 0.777217 
1.3832 0.440771 24.9957 1.28425 0.676927 0.95 0.777217 
1.38318 0.447479 22.3283 1.28902 0.672209 0.975 0.777217 
1.38317 0.454531 19.6609 1.29403 0.667255 1 0.777217 
1.39759 0.428426 30.4055 1.29119 0.6853 0.9 0.785398 
1.39756 0.434437 27.7381 1.29541 0.681028 0.925 0.785398 
1.39753 0.440792 25.0707 1.29989 0.676516 0.95 0.785398 
1.39751 0.44749 22.4032 1.30461 0.671763 0.975 0.785398 
1.39749 0.454531 19.7358 1.30958 0.666771 1 0.785398 

ZONE I=5, J=5
1.39759 0.428426 30.4702 1.29119 0.6853 0.9 0.785398 
1.39756 0.434437 27.7731 1.29541 0.681028 0.925 0.785398 
1.39753 0.440792 25.0759 1.29989 0.676516 0.95 0.785398 
1.39751 0.44749 22.3787 1.30461 0.671763 0.975 0.785398 
1.39749 0.454531 19.6815 1.30958 0.666771 1 0.785398 
1.4119 0.428466 30.549 1.30698 0.684724 0.9 0.79358 
1.41187 0.434468 27.8518 1.31117 0.680426 0.925 0.79358 
1.41185 0.440813 25.1546 1.3156 0.675886 0.95 0.79358 
1.41183 0.447501 22.4574 1.32028 0.671105 0.975 0.79358 
1.41182 0.454532 19.7602 1.3252 0.666084 1 0.79358 
1.42621 0.428505 30.6277 1.32285 0.683931 0.9 0.801761 
1.42618 0.434498 27.9306 1.327 0.679605 0.925 0.801761 
1.42616 0.440833 25.2334 1.33139 0.675037 0.95 0.801761 
1.42614 0.447511 22.5362 1.33602 0.670227 0.975 0.801761 
1.42613 0.454531 19.839 1.34089 0.665174 1 0.801761 
1.44051 0.428544 30.7065 1.33879 0.682921 0.9 0.809942 
1.44049 0.434528 28.0093 1.34289 0.678567 0.925 0.809942 
1.44046 0.440854 25.3121 1.34724 0.673969 0.95 0.809942 
1.44044 0.447521 22.6149 1.35182 0.669127 0.975 0.809942 
1.44043 0.454531 19.9177 1.35664 0.664041 1 0.809942 
1.45482 0.428584 30.7852 1.3548 0.681693 0.9 0.818123 
1.45478 0.434559 28.088 1.35886 0.677311 0.925 0.818123 
1.45476 0.440875 25.3909 1.36315 0.672682 0.95 0.818123 
1.45473 0.447533 22.6937 1.36769 0.667807 0.975 0.818123 
1.45472 0.454531 19.9965 1.37246 0.662686 1 0.818123 

ZONE I=5, J=5
1.45482 0.428584 30.8532 1.3548 0.681693 0.9 0.818123 
1.45478 0.434559 28.1248 1.35886 0.677311 0.925 0.818123 
1.45476 0.440875 25.3963 1.36315 0.672682 0.95 0.818123 
1.45473 0.447533 22.6679 1.36769 0.667807 0.975 0.818123 
1.45472 0.454531 19.9395 1.37246 0.662686 1 0.818123 
1.4691 0.428625 30.9358 1.37086 0.680233 0.9 0.826305 
1.46907 0.434591 28.2074 1.37488 0.675826 0.925 0.826305 
1.46904 0.440897 25.479 1.37913 0.671171 0.95 0.826305 
1.46902 0.447544 22.7506 1.38362 0.66627 0.975 0.826305 
1.46901 0.454532 20.0221 1.38835 0.661122 1 0.826305 
1.48337 0.428666 31.0185 1.38698 0.67855 0.9 0.834486 
1.48334 0.434622 28.2901 1.39096 0.674118 0.925 0.834486 
1.48332 0.440918 25.5616 1.39517 0.669437 0.95 0.834486 
1.4833 0.447554 22.8332 1.39961 0.664508 0.975 0.834486 
1.48329 0.454531 20.1048 1.40429 0.65933 1 0.834486 
1.49764 0.428706 31.1011 1.40316 0.676646 0.9 0.842667 
1.49761 0.434653 28.3727 1.4071 0.672188 0.925 0.842667 
1.49759 0.440939 25.6443 1.41126 0.667479 0.95 0.842667 
1.49757 0.447565 22.9159 1.41566 0.66252 0.975 0.842667 
1.49755 0.454531 20.1874 1.42028 0.657312 1 0.842667 
1.51191 0.428747 31.1838 1.4194 0.67452 0.9 0.850848 
1.51187 0.434685 28.4554 1.42329 0.670035 0.925 0.850848 
1.51185 0.440961 25.7269 1.42741 0.665297 0.95 0.850848 
1.51182 0.447577 22.9985 1.43176 0.660308 0.975 0.850848 
1.5118 0.454531 20.2701 1.43633 0.655066 1 0.850848 

ZONE I=5, J=5
1.51191 0.428747 31.255 1.4194 0.67452 0.9 0.850848 
1.51187 0.434685 28.4938 1.42329 0.670035 0.925 0.850848 
1.51185 0.440961 25.7327 1.42741 0.665297 0.95 0.850848 
1.51182 0.447577 22.9715 1.43176 0.660308 0.975 0.850848 
1.5118 0.454531 20.2104 1.43633 0.655066 1 0.850848 
1.52615 0.42879 31.3416 1.43569 0.672157 0.9 0.859029 
1.52612 0.434717 28.5805 1.43954 0.667649 0.925 0.859029 
1.52609 0.440983 25.8193 1.44361 0.662888 0.95 0.859029 
1.52608 0.447588 23.0582 1.44791 0.657874 0.975 0.859029 
1.52606 0.454532 20.2971 1.45243 0.652607 1 0.859029 
1.54039 0.428831 31.4282 1.45202 0.669568 0.9 0.86721 
1.54036 0.434749 28.6671 1.45583 0.665036 0.925 0.86721 
1.54033 0.441005 25.906 1.45986 0.66025 0.95 0.86721 
1.54031 0.447599 23.1448 1.46411 0.65521 0.975 0.86721 
1.5403 0.454531 20.3837 1.46858 0.649916 1 0.86721 
1.55462 0.428872 31.5149 1.4684 0.666753 0.9 0.875391 
1.55459 0.434781 28.7537 1.47217 0.662197 0.925 0.875391 
1.55456 0.441026 25.9926 1.47615 0.657385 0.95 0.875391 
1.55454 0.44761 23.2315 1.48035 0.652318 0.975 0.875391 
1.55453 0.454531 20.4703 1.48477 0.646995 1 0.875391 
1.56885 0.428915 31.6015 1.48484 0.663711 0.9 0.883573 
1.56882 0.434813 28.8404 1.48855 0.65913 0.925 0.883573 
1.56879 0.441049 26.0793 1.49249 0.654292 0.95 0.883573 
1.56876 0.447622 23.3181 1.49664 0.649195 0.975 0.883573 
1.56874 0.454531 20.557 1.50101 0.643842 1 0.883573 

ZONE I=5, J=5
1.56885 0.428915 31.6758 1.48484 0.663711 0.9 0.883573 
1.56882 0.434813 28.8805 1.48855 0.65913 0.925 0.883573 
1.56879 0.441049 26.0853 1.49249 0.654292 0.95 0.883573 
1.56876 0.447622 23.29 1.49664 0.649195 0.975 0.883573 
1.56874 0.454531 20.4947 1.50101 0.643842 1 0.883573 
1.58305 0.428958 31.7665 1.5013 0.660429 0.9 0.891754 
1.58302 0.434847 28.9713 1.50497 0.655827 0.925 0.891754 
1.583 0.441072 26.176 1.50886 0.650967 0.95 0.891754 
1.58298 0.447634 23.3807 1.51297 0.645848 0.975 0.891754 
1.58296 0.454532 20.5855 1.51729 0.640471 1 0.891754 
1.59725 0.429 31.8573 1.5178 0.656918 0.9 0.899935 
1.59722 0.434879 29.062 1.52143 0.652294 0.925 0.899935 
1.5972 0.441094 26.2667 1.52527 0.647411 0.95 0.899935 
1.59718 0.447645 23.4715 1.52933 0.642268 0.975 0.899935 
1.59716 0.454531 20.6762 1.5336 0.636866 1 0.899935 
1.61144 0.429043 31.948 1.53434 0.653176 0.9 0.908116 
1.61141 0.434912 29.1527 1.53792 0.64853 0.925 0.908116 
1.61139 0.441116 26.3575 1.54172 0.643623 0.95 0.908116 
1.61137 0.447656 23.5622 1.54573 0.638455 0.975 0.908116 
1.61135 0.454531 20.7669 1.54994 0.633027 1 0.908116 
1.62563 0.429086 32.0388 1.55091 0.649205 0.9 0.916298 
1.6256 0.434946 29.2435 1.55445 0.644536 0.925 0.916298 
1.62557 0.44114 26.4482 1.5582 0.639604 0.95 0.916298 
1.62554 0.447668 23.6529 1.56215 0.634409 0.975 0.916298 
1.62552 0.454531 20.8577 1.56632 0.628952 1 0.916298 

ZONE I=5, J=5
1.62563 0.429086 32.1157 1.55091 0.649205 0.9 0.916298 
1.6256 0.434946 29.2851 1.55445 0.644536 0.925 0.916298 
1.62557 0.44114 26.4545 1.5582 0.639604 0.95 0.916298 
1.62554 0.447668 23.6238 1.56215 0.634409 0.975 0.916298 
1.62552 0.454531 20.7932 1.56632 0.628952 1 0.916298 
1.6398 0.429131 32.2106 1.5675 0.64499 0.9 0.924479 
1.63976 0.43498 29.38 1.571 0.640302 0.925 0.924479 
1.63974 0.441163 26.5494 1.57471 0.63535 0.95 0.924479 
1.63972 0.44768 23.7188 1.57861 0.630135 0.975 0.924479 
1.6397 0.454532 20.8882 1.58273 0.624657 1 0.924479 
1.65395 0.429174 32.3056 1.58412 0.640542 0.9 0.93266 
1.65392 0.435013 29.4749 1.58758 0.635834 0.925 0.93266 
1.6539 0.441186 26.6443 1.59124 0.630861 0.95 0.93266 
1.65388 0.447692 23.8137 1.5951 0.625625 0.975 0.93266 
1.65386 0.454531 20.9831 1.59916 0.620123 1 0.93266 
1.6681 0.429217 32.4005 1.60077 0.635861 0.9 0.940841 
1.66807 0.435046 29.5699 1.60418 0.631132 0.925 0.940841 
1.66804 0.441208 26.7393 1.60779 0.626138 0.95 0.940841 
1.66802 0.447703 23.9087 1.6116 0.620878 0.975 0.940841 
1.66801 0.454531 21.078 1.61561 0.615353 1 0.940841 
1.68225 0.429262 32.4954 1.61744 0.630947 0.9 0.949023 
1.68221 0.435081 29.6648 1.62081 0.626197 0.925 0.949023 
1.68218 0.441232 26.8342 1.62437 0.62118 0.95 0.949023 
1.68216 0.447716 24.0036 1.62812 0.615896 0.975 0.949023 
1.68214 0.454531 21.173 1.63208 0.610344 1 0.949023 

ZONE I=5, J=5
1.68225 0.429262 32.5736 1.61744 0.630947 0.9 0.949023 
1.68221 0.435081 29.7071 1.62081 0.626197 0.925 0.949023 
1.68218 0.441232 26.8406 1.62437 0.62118 0.95 0.949023 
1.68216 0.447716 23.9741 1.62812 0.615896 0.975 0.949023 
1.68214 0.454531 21.1076 1.63208 0.610344 1 0.949023 
1.69637 0.429307 32.6728 1.63412 0.625787 0.9 0.957204 
1.69634 0.435116 29.8063 1.63744 0.62102 0.925 0.957204 
1.69631 0.441256 26.9398 1.64096 0.615985 0.95 0.957204 
1.69629 0.447728 24.0733 1.64467 0.610682 0.975 0.957204 
1.69628 0.454532 21.2069 1.64857 0.605112 1 0.957204 
1.71048 0.429351 32.7721 1.65081 0.620391 0.9 0.965385 
1.71045 0.43515 29.9056 1.65409 0.615606 0.925 0.965385 
1.71042 0.441279 27.0391 1.65756 0.610553 0.95 0.965385 
1.71041 0.44774 24.1726 1.66122 0.60523 0.975 0.965385 
1.71039 0.454531 21.3061 1.66508 0.599639 1 0.965385 
1.72458 0.429396 32.8714 1.66752 0.614759 0.9 0.973566 
1.72455 0.435184 30.0049 1.67075 0.609956 0.925 0.973566 
1.72453 0.441303 27.1384 1.67417 0.604883 0.95 0.973566 
1.72451 0.447752 24.2719 1.67778 0.59954 0.975 0.973566 
1.7245 0.454531 21.4054 1.68159 0.593927 1 0.973566 
1.73868 0.429441 32.9706 1.68425 0.608892 0.9 0.981748 
1.73865 0.435219 30.1041 1.68743 0.604069 0.925 0.981748 
1.73862 0.441327 27.2376 1.6908 0.598976 0.95 0.981748 
1.7386 0.447765 24.3712 1.69436 0.593611 0.975 0.981748 
1.73858 0.454531 21.5047 1.6981 0.587975 1 0.981748 

ZONE I=5, J=5
1.73868 0.429441 33.0456 1.68425 0.608892 0.9 0.981748 
1.73865 0.435219 30.1447 1.68743 0.604069 0.925 0.981748 
1.73862 0.441327 27.2438 1.6908 0.598976 0.95 0.981748 
1.7386 0.447765 24.343 1.69436 0.593611 0.975 0.981748 
1.73858 0.454531 21.4421 1.6981 0.587975 1 0.981748 
1.75275 0.429488 33.1493 1.70096 0.602776 0.9 0.989929 
1.75273 0.435255 30.2485 1.7041 0.597939 0.925 0.989929 
1.7527 0.441352 27.3476 1.70743 0.592829 0.95 0.989929 
1.75269 0.447778 24.4467 1.71094 0.587448 0.975 0.989929 
1.75267 0.454532 21.5458 1.71464 0.581796 1 0.989929 
1.76682 0.429533 33.2531 1.71768 0.596423 0.9 0.99811 
1.76679 0.43529 30.3522 1.72078 0.591569 0.925 0.99811 
1.76677 0.441376 27.4514 1.72406 0.586444 0.95 0.99811 
1.76675 0.44779 24.5505 1.72752 0.581046 0.975 0.99811 
1.76675 0.454531 21.6496 1.73117 0.575376 1 0.99811 
1.78087 0.429578 33.3569 1.73439 0.589832 0.9 1.00629 
1.78084 0.435325 30.456 1.73745 0.584962 0.925 1.00629 
1.78082 0.4414 27.5551 1.74068 0.579819 0.95 1.00629 
1.78081 0.447802 24.6542 1.7441 0.574404 0.975 1.00629 
1.7808 0.454531 21.7534 1.74769 0.568716 1 1.00629 
1.79491 0.429623 33.4606 1.75111 0.583003 0.9 1.01447 
1.79489 0.435362 30.5597 1.75412 0.578116 0.925 1.01447 
1.79487 0.441426 27.6589 1.75731 0.572956 0.95 1.01447 
1.79485 0.447816 24.758 1.76067 0.567522 0.975 1.01447 
1.79484 0.454531 21.8571 1.76421 0.561816 1 1.01447 

ZONE I=5, J=5
1.79491 0.429623 33.5195 1.75111 0.583003 0.9 1.01447 
1.79489 0.435362 30.5918 1.75412 0.578116 0.925 1.01447 
1.79487 0.441426 27.664 1.75731 0.572956 0.95 1.01447 
1.79485 0.447816 24.7362 1.76067 0.567522 0.975 1.01447 
1.79484 0.454531 21.8084 1.76421 0.561816 1 1.01447 
1.80894 0.429672 33.6281 1.76783 0.575919 0.9 1.02266 
1.80892 0.435399 30.7003 1.77079 0.57102 0.925 1.02266 
1.80891 0.441452 27.7725 1.77394 0.565846 0.95 1.02266 
1.8089 0.447829 24.8447 1.77725 0.560399 0.975 1.02266 
1.8089 0.454532 21.9169 1.78074 0.554677 1 1.02266 
1.82296 0.429719 33.7367 1.78452 0.568597 0.9 1.03084 
1.82294 0.435435 30.8089 1.78745 0.563684 0.925 1.03084 
1.82293 0.441477 27.8811 1.79055 0.558498 0.95 1.03084 
1.82293 0.447842 24.9533 1.79382 0.553037 0.975 1.03084 
1.82293 0.454531 22.0255 1.79726 0.547302 1 1.03084 
1.83695 0.429764 33.8453 1.8012 0.561035 0.9 1.03902 
1.83694 0.435472 30.9175 1.80409 0.556109 0.925 1.03902 
1.83694 0.441503 27.9897 1.80714 0.550909 0.95 1.03902 
1.83694 0.447856 25.0619 1.81037 0.545436 0.975 1.03902 
1.83695 0.454531 22.1341 1.81376 0.539689 1 1.03902 
1.85093 0.429809 33.9539 1.81786 0.553234 0.9 1.0472 
1.85092 0.435511 31.0261 1.8207 0.548294 0.925 1.0472 
1.85093 0.441532 28.0983 1.82372 0.543081 0.95 1.0472 
1.85094 0.447872 25.1705 1.8269 0.537596 0.975 1.0472 
1.85096 0.454531 22.2427 1.83024 0.531838 1 1.0472 

ZONE I=5, J=5
1.85093 0.429809 33.9593 1.81786 0.553234 0.9 1.0472 
1.85092 0.435511 31.0293 1.8207 0.548294 0.925 1.0472 
1.85093 0.441532 28.0994 1.82372 0.543081 0.95 1.0472 
1.85094 0.447872 25.1695 1.8269 0.537596 0.975 1.0472 
1.85096 0.454531 22.2395 1.83024 0.531838 1 1.0472 
1.8649 0.429862 34.0734 1.8345 0.545186 0.9 1.05538 
1.8649 0.43555 31.1434 1.83731 0.540237 0.925 1.05538 
1.86491 0.441558 28.2135 1.84028 0.535014 0.95 1.05538 
1.86493 0.447885 25.2835 1.84341 0.529517 0.975 1.05538 
1.86495 0.454532 22.3536 1.84671 0.523747 1 1.05538 
1.87884 0.42991 34.1874 1.85111 0.536891 0.9 1.06356 
1.87885 0.435589 31.2575 1.85388 0.531933 0.925 1.06356 
1.87887 0.441586 28.3276 1.85681 0.526702 0.95 1.06356 
1.8789 0.4479 25.3976 1.85991 0.521198 0.975 1.06356 
1.87894 0.454531 22.4677 1.86316 0.515421 1 1.06356 
1.89275 0.429955 34.3015 1.86768 0.528349 0.9 1.07174 
1.89278 0.435629 31.3716 1.87042 0.523382 0.925 1.07174 
1.89282 0.441617 28.4416 1.87332 0.518145 0.95 1.07174 
1.89288 0.447917 25.5117 1.87638 0.512639 0.975 1.07174 
1.89294 0.454531 22.5818 1.8796 0.506862 1 1.07174 
1.90664 0.43 34.4156 1.8842 0.519561 0.9 1.07992 
1.90669 0.435673 31.4857 1.88693 0.514585 0.925 1.07992 
1.90676 0.441652 28.5557 1.88981 0.509344 0.95 1.07992 
1.90684 0.447938 25.6258 1.89284 0.503839 0.975 1.07992 
1.90694 0.454531 22.6958 1.89603 0.498069 1 1.07992 

ZONE I=5, J=5
1.90664 0.43 34.2595 1.8842 0.519561 0.9 1.07992 
1.90669 0.435673 31.402 1.88693 0.514585 0.925 1.07992 
1.90676 0.441652 28.5445 1.88981 0.509344 0.95 1.07992 
1.90684 0.447938 25.687 1.89284 0.503839 0.975 1.07992 
1.90694 0.454531 22.8294 1.89603 0.498069 1 1.07992 
1.92054 0.430059 34.3812 1.90073 0.510536 0.9 1.0881 
1.92061 0.435716 31.5236 1.90342 0.505557 0.925 1.0881 
1.92069 0.441681 28.6661 1.90626 0.500312 0.95 1.0881 
1.92078 0.447952 25.8086 1.90925 0.494799 0.975 1.0881 
1.92089 0.454531 22.9511 1.9124 0.48902 1 1.0881 
1.93439 0.43011 34.5028 1.91719 0.501249 0.9 1.09628 
1.93449 0.435761 31.6453 1.91986 0.49627 0.925 1.09628 
1.93461 0.441715 28.7878 1.92268 0.491027 0.95 1.09628 
1.93474 0.447972 25.9302 1.92566 0.48552 0.975 1.09628 
1.93488 0.454531 23.0727 1.92878 0.479749 1 1.09628 
1.94818 0.430155 34.6244 1.93356 0.491702 0.9 1.10446 
1.94834 0.435809 31.7669 1.93624 0.486724 0.925 1.10446 
1.94851 0.441756 28.9094 1.93907 0.48149 0.95 1.10446 
1.9487 0.447997 26.0519 1.94205 0.476001 0.975 1.10446 
1.9489 0.454531 23.1943 1.94517 0.470256 1 1.10446 
1.96191 0.430196 34.7461 1.94985 0.481894 0.9 1.11265 
1.96215 0.435861 31.8885 1.95257 0.476918 0.925 1.11265 
1.9624 0.441805 29.031 1.95543 0.471701 0.95 1.11265 
1.96268 0.448029 26.1735 1.95843 0.466242 0.975 1.11265 
1.96298 0.454531 23.316 1.96158 0.460541 1 1.11265 

ZONE I=5, J=5
1.96191 0.430196 34.1408 1.94985 0.481894 0.9 1.11265 
1.96215 0.435861 31.5654 1.95257 0.476918 0.925 1.11265 
1.9624 0.441805 28.99 1.95543 0.471701 0.95 1.11265 
1.96268 0.448029 26.4147 1.95843 0.466242 0.975 1.11265 
1.96298 0.454531 23.8393 1.96158 0.460541 1 1.11265 
1.97571 0.430263 34.2697 1.96618 0.471869 0.9 1.12083 
1.97599 0.435917 31.6944 1.9689 0.466903 0.925 1.12083 
1.97629 0.441846 29.119 1.97175 0.461694 0.95 1.12083 
1.9766 0.44805 26.5436 1.97473 0.456242 0.975 1.12083 
1.97692 0.454531 23.9683 1.97784 0.450546 1 1.12083 
1.98937 0.430304 34.3987 1.98234 0.461573 0.9 1.12901 
1.98975 0.43596 31.8233 1.98511 0.456626 0.925 1.12901 
1.99015 0.441883 29.248 1.988 0.45144 0.95 1.12901 
1.99055 0.448074 26.6726 1.99101 0.446016 0.975 1.12901 
1.99096 0.454531 24.0972 1.99414 0.440352 1 1.12901 
2.00289 0.430324 34.5276 1.99833 0.451006 0.9 1.13719 
2.00343 0.435995 31.9523 2.00121 0.446088 0.925 1.13719 
2.00398 0.441919 29.3769 2.00419 0.44094 0.95 1.13719 
2.00452 0.448098 26.8016 2.00729 0.435563 0.975 1.13719 
2.00508 0.454532 24.2262 2.01049 0.429957 1 1.13719 
2.01628 0.430328 34.6566 2.01416 0.440168 0.9 1.14537 
2.01703 0.436024 32.0812 2.01719 0.435288 0.925 1.14537 
2.01778 0.441956 29.5059 2.02032 0.430193 0.95 1.14537 
2.01853 0.448125 26.9305 2.02355 0.424885 0.975 1.14537 
2.01929 0.454531 24.3552 2.02688 0.419364 1 1.14537 

ZONE I=5, J=5
2.01628 0.430328 33.37 2.01416 0.440168 0.9 1.14537 
2.01703 0.436024 31.3758 2.01719 0.435288 0.925 1.14537 
2.01778 0.441956 29.3817 2.02032 0.430193 0.95 1.14537 
2.01853 0.448125 27.3875 2.02355 0.424885 0.975 1.14537 
2.01929 0.454531 25.3934 2.02688 0.419364 1 1.14537 
2.02979 0.430278 33.4374 2.03002 0.4292 0.9 1.15355 
2.03059 0.435988 31.4433 2.03306 0.424304 0.925 1.15355 
2.0314 0.441975 29.4491 2.03623 0.419159 0.95 1.15355 
2.03222 0.448238 27.455 2.03951 0.413764 0.975 1.15355 
2.03304 0.454777 25.4608 2.04292 0.40812 1 1.15355 
2.04314 0.429859 33.5049 2.04555 0.418274 0.9 1.16173 
2.04401 0.435573 31.5107 2.04861 0.413375 0.925 1.16173 
2.04489 0.441584 29.5166 2.05181 0.40821 0.95 1.16173 
2.04579 0.447891 27.5224 2.05514 0.402781 0.975 1.16173 
2.0467 0.454493 25.5283 2.05861 0.397088 1 1.16173 
2.05634 0.429075 33.5723 2.06074 0.407391 0.9 1.16991 
2.05727 0.434783 31.5782 2.06383 0.402499 0.925 1.16991 
2.05824 0.440787 29.584 2.06706 0.397347 0.95 1.16991 
2.05923 0.447087 27.5899 2.07044 0.391936 0.975 1.16991 
2.06026 0.453683 25.5957 2.07396 0.386266 1 1.16991 
2.06937 0.427931 33.6398 2.07561 0.39655 0.9 1.1781 
2.07037 0.433623 31.6456 2.07872 0.391677 0.925 1.1781 
2.07143 0.43959 29.6515 2.08198 0.38657 0.95 1.1781 
2.07255 0.445832 27.6573 2.0854 0.381229 0.975 1.1781 
2.07372 0.452349 25.6632 2.08897 0.375655 1 1.1781 

ZONE I=5, J=5
2.06937 0.427931 32.8516 2.07561 0.39655 0.9 1.1781 
2.07037 0.433623 31.2524 2.07872 0.391677 0.925 1.1781 
2.07143 0.43959 29.6531 2.08198 0.38657 0.95 1.1781 
2.07255 0.445832 28.0539 2.0854 0.381229 0.975 1.1781 
2.07372 0.452349 26.4547 2.08897 0.375655 1 1.1781 
2.08238 0.426231 32.9838 2.09021 0.386015 0.9 1.18628 
2.08347 0.431915 31.3846 2.09335 0.381157 0.925 1.18628 
2.08463 0.437851 29.7854 2.09665 0.376086 0.95 1.18628 
2.08584 0.444041 28.1861 2.10009 0.370803 0.975 1.18628 
2.08711 0.450483 26.5869 2.10369 0.365307 1 1.18628 
2.09524 0.424098 33.1161 2.10448 0.375617 0.9 1.19446 
2.09646 0.429756 31.5168 2.10768 0.370801 0.925 1.19446 
2.09773 0.435653 29.9176 2.11104 0.365786 0.95 1.19446 
2.09907 0.441788 28.3184 2.11454 0.360571 0.975 1.19446 
2.10047 0.448163 26.7191 2.11818 0.355158 1 1.19446 
2.10796 0.421535 33.2483 2.11842 0.365356 0.9 1.20264 
2.10932 0.42715 31.6491 2.12171 0.360608 0.925 1.20264 
2.11075 0.432997 30.0498 2.12515 0.355667 0.95 1.20264 
2.11225 0.439077 28.4506 2.12873 0.350534 0.975 1.20264 
2.11381 0.445388 26.8514 2.13246 0.345208 1 1.20264 
2.12051 0.418548 33.3805 2.13203 0.355233 0.9 1.21082 
2.12205 0.424101 31.7813 2.13543 0.350579 0.925 1.21082 
2.12367 0.429888 30.182 2.13898 0.345732 0.95 1.21082 
2.12535 0.435908 28.5828 2.14268 0.340691 0.975 1.21082 
2.12711 0.442162 26.9836 2.14653 0.335458 1 1.21082 

ZONE I=5, J=5
2.12051 0.418548 33.1299 2.13203 0.355233 0.9 1.21082 
2.12205 0.424101 31.6434 2.13543 0.350579 0.925 1.21082 
2.12367 0.429888 30.1569 2.13898 0.345732 0.95 1.21082 
2.12535 0.435908 28.6704 2.14268 0.340691 0.975 1.21082 
2.12711 0.442162 27.1839 2.14653 0.335458 1 1.21082 
2.13299 0.415109 33.2549 2.14539 0.345311 0.9 1.219 
2.13468 0.420619 31.7684 2.14888 0.340722 0.925 1.219 
2.13645 0.426351 30.2819 2.15252 0.335951 0.95 1.219 
2.1383 0.432305 28.7954 2.1563 0.330998 0.975 1.219 
2.14022 0.438482 27.309 2.16024 0.325862 1 1.219 
2.14531 0.411266 33.3799 2.15846 0.335519 0.9 1.22718 
2.14716 0.416719 31.8934 2.16203 0.331008 0.925 1.22718 
2.14909 0.422388 30.4069 2.16576 0.326321 0.95 1.22718 
2.15111 0.42827 28.9204 2.16964 0.321461 0.975 1.22718 
2.1532 0.434368 27.434 2.17367 0.316425 1 1.22718 
2.15748 0.407021 33.5049 2.17122 0.325857 0.9 1.23536 
2.15949 0.412406 32.0184 2.17489 0.321434 0.925 1.23536 
2.16159 0.418001 30.5319 2.17872 0.316842 0.95 1.23536 
2.16378 0.423807 29.0454 2.18269 0.312079 0.975 1.23536 
2.16605 0.429823 27.559 2.18682 0.307147 1 1.23536 
2.16947 0.402379 33.6299 2.18368 0.316323 0.9 1.24355 
2.17165 0.407683 32.1434 2.18745 0.312002 0.925 1.24355 
2.17393 0.413196 30.6569 2.19138 0.307512 0.95 1.24355 
2.1763 0.418919 29.1705 2.19546 0.302854 0.975 1.24355 
2.17876 0.424852 27.684 2.1997 0.298028 1 1.24355 

ZONE I=5, J=5
2.16947 0.402379 33.6034 2.18368 0.316323 0.9 1.24355 
2.17165 0.407683 32.1287 2.18745 0.312002 0.925 1.24355 
2.17393 0.413196 30.6541 2.19138 0.307512 0.95 1.24355 
2.1763 0.418919 29.1794 2.19546 0.302854 0.975 1.24355 
2.17876 0.424852 27.7047 2.1997 0.298028 1 1.24355 
2.1813 0.397339 33.7223 2.19584 0.306945 0.9 1.25173 
2.18364 0.402567 32.2476 2.19971 0.302716 0.925 1.25173 
2.18608 0.407998 30.7729 2.20373 0.298325 0.95 1.25173 
2.18862 0.413632 29.2983 2.20791 0.293772 0.975 1.25173 
2.19126 0.419469 27.8236 2.21224 0.289057 1 1.25173 
2.19294 0.391925 33.8411 2.20771 0.297689 0.9 1.25991 
2.19544 0.397069 32.3665 2.21166 0.293556 0.925 1.25991 
2.19804 0.402412 30.8918 2.21577 0.289266 0.95 1.25991 
2.20075 0.407952 29.4172 2.22005 0.284819 0.975 1.25991 
2.20356 0.413691 27.9425 2.22448 0.280216 1 1.25991 
2.20439 0.386141 33.96 2.21927 0.288554 0.9 1.26809 
2.20704 0.391195 32.4854 2.22331 0.284521 0.925 1.26809 
2.20981 0.396444 31.0107 2.22752 0.280335 0.95 1.26809 
2.21268 0.401886 29.536 2.23188 0.275996 0.975 1.26809 
2.21566 0.407523 28.0614 2.23641 0.271505 1 1.26809 
2.21563 0.379992 34.0789 2.23054 0.27954 0.9 1.27627 
2.21844 0.384949 32.6042 2.23466 0.275611 0.925 1.27627 
2.22136 0.390098 31.1296 2.23895 0.271532 0.95 1.27627 
2.2244 0.395439 29.6549 2.24341 0.267303 0.975 1.27627 
2.22756 0.400971 28.1803 2.24803 0.262924 1 1.27627 

ZONE I=5, J=5
2.21563 0.379992 34.1287 2.23054 0.27954 0.9 1.27627 
2.21844 0.384949 32.6311 2.23466 0.275611 0.925 1.27627 
2.22136 0.390098 31.1335 2.23895 0.271532 0.95 1.27627 
2.2244 0.395439 29.6358 2.24341 0.267303 0.975 1.27627 
2.22756 0.400971 28.1382 2.24803 0.262924 1 1.27627 
2.22666 0.373491 34.24 2.24149 0.270639 0.9 1.28445 
2.22962 0.378349 32.7424 2.2457 0.266814 0.925 1.28445 
2.2327 0.383394 31.2448 2.25008 0.262845 0.95 1.28445 
2.2359 0.388625 29.7472 2.25463 0.25873 0.975 1.28445 
2.23922 0.394043 28.2496 2.25934 0.25447 1 1.28445 
2.23747 0.366648 34.3514 2.25215 0.261841 0.9 1.29263 
2.24058 0.371403 32.8538 2.25644 0.258121 0.925 1.29263 
2.24381 0.37634 31.3561 2.2609 0.254261 0.95 1.29263 
2.24717 0.381459 29.8585 2.26553 0.25026 0.975 1.29263 
2.25065 0.386761 28.3609 2.27034 0.246119 1 1.29263 
2.24806 0.359467 34.4627 2.2625 0.253146 0.9 1.30081 
2.25131 0.364115 32.9651 2.26687 0.249531 0.925 1.30081 
2.25468 0.368941 31.4675 2.27141 0.245781 0.95 1.30081 
2.25819 0.373946 29.9699 2.27613 0.241893 0.975 1.30081 
2.26183 0.379128 28.4723 2.28102 0.237869 1 1.30081 
2.25842 0.351954 34.5741 2.27256 0.244554 0.9 1.309 
2.2618 0.356492 33.0764 2.277 0.241045 0.925 1.309 
2.26532 0.361204 31.5788 2.28162 0.237404 0.95 1.309 
2.26897 0.366091 30.0812 2.28641 0.233629 0.975 1.309 
2.27276 0.371151 28.5836 2.29138 0.229722 1 1.309 

ZONE I=5, J=5
2.25842 0.351954 34.6466 2.27256 0.244554 0.9 1.309 
2.2618 0.356492 33.1157 2.277 0.241045 0.925 1.309 
2.26532 0.361204 31.5848 2.28162 0.237404 0.95 1.309 
2.26897 0.366091 30.054 2.28641 0.233629 0.975 1.309 
2.27276 0.371151 28.5231 2.29138 0.229722 1 1.309 
2.26852 0.344139 34.7487 2.2823 0.236055 0.9 1.31718 
2.27203 0.348561 33.2178 2.28681 0.232656 0.925 1.31718 
2.27569 0.353153 31.6869 2.2915 0.229129 0.95 1.31718 
2.27949 0.357914 30.1561 2.29637 0.225473 0.975 1.31718 
2.28343 0.362844 28.6252 2.30142 0.221689 1 1.31718 
2.27836 0.336021 34.8508 2.29173 0.227645 0.9 1.32536 
2.28201 0.340325 33.3199 2.29631 0.224355 0.925 1.32536 
2.2858 0.344794 31.789 2.30107 0.220941 0.95 1.32536 
2.28974 0.349428 30.2582 2.30602 0.217403 0.975 1.32536 
2.29382 0.354227 28.7273 2.31115 0.21374 1 1.32536 
2.28795 0.327606 34.9529 2.30086 0.219324 0.9 1.33354 
2.29172 0.33179 33.422 2.3055 0.216142 0.925 1.33354 
2.29564 0.336135 31.8912 2.31033 0.21284 0.95 1.33354 
2.29971 0.34064 30.3603 2.31535 0.209418 0.975 1.33354 
2.30393 0.345306 28.8294 2.32055 0.205875 1 1.33354 
2.29728 0.318899 35.055 2.30968 0.211092 0.9 1.34172 
2.30116 0.322963 33.5241 2.31438 0.208017 0.925 1.34172 
2.3052 0.327182 31.9933 2.31928 0.204826 0.95 1.34172 
2.3094 0.331557 30.4624 2.32436 0.201519 0.975 1.34172 
2.31375 0.336088 28.9315 2.32963 0.198094 1 1.34172 

ZONE I=5, J=5
2.29728 0.318899 35.1299 2.30968 0.211092 0.9 1.34172 
2.30116 0.322963 33.5647 2.31438 0.208017 0.925 1.34172 
2.3052 0.327182 31.9994 2.31928 0.204826 0.95 1.34172 
2.3094 0.331557 30.4342 2.32436 0.201519 0.975 1.34172 
2.31375 0.336088 28.869 2.32963 0.198094 1 1.34172 
2.30632 0.309928 35.2212 2.31818 0.202929 0.9 1.3499 
2.31032 0.313864 33.656 2.32295 0.199966 0.925 1.3499 
2.31448 0.31795 32.0908 2.32791 0.196891 0.95 1.3499 
2.31881 0.322187 30.5256 2.33305 0.193704 0.975 1.3499 
2.32329 0.326576 28.9603 2.33839 0.190405 1 1.3499 
2.31508 0.300691 35.3126 2.32638 0.194837 0.9 1.35808 
2.3192 0.304497 33.7474 2.33121 0.191985 0.925 1.35808 
2.32348 0.30845 32.1822 2.33623 0.189025 0.95 1.35808 
2.32792 0.312548 30.6169 2.34143 0.185957 0.975 1.35808 
2.33253 0.316793 29.0517 2.34684 0.18278 1 1.35808 
2.32357 0.291192 35.404 2.33428 0.186816 0.9 1.36626 
2.32779 0.294869 33.8387 2.33916 0.184073 0.925 1.36626 
2.33218 0.298687 32.2735 2.34423 0.181226 0.95 1.36626 
2.33673 0.302646 30.7083 2.3495 0.178275 0.975 1.36626 
2.34146 0.306746 29.1431 2.35496 0.175221 1 1.36626 
2.33177 0.281439 35.4953 2.34187 0.178866 0.9 1.37445 
2.33609 0.284986 33.9301 2.3468 0.176231 0.925 1.37445 
2.34058 0.288668 32.3649 2.35192 0.173496 0.95 1.37445 
2.34525 0.292487 30.7997 2.35725 0.170661 0.975 1.37445 
2.35009 0.296442 29.2344 2.36276 0.167726 1 1.37445 

ZONE I=5, J=5
2.33177 0.281439 35.5647 2.34187 0.178866 0.9 1.37445 
2.33609 0.284986 33.9677 2.3468 0.176231 0.925 1.37445 
2.34058 0.288668 32.3707 2.35192 0.173496 0.95 1.37445 
2.34525 0.292487 30.7737 2.35725 0.170661 0.975 1.37445 
2.35009 0.296442 29.1767 2.36276 0.167726 1 1.37445 
2.33966 0.271468 35.644 2.34914 0.170975 0.9 1.38263 
2.34408 0.274878 34.047 2.35412 0.168452 0.925 1.38263 
2.34867 0.278418 32.45 2.3593 0.165834 0.95 1.38263 
2.35345 0.28209 30.853 2.36467 0.16312 0.975 1.38263 
2.3584 0.285893 29.256 2.37025 0.16031 1 1.38263 
2.34725 0.261273 35.7233 2.3561 0.163142 0.9 1.39081 
2.35176 0.264545 34.1263 2.36113 0.160731 0.925 1.39081 
2.35645 0.267943 32.5293 2.36635 0.158228 0.95 1.39081 
2.36133 0.271467 30.9323 2.37178 0.155634 0.975 1.39081 
2.36638 0.275117 29.3353 2.37741 0.152947 1 1.39081 
2.35453 0.25086 35.8026 2.36275 0.15537 0.9 1.39899 
2.35913 0.253995 34.2056 2.36782 0.153068 0.925 1.39899 
2.36392 0.25725 32.6086 2.3731 0.150678 0.95 1.39899 
2.36889 0.260626 31.0116 2.37857 0.148201 0.975 1.39899 
2.37404 0.264123 29.4146 2.38425 0.145637 1 1.39899 
2.36151 0.240236 35.8819 2.3691 0.147656 0.9 1.40717 
2.36619 0.243233 34.2849 2.37421 0.145462 0.925 1.40717 
2.37107 0.246346 32.6879 2.37952 0.143185 0.95 1.40717 
2.37612 0.249574 31.0909 2.38504 0.140824 0.975 1.40717 
2.38137 0.252917 29.4939 2.39076 0.138379 1 1.40717 

ZONE I=5, J=5
2.36151 0.240236 35.9421 2.3691 0.147656 0.9 1.40717 
2.36619 0.243233 34.3175 2.37421 0.145462 0.925 1.40717 
2.37107 0.246346 32.6929 2.37952 0.143185 0.95 1.40717 
2.37612 0.249574 31.0683 2.38504 0.140824 0.975 1.40717 
2.38137 0.252917 29.4437 2.39076 0.138379 1 1.40717 
2.36816 0.229427 36.0083 2.37513 0.139984 0.9 1.41535 
2.37293 0.232281 34.3837 2.38028 0.137902 0.925 1.41535 
2.37789 0.235245 32.7591 2.38564 0.135741 0.95 1.41535 
2.38303 0.238319 31.1345 2.3912 0.133501 0.975 1.41535 
2.38837 0.241503 29.5099 2.39696 0.131182 1 1.41535 
2.3745 0.218431 36.0745 2.38085 0.132355 0.9 1.42353 
2.37935 0.221141 34.4499 2.38604 0.130385 0.925 1.42353 
2.38438 0.223956 32.8253 2.39144 0.128339 0.95 1.42353 
2.38961 0.226876 31.2007 2.39704 0.126219 0.975 1.42353 
2.39503 0.2299 29.5761 2.40284 0.124023 1 1.42353 
2.38052 0.207253 36.1407 2.38627 0.124771 0.9 1.43171 
2.38544 0.20982 34.5161 2.39149 0.12291 0.925 1.43171 
2.39055 0.212486 32.8915 2.39692 0.120978 0.95 1.43171 
2.39585 0.215251 31.2669 2.40256 0.118975 0.975 1.43171 
2.40136 0.218115 29.6423 2.40841 0.116902 1 1.43171 
2.38622 0.195901 36.2069 2.39138 0.117231 0.9 1.4399 
2.3912 0.198325 34.5823 2.39663 0.115478 0.925 1.4399 
2.39638 0.200842 32.9577 2.40209 0.113659 0.95 1.4399 
2.40176 0.203453 31.3331 2.40777 0.111772 0.975 1.4399 
2.40733 0.206157 29.7085 2.41365 0.109819 1 1.4399 

ZONE I=5, J=5
2.38622 0.195901 36.2564 2.39138 0.117231 0.9 1.4399 
2.3912 0.198325 34.6091 2.39663 0.115478 0.925 1.4399 
2.39638 0.200842 32.9619 2.40209 0.113659 0.95 1.4399 
2.40176 0.203453 31.3146 2.40777 0.111772 0.975 1.4399 
2.40733 0.206157 29.6674 2.41365 0.109819 1 1.4399 
2.39158 0.18441 36.3087 2.39617 0.109727 0.9 1.44808 
2.39663 0.186686 34.6614 2.40145 0.108086 0.925 1.44808 
2.40187 0.189049 33.0142 2.40695 0.106382 0.95 1.44808 
2.40732 0.191501 31.3669 2.41265 0.104616 0.975 1.44808 
2.41296 0.19404 29.7197 2.41857 0.102787 1 1.44808 
2.39661 0.172774 36.361 2.40065 0.102257 0.9 1.45626 
2.40171 0.174902 34.7137 2.40597 0.100727 0.925 1.45626 
2.40702 0.177112 33.0665 2.41149 0.0991377 0.95 1.45626 
2.41253 0.179404 31.4192 2.41723 0.0974904 0.975 1.45626 
2.41824 0.181778 29.772 2.42317 0.0957846 1 1.45626 
2.4013 0.161 36.4133 2.40483 0.0948224 0.9 1.46444 
2.40646 0.16298 34.766 2.41017 0.0934012 0.925 1.46444 
2.41182 0.165036 33.1188 2.41572 0.0919257 0.95 1.46444 
2.41739 0.167169 31.4715 2.42148 0.090396 0.975 1.46444 
2.42317 0.169379 29.8243 2.42746 0.0888121 1 1.46444 
2.40566 0.149095 36.4656 2.40869 0.0874226 0.9 1.47262 
2.41087 0.150928 34.8183 2.41405 0.0861093 0.925 1.47262 
2.41628 0.152831 33.1711 2.41963 0.084746 0.95 1.47262 
2.42191 0.154805 31.5238 2.42542 0.0833326 0.975 1.47262 
2.42774 0.15685 29.8766 2.43142 0.0818691 1 1.47262 

ZONE I=5, J=5
2.40566 0.149095 36.5033 2.40869 0.0874226 0.9 1.47262 
2.41087 0.150928 34.8387 2.41405 0.0861093 0.925 1.47262 
2.41628 0.152831 33.1742 2.41963 0.084746 0.95 1.47262 
2.42191 0.154805 31.5097 2.42542 0.0833326 0.975 1.47262 
2.42774 0.15685 29.8451 2.43142 0.0818691 1 1.47262 
2.40968 0.137083 36.541 2.41225 0.0800446 0.9 1.4808 
2.41493 0.138764 34.8765 2.41763 0.0788425 0.925 1.4808 
2.42039 0.14051 33.212 2.42323 0.0775944 0.95 1.4808 
2.42607 0.142321 31.5474 2.42904 0.0763005 0.975 1.4808 
2.43195 0.144197 29.8829 2.43507 0.0749606 1 1.4808 
2.41335 0.124961 36.5788 2.41549 0.0726887 0.9 1.48898 
2.41865 0.126491 34.9143 2.42089 0.0715967 0.925 1.48898 
2.42416 0.12808 33.2497 2.42651 0.0704629 0.95 1.48898 
2.42988 0.129728 31.5852 2.43235 0.0692875 0.975 1.48898 
2.43581 0.131436 29.9207 2.4384 0.0680703 1 1.48898 
2.41668 0.112737 36.6166 2.41843 0.0653547 0.9 1.49716 
2.42202 0.114116 34.9521 2.42385 0.0643719 0.925 1.49716 
2.42756 0.115548 33.2875 2.42949 0.0633516 0.95 1.49716 
2.43333 0.117034 31.623 2.43534 0.0622936 0.975 1.49716 
2.4393 0.118573 29.9585 2.44141 0.0611982 1 1.49716 
2.41967 0.100418 36.6544 2.42106 0.0580428 0.9 1.50535 
2.42504 0.101646 34.9898 2.42649 0.0571682 0.925 1.50535 
2.43062 0.102922 33.3253 2.43215 0.0562603 0.95 1.50535 
2.43642 0.104245 31.6608 2.43802 0.055319 0.975 1.50535 
2.44243 0.105616 29.9962 2.44411 0.0543443 1 1.50535 

ZONE I=5, J=5
2.41967 0.100418 36.6798 2.42106 0.0580428 0.9 1.50535 
2.42504 0.101646 35.0036 2.42649 0.0571682 0.925 1.50535 
2.43062 0.102922 33.3274 2.43215 0.0562603 0.95 1.50535 
2.43642 0.104245 31.6513 2.43802 0.055319 0.975 1.50535 
2.44243 0.105616 29.9751 2.44411 0.0543443 1 1.50535 
2.42231 0.0880353 36.7026 2.42337 0.0507497 0.9 1.51353 
2.4277 0.0891104 35.0264 2.42882 0.0499854 0.925 1.51353 
2.43332 0.090227 33.3503 2.43449 0.049192 0.95 1.51353 
2.43915 0.0913853 31.6741 2.44038 0.0483693 0.975 1.51353 
2.44519 0.0925852 29.9979 2.44648 0.0475174 1 1.51353 
2.42459 0.0755867 36.7255 2.42538 0.0434709 0.9 1.52171 
2.43002 0.0765086 35.0493 2.43084 0.0428163 0.925 1.52171 
2.43566 0.0774662 33.3731 2.43653 0.0421367 0.95 1.52171 
2.44152 0.0784595 31.6969 2.44243 0.041432 0.975 1.52171 
2.44759 0.0794885 30.0207 2.44854 0.0407023 1 1.52171 
2.42653 0.0630792 36.7483 2.42708 0.0362063 0.9 1.52989 
2.43198 0.0638481 35.0721 2.43255 0.0356608 0.925 1.52989 
2.43764 0.0646469 33.3959 2.43825 0.0350944 0.95 1.52989 
2.44352 0.0654753 31.7197 2.44416 0.0345072 0.975 1.52989 
2.44962 0.0663336 30.0436 2.45029 0.033899 1 1.52989 
2.42812 0.0505202 36.7711 2.42847 0.028956 0.9 1.53807 
2.43358 0.0511364 35.0949 2.43395 0.028519 0.925 1.53807 
2.43927 0.0517765 33.4188 2.43965 0.0280652 0.95 1.53807 
2.44517 0.0524403 31.7426 2.44557 0.0275948 0.975 1.53807 
2.45129 0.0531281 30.0664 2.45171 0.0271076 1 1.53807 

ZONE I=5, J=5
2.42812 0.0505202 36.7839 2.42847 0.028956 0.9 1.53807 
2.43358 0.0511364 35.1019 2.43395 0.028519 0.925 1.53807 
2.43927 0.0517765 33.4198 2.43965 0.0280652 0.95 1.53807 
2.44517 0.0524403 31.7378 2.44557 0.0275948 0.975 1.53807 
2.45129 0.0531281 30.0558 2.45171 0.0271076 1 1.53807 
2.42935 0.0379269 36.7915 2.42955 0.0217132 0.9 1.54625 
2.43483 0.0383891 35.1095 2.43504 0.0213857 0.925 1.54625 
2.44053 0.0388691 33.4275 2.44075 0.0210457 0.95 1.54625 
2.44645 0.039367 31.7454 2.44667 0.0206931 0.975 1.54625 
2.45258 0.0398829 30.0634 2.45282 0.020328 1 1.54625 
2.43024 0.0253026 36.7992 2.43032 0.014473 0.9 1.55443 
2.43572 0.0256107 35.1171 2.43582 0.0142548 0.925 1.55443 
2.44143 0.0259307 33.4351 2.44153 0.0140283 0.95 1.55443 
2.44736 0.0262626 31.7531 2.44746 0.0137934 0.975 1.55443 
2.45351 0.0266065 30.071 2.45361 0.0135502 1 1.55443 
2.43077 0.0126549 36.8068 2.43079 0.00723525 0.9 1.56261 
2.43626 0.0128089 35.1248 2.43628 0.00712624 0.925 1.56261 
2.44197 0.0129688 33.4427 2.442 0.00701306 0.95 1.56261 
2.44791 0.0131347 31.7607 2.44793 0.00689571 0.975 1.56261 
2.45406 0.0133066 30.0786 2.45409 0.00677419 1 1.56261 
2.43094 -8.92935e-06 36.8144 2.43094 0 0.9 1.5708 
2.43644 -8.94954e-06 35.1324 2.43644 0 0.925 1.5708 
2.44216 -8.97054e-06 33.4503 2.44216 0 0.95 1.5708 
2.44809 -8.99234e-06 31.7683 2.44809 0 0.975 1.5708 
2.45425 -9.01495e-06 30.0863 2.45425 0 1 1.5708 

