ZONE I=5, J=5
0 0.430658 24.8892 0.430658 0 0.9 0 
0 0.437306 22.6569 0.437306 0 0.925 0 
0 0.444335 20.4246 0.444335 0 0.95 0 
0 0.451743 18.1923 0.451743 0 0.975 0 
0 0.459531 15.9599 0.459531 0 1 0 
0.0144733 0.430658 24.8909 0.430762 0.0109496 0.9 0.00818126 
0.014473 0.437307 22.6586 0.437411 0.0108949 0.925 0.00818126 
0.0144728 0.444335 20.4263 0.444439 0.0108371 0.95 0.00818126 
0.0144726 0.451743 18.194 0.451847 0.0107763 0.975 0.00818126 
0.0144725 0.459531 15.9617 0.459634 0.0107125 1 0.00818126 
0.0289436 0.430659 24.8926 0.431075 0.0218934 0.9 0.0163625 
0.0289429 0.437307 22.6603 0.437722 0.0217839 0.925 0.0163625 
0.0289424 0.444336 20.428 0.44475 0.0216684 0.95 0.0163625 
0.028942 0.451744 18.1957 0.452157 0.0215468 0.975 0.0163625 
0.0289418 0.459531 15.9634 0.459943 0.0214192 1 0.0163625 
0.0434135 0.43066 24.8943 0.431596 0.0328315 0.9 0.0245437 
0.0434124 0.437308 22.662 0.438242 0.0326673 0.925 0.0245437 
0.0434116 0.444336 20.4297 0.445268 0.0324939 0.95 0.0245437 
0.0434109 0.451744 18.1974 0.452673 0.0323115 0.975 0.0245437 
0.0434104 0.459531 15.9651 0.460458 0.0321199 1 0.0245437 
0.0578857 0.430662 24.896 0.432326 0.0437638 0.9 0.0327249 
0.0578842 0.43731 22.6637 0.438969 0.0435448 0.925 0.0327249 
0.0578829 0.444337 20.4314 0.445993 0.0433136 0.95 0.0327249 
0.0578819 0.451744 18.1991 0.453396 0.0430703 0.975 0.0327249 
0.0578811 0.459531 15.9668 0.461179 0.0428147 1 0.0327249 

ZONE I=5, J=5
0.0578857 0.430662 24.8988 0.432326 0.0437638 0.9 0.0327249 
0.0578842 0.43731 22.6654 0.438969 0.0435448 0.925 0.0327249 
0.0578829 0.444337 20.432 0.445993 0.0433136 0.95 0.0327249 
0.0578819 0.451744 18.1986 0.453396 0.0430703 0.975 0.0327249 
0.0578811 0.459531 15.9652 0.461179 0.0428147 1 0.0327249 
0.072358 0.430665 24.9029 0.433263 0.0546855 0.9 0.0409062 
0.0723562 0.437312 22.6695 0.439905 0.054412 0.925 0.0409062 
0.0723549 0.444338 20.436 0.446926 0.0541232 0.95 0.0409062 
0.0723538 0.451745 18.2026 0.454326 0.0538193 0.975 0.0409062 
0.0723531 0.459531 15.9692 0.462106 0.0535002 1 0.0409062 
0.0868273 0.430667 24.9069 0.434409 0.0655909 0.9 0.0490874 
0.0868253 0.437314 22.6735 0.441047 0.0652627 0.925 0.0490874 
0.0868237 0.44434 20.4401 0.448065 0.0649163 0.95 0.0490874 
0.0868224 0.451746 18.2067 0.455462 0.0645517 0.975 0.0490874 
0.0868216 0.459531 15.9733 0.463238 0.0641689 1 0.0490874 
0.101296 0.43067 24.911 0.435762 0.0764799 0.9 0.0572686 
0.101294 0.437316 22.6776 0.442397 0.0760971 0.925 0.0572686 
0.101292 0.444341 20.4441 0.449411 0.075693 0.95 0.0572686 
0.10129 0.451746 18.2107 0.456803 0.0752676 0.975 0.0572686 
0.101289 0.459531 15.9773 0.464575 0.0748209 1 0.0572686 
0.115768 0.430674 24.915 0.437323 0.0873526 0.9 0.0654498 
0.115765 0.437319 22.6816 0.443954 0.0869151 0.925 0.0654498 
0.115762 0.444343 20.4482 0.450963 0.0864531 0.95 0.0654498 
0.11576 0.451747 18.2148 0.458351 0.0859668 0.975 0.0654498 
0.115759 0.459531 15.9814 0.466118 0.0854561 1 0.0654498 

ZONE I=5, J=5
0.115768 0.430674 24.9204 0.437323 0.0873526 0.9 0.0654498 
0.115765 0.437319 22.6848 0.443954 0.0869151 0.925 0.0654498 
0.115762 0.444343 20.4492 0.450963 0.0864531 0.95 0.0654498 
0.11576 0.451747 18.2136 0.458351 0.0859668 0.975 0.0654498 
0.115759 0.459531 15.978 0.466118 0.0854561 1 0.0654498 
0.130238 0.430678 24.9273 0.439092 0.0982027 0.9 0.0736311 
0.130235 0.437322 22.6917 0.445718 0.0977109 0.925 0.073631 
0.130233 0.444346 20.4561 0.452722 0.0971917 0.95 0.0736311 
0.130231 0.451749 18.2205 0.460105 0.0966452 0.975 0.0736311 
0.130229 0.459531 15.9849 0.467866 0.0960714 1 0.0736311 
0.144706 0.430683 24.9343 0.441068 0.109026 0.9 0.0818123 
0.144702 0.437326 22.6987 0.447688 0.10848 0.925 0.0818123 
0.1447 0.444348 20.4631 0.454687 0.107903 0.95 0.0818123 
0.144698 0.45175 18.2275 0.462064 0.107296 0.975 0.0818123 
0.144696 0.459531 15.9919 0.469819 0.106659 1 0.0818123 
0.159173 0.430688 24.9412 0.44325 0.119822 0.9 0.0899936 
0.159169 0.43733 22.7056 0.449865 0.119221 0.925 0.0899936 
0.159166 0.444351 20.47 0.456857 0.118587 0.95 0.0899936 
0.159164 0.451751 18.2344 0.464228 0.11792 0.975 0.0899935 
0.159162 0.459531 15.9988 0.471976 0.117219 1 0.0899936 
0.173643 0.430693 24.9482 0.44564 0.130591 0.9 0.0981748 
0.173638 0.437334 22.7126 0.452247 0.129936 0.925 0.0981748 
0.173635 0.444354 20.477 0.459233 0.129244 0.95 0.0981748 
0.173631 0.451753 18.2414 0.466596 0.128516 0.975 0.0981748 
0.173629 0.459531 16.0058 0.474337 0.127751 1 0.0981748 

ZONE I=5, J=5
0.173643 0.430693 24.9557 0.44564 0.130591 0.9 0.0981748 
0.173638 0.437334 22.7168 0.452247 0.129936 0.925 0.0981748 
0.173635 0.444354 20.4779 0.459233 0.129244 0.95 0.0981748 
0.173631 0.451753 18.239 0.466596 0.128516 0.975 0.0981748 
0.173629 0.459531 16.0002 0.474337 0.127751 1 0.0981748 
0.18811 0.4307 24.9655 0.448235 0.141326 0.9 0.106356 
0.188105 0.437339 22.7266 0.454836 0.140617 0.925 0.106356 
0.188102 0.444357 20.4877 0.461814 0.139868 0.95 0.106356 
0.188099 0.451754 18.2489 0.46917 0.13908 0.975 0.106356 
0.188097 0.459531 16.01 0.476902 0.138253 1 0.106356 
0.202574 0.430706 24.9753 0.451036 0.152023 0.9 0.114537 
0.20257 0.437344 22.7364 0.457629 0.15126 0.925 0.114537 
0.202566 0.44436 20.4975 0.464599 0.150454 0.95 0.114537 
0.202563 0.451756 18.2587 0.471947 0.149606 0.975 0.114537 
0.202561 0.459531 16.0198 0.47967 0.148716 1 0.114537 
0.217039 0.430713 24.9851 0.454042 0.162683 0.9 0.122718 
0.217034 0.437349 22.7462 0.460627 0.161866 0.925 0.122718 
0.21703 0.444364 20.5074 0.467589 0.161003 0.95 0.122718 
0.217026 0.451758 18.2685 0.474927 0.160094 0.975 0.122718 
0.217024 0.459531 16.0296 0.482641 0.159141 1 0.122718 
0.231507 0.430721 24.9949 0.457254 0.173306 0.9 0.1309 
0.231501 0.437355 22.7561 0.46383 0.172434 0.925 0.1309 
0.231496 0.444368 20.5172 0.470783 0.171513 0.95 0.1309 
0.231492 0.45176 18.2783 0.478111 0.170544 0.975 0.1309 
0.231488 0.459531 16.0394 0.485815 0.169527 1 0.1309 

ZONE I=5, J=5
0.231507 0.430721 25.0047 0.457254 0.173306 0.9 0.1309 
0.231501 0.437355 22.7615 0.46383 0.172434 0.925 0.1309 
0.231496 0.444368 20.5182 0.470783 0.171513 0.95 0.1309 
0.231492 0.45176 18.275 0.478111 0.170544 0.975 0.1309 
0.231488 0.459531 16.0317 0.485815 0.169527 1 0.1309 
0.24597 0.430729 25.0174 0.460669 0.183882 0.9 0.139081 
0.245964 0.437361 22.7742 0.467237 0.182956 0.925 0.139081 
0.245959 0.444372 20.5309 0.47418 0.18198 0.95 0.139081 
0.245956 0.451762 18.2877 0.481498 0.180952 0.975 0.139081 
0.245953 0.459531 16.0444 0.489191 0.179872 1 0.139081 
0.260431 0.430738 25.0301 0.464289 0.19441 0.9 0.147262 
0.260425 0.437368 22.7868 0.470846 0.193431 0.925 0.147262 
0.26042 0.444377 20.5436 0.477779 0.192398 0.95 0.147262 
0.260416 0.451765 18.3004 0.485086 0.19131 0.975 0.147262 
0.260414 0.459531 16.0571 0.492768 0.190168 1 0.147262 
0.274891 0.430746 25.0428 0.468111 0.20489 0.9 0.155443 
0.274885 0.437375 22.7995 0.474658 0.203857 0.925 0.155443 
0.27488 0.444381 20.5563 0.48158 0.202767 0.95 0.155443 
0.274875 0.451767 18.313 0.488876 0.20162 0.975 0.155443 
0.274873 0.459531 16.0698 0.496546 0.200415 1 0.155443 
0.289355 0.430756 25.0555 0.472137 0.215322 0.9 0.163625 
0.289348 0.437382 22.8122 0.478673 0.214235 0.925 0.163625 
0.289342 0.444386 20.569 0.485583 0.213088 0.95 0.163625 
0.289336 0.45177 18.3257 0.492867 0.21188 0.975 0.163625 
0.289332 0.459531 16.0825 0.500524 0.210612 1 0.163625 

ZONE I=5, J=5
0.289355 0.430756 25.0676 0.472137 0.215322 0.9 0.163625 
0.289348 0.437382 22.8189 0.478673 0.214235 0.925 0.163625 
0.289342 0.444386 20.5701 0.485583 0.213088 0.95 0.163625 
0.289336 0.45177 18.3214 0.492867 0.21188 0.975 0.163625 
0.289332 0.459531 16.0727 0.500524 0.210612 1 0.163625 
0.303814 0.430766 25.0831 0.476365 0.225696 0.9 0.171806 
0.303807 0.43739 22.8344 0.48289 0.224557 0.925 0.171806 
0.303801 0.444392 20.5857 0.489788 0.223354 0.95 0.171806 
0.303796 0.451772 18.337 0.497059 0.222088 0.975 0.171806 
0.303793 0.459531 16.0883 0.504703 0.220758 1 0.171806 
0.31827 0.430776 25.0987 0.480793 0.236012 0.9 0.179987 
0.318262 0.437398 22.85 0.487306 0.23482 0.925 0.179987 
0.318256 0.444397 20.6013 0.494192 0.233561 0.95 0.179987 
0.318252 0.451775 18.3525 0.50145 0.232236 0.975 0.179987 
0.318249 0.459531 16.1038 0.50908 0.230844 1 0.179987 
0.332726 0.430787 25.1142 0.485423 0.24627 0.9 0.188168 
0.332718 0.437406 22.8655 0.491923 0.245024 0.925 0.188168 
0.332711 0.444403 20.6168 0.498796 0.243709 0.95 0.188168 
0.332707 0.451778 18.3681 0.506039 0.242324 0.975 0.188168 
0.332703 0.459531 16.1194 0.513655 0.240871 1 0.188168 
0.347185 0.430799 25.1298 0.490253 0.256469 0.9 0.19635 
0.347176 0.437415 22.8811 0.496741 0.255169 0.925 0.19635 
0.347168 0.444409 20.6324 0.503599 0.253798 0.95 0.19635 
0.347162 0.451781 18.3837 0.510828 0.252353 0.975 0.19635 
0.347157 0.459531 16.135 0.518429 0.250837 1 0.19635 

ZONE I=5, J=5
0.347185 0.430799 25.1443 0.490253 0.256469 0.9 0.19635 
0.347176 0.437415 22.889 0.496741 0.255169 0.925 0.19635 
0.347168 0.444409 20.6337 0.503599 0.253798 0.95 0.19635 
0.347162 0.451781 18.3784 0.510828 0.252353 0.975 0.19635 
0.347157 0.459531 16.1231 0.518429 0.250837 1 0.19635 
0.361638 0.430811 25.1627 0.495283 0.266599 0.9 0.204531 
0.361629 0.437424 22.9074 0.501756 0.265247 0.925 0.204531 
0.361622 0.444415 20.6521 0.508601 0.263821 0.95 0.204531 
0.361617 0.451784 18.3968 0.515815 0.262319 0.975 0.204531 
0.361614 0.459531 16.1416 0.5234 0.260742 1 0.204531 
0.376088 0.430823 25.1811 0.50051 0.27666 0.9 0.212712 
0.376079 0.437434 22.9259 0.506969 0.275256 0.925 0.212712 
0.376072 0.444422 20.6706 0.513799 0.273774 0.95 0.212712 
0.376067 0.451788 18.4153 0.520997 0.272214 0.975 0.212712 
0.376064 0.459531 16.16 0.528566 0.270576 1 0.212712 
0.390538 0.430836 25.1996 0.505935 0.286652 0.9 0.220893 
0.390528 0.437443 22.9443 0.51238 0.285195 0.925 0.220893 
0.390521 0.444428 20.689 0.519193 0.283657 0.95 0.220893 
0.390515 0.451791 18.4337 0.526376 0.282039 0.975 0.220893 
0.390511 0.459531 16.1784 0.533927 0.280339 1 0.220893 
0.40499 0.430849 25.218 0.511557 0.296575 0.9 0.229074 
0.404979 0.437454 22.9627 0.517987 0.295065 0.925 0.229074 
0.404971 0.444435 20.7075 0.524784 0.293471 0.95 0.229074 
0.404963 0.451795 18.4522 0.53195 0.291793 0.975 0.229074 
0.404958 0.459531 16.1969 0.539483 0.290031 1 0.229074 

ZONE I=5, J=5
0.40499 0.430849 25.2349 0.511557 0.296575 0.9 0.229074 
0.404979 0.437454 22.9719 0.517987 0.295065 0.925 0.229074 
0.404971 0.444435 20.7089 0.524784 0.293471 0.95 0.229074 
0.404963 0.451795 18.446 0.53195 0.291793 0.975 0.229074 
0.404958 0.459531 16.183 0.539483 0.290031 1 0.229074 
0.419437 0.430863 25.2562 0.517376 0.306419 0.9 0.237256 
0.419427 0.437464 22.9933 0.52379 0.304858 0.925 0.237256 
0.419419 0.444443 20.7303 0.530571 0.30321 0.95 0.237256 
0.419413 0.451799 18.4673 0.537719 0.301475 0.975 0.237256 
0.419409 0.459531 16.2043 0.545235 0.299654 1 0.237256 
0.433881 0.430877 25.2776 0.523389 0.316184 0.9 0.245437 
0.433871 0.437475 23.0146 0.529787 0.314571 0.925 0.245437 
0.433863 0.44445 20.7516 0.536551 0.312868 0.95 0.245437 
0.433857 0.451802 18.4887 0.543681 0.311076 0.975 0.245437 
0.433854 0.459531 16.2257 0.551178 0.309194 1 0.245437 
0.448324 0.430892 25.2989 0.529596 0.325869 0.9 0.253618 
0.448314 0.437486 23.0359 0.535977 0.324204 0.925 0.253618 
0.448305 0.444458 20.773 0.542723 0.322446 0.95 0.253618 
0.448299 0.451806 18.51 0.549835 0.320596 0.975 0.253618 
0.448294 0.459531 16.247 0.557312 0.318653 1 0.253618 
0.46277 0.430907 25.3203 0.535998 0.335474 0.9 0.261799 
0.462758 0.437498 23.0573 0.542361 0.333757 0.925 0.261799 
0.462748 0.444466 20.7943 0.549089 0.331944 0.95 0.261799 
0.462739 0.45181 18.5313 0.556181 0.330035 0.975 0.261799 
0.462733 0.459531 16.2684 0.563637 0.328031 1 0.261799 

ZONE I=5, J=5
0.46277 0.430907 25.3395 0.535998 0.335474 0.9 0.261799 
0.462758 0.437498 23.0677 0.542361 0.333757 0.925 0.261799 
0.462748 0.444466 20.796 0.549089 0.331944 0.95 0.261799 
0.462739 0.45181 18.5242 0.556181 0.330035 0.975 0.261799 
0.462733 0.459531 16.2524 0.563637 0.328031 1 0.261799 
0.477209 0.430923 25.3638 0.542591 0.34499 0.9 0.269981 
0.477198 0.43751 23.092 0.548937 0.343222 0.925 0.269981 
0.477189 0.444474 20.8202 0.555646 0.341356 0.95 0.269981 
0.477182 0.451815 18.5484 0.562719 0.339392 0.975 0.269981 
0.477177 0.459531 16.2767 0.570155 0.337329 1 0.269981 
0.491646 0.430939 25.3881 0.549375 0.354417 0.9 0.278162 
0.491634 0.437523 23.1163 0.555702 0.352598 0.925 0.278162 
0.491625 0.444483 20.8445 0.562392 0.350678 0.95 0.278162 
0.491619 0.451819 18.5727 0.569445 0.348657 0.975 0.278162 
0.491614 0.459531 16.3009 0.576859 0.346535 1 0.278162 
0.506081 0.430955 25.4123 0.556349 0.363753 0.9 0.286343 
0.506069 0.437535 23.1406 0.562658 0.361883 0.925 0.286343 
0.506059 0.444491 20.8688 0.569328 0.359909 0.95 0.286343 
0.506052 0.451823 18.597 0.576359 0.357831 0.975 0.286343 
0.506047 0.459531 16.3252 0.583751 0.355649 1 0.286343 
0.520518 0.430972 25.4366 0.563513 0.373 0.9 0.294524 
0.520505 0.437548 23.1648 0.569802 0.371079 0.925 0.294524 
0.520494 0.4445 20.893 0.576451 0.36905 0.95 0.294524 
0.520484 0.451828 18.6213 0.583461 0.366914 0.975 0.294524 
0.520477 0.459531 16.3495 0.59083 0.364671 1 0.294524 

ZONE I=5, J=5
0.520518 0.430972 25.4583 0.563513 0.373 0.9 0.294524 
0.520505 0.437548 23.1766 0.569802 0.371079 0.925 0.294524 
0.520494 0.4445 20.8949 0.576451 0.36905 0.95 0.294524 
0.520484 0.451828 18.6131 0.583461 0.366914 0.975 0.294524 
0.520477 0.459531 16.3314 0.59083 0.364671 1 0.294524 
0.534949 0.43099 25.4855 0.570865 0.382147 0.9 0.302706 
0.534937 0.437562 23.2038 0.577134 0.380176 0.925 0.302706 
0.534926 0.44451 20.9221 0.583763 0.378095 0.95 0.302706 
0.534919 0.451833 18.6403 0.590751 0.375905 0.975 0.302706 
0.534913 0.459531 16.3586 0.598098 0.373604 1 0.302706 
0.549377 0.431008 25.5127 0.578403 0.391194 0.9 0.310887 
0.549364 0.437576 23.231 0.584652 0.389173 0.925 0.310887 
0.549354 0.444519 20.9493 0.591259 0.38704 0.95 0.310887 
0.549347 0.451838 18.6676 0.598225 0.384794 0.975 0.310887 
0.549342 0.459531 16.3858 0.605548 0.382436 1 0.310887 
0.563803 0.431026 25.54 0.586126 0.400142 0.9 0.319068 
0.56379 0.43759 23.2582 0.592355 0.39807 0.925 0.319068 
0.563779 0.444529 20.9765 0.59894 0.395884 0.95 0.319068 
0.563771 0.451842 18.6948 0.605882 0.393582 0.975 0.319068 
0.563765 0.459531 16.4131 0.613181 0.391164 1 0.319068 
0.578231 0.431045 25.5672 0.594036 0.40899 0.9 0.327249 
0.578217 0.437604 23.2854 0.600242 0.406868 0.925 0.327249 
0.578204 0.444539 21.0037 0.606805 0.404627 0.95 0.327249 
0.578194 0.451848 18.722 0.613722 0.402268 0.975 0.327249 
0.578186 0.459531 16.4403 0.620996 0.39979 1 0.327249 

ZONE I=5, J=5
0.578231 0.431045 25.5913 0.594036 0.40899 0.9 0.327249 
0.578217 0.437604 23.2985 0.600242 0.406868 0.925 0.327249 
0.578204 0.444539 21.0057 0.606805 0.404627 0.95 0.327249 
0.578194 0.451848 18.7129 0.613722 0.402268 0.975 0.327249 
0.578186 0.459531 16.4201 0.620996 0.39979 1 0.327249 
0.592653 0.431065 25.6215 0.602128 0.417727 0.9 0.335431 
0.592639 0.43762 23.3287 0.608313 0.415556 0.925 0.335431 
0.592627 0.444549 21.0359 0.614852 0.413265 0.95 0.335431 
0.592619 0.451853 18.7431 0.621746 0.410852 0.975 0.335431 
0.592613 0.459532 16.4503 0.628995 0.408319 1 0.335431 
0.60707 0.431084 25.6517 0.610401 0.426355 0.9 0.343612 
0.607056 0.437635 23.3589 0.616564 0.424135 0.925 0.343612 
0.607045 0.444559 21.0661 0.62308 0.421792 0.95 0.343612 
0.607037 0.451858 18.7733 0.629949 0.419325 0.975 0.343612 
0.607032 0.459531 16.4805 0.637172 0.416735 1 0.343612 
0.621487 0.431104 25.6819 0.618855 0.434874 0.9 0.351793 
0.621472 0.43765 23.3891 0.624995 0.432605 0.925 0.351793 
0.62146 0.44457 21.0963 0.631487 0.430209 0.95 0.351793 
0.621451 0.451863 18.8035 0.63833 0.427687 0.975 0.351793 
0.621445 0.459531 16.5107 0.645526 0.425039 1 0.351793 
0.635905 0.431125 25.7121 0.62749 0.443283 0.9 0.359974 
0.635889 0.437666 23.4193 0.633606 0.440964 0.925 0.359974 
0.635875 0.444581 21.1265 0.640073 0.438516 0.95 0.359974 
0.635864 0.451869 18.8337 0.64689 0.435938 0.975 0.359974 
0.635855 0.459531 16.5409 0.654058 0.433231 1 0.359974 

ZONE I=5, J=5
0.635905 0.431125 25.7388 0.62749 0.443283 0.9 0.359974 
0.635889 0.437666 23.4337 0.633606 0.440964 0.925 0.359974 
0.635875 0.444581 21.1287 0.640073 0.438516 0.95 0.359974 
0.635864 0.451869 18.8236 0.64689 0.435938 0.975 0.359974 
0.635855 0.459531 16.5186 0.654058 0.433231 1 0.359974 
0.650315 0.431147 25.7719 0.636302 0.451572 0.9 0.368156 
0.6503 0.437683 23.4669 0.642395 0.449205 0.925 0.368156 
0.650288 0.444592 21.1619 0.648837 0.446707 0.95 0.368156 
0.650278 0.451875 18.8568 0.655628 0.444077 0.975 0.368156 
0.650272 0.459532 16.5518 0.662769 0.441315 1 0.368156 
0.664721 0.431168 25.8051 0.64529 0.459741 0.9 0.376337 
0.664706 0.437699 23.5001 0.651358 0.457327 0.925 0.376337 
0.664694 0.444603 21.195 0.657775 0.454778 0.95 0.376337 
0.664685 0.451881 18.89 0.66454 0.452095 0.975 0.376337 
0.66468 0.459531 16.585 0.671652 0.449278 1 0.376337 
0.679127 0.43119 25.8383 0.654453 0.467792 0.9 0.384518 
0.679111 0.437716 23.5333 0.660497 0.465329 0.925 0.384518 
0.679098 0.444615 21.2282 0.666887 0.462729 0.95 0.384518 
0.679088 0.451886 18.9232 0.673624 0.459992 0.975 0.384518 
0.679081 0.459531 16.6182 0.680708 0.457118 1 0.384518 
0.693534 0.431212 25.8715 0.663792 0.475724 0.9 0.392699 
0.693516 0.437733 23.5665 0.66981 0.473212 0.925 0.392699 
0.693501 0.444627 21.2614 0.676173 0.470561 0.95 0.392699 
0.693489 0.451893 18.9564 0.682881 0.467769 0.975 0.392699 
0.69348 0.459531 16.6513 0.689935 0.464837 1 0.392699 

ZONE I=5, J=5
0.693534 0.431212 25.9007 0.663792 0.475724 0.9 0.392699 
0.693516 0.437733 23.5823 0.66981 0.473212 0.925 0.392699 
0.693501 0.444627 21.2638 0.676173 0.470561 0.95 0.392699 
0.693489 0.451893 18.9454 0.682881 0.467769 0.975 0.392699 
0.69348 0.459531 16.6269 0.689935 0.464837 1 0.392699 
0.707932 0.431236 25.937 0.673302 0.483525 0.9 0.400881 
0.707915 0.437751 23.6185 0.679295 0.480967 0.925 0.400881 
0.707902 0.444639 21.3 0.685631 0.478267 0.95 0.400881 
0.707892 0.451899 18.9816 0.692312 0.475424 0.975 0.400881 
0.707885 0.459532 16.6631 0.699336 0.472439 1 0.400881 
0.722326 0.431259 25.9732 0.682982 0.491197 0.9 0.409062 
0.72231 0.437769 23.6547 0.688948 0.488593 0.925 0.409062 
0.722297 0.444651 21.3363 0.695258 0.485844 0.95 0.409062 
0.722287 0.451905 19.0178 0.701909 0.482949 0.975 0.409062 
0.722281 0.459531 16.6994 0.708904 0.47991 1 0.409062 
0.736719 0.431282 26.0094 0.692832 0.498742 0.9 0.417243 
0.736702 0.437787 23.691 0.698771 0.496091 0.925 0.417243 
0.736688 0.444663 21.3725 0.705052 0.493291 0.95 0.417243 
0.736677 0.451911 19.0541 0.711674 0.490344 0.975 0.417243 
0.73667 0.459531 16.7356 0.718637 0.48725 1 0.417243 
0.751114 0.431307 26.0457 0.702851 0.506159 0.9 0.425424 
0.751095 0.437806 23.7272 0.708763 0.50346 0.925 0.425424 
0.751079 0.444676 21.4087 0.715015 0.500609 0.95 0.425424 
0.751066 0.451918 19.0903 0.721606 0.497609 0.975 0.425424 
0.751055 0.459531 16.7718 0.728536 0.494457 1 0.425424 

ZONE I=5, J=5
0.751114 0.431307 26.0774 0.702851 0.506159 0.9 0.425424 
0.751095 0.437806 23.7444 0.708763 0.50346 0.925 0.425424 
0.751079 0.444676 21.4113 0.715015 0.500609 0.95 0.425424 
0.751066 0.451918 19.0783 0.721606 0.497609 0.975 0.425424 
0.751055 0.459531 16.7452 0.728536 0.494457 1 0.425424 
0.765497 0.431332 26.1167 0.713034 0.513434 0.9 0.433605 
0.765479 0.437825 23.7837 0.71892 0.51069 0.925 0.433605 
0.765465 0.44469 21.4506 0.725143 0.507793 0.95 0.433605 
0.765454 0.451925 19.1176 0.731704 0.504743 0.975 0.433605 
0.765446 0.459532 16.7846 0.738603 0.50154 1 0.433605 
0.779877 0.431356 26.156 0.723382 0.520573 0.9 0.441786 
0.77986 0.437844 23.823 0.729239 0.517783 0.925 0.441786 
0.779846 0.444703 21.4899 0.735433 0.514838 0.95 0.441786 
0.779835 0.451932 19.1569 0.741964 0.511738 0.975 0.441786 
0.779829 0.459531 16.8239 0.748831 0.508482 1 0.441786 
0.794257 0.431382 26.1953 0.733894 0.527574 0.9 0.449967 
0.794239 0.437863 23.8623 0.739722 0.524739 0.925 0.449967 
0.794224 0.444716 21.5292 0.745886 0.521745 0.95 0.449967 
0.794213 0.451938 19.1962 0.752385 0.518593 0.975 0.449967 
0.794205 0.459531 16.8632 0.759218 0.515284 1 0.449967 
0.808639 0.431408 26.2346 0.74457 0.53444 0.9 0.458149 
0.808619 0.437884 23.9016 0.750369 0.531557 0.925 0.458149 
0.808602 0.444729 21.5686 0.756501 0.528514 0.95 0.458149 
0.808588 0.451945 19.2355 0.762967 0.52531 0.975 0.458149 
0.808577 0.459531 16.9025 0.769765 0.521945 1 0.458149 

ZONE I=5, J=5
0.808639 0.431408 26.269 0.74457 0.53444 0.9 0.458149 
0.808619 0.437884 23.9202 0.750369 0.531557 0.925 0.458149 
0.808602 0.444729 21.5713 0.756501 0.528514 0.95 0.458149 
0.808588 0.451945 19.2225 0.762967 0.52531 0.975 0.458149 
0.808577 0.459531 16.8737 0.769765 0.521945 1 0.458149 
0.823008 0.431434 26.3114 0.755401 0.541153 0.9 0.46633 
0.822989 0.437904 23.9626 0.761172 0.538228 0.925 0.46633 
0.822974 0.444744 21.6138 0.767274 0.535139 0.95 0.46633 
0.822962 0.451953 19.2649 0.773708 0.531887 0.975 0.46633 
0.822954 0.459532 16.9161 0.780474 0.528472 1 0.46633 
0.837374 0.431461 26.3538 0.766391 0.547722 0.9 0.474511 
0.837355 0.437925 24.005 0.772132 0.544752 0.925 0.474511 
0.83734 0.444758 21.6562 0.778203 0.541616 0.95 0.474511 
0.837329 0.45196 19.3074 0.784604 0.538316 0.975 0.474511 
0.837322 0.459531 16.9585 0.791336 0.53485 1 0.474511 
0.851739 0.431488 26.3963 0.777538 0.554145 0.9 0.482692 
0.851719 0.437945 24.0474 0.783248 0.55113 0.925 0.482692 
0.851703 0.444772 21.6986 0.789287 0.547947 0.95 0.482692 
0.851691 0.451967 19.3498 0.795655 0.544597 0.975 0.482692 
0.851683 0.459531 17.001 0.802351 0.541078 1 0.482692 
0.866106 0.431515 26.4387 0.788842 0.560422 0.9 0.490874 
0.866084 0.437967 24.0899 0.794521 0.557362 0.925 0.490874 
0.866066 0.444786 21.741 0.800527 0.554131 0.95 0.490874 
0.866051 0.451974 19.3922 0.80686 0.550729 0.975 0.490874 
0.866039 0.459531 17.0434 0.813519 0.547157 1 0.490874 

ZONE I=5, J=5
0.866106 0.431515 26.4756 0.788842 0.560422 0.9 0.490874 
0.866084 0.437967 24.1098 0.794521 0.557362 0.925 0.490874 
0.866066 0.444786 21.744 0.800527 0.554131 0.95 0.490874 
0.866051 0.451974 19.3782 0.80686 0.550729 0.975 0.490874 
0.866039 0.459531 17.0124 0.813519 0.547157 1 0.490874 
0.880459 0.431544 26.5212 0.800295 0.566539 0.9 0.499055 
0.880439 0.437989 24.1554 0.805944 0.563437 0.925 0.499055 
0.880422 0.444801 21.7896 0.811918 0.560162 0.95 0.499055 
0.88041 0.451982 19.4238 0.818217 0.556714 0.975 0.499055 
0.880401 0.459532 17.058 0.824841 0.553093 1 0.499055 
0.894809 0.431572 26.5668 0.811898 0.572502 0.9 0.507236 
0.894789 0.43801 24.201 0.817516 0.569357 0.925 0.507236 
0.894773 0.444816 21.8352 0.823457 0.566037 0.95 0.507236 
0.894761 0.45199 19.4694 0.829722 0.562542 0.975 0.507236 
0.894753 0.459531 17.1035 0.83631 0.558872 1 0.507236 
0.909157 0.431601 26.6124 0.823652 0.578311 0.9 0.515417 
0.909137 0.438032 24.2466 0.829238 0.575123 0.925 0.515417 
0.90912 0.444831 21.8808 0.835145 0.571757 0.95 0.515417 
0.909107 0.451997 19.515 0.841374 0.568213 0.975 0.515417 
0.909097 0.459531 17.1491 0.847924 0.564492 1 0.515417 
0.923508 0.43163 26.658 0.835557 0.583966 0.9 0.523599 
0.923485 0.438055 24.2922 0.841109 0.580734 0.925 0.523599 
0.923466 0.444846 21.9264 0.846981 0.577321 0.95 0.523599 
0.92345 0.452005 19.5605 0.853173 0.573728 0.975 0.523599 
0.923437 0.459531 17.1947 0.859684 0.569954 1 0.523599 

ZONE I=5, J=5
0.923508 0.43163 26.6976 0.835557 0.583966 0.9 0.523599 
0.923485 0.438055 24.3136 0.841109 0.580734 0.925 0.523599 
0.923466 0.444846 21.9295 0.846981 0.577321 0.95 0.523599 
0.92345 0.452005 19.5455 0.853173 0.573728 0.975 0.523599 
0.923437 0.459531 17.1615 0.859684 0.569954 1 0.523599 
0.937844 0.43166 26.7464 0.847601 0.589452 0.9 0.53178 
0.937822 0.438078 24.3624 0.853122 0.586179 0.925 0.53178 
0.937805 0.444862 21.9783 0.858961 0.582724 0.95 0.53178 
0.937792 0.452014 19.5943 0.865118 0.579086 0.975 0.53178 
0.937782 0.459532 17.2103 0.871593 0.575266 1 0.53178 
0.952176 0.43169 26.7952 0.859789 0.594776 0.9 0.539961 
0.952155 0.438101 24.4112 0.865277 0.591462 0.925 0.539961 
0.952138 0.444878 22.0271 0.871081 0.587963 0.95 0.539961 
0.952125 0.452022 19.6431 0.877202 0.58428 0.975 0.539961 
0.952117 0.459531 17.259 0.883639 0.580412 1 0.539961 
0.966507 0.43172 26.844 0.87212 0.599938 0.9 0.548142 
0.966485 0.438124 24.46 0.877574 0.596582 0.925 0.548142 
0.966467 0.444894 22.0759 0.883343 0.593039 0.95 0.548142 
0.966453 0.452029 19.6919 0.889426 0.589309 0.975 0.548142 
0.966444 0.459531 17.3078 0.895823 0.585391 1 0.548142 
0.98084 0.431751 26.8928 0.884594 0.604937 0.9 0.556324 
0.980816 0.438148 24.5088 0.890013 0.601539 0.925 0.556324 
0.980795 0.44491 22.1247 0.895745 0.597951 0.95 0.556324 
0.980778 0.452038 19.7407 0.901789 0.594172 0.975 0.556324 
0.980765 0.459531 17.3566 0.908146 0.590204 1 0.556324 

ZONE I=5, J=5
0.98084 0.431751 26.9352 0.884594 0.604937 0.9 0.556324 
0.980816 0.438148 24.5317 0.890013 0.601539 0.925 0.556324 
0.980795 0.44491 22.1281 0.895745 0.597951 0.95 0.556324 
0.980778 0.452038 19.7246 0.901789 0.594172 0.975 0.556324 
0.980765 0.459531 17.3211 0.908146 0.590204 1 0.556324 
0.995157 0.431782 26.9872 0.897199 0.609759 0.9 0.564505 
0.995134 0.438172 24.5837 0.902586 0.606322 0.925 0.564505 
0.995116 0.444927 22.1802 0.908283 0.602693 0.95 0.564505 
0.995102 0.452047 19.7767 0.914291 0.598872 0.975 0.564505 
0.995092 0.459532 17.3731 0.920609 0.594859 1 0.564505 
1.00947 0.431814 27.0393 0.90994 0.614412 0.9 0.572686 
1.00945 0.438196 24.6358 0.915293 0.610934 0.925 0.572686 
1.00943 0.444943 22.2322 0.920954 0.607263 0.95 0.572686 
1.00942 0.452055 19.8287 0.926923 0.603398 0.975 0.572686 
1.00941 0.459531 17.4252 0.933202 0.59934 1 0.572686 
1.02378 0.431845 27.0914 0.922817 0.618894 0.9 0.580867 
1.02376 0.43822 24.6878 0.928134 0.615376 0.925 0.580867 
1.02374 0.44496 22.2843 0.933757 0.611662 0.95 0.580867 
1.02373 0.452063 19.8808 0.939688 0.607752 0.975 0.580867 
1.02372 0.459531 17.4773 0.945925 0.603646 1 0.580867 
1.0381 0.431878 27.1434 0.935829 0.623206 0.9 0.589049 
1.03807 0.438246 24.7399 0.941109 0.619648 0.925 0.589049 
1.03805 0.444977 22.3364 0.946694 0.61589 0.95 0.589049 
1.03803 0.452072 19.9328 0.952584 0.611933 0.975 0.589049 
1.03802 0.459531 17.5293 0.958778 0.607777 1 0.589049 

ZONE I=5, J=5
1.0381 0.431878 27.1885 0.935829 0.623206 0.9 0.589049 
1.03807 0.438246 24.7643 0.941109 0.619648 0.925 0.589049 
1.03805 0.444977 22.34 0.946694 0.61589 0.95 0.589049 
1.03803 0.452072 19.9157 0.952584 0.611933 0.975 0.589049 
1.03802 0.459531 17.4914 0.958778 0.607777 1 0.589049 
1.05239 0.431911 27.2439 0.948963 0.627333 0.9 0.59723 
1.05237 0.438271 24.8196 0.954209 0.623737 0.925 0.59723 
1.05235 0.444995 22.3954 0.959758 0.61994 0.95 0.59723 
1.05234 0.452081 19.9711 0.96561 0.615942 0.975 0.59723 
1.05232 0.459532 17.5468 0.971764 0.611744 1 0.59723 
1.06669 0.431944 27.2993 0.962225 0.631282 0.9 0.605411 
1.06666 0.438296 24.875 0.967435 0.627648 0.925 0.605411 
1.06664 0.445012 22.4507 0.972946 0.623811 0.95 0.605411 
1.06663 0.45209 20.0264 0.978758 0.619771 0.975 0.605411 
1.06662 0.459531 17.6022 0.984872 0.615529 1 0.605411 
1.08098 0.431977 27.3547 0.975613 0.635054 0.9 0.613592 
1.08095 0.438322 24.9304 0.980787 0.631381 0.925 0.613592 
1.08093 0.445029 22.5061 0.986259 0.627503 0.95 0.613592 
1.08092 0.452099 20.0818 0.99203 0.62342 0.975 0.613592 
1.08091 0.459531 17.6575 0.998101 0.619132 1 0.613592 
1.09527 0.432011 27.41 0.989129 0.638649 0.9 0.621774 
1.09524 0.438348 24.9857 0.994265 0.634937 0.925 0.621774 
1.09522 0.445047 22.5615 0.999697 0.631016 0.95 0.621774 
1.0952 0.452108 20.1372 1.00543 0.626888 0.975 0.621774 
1.09519 0.459531 17.7129 1.01145 0.622552 1 0.621774 

ZONE I=5, J=5
1.09527 0.432011 27.4579 0.989129 0.638649 0.9 0.621774 
1.09524 0.438348 25.0116 0.994265 0.634937 0.925 0.621774 
1.09522 0.445047 22.5653 0.999697 0.631016 0.95 0.621774 
1.0952 0.452108 20.119 1.00543 0.626888 0.975 0.621774 
1.09519 0.459531 17.6727 1.01145 0.622552 1 0.621774 
1.10955 0.432046 27.5167 1.00276 0.642051 0.9 0.629955 
1.10952 0.438375 25.0704 1.00786 0.638302 0.925 0.629955 
1.1095 0.445066 22.6241 1.01325 0.634344 0.95 0.629955 
1.10948 0.452118 20.1777 1.01894 0.630177 0.975 0.629955 
1.10947 0.459532 17.7314 1.02493 0.625801 1 0.629955 
1.12382 0.43208 27.5754 1.01651 0.645268 0.9 0.638136 
1.12379 0.438401 25.1291 1.02157 0.641483 0.925 0.638136 
1.12377 0.445083 22.6828 1.02692 0.637486 0.95 0.638136 
1.12376 0.452127 20.2365 1.03257 0.633279 0.975 0.638136 
1.12375 0.459531 17.7902 1.03851 0.62886 1 0.638136 
1.13808 0.432115 27.6342 1.03037 0.6483 0.9 0.646317 
1.13806 0.438428 25.1879 1.0354 0.644478 0.925 0.646317 
1.13804 0.445101 22.7415 1.04071 0.640442 0.95 0.646317 
1.13802 0.452136 20.2952 1.04632 0.636193 0.975 0.646317 
1.13801 0.459531 17.8489 1.05221 0.63173 1 0.646317 
1.15235 0.43215 27.6929 1.04436 0.651148 0.9 0.654498 
1.15233 0.438455 25.2466 1.04934 0.647288 0.925 0.654498 
1.1523 0.44512 22.8003 1.05461 0.643211 0.95 0.654498 
1.15228 0.452146 20.354 1.06018 0.638919 0.975 0.654498 
1.15227 0.459531 17.9076 1.06603 0.634411 1 0.654498 

ZONE I=5, J=5
1.15235 0.43215 27.7437 1.04436 0.651148 0.9 0.654498 
1.15233 0.438455 25.274 1.04934 0.647288 0.925 0.654498 
1.1523 0.44512 22.8044 1.05461 0.643211 0.95 0.654498 
1.15228 0.452146 20.3347 1.06018 0.638919 0.975 0.654498 
1.15227 0.459531 17.865 1.06603 0.634411 1 0.654498 
1.16661 0.432186 27.8059 1.05845 0.653796 0.9 0.66268 
1.16658 0.438483 25.3362 1.06339 0.649901 0.925 0.66268 
1.16656 0.44514 22.8665 1.06863 0.64579 0.95 0.66268 
1.16654 0.452156 20.3969 1.07415 0.64146 0.975 0.66268 
1.16653 0.459532 17.9272 1.07996 0.636913 1 0.66268 
1.18085 0.432222 27.8681 1.07264 0.656252 0.9 0.670861 
1.18083 0.438511 25.3984 1.07755 0.652323 0.925 0.670861 
1.18081 0.445158 22.9287 1.08275 0.648175 0.95 0.670861 
1.18079 0.452165 20.459 1.08823 0.643807 0.975 0.670861 
1.18078 0.459531 17.9894 1.09399 0.639219 1 0.670861 
1.1951 0.432258 27.9303 1.08695 0.658517 0.9 0.679042 
1.19507 0.438538 25.4606 1.09182 0.654553 0.925 0.679042 
1.19505 0.445177 22.9909 1.09698 0.650367 0.95 0.679042 
1.19504 0.452174 20.5212 1.10241 0.645959 0.975 0.679042 
1.19502 0.459531 18.0515 1.10813 0.641329 1 0.679042 
1.20934 0.432295 27.9924 1.10137 0.660591 0.9 0.687223 
1.20932 0.438567 25.5228 1.1062 0.65659 0.925 0.687223 
1.20929 0.445197 23.0531 1.11131 0.652365 0.95 0.687223 
1.20927 0.452185 20.5834 1.1167 0.647916 0.975 0.687223 
1.20925 0.459531 18.1137 1.12236 0.643243 1 0.687223 

ZONE I=5, J=5
1.20934 0.432295 28.0461 1.10137 0.660591 0.9 0.687223 
1.20932 0.438567 25.5518 1.1062 0.65659 0.925 0.687223 
1.20929 0.445197 23.0574 1.11131 0.652365 0.95 0.687223 
1.20927 0.452185 20.563 1.1167 0.647916 0.975 0.687223 
1.20925 0.459531 18.0686 1.12236 0.643243 1 0.687223 
1.22357 0.432333 28.1118 1.11588 0.662458 0.9 0.695405 
1.22355 0.438596 25.6174 1.12067 0.658425 0.925 0.695405 
1.22352 0.445217 23.1231 1.12574 0.654166 0.95 0.695405 
1.22351 0.452195 20.6287 1.13109 0.649682 0.975 0.695405 
1.22349 0.459532 18.1343 1.13671 0.644972 1 0.695405 
1.23779 0.43237 28.1775 1.13049 0.664128 0.9 0.703586 
1.23777 0.438624 25.6831 1.13524 0.660061 0.925 0.703586 
1.23775 0.445236 23.1888 1.14027 0.655768 0.95 0.703586 
1.23773 0.452205 20.6944 1.14558 0.651247 0.975 0.703586 
1.23772 0.459531 18.2 1.15116 0.646499 1 0.703586 
1.25201 0.432407 28.2432 1.1452 0.6656 0.9 0.711767 
1.25199 0.438653 25.7488 1.14992 0.661499 0.925 0.711767 
1.25196 0.445255 23.2544 1.1549 0.65717 0.95 0.711767 
1.25195 0.452215 20.7601 1.16016 0.652611 0.975 0.711767 
1.25193 0.459531 18.2657 1.16569 0.647823 1 0.711767 
1.26623 0.432445 28.3089 1.16002 0.666874 0.9 0.719948 
1.2662 0.438682 25.8145 1.16468 0.662739 0.925 0.719948 
1.26618 0.445276 23.3201 1.16962 0.658372 0.95 0.719948 
1.26616 0.452225 20.8258 1.17484 0.653774 0.975 0.719948 
1.26614 0.459531 18.3314 1.18032 0.648944 1 0.719948 

ZONE I=5, J=5
1.26623 0.432445 28.3655 1.16002 0.666874 0.9 0.719948 
1.2662 0.438682 25.8451 1.16468 0.662739 0.925 0.719948 
1.26618 0.445276 23.3247 1.16962 0.658372 0.95 0.719948 
1.26616 0.452225 20.8042 1.17484 0.653774 0.975 0.719948 
1.26614 0.459531 18.2838 1.18032 0.648944 1 0.719948 
1.28043 0.432484 28.4348 1.17491 0.667935 0.9 0.72813 
1.28041 0.438713 25.9144 1.17954 0.663769 0.925 0.72813 
1.28038 0.445296 23.3939 1.18444 0.659371 0.95 0.72813 
1.28037 0.452236 20.8735 1.18961 0.65474 0.975 0.72813 
1.28035 0.459532 18.353 1.19505 0.649875 1 0.72813 
1.29463 0.432523 28.5041 1.1899 0.668792 0.9 0.736311 
1.2946 0.438742 25.9836 1.19449 0.664596 0.925 0.736311 
1.29458 0.445316 23.4632 1.19934 0.660164 0.95 0.736311 
1.29456 0.452246 20.9427 1.20447 0.655498 0.975 0.736311 
1.29455 0.459531 18.4223 1.20986 0.650598 1 0.736311 
1.30882 0.432561 28.5733 1.20497 0.669446 0.9 0.744492 
1.30879 0.438772 26.0529 1.20952 0.665218 0.925 0.744492 
1.30877 0.445337 23.5324 1.21434 0.660752 0.95 0.744492 
1.30875 0.452256 21.012 1.21941 0.65605 0.975 0.744492 
1.30874 0.459531 18.4916 1.22475 0.651111 1 0.744492 
1.32301 0.432601 28.6426 1.22014 0.669897 0.9 0.752673 
1.32298 0.438802 26.1222 1.22465 0.665635 0.925 0.752673 
1.32296 0.445358 23.6017 1.22941 0.661135 0.95 0.752673 
1.32293 0.452267 21.0813 1.23444 0.656395 0.975 0.752673 
1.32292 0.459531 18.5608 1.23973 0.651417 1 0.752673 

ZONE I=5, J=5
1.32301 0.432601 28.7023 1.22014 0.669897 0.9 0.752673 
1.32298 0.438802 26.1544 1.22465 0.665635 0.925 0.752673 
1.32296 0.445358 23.6065 1.22941 0.661135 0.95 0.752673 
1.32293 0.452267 21.0586 1.23444 0.656395 0.975 0.752673 
1.32292 0.459531 18.5107 1.23973 0.651417 1 0.752673 
1.33719 0.432641 28.7752 1.23538 0.670128 0.9 0.760855 
1.33716 0.438833 26.2273 1.23985 0.665838 0.925 0.760855 
1.33713 0.445379 23.6794 1.24457 0.661307 0.95 0.760855 
1.33711 0.452279 21.1315 1.24956 0.656537 0.975 0.760855 
1.3371 0.459532 18.5836 1.2548 0.651526 1 0.760855 
1.35135 0.432681 28.8481 1.2507 0.670151 0.9 0.769036 
1.35132 0.438864 26.3002 1.25513 0.665831 0.925 0.769036 
1.3513 0.4454 23.7523 1.25981 0.661269 0.95 0.769036 
1.35128 0.452289 21.2044 1.26475 0.656466 0.975 0.769036 
1.35127 0.459531 18.6565 1.26994 0.651421 1 0.769036 
1.36551 0.432721 28.921 1.26611 0.669965 0.9 0.777217 
1.36548 0.438894 26.3731 1.27049 0.665614 0.925 0.777217 
1.36546 0.445421 23.8252 1.27512 0.66102 0.95 0.777217 
1.36544 0.452299 21.2773 1.28001 0.656183 0.975 0.777217 
1.36543 0.459531 18.7294 1.28516 0.651102 1 0.777217 
1.37968 0.432762 28.9939 1.28159 0.669569 0.9 0.785398 
1.37964 0.438926 26.446 1.28592 0.665188 0.925 0.785398 
1.37962 0.445442 23.8981 1.29051 0.660561 0.95 0.785398 
1.37959 0.452311 21.3502 1.29535 0.655688 0.975 0.785398 
1.37957 0.459531 18.8023 1.30044 0.650569 1 0.785398 

ZONE I=5, J=5
1.37968 0.432762 29.0567 1.28159 0.669569 0.9 0.785398 
1.37964 0.438926 26.4799 1.28592 0.665188 0.925 0.785398 
1.37962 0.445442 23.9032 1.29051 0.660561 0.95 0.785398 
1.37959 0.452311 21.3264 1.29535 0.655688 0.975 0.785398 
1.37957 0.459531 18.7496 1.30044 0.650569 1 0.785398 
1.39382 0.432803 29.1333 1.29713 0.668949 0.9 0.79358 
1.39379 0.438958 26.5566 1.30143 0.664541 0.925 0.79358 
1.39376 0.445464 23.9798 1.30597 0.659886 0.95 0.79358 
1.39374 0.452322 21.403 1.31077 0.654984 0.975 0.79358 
1.39373 0.459532 18.8263 1.31582 0.649835 1 0.79358 
1.40795 0.432844 29.21 1.31275 0.668116 0.9 0.801761 
1.40792 0.43899 26.6332 1.317 0.66368 0.925 0.801761 
1.4079 0.445486 24.0564 1.3215 0.658995 0.95 0.801761 
1.40788 0.452333 21.4797 1.32625 0.654063 0.975 0.801761 
1.40787 0.459531 18.9029 1.33125 0.648882 1 0.801761 
1.42208 0.432885 29.2866 1.32843 0.667068 0.9 0.809942 
1.42205 0.439021 26.7098 1.33264 0.662603 0.925 0.809942 
1.42203 0.445507 24.1331 1.3371 0.657889 0.95 0.809942 
1.42201 0.452344 21.5563 1.3418 0.652924 0.975 0.809942 
1.422 0.459531 18.9796 1.34674 0.647709 1 0.809942 
1.43621 0.432928 29.3632 1.34419 0.665806 0.9 0.818123 
1.43618 0.439054 26.7865 1.34835 0.661313 0.925 0.818123 
1.43615 0.445529 24.2097 1.35276 0.656567 0.95 0.818123 
1.43613 0.452355 21.633 1.35741 0.651569 0.975 0.818123 
1.43611 0.459531 19.0562 1.3623 0.646318 1 0.818123 

ZONE I=5, J=5
1.43621 0.432928 29.4291 1.34419 0.665806 0.9 0.818123 
1.43618 0.439054 26.8221 1.34835 0.661313 0.925 0.818123 
1.43615 0.445529 24.215 1.35276 0.656567 0.95 0.818123 
1.43613 0.452355 21.6079 1.35741 0.651569 0.975 0.818123 
1.43611 0.459531 19.0009 1.3623 0.646318 1 0.818123 
1.45032 0.43297 29.5096 1.35999 0.664315 0.9 0.826305 
1.45029 0.439087 26.9025 1.36412 0.659797 0.925 0.826305 
1.45027 0.445552 24.2955 1.36848 0.655024 0.95 0.826305 
1.45025 0.452367 21.6884 1.37308 0.649999 0.975 0.826305 
1.45023 0.459532 19.0813 1.37793 0.644721 1 0.826305 
1.46442 0.433012 29.59 1.37586 0.662606 0.9 0.834486 
1.46439 0.439119 26.983 1.37994 0.658061 0.925 0.834486 
1.46437 0.445574 24.3759 1.38426 0.653262 0.95 0.834486 
1.46435 0.452378 21.7689 1.38881 0.648208 0.975 0.834486 
1.46434 0.459531 19.1618 1.39361 0.6429 1 0.834486 
1.47852 0.433055 29.6705 1.39179 0.660678 0.9 0.842667 
1.47849 0.439151 27.0634 1.39582 0.656107 0.925 0.842667 
1.47847 0.445596 24.4564 1.40009 0.651279 0.95 0.842667 
1.47845 0.452389 21.8493 1.4046 0.646195 0.975 0.842667 
1.47843 0.459531 19.2422 1.40934 0.640855 1 0.842667 
1.49262 0.433098 29.7509 1.40777 0.658532 0.9 0.850848 
1.49258 0.439185 27.1439 1.41176 0.653933 0.925 0.850848 
1.49256 0.445619 24.5368 1.41598 0.649076 0.95 0.850848 
1.49253 0.452401 21.9298 1.42043 0.643961 0.975 0.850848 
1.49251 0.459531 19.3227 1.42512 0.638587 1 0.850848 

ZONE I=5, J=5
1.49262 0.433098 29.8199 1.40777 0.658532 0.9 0.850848 
1.49258 0.439185 27.1811 1.41176 0.653933 0.925 0.850848 
1.49256 0.445619 24.5424 1.41598 0.649076 0.95 0.850848 
1.49253 0.452401 21.9036 1.42043 0.643961 0.975 0.850848 
1.49251 0.459531 19.2648 1.42512 0.638587 1 0.850848 
1.50669 0.433142 29.9043 1.4238 0.656152 0.9 0.859029 
1.50666 0.439219 27.2655 1.42774 0.65153 0.925 0.859029 
1.50663 0.445643 24.6267 1.43192 0.646649 0.95 0.859029 
1.50661 0.452414 21.9879 1.43633 0.641508 0.975 0.859029 
1.5066 0.459532 19.3492 1.44096 0.636109 1 0.859029 
1.52076 0.433185 29.9886 1.43987 0.653549 0.9 0.86721 
1.52073 0.439252 27.3499 1.44377 0.648903 0.925 0.86721 
1.5207 0.445665 24.7111 1.4479 0.643997 0.95 0.86721 
1.52068 0.452425 22.0723 1.45226 0.63883 0.975 0.86721 
1.52067 0.459531 19.4335 1.45685 0.633403 1 0.86721 
1.53482 0.433228 30.073 1.45599 0.650724 0.9 0.875391 
1.53479 0.439285 27.4342 1.45985 0.646053 0.925 0.875391 
1.53476 0.445688 24.7954 1.46393 0.641121 0.95 0.875391 
1.53474 0.452436 22.1567 1.46824 0.635926 0.975 0.875391 
1.53473 0.459531 19.5179 1.47277 0.63047 1 0.875391 
1.54888 0.433273 30.1574 1.47217 0.647676 0.9 0.883573 
1.54885 0.439319 27.5186 1.47598 0.64298 0.925 0.883573 
1.54882 0.445711 24.8798 1.48001 0.63802 0.95 0.883573 
1.54879 0.452449 22.241 1.48426 0.632796 0.975 0.883573 
1.54877 0.459531 19.6022 1.48874 0.627308 1 0.883573 

ZONE I=5, J=5
1.54888 0.433273 30.2293 1.47217 0.647676 0.9 0.883573 
1.54885 0.439319 27.5574 1.47598 0.64298 0.925 0.883573 
1.54882 0.445711 24.8856 1.48001 0.63802 0.95 0.883573 
1.54879 0.452449 22.2137 1.48426 0.632796 0.975 0.883573 
1.54877 0.459531 19.5419 1.48874 0.627308 1 0.883573 
1.56292 0.433318 30.3177 1.48837 0.644391 0.9 0.891754 
1.56289 0.439354 27.6458 1.49213 0.639673 0.925 0.891754 
1.56286 0.445735 24.974 1.49612 0.634691 0.95 0.891754 
1.56284 0.452461 22.3021 1.50033 0.629444 0.975 0.891754 
1.56282 0.459532 19.6302 1.50476 0.623933 1 0.891754 
1.57695 0.433362 30.406 1.50461 0.640879 0.9 0.899935 
1.57692 0.439388 27.7342 1.50833 0.63614 0.925 0.899935 
1.57689 0.445758 25.0623 1.51227 0.631134 0.95 0.899935 
1.57687 0.452473 22.3905 1.51643 0.625863 0.975 0.899935 
1.57686 0.459531 19.7186 1.5208 0.620327 1 0.899935 
1.59097 0.433407 30.4944 1.52088 0.637142 0.9 0.908116 
1.59094 0.439422 27.8225 1.52456 0.632379 0.925 0.908116 
1.59091 0.445781 25.1507 1.52845 0.62735 0.95 0.908116 
1.59089 0.452484 22.4788 1.53256 0.622053 0.975 0.908116 
1.59088 0.459531 19.807 1.53688 0.616489 1 0.908116 
1.60499 0.433452 30.5828 1.5372 0.633178 0.9 0.916298 
1.60496 0.439457 27.9109 1.54082 0.628392 0.925 0.916298 
1.60493 0.445806 25.239 1.54466 0.623337 0.95 0.916298 
1.6049 0.452497 22.5672 1.54872 0.618013 0.975 0.916298 
1.60488 0.459531 19.8953 1.55298 0.61242 1 0.916298 

ZONE I=5, J=5
1.60499 0.433452 30.657 1.5372 0.633178 0.9 0.916298 
1.60496 0.439457 27.951 1.54082 0.628392 0.925 0.916298 
1.60493 0.445806 25.245 1.54466 0.623337 0.95 0.916298 
1.6049 0.452497 22.5391 1.54872 0.618013 0.975 0.916298 
1.60488 0.459531 19.8331 1.55298 0.61242 1 0.916298 
1.61899 0.433498 30.7495 1.55353 0.628974 0.9 0.924479 
1.61896 0.439493 28.0435 1.55711 0.624168 0.925 0.924479 
1.61893 0.44583 25.3375 1.56091 0.619093 0.95 0.924479 
1.61891 0.45251 22.6315 1.56491 0.613748 0.975 0.924479 
1.6189 0.459532 19.9256 1.56913 0.608134 1 0.924479 
1.63298 0.433544 30.842 1.56988 0.62454 0.9 0.93266 
1.63295 0.439528 28.136 1.57342 0.619714 0.925 0.93266 
1.63292 0.445854 25.43 1.57717 0.614618 0.95 0.93266 
1.6329 0.452522 22.724 1.58113 0.609251 0.975 0.93266 
1.63289 0.459531 20.018 1.58529 0.603614 1 0.93266 
1.64696 0.433589 30.9344 1.58627 0.619877 0.9 0.940841 
1.64693 0.439563 28.2285 1.58976 0.61503 0.925 0.940841 
1.6469 0.445878 25.5225 1.59346 0.609912 0.95 0.940841 
1.64688 0.452534 22.8165 1.59736 0.604522 0.975 0.940841 
1.64687 0.459531 20.1105 1.60147 0.59886 1 0.940841 
1.66094 0.433635 31.0269 1.60268 0.614984 0.9 0.949023 
1.66091 0.439599 28.3209 1.60612 0.610116 0.925 0.949023 
1.66088 0.445903 25.615 1.60977 0.604975 0.95 0.949023 
1.66086 0.452547 22.909 1.61362 0.59956 0.975 0.949023 
1.66084 0.459531 20.203 1.61767 0.593871 1 0.949023 

ZONE I=5, J=5
1.66094 0.433635 31.1016 1.60268 0.614984 0.9 0.949023 
1.66091 0.439599 28.3613 1.60612 0.610116 0.925 0.949023 
1.66088 0.445903 25.621 1.60977 0.604975 0.95 0.949023 
1.66086 0.452547 22.8807 1.61362 0.59956 0.975 0.949023 
1.66084 0.459531 20.1405 1.61767 0.593871 1 0.949023 
1.6749 0.433683 31.1983 1.61909 0.609849 0.9 0.957204 
1.67487 0.439635 28.458 1.62249 0.604963 0.925 0.957204 
1.67484 0.445928 25.7177 1.62609 0.599804 0.95 0.957204 
1.67482 0.45256 22.9775 1.6299 0.59437 0.975 0.957204 
1.67481 0.459532 20.2372 1.6339 0.588662 1 0.957204 
1.68885 0.433729 31.295 1.63552 0.604481 0.9 0.965385 
1.68881 0.439671 28.5547 1.63888 0.599578 0.925 0.965385 
1.68879 0.445952 25.8145 1.64243 0.594399 0.95 0.965385 
1.68877 0.452572 23.0742 1.64618 0.588946 0.975 0.965385 
1.68876 0.459531 20.3339 1.65013 0.583217 1 0.965385 
1.70278 0.433775 31.3917 1.65196 0.598881 0.9 0.973566 
1.70275 0.439707 28.6515 1.65527 0.593959 0.925 0.973566 
1.70273 0.445977 25.9112 1.65878 0.588761 0.95 0.973566 
1.70271 0.452584 23.1709 1.66248 0.583286 0.975 0.973566 
1.7027 0.459531 20.4306 1.66638 0.577536 1 0.973566 
1.71672 0.433822 31.4885 1.66842 0.593048 0.9 0.981748 
1.71669 0.439744 28.7482 1.67168 0.588107 0.925 0.981748 
1.71666 0.446002 26.0079 1.67514 0.582888 0.95 0.981748 
1.71664 0.452598 23.2676 1.67878 0.577392 0.975 0.981748 
1.71663 0.459531 20.5274 1.68262 0.571619 1 0.981748 

ZONE I=5, J=5
1.71672 0.433822 31.5577 1.66842 0.593048 0.9 0.981748 
1.71669 0.439744 28.7857 1.67168 0.588107 0.925 0.981748 
1.71666 0.446002 26.0136 1.67514 0.582888 0.95 0.981748 
1.71664 0.452598 23.2416 1.67878 0.577392 0.975 0.981748 
1.71663 0.459531 20.4695 1.68262 0.571619 1 0.981748 
1.73063 0.433871 31.6589 1.68487 0.586971 0.9 0.989929 
1.7306 0.439781 28.8868 1.68809 0.582015 0.925 0.989929 
1.73058 0.446028 26.1148 1.6915 0.57678 0.95 0.989929 
1.73056 0.452612 23.3427 1.6951 0.571268 0.975 0.989929 
1.73056 0.459532 20.5707 1.69889 0.565478 1 0.989929 
1.74453 0.433919 31.76 1.70132 0.58066 0.9 0.99811 
1.7445 0.439818 28.988 1.7045 0.575688 0.925 0.99811 
1.74448 0.446053 26.2159 1.70786 0.570437 0.95 0.99811 
1.74447 0.452624 23.4439 1.71141 0.564907 0.975 0.99811 
1.74447 0.459531 20.6718 1.71515 0.5591 1 0.99811 
1.75842 0.433965 31.8612 1.71778 0.574114 0.9 1.00629 
1.75839 0.439855 29.0892 1.72091 0.569125 0.925 1.00629 
1.75838 0.446079 26.3171 1.72422 0.563858 0.95 1.00629 
1.75837 0.452638 23.545 1.72772 0.558311 0.975 1.00629 
1.75836 0.459531 20.773 1.73141 0.552486 1 1.00629 
1.7723 0.434013 31.9624 1.73423 0.567333 0.9 1.01447 
1.77227 0.439893 29.1903 1.73731 0.562327 0.925 1.01447 
1.77226 0.446107 26.4183 1.74058 0.557043 0.95 1.01447 
1.77225 0.452652 23.6462 1.74403 0.551479 0.975 1.01447 
1.77225 0.459531 20.8741 1.74766 0.545636 1 1.01447 

ZONE I=5, J=5
1.7723 0.434013 32.0094 1.73423 0.567333 0.9 1.01447 
1.77227 0.439893 29.2159 1.73731 0.562327 0.925 1.01447 
1.77226 0.446107 26.4224 1.74058 0.557043 0.95 1.01447 
1.77225 0.452652 23.6289 1.74403 0.551479 0.975 1.01447 
1.77225 0.459531 20.8354 1.74766 0.545636 1 1.01447 
1.78617 0.434065 32.1154 1.75068 0.560302 0.9 1.02266 
1.78615 0.439933 29.3219 1.75372 0.555284 0.925 1.02266 
1.78614 0.446133 26.5284 1.75694 0.549986 0.95 1.02266 
1.78614 0.452666 23.7349 1.76034 0.544408 0.975 1.02266 
1.78614 0.459532 20.9414 1.76392 0.53855 1 1.02266 
1.80002 0.434113 32.2214 1.76711 0.553035 0.9 1.03084 
1.80001 0.439971 29.4279 1.77011 0.548004 0.925 1.03084 
1.8 0.44616 26.6344 1.77329 0.542693 0.95 1.03084 
1.80001 0.45268 23.8409 1.77664 0.537103 0.975 1.03084 
1.80002 0.459531 21.0474 1.78018 0.531232 1 1.03084 
1.81385 0.43416 32.3274 1.78352 0.545531 0.9 1.03902 
1.81384 0.44001 29.5339 1.78648 0.540487 0.925 1.03902 
1.81385 0.446188 26.7404 1.78962 0.535164 0.95 1.03902 
1.81386 0.452695 23.9469 1.79293 0.529562 0.975 1.03902 
1.81388 0.459531 21.1533 1.79641 0.523681 1 1.03902 
1.82766 0.434208 32.4334 1.7999 0.53779 0.9 1.0472 
1.82766 0.440051 29.6399 1.80283 0.532733 0.925 1.0472 
1.82768 0.446219 26.8464 1.80593 0.527398 0.95 1.0472 
1.8277 0.452713 24.0529 1.8092 0.521787 0.975 1.0472 
1.82774 0.459531 21.2593 1.81263 0.515899 1 1.0472 

ZONE I=5, J=5
1.82766 0.434208 32.4091 1.7999 0.53779 0.9 1.0472 
1.82766 0.440051 29.627 1.80283 0.532733 0.925 1.0472 
1.82768 0.446219 26.845 1.80593 0.527398 0.95 1.0472 
1.8277 0.452713 24.063 1.8092 0.521787 0.975 1.0472 
1.82774 0.459531 21.281 1.81263 0.515899 1 1.0472 
1.84147 0.434264 32.5208 1.81629 0.529807 0.9 1.05538 
1.84148 0.440093 29.7388 1.81917 0.524742 0.925 1.05538 
1.8415 0.446247 26.9567 1.82222 0.519398 0.95 1.05538 
1.84153 0.452727 24.1747 1.82544 0.513775 0.975 1.05538 
1.84158 0.459532 21.3927 1.82883 0.507874 1 1.05538 
1.85524 0.434314 32.6325 1.83262 0.521579 0.9 1.06356 
1.85527 0.440135 29.8505 1.83548 0.516506 0.925 1.06356 
1.85531 0.446278 27.0685 1.83849 0.511155 0.95 1.06356 
1.85536 0.452743 24.2864 1.84168 0.505528 0.975 1.06356 
1.85542 0.459531 21.5044 1.84503 0.499623 1 1.06356 
1.86898 0.434362 32.7442 1.84892 0.513105 0.9 1.07174 
1.86904 0.440178 29.9622 1.85175 0.508024 0.925 1.07174 
1.8691 0.446312 27.1802 1.85474 0.502671 0.95 1.07174 
1.86918 0.452763 24.3982 1.8579 0.497044 0.975 1.07174 
1.86927 0.459531 21.6161 1.86122 0.491145 1 1.07174 
1.88269 0.434407 32.8559 1.86516 0.504386 0.9 1.07992 
1.88278 0.440225 30.0739 1.86798 0.499298 0.925 1.07992 
1.88289 0.446351 27.2919 1.87096 0.493944 0.95 1.07992 
1.88301 0.452787 24.5099 1.8741 0.488325 0.975 1.07992 
1.88314 0.459531 21.7279 1.8774 0.48244 1 1.07992 

ZONE I=5, J=5
1.88269 0.434407 32.6224 1.86516 0.504386 0.9 1.07992 
1.88278 0.440225 29.9486 1.86798 0.499298 0.925 1.07992 
1.88289 0.446351 27.2747 1.87096 0.493944 0.95 1.07992 
1.88301 0.452787 24.6009 1.8741 0.488325 0.975 1.07992 
1.88314 0.459531 21.927 1.8774 0.48244 1 1.07992 
1.89643 0.43447 32.7418 1.88142 0.495436 0.9 1.0881 
1.89654 0.440273 30.0679 1.88421 0.490348 0.925 1.0881 
1.89666 0.446384 27.3941 1.88716 0.484992 0.95 1.0881 
1.8968 0.452803 24.7202 1.89026 0.479368 0.975 1.0881 
1.89694 0.459531 22.0464 1.89351 0.473476 1 1.0881 
1.9101 0.434522 32.8611 1.89759 0.486226 0.9 1.09628 
1.91025 0.440319 30.1873 1.90038 0.48114 0.925 1.09628 
1.91042 0.44642 27.5134 1.90332 0.475791 0.95 1.09628 
1.9106 0.452824 24.8396 1.90641 0.470177 0.975 1.09628 
1.9108 0.459531 22.1657 1.90964 0.464299 1 1.09628 
1.92369 0.434565 32.9805 1.91367 0.476755 0.9 1.10446 
1.92392 0.440367 30.3066 1.91649 0.471675 0.925 1.10446 
1.92417 0.446462 27.6328 1.91945 0.466341 0.95 1.10446 
1.92443 0.45285 24.9589 1.92255 0.460752 0.975 1.10446 
1.9247 0.459531 22.2851 1.9258 0.454907 1 1.10446 
1.93722 0.434602 33.0998 1.92966 0.467024 0.9 1.11265 
1.93755 0.440418 30.426 1.93253 0.461953 0.925 1.11265 
1.9379 0.446511 27.7522 1.93554 0.456643 0.95 1.11265 
1.93827 0.452882 25.0783 1.93869 0.451093 0.975 1.11265 
1.93866 0.459531 22.4045 1.94198 0.445302 1 1.11265 

ZONE I=5, J=5
1.93722 0.434602 32.3504 1.92966 0.467024 0.9 1.11265 
1.93755 0.440418 30.0337 1.93253 0.461953 0.925 1.11265 
1.9379 0.446511 27.7169 1.93554 0.456643 0.95 1.11265 
1.93827 0.452882 25.4002 1.93869 0.451093 0.975 1.11265 
1.93866 0.459531 23.0834 1.94198 0.445302 1 1.11265 
1.9508 0.434669 32.4565 1.94567 0.457068 0.9 1.12083 
1.95122 0.440485 30.1398 1.94858 0.452015 0.925 1.12083 
1.95165 0.446568 27.823 1.95162 0.446724 0.95 1.12083 
1.95208 0.452917 25.5063 1.95477 0.441196 0.975 1.12083 
1.95252 0.459532 23.1895 1.95804 0.435429 1 1.12083 
1.96424 0.434661 32.5626 1.96149 0.446892 0.9 1.12901 
1.96478 0.440483 30.2459 1.96447 0.44186 0.925 1.12901 
1.96532 0.446569 27.9291 1.96756 0.436589 0.95 1.12901 
1.96586 0.452918 25.6124 1.97076 0.431078 0.975 1.12901 
1.96639 0.459531 23.2956 1.97407 0.425327 1 1.12901 
1.97755 0.43458 32.6687 1.97713 0.436496 0.9 1.13719 
1.97823 0.440414 30.352 1.9802 0.431489 0.925 1.13719 
1.97891 0.446517 28.0353 1.98338 0.426237 0.95 1.13719 
1.97959 0.452889 25.7185 1.98667 0.42074 0.975 1.13719 
1.98027 0.459531 23.4018 1.99008 0.414998 1 1.13719 
1.99072 0.434433 32.7749 1.99257 0.42588 0.9 1.14537 
1.99157 0.440283 30.4581 1.99575 0.420901 0.925 1.14537 
1.99243 0.446416 28.1414 1.99907 0.415669 0.95 1.14537 
1.99329 0.452832 25.8246 2.0025 0.410182 0.975 1.14537 
1.99417 0.459531 23.5079 2.00607 0.404442 1 1.14537 

ZONE I=5, J=5
1.99072 0.434433 31.5315 1.99257 0.42588 0.9 1.14537 
1.99157 0.440283 29.7634 1.99575 0.420901 0.925 1.14537 
1.99243 0.446416 27.9954 1.99907 0.415669 0.95 1.14537 
1.99329 0.452832 26.2274 2.0025 0.410182 0.975 1.14537 
1.99417 0.459531 24.4593 2.00607 0.404442 1 1.14537 
2.004 0.434035 31.6323 2.00796 0.415314 0.9 1.15355 
2.00487 0.439901 29.8642 2.01113 0.410303 0.925 1.15355 
2.00575 0.446054 28.0962 2.01444 0.405038 0.95 1.15355 
2.00666 0.452494 26.3282 2.01788 0.399517 0.975 1.15355 
2.00759 0.459222 24.5601 2.02145 0.393741 1 1.15355 
2.01712 0.43324 31.7331 2.02301 0.40482 0.9 1.16173 
2.01804 0.439105 29.965 2.02619 0.399806 0.925 1.16173 
2.019 0.445257 28.197 2.02952 0.394541 0.95 1.16173 
2.01998 0.451696 26.4289 2.03298 0.389026 0.975 1.16173 
2.021 0.458422 24.6609 2.03659 0.383259 1 1.16173 
2.03007 0.432052 31.8338 2.03772 0.394399 0.9 1.16991 
2.03108 0.4379 30.0658 2.04093 0.389409 0.925 1.16991 
2.03214 0.44403 28.2978 2.0443 0.384179 0.95 1.16991 
2.03324 0.45044 26.5297 2.04782 0.378708 0.975 1.16991 
2.03439 0.45713 24.7617 2.05149 0.372996 1 1.16991 
2.04284 0.430475 31.9346 2.05208 0.384049 0.9 1.1781 
2.04398 0.43629 30.1666 2.05536 0.379113 0.925 1.1781 
2.04518 0.442375 28.3986 2.05879 0.373952 0.95 1.1781 
2.04644 0.448728 26.6305 2.06239 0.368564 0.975 1.1781 
2.04776 0.45535 24.8625 2.06614 0.36295 1 1.1781 

ZONE I=5, J=5
2.04284 0.430475 31.3019 2.05208 0.384049 0.9 1.1781 
2.04398 0.43629 29.8383 2.05536 0.379113 0.925 1.1781 
2.04518 0.442375 28.3747 2.05879 0.373952 0.95 1.1781 
2.04644 0.448728 26.9111 2.06239 0.368564 0.975 1.1781 
2.04776 0.45535 25.4475 2.06614 0.36295 1 1.1781 
2.05561 0.428392 31.4269 2.06621 0.373972 0.9 1.18628 
2.05686 0.434194 29.9633 2.06954 0.369063 0.925 1.18628 
2.05818 0.440245 28.4997 2.07303 0.363946 0.95 1.18628 
2.05955 0.446546 27.0361 2.07667 0.358621 0.975 1.18628 
2.06099 0.453097 25.5725 2.08046 0.353088 1 1.18628 
2.06824 0.425896 31.5519 2.08002 0.36402 0.9 1.19446 
2.06962 0.431667 30.0882 2.08343 0.359162 0.925 1.19446 
2.07107 0.437675 28.6246 2.08699 0.354107 0.95 1.19446 
2.07259 0.44392 27.161 2.09069 0.348856 0.975 1.19446 
2.07417 0.450401 25.6974 2.09455 0.34341 1 1.19446 
2.08072 0.422992 31.6768 2.09353 0.354193 0.9 1.20264 
2.08225 0.428714 30.2132 2.09702 0.349408 0.925 1.20264 
2.08386 0.434667 28.7496 2.10066 0.344434 0.95 1.20264 
2.08555 0.440851 27.286 2.10446 0.33927 0.975 1.20264 
2.0873 0.447266 25.8224 2.10841 0.333916 1 1.20264 
2.09303 0.419683 31.8018 2.10671 0.344491 0.9 1.21082 
2.09475 0.425338 30.3382 2.11031 0.339804 0.925 1.21082 
2.09654 0.431224 28.8746 2.11406 0.334927 0.95 1.21082 
2.09842 0.437342 27.411 2.11797 0.329861 0.975 1.21082 
2.10037 0.443692 25.9474 2.12204 0.324605 1 1.21082 

ZONE I=5, J=5
2.09303 0.419683 31.622 2.10671 0.344491 0.9 1.21082 
2.09475 0.425338 30.2401 2.11031 0.339804 0.925 1.21082 
2.09654 0.431224 28.8582 2.11406 0.334927 0.95 1.21082 
2.09842 0.437342 27.4763 2.11797 0.329861 0.975 1.21082 
2.10037 0.443692 26.0944 2.12204 0.324605 1 1.21082 
2.10526 0.415943 31.7416 2.11965 0.334973 0.9 1.219 
2.10713 0.421546 30.3597 2.12334 0.330358 0.925 1.219 
2.10909 0.427371 28.9778 2.12718 0.325564 0.95 1.219 
2.11112 0.433417 27.5959 2.13118 0.320591 0.975 1.219 
2.11324 0.439686 26.214 2.13533 0.315437 1 1.219 
2.11733 0.411814 31.8612 2.13229 0.325574 0.9 1.22718 
2.11936 0.417355 30.4793 2.13607 0.321043 0.925 1.22718 
2.12148 0.42311 29.0974 2.14001 0.316339 0.95 1.22718 
2.12369 0.429079 27.7155 2.1441 0.311463 0.975 1.22718 
2.12599 0.435263 26.3336 2.14834 0.306414 1 1.22718 
2.12924 0.407301 31.9808 2.14465 0.316296 0.9 1.23536 
2.13143 0.412767 30.5989 2.14852 0.311858 0.925 1.23536 
2.13372 0.418444 29.217 2.15255 0.307251 0.95 1.23536 
2.13611 0.424331 27.8351 2.15674 0.302477 0.975 1.23536 
2.13858 0.430429 26.4533 2.16108 0.297534 1 1.23536 
2.14098 0.402407 32.1004 2.15671 0.307137 0.9 1.24355 
2.14334 0.407788 30.7185 2.16068 0.302802 0.925 1.24355 
2.14581 0.413378 29.3366 2.1648 0.2983 0.95 1.24355 
2.14837 0.419177 27.9548 2.1691 0.293633 0.975 1.24355 
2.15103 0.425185 26.5729 2.17355 0.288799 1 1.24355 

ZONE I=5, J=5
2.14098 0.402407 32.0957 2.15671 0.307137 0.9 1.24355 
2.14334 0.407788 30.7158 2.16068 0.302802 0.925 1.24355 
2.14581 0.413378 29.3359 2.1648 0.2983 0.95 1.24355 
2.14837 0.419177 27.956 2.1691 0.293633 0.975 1.24355 
2.15103 0.425185 26.5761 2.17355 0.288799 1 1.24355 
2.15254 0.397135 32.2094 2.16848 0.298119 0.9 1.25173 
2.15507 0.402434 30.8295 2.17253 0.29388 0.925 1.25173 
2.1577 0.407935 29.4496 2.17676 0.289481 0.95 1.25173 
2.16043 0.41364 28.0697 2.18114 0.284921 0.975 1.25173 
2.16327 0.419549 26.6898 2.18569 0.280201 1 1.25173 
2.16392 0.391505 32.3231 2.17995 0.289212 0.9 1.25991 
2.1666 0.396715 30.9432 2.1841 0.285072 0.925 1.25991 
2.1694 0.402123 29.5633 2.18841 0.280777 0.95 1.25991 
2.1723 0.40773 28.1834 2.19289 0.276327 0.975 1.25991 
2.17531 0.413535 26.8035 2.19753 0.271722 1 1.25991 
2.17511 0.38552 32.4368 2.19114 0.280417 0.9 1.26809 
2.17794 0.390636 31.0569 2.19537 0.276379 0.925 1.26809 
2.18089 0.395946 29.677 2.19977 0.272191 0.95 1.26809 
2.18396 0.401451 28.2971 2.20434 0.267851 0.975 1.26809 
2.18714 0.40715 26.9172 2.20907 0.26336 1 1.26809 
2.18609 0.379187 32.5505 2.20203 0.271733 0.9 1.27627 
2.18908 0.384202 31.1706 2.20634 0.267801 0.925 1.27627 
2.19218 0.389409 29.7907 2.21083 0.263721 0.95 1.27627 
2.19541 0.394807 28.4108 2.21549 0.259492 0.975 1.27627 
2.19876 0.400397 27.0309 2.22031 0.255116 1 1.27627 

ZONE I=5, J=5
2.18609 0.379187 32.6053 2.20203 0.271733 0.9 1.27627 
2.18908 0.384202 31.2002 2.20634 0.267801 0.925 1.27627 
2.19218 0.389409 29.795 2.21083 0.263721 0.95 1.27627 
2.19541 0.394807 28.3899 2.21549 0.259492 0.975 1.27627 
2.19876 0.400397 26.9848 2.22031 0.255116 1 1.27627 
2.19685 0.372519 32.7116 2.21262 0.263151 0.9 1.28445 
2.19999 0.377431 31.3065 2.21702 0.259326 0.925 1.28445 
2.20325 0.382529 29.9014 2.22159 0.255357 0.95 1.28445 
2.20664 0.387814 28.4962 2.22633 0.251244 0.975 1.28445 
2.21016 0.393286 27.0911 2.23125 0.246989 1 1.28445 
2.2074 0.365524 32.8179 2.22292 0.254663 0.9 1.29263 
2.21068 0.370329 31.4128 2.2274 0.250945 0.925 1.29263 
2.2141 0.375315 30.0077 2.23205 0.247087 0.95 1.29263 
2.21764 0.380484 28.6025 2.23687 0.24309 0.975 1.29263 
2.22132 0.385835 27.1974 2.24188 0.238954 1 1.29263 
2.21773 0.358207 32.9242 2.23293 0.24627 0.9 1.30081 
2.22115 0.362901 31.5191 2.23748 0.242658 0.925 1.30081 
2.22471 0.367773 30.114 2.24221 0.238911 0.95 1.30081 
2.2284 0.372824 28.7088 2.24711 0.235029 0.975 1.30081 
2.23223 0.378052 27.3037 2.2522 0.231011 1 1.30081 
2.22783 0.350572 33.0305 2.24266 0.237971 0.9 1.309 
2.23138 0.355153 31.6254 2.24727 0.234466 0.925 1.309 
2.23508 0.359908 30.2203 2.25207 0.230829 0.95 1.309 
2.23891 0.364837 28.8151 2.25705 0.227061 0.975 1.309 
2.24289 0.369941 27.41 2.26222 0.223161 1 1.309 

ZONE I=5, J=5
2.22783 0.350572 33.1022 2.24266 0.237971 0.9 1.309 
2.23138 0.355153 31.6642 2.24727 0.234466 0.925 1.309 
2.23508 0.359908 30.2262 2.25207 0.230829 0.95 1.309 
2.23891 0.364837 28.7881 2.25705 0.227061 0.975 1.309 
2.24289 0.369941 27.3501 2.26222 0.223161 1 1.309 
2.23767 0.34265 33.1995 2.25206 0.229756 0.9 1.31718 
2.24136 0.347112 31.7615 2.25675 0.226362 0.925 1.31718 
2.24519 0.351744 30.3235 2.26162 0.22284 0.95 1.31718 
2.24917 0.356544 28.8855 2.26668 0.219192 0.975 1.31718 
2.2533 0.361514 27.4474 2.27192 0.215416 1 1.31718 
2.24726 0.334439 33.2968 2.26118 0.221622 0.9 1.32536 
2.25107 0.33878 31.8588 2.26593 0.218338 0.925 1.32536 
2.25504 0.343286 30.4208 2.27087 0.21493 0.95 1.32536 
2.25916 0.347957 28.9828 2.276 0.2114 0.975 1.32536 
2.26343 0.352793 27.5447 2.28132 0.207747 1 1.32536 
2.2566 0.325945 33.3941 2.26999 0.21357 0.9 1.33354 
2.26053 0.330164 31.9561 2.27481 0.210394 0.925 1.33354 
2.26463 0.334543 30.5181 2.27982 0.207099 0.95 1.33354 
2.26887 0.339082 29.0801 2.28501 0.203686 0.975 1.33354 
2.27328 0.343781 27.6421 2.2904 0.200153 1 1.33354 
2.26568 0.317173 33.4915 2.27852 0.205599 0.9 1.34172 
2.26973 0.321268 32.0534 2.28339 0.202531 0.925 1.34172 
2.27394 0.325518 30.6154 2.28846 0.199347 0.95 1.34172 
2.27831 0.329925 29.1774 2.29371 0.196049 0.975 1.34172 
2.28285 0.334487 27.7394 2.29917 0.192635 1 1.34172 

ZONE I=5, J=5
2.26568 0.317173 33.5636 2.27852 0.205599 0.9 1.34172 
2.26973 0.321268 32.0924 2.28339 0.202531 0.925 1.34172 
2.27394 0.325518 30.6213 2.28846 0.199347 0.95 1.34172 
2.27831 0.329925 29.1502 2.29371 0.196049 0.975 1.34172 
2.28285 0.334487 27.679 2.29917 0.192635 1 1.34172 
2.27448 0.308149 33.6505 2.28673 0.19769 0.9 1.3499 
2.27865 0.312114 32.1794 2.29166 0.194734 0.925 1.3499 
2.28298 0.316229 30.7082 2.29679 0.191667 0.95 1.3499 
2.28747 0.320496 29.2371 2.30211 0.18849 0.975 1.3499 
2.29214 0.324913 27.766 2.30763 0.185202 1 1.3499 
2.28301 0.298871 33.7375 2.29465 0.189845 0.9 1.35808 
2.28729 0.302704 32.2663 2.29964 0.187001 0.925 1.35808 
2.29173 0.306684 30.7952 2.30482 0.184049 0.95 1.35808 
2.29635 0.31081 29.324 2.31021 0.180991 0.975 1.35808 
2.30113 0.315081 27.8529 2.31578 0.177826 1 1.35808 
2.29127 0.289344 33.8244 2.30228 0.182066 0.9 1.36626 
2.29565 0.293046 32.3533 2.30732 0.17933 0.925 1.36626 
2.3002 0.296889 30.8821 2.31256 0.176492 0.95 1.36626 
2.30493 0.300872 29.411 2.31799 0.173552 0.975 1.36626 
2.30983 0.304997 27.9399 2.32363 0.170508 1 1.36626 
2.29924 0.279574 33.9113 2.30961 0.174351 0.9 1.37445 
2.30372 0.283144 32.4402 2.3147 0.171723 0.925 1.37445 
2.30838 0.286849 30.9691 2.31998 0.168997 0.95 1.37445 
2.31321 0.290691 29.4979 2.32547 0.166172 0.975 1.37445 
2.31822 0.294668 28.0268 2.33116 0.163248 1 1.37445 

ZONE I=5, J=5
2.29924 0.279574 33.9775 2.30961 0.174351 0.9 1.37445 
2.30372 0.283144 32.476 2.3147 0.171723 0.925 1.37445 
2.30838 0.286849 30.9745 2.31998 0.168997 0.95 1.37445 
2.31321 0.290691 29.4731 2.32547 0.166172 0.975 1.37445 
2.31822 0.294668 27.9716 2.33116 0.163248 1 1.37445 
2.30692 0.269598 34.0529 2.31663 0.166688 0.9 1.38263 
2.31149 0.273029 32.5514 2.32176 0.164173 0.925 1.38263 
2.31625 0.27659 31.0499 2.3271 0.161564 0.95 1.38263 
2.32119 0.280283 29.5484 2.33264 0.158861 0.975 1.38263 
2.3263 0.284106 28.0469 2.33839 0.156062 1 1.38263 
2.3143 0.259407 34.1283 2.32335 0.15908 0.9 1.39081 
2.31896 0.262699 32.6268 2.32853 0.156676 0.925 1.39081 
2.32381 0.266117 31.1253 2.33392 0.154182 0.95 1.39081 
2.32885 0.26966 29.6238 2.33951 0.151598 0.975 1.39081 
2.33407 0.273329 28.1223 2.3453 0.148923 1 1.39081 
2.32138 0.249009 34.2036 2.32977 0.151525 0.9 1.39899 
2.32613 0.252162 32.7022 2.335 0.149231 0.925 1.39899 
2.33107 0.255435 31.2007 2.34042 0.146851 0.95 1.39899 
2.3362 0.258829 29.6992 2.34606 0.144384 0.975 1.39899 
2.34152 0.262343 28.1977 2.3519 0.141831 1 1.39899 
2.32816 0.23841 34.279 2.3359 0.144025 0.9 1.40717 
2.33299 0.241424 32.7775 2.34116 0.141839 0.925 1.40717 
2.33802 0.244553 31.276 2.34663 0.13957 0.95 1.40717 
2.34324 0.247797 29.7746 2.35231 0.13722 0.975 1.40717 
2.34865 0.251156 28.2731 2.35819 0.134787 1 1.40717 

ZONE I=5, J=5
2.32816 0.23841 34.3363 2.3359 0.144025 0.9 1.40717 
2.33299 0.241424 32.8085 2.34116 0.141839 0.925 1.40717 
2.33802 0.244553 31.2807 2.34663 0.13957 0.95 1.40717 
2.34324 0.247797 29.753 2.35231 0.13722 0.975 1.40717 
2.34865 0.251156 28.2252 2.35819 0.134787 1 1.40717 
2.33463 0.227636 34.3991 2.34172 0.136561 0.9 1.41535 
2.33954 0.230505 32.8714 2.34702 0.134488 0.925 1.41535 
2.34465 0.233484 31.3436 2.35253 0.132336 0.95 1.41535 
2.34996 0.236573 29.8159 2.35825 0.130105 0.975 1.41535 
2.35545 0.239771 28.2881 2.36418 0.127797 1 1.41535 
2.34079 0.216682 34.462 2.34724 0.129138 0.9 1.42353 
2.34578 0.219407 32.9342 2.35258 0.127175 0.925 1.42353 
2.35096 0.222235 31.4065 2.35813 0.125138 0.95 1.42353 
2.35635 0.225168 29.8787 2.36388 0.123027 0.975 1.42353 
2.36193 0.228206 28.351 2.36985 0.120842 1 1.42353 
2.34663 0.205555 34.5249 2.35247 0.121754 0.9 1.43171 
2.35169 0.208135 32.9971 2.35784 0.119901 0.925 1.43171 
2.35695 0.210814 31.4694 2.36342 0.117977 0.95 1.43171 
2.36241 0.213591 29.9416 2.36921 0.115983 0.975 1.43171 
2.36808 0.216468 28.4138 2.37522 0.11392 1 1.43171 
2.35217 0.194263 34.5877 2.3574 0.114411 0.9 1.4399 
2.35729 0.196698 33.06 2.3628 0.112665 0.925 1.4399 
2.36262 0.199227 31.5322 2.36841 0.110853 0.95 1.4399 
2.36815 0.201849 30.0045 2.37424 0.108976 0.975 1.4399 
2.37388 0.204564 28.4767 2.38028 0.107032 1 1.4399 

ZONE I=5, J=5
2.35217 0.194263 34.6347 2.3574 0.114411 0.9 1.4399 
2.35729 0.196698 33.0854 2.3628 0.112665 0.925 1.4399 
2.36262 0.199227 31.5361 2.36841 0.110853 0.95 1.4399 
2.36815 0.201849 29.9868 2.37424 0.108976 0.975 1.4399 
2.37388 0.204564 28.4376 2.38028 0.107032 1 1.4399 
2.35737 0.182838 34.6843 2.36203 0.107099 0.9 1.44808 
2.36256 0.185125 33.135 2.36746 0.105465 0.925 1.44808 
2.36795 0.187499 31.5857 2.3731 0.103769 0.95 1.44808 
2.37355 0.18996 30.0365 2.37896 0.102011 0.975 1.44808 
2.37936 0.192509 28.4872 2.38503 0.100192 1 1.44808 
2.36226 0.171276 34.7339 2.36635 0.0998197 0.9 1.45626 
2.3675 0.173413 33.1846 2.37181 0.0982956 0.925 1.45626 
2.37296 0.175633 31.6354 2.37748 0.096714 0.95 1.45626 
2.37862 0.177934 30.0861 2.38337 0.0950748 0.975 1.45626 
2.38449 0.180317 28.5368 2.38947 0.0933779 1 1.45626 
2.36682 0.159582 34.7835 2.37038 0.0925716 0.9 1.46444 
2.37211 0.16157 33.2343 2.37586 0.0911566 0.925 1.46444 
2.37762 0.163635 31.685 2.38156 0.089688 0.95 1.46444 
2.38334 0.165777 30.1357 2.38747 0.088166 0.975 1.46444 
2.38927 0.167994 28.5864 2.3936 0.0865904 1 1.46444 
2.37105 0.147763 34.8332 2.37411 0.0853554 0.9 1.47262 
2.37639 0.149603 33.2839 2.37961 0.084048 0.925 1.47262 
2.38195 0.151514 31.7346 2.38533 0.0826912 0.95 1.47262 
2.38772 0.153496 30.1853 2.39127 0.081285 0.975 1.47262 
2.39371 0.155548 28.6361 2.39743 0.0798294 1 1.47262 

ZONE I=5, J=5
2.37105 0.147763 34.8689 2.37411 0.0853554 0.9 1.47262 
2.37639 0.149603 33.3032 2.37961 0.084048 0.925 1.47262 
2.38195 0.151514 31.7376 2.38533 0.0826912 0.95 1.47262 
2.38772 0.153496 30.1719 2.39127 0.081285 0.975 1.47262 
2.39371 0.155548 28.6062 2.39743 0.0798294 1 1.47262 
2.37494 0.135842 34.9047 2.37754 0.0781585 0.9 1.4808 
2.38034 0.13753 33.339 2.38306 0.0769618 0.925 1.4808 
2.38594 0.139283 31.7734 2.38881 0.0757198 0.95 1.4808 
2.39177 0.141101 30.2077 2.39477 0.0744325 0.975 1.4808 
2.3978 0.142984 28.642 2.40095 0.0731 1 1.4808 
2.37851 0.123817 34.9405 2.38067 0.0709816 0.9 1.48898 
2.38395 0.125353 33.3749 2.38622 0.0698945 0.925 1.48898 
2.3896 0.126948 31.8092 2.39198 0.0687664 0.95 1.48898 
2.39546 0.128602 30.2435 2.39796 0.0675971 0.975 1.48898 
2.40154 0.130316 28.6779 2.40416 0.0663866 1 1.48898 
2.38174 0.111694 34.9764 2.38351 0.0638245 0.9 1.49716 
2.38722 0.113078 33.4107 2.38907 0.0628462 0.925 1.49716 
2.39291 0.114516 31.845 2.39485 0.0618309 0.95 1.49716 
2.39881 0.116007 30.2793 2.40085 0.0607786 0.975 1.49716 
2.40494 0.117551 28.7137 2.40707 0.0596893 1 1.49716 
2.38464 0.0994804 35.0122 2.38604 0.0566873 0.9 1.50535 
2.39015 0.100714 33.4465 2.39162 0.0558169 0.925 1.50535 
2.39587 0.101994 31.8808 2.39741 0.0549135 0.95 1.50535 
2.40182 0.103322 30.3152 2.40343 0.0539772 0.975 1.50535 
2.40797 0.104697 28.7495 2.40967 0.053008 1 1.50535 

ZONE I=5, J=5
2.38464 0.0994804 35.0363 2.38604 0.0566873 0.9 1.50535 
2.39015 0.100714 33.4596 2.39162 0.0558169 0.925 1.50535 
2.39587 0.101994 31.8828 2.39741 0.0549135 0.95 1.50535 
2.40182 0.103322 30.3061 2.40343 0.0539772 0.975 1.50535 
2.40797 0.104697 28.7294 2.40967 0.053008 1 1.50535 
2.3872 0.0872072 35.0579 2.38828 0.0495672 0.9 1.51353 
2.39274 0.0882865 33.4812 2.39387 0.0488066 0.925 1.51353 
2.39849 0.0894072 31.9045 2.39968 0.0480171 0.95 1.51353 
2.40447 0.0905693 30.3278 2.40571 0.0471988 0.975 1.51353 
2.41066 0.0917729 28.7511 2.41196 0.0463518 1 1.51353 
2.38942 0.0748708 35.0796 2.39022 0.0424601 0.9 1.52171 
2.39498 0.0757963 33.5028 2.39582 0.0418087 0.925 1.52171 
2.40076 0.0767573 31.9261 2.40164 0.0411325 0.95 1.52171 
2.40677 0.0777539 30.3494 2.40768 0.0404316 0.975 1.52171 
2.41299 0.078786 28.7727 2.41395 0.0397061 1 1.52171 
2.3913 0.0624783 35.1012 2.39186 0.035366 0.9 1.52989 
2.39688 0.0632502 33.5245 2.39747 0.0348231 0.925 1.52989 
2.40269 0.0640517 31.9478 2.4033 0.0342596 0.95 1.52989 
2.40871 0.0648829 30.3711 2.40935 0.0336756 0.975 1.52989 
2.41496 0.0657436 28.7944 2.41563 0.033071 1 1.52989 
2.39284 0.0500369 35.1228 2.3932 0.0282849 0.9 1.53807 
2.39844 0.0506554 33.5461 2.39882 0.0278499 0.925 1.53807 
2.40426 0.0512976 31.9694 2.40466 0.0273986 0.95 1.53807 
2.41031 0.0519636 30.3927 2.41072 0.0269307 0.975 1.53807 
2.41657 0.0526533 28.816 2.417 0.0264464 1 1.53807 

ZONE I=5, J=5
2.39284 0.0500369 35.135 2.3932 0.0282849 0.9 1.53807 
2.39844 0.0506554 33.5527 2.39882 0.0278499 0.925 1.53807 
2.40426 0.0512976 31.9704 2.40466 0.0273986 0.95 1.53807 
2.41031 0.0519636 30.3882 2.41072 0.0269307 0.975 1.53807 
2.41657 0.0526533 28.8059 2.417 0.0264464 1 1.53807 
2.39404 0.0375628 35.1422 2.39424 0.0212105 0.9 1.54625 
2.39965 0.0380267 33.5599 2.39986 0.0208845 0.925 1.54625 
2.40549 0.0385084 31.9777 2.40571 0.0205462 0.95 1.54625 
2.41155 0.0390079 30.3954 2.41178 0.0201956 0.975 1.54625 
2.41783 0.0395252 28.8131 2.41807 0.0198326 1 1.54625 
2.3949 0.0250591 35.1494 2.39499 0.0141382 0.9 1.55443 
2.40052 0.0253683 33.5672 2.40061 0.0139211 0.925 1.55443 
2.40637 0.0256894 31.9849 2.40647 0.0136957 0.95 1.55443 
2.41244 0.0260223 30.4026 2.41254 0.0134621 0.975 1.55443 
2.41873 0.0263672 28.8204 2.41884 0.0132203 1 1.55443 
2.39541 0.0125328 35.1567 2.39543 0.00706803 0.9 1.56261 
2.40104 0.0126874 33.5744 2.40106 0.00695955 0.925 1.56261 
2.40689 0.0128478 31.9921 2.40692 0.00684696 0.95 1.56261 
2.41297 0.0130143 30.4099 2.413 0.00673025 0.975 1.56261 
2.41927 0.0131866 28.8276 2.4193 0.00660943 1 1.56261 
2.39558 -8.79947e-06 35.1639 2.39558 0 0.9 1.5708 
2.40121 -8.82015e-06 33.5816 2.40121 0 0.925 1.5708 
2.40707 -8.84166e-06 31.9993 2.40707 0 0.95 1.5708 
2.41315 -8.86398e-06 30.4171 2.41315 0 0.975 1.5708 
2.41945 -8.88713e-06 28.8348 2.41945 0 1 1.5708 

