ZONE I=5, J=5
0 0.443801 21.4711 0.443801 0 0.9 0 
0 0.450985 19.5272 0.450985 0 0.925 0 
0 0.45858 17.5832 0.45858 0 0.95 0 
0 0.466584 15.6392 0.466584 0 0.975 0 
0 0.475 13.6953 0.475 0 1 0 
0.0139236 0.443802 21.4727 0.443901 0.0102923 0.9 0.00818126 
0.0139232 0.450986 19.5287 0.451084 0.0102332 0.925 0.00818126 
0.0139229 0.45858 17.5848 0.458678 0.0101708 0.95 0.00818126 
0.0139228 0.466585 15.6408 0.466683 0.0101051 0.975 0.00818126 
0.0139227 0.475 13.6968 0.475098 0.0100361 1 0.00818126 
0.0278442 0.443803 21.4743 0.444199 0.0205791 0.9 0.0163625 
0.0278435 0.450986 19.5303 0.451381 0.0204608 0.925 0.0163625 
0.0278429 0.45858 17.5863 0.458975 0.020336 0.95 0.0163625 
0.0278425 0.466585 15.6424 0.466978 0.0202046 0.975 0.0163625 
0.0278422 0.475 13.6984 0.475392 0.0200667 1 0.0163625 
0.0417646 0.443804 21.4758 0.444695 0.0308605 0.9 0.0245437 
0.0417634 0.450987 19.5319 0.451876 0.030683 0.925 0.0245437 
0.0417624 0.458581 17.5879 0.459468 0.0304957 0.95 0.0245437 
0.0417617 0.466585 15.6439 0.46747 0.0302985 0.975 0.0245437 
0.0417612 0.475 13.7 0.475882 0.0300915 1 0.0245437 
0.0556871 0.443806 21.4774 0.44539 0.0411364 0.9 0.0327249 
0.0556854 0.450989 19.5334 0.452569 0.0408997 0.925 0.0327249 
0.055684 0.458582 17.5894 0.460159 0.0406498 0.95 0.0327249 
0.0556829 0.466586 15.6455 0.468158 0.0403869 0.975 0.0327249 
0.0556821 0.475 13.7015 0.476568 0.0401108 1 0.0327249 

ZONE I=5, J=5
0.0556871 0.443806 21.4799 0.44539 0.0411364 0.9 0.0327249 
0.0556854 0.450989 19.5349 0.452569 0.0408997 0.925 0.0327249 
0.055684 0.458582 17.5899 0.460159 0.0406498 0.95 0.0327249 
0.0556829 0.466586 15.645 0.468158 0.0403869 0.975 0.0327249 
0.0556821 0.475 13.7 0.476568 0.0401108 1 0.0327249 
0.0696098 0.443809 21.4836 0.446284 0.0514021 0.9 0.0409062 
0.0696078 0.450991 19.5386 0.45346 0.0511064 0.925 0.0409062 
0.0696062 0.458584 17.5937 0.461046 0.0507943 0.95 0.0409062 
0.0696051 0.466587 15.6487 0.469043 0.0504659 0.975 0.0409062 
0.0696044 0.475 13.7037 0.477449 0.0501211 1 0.0409062 
0.0835297 0.443812 21.4873 0.447376 0.0616523 0.9 0.0490874 
0.0835273 0.450993 19.5424 0.454549 0.0612975 0.925 0.0490874 
0.0835255 0.458585 17.5974 0.462131 0.0609232 0.95 0.0490874 
0.0835242 0.466587 15.6524 0.470124 0.0605292 0.975 0.0490874 
0.0835233 0.475 13.7075 0.478526 0.0601156 1 0.0490874 
0.0974494 0.443815 21.4911 0.448665 0.0718869 0.9 0.0572686 
0.0974466 0.450996 19.5461 0.455834 0.071473 0.925 0.0572686 
0.0974443 0.458587 17.6011 0.463413 0.0710363 0.95 0.0572686 
0.0974426 0.466588 15.6561 0.471401 0.0705766 0.975 0.0572686 
0.0974415 0.475 13.7112 0.479799 0.070094 1 0.0572686 
0.111372 0.443819 21.4948 0.450153 0.0821059 0.9 0.0654498 
0.111368 0.450999 19.5498 0.457317 0.0816329 0.925 0.0654498 
0.111365 0.458589 17.6048 0.464891 0.0811337 0.95 0.0654498 
0.111363 0.466589 15.6599 0.472874 0.0806082 0.975 0.0654498 
0.111361 0.475 13.7149 0.481266 0.0800565 1 0.0654498 

ZONE I=5, J=5
0.111372 0.443819 21.4995 0.450153 0.0821059 0.9 0.0654498 
0.111368 0.450999 19.5526 0.457317 0.0816329 0.925 0.0654498 
0.111365 0.458589 17.6057 0.464891 0.0811337 0.95 0.0654498 
0.111363 0.466589 15.6587 0.472874 0.0806082 0.975 0.0654498 
0.111361 0.475 13.7118 0.481266 0.0800565 1 0.0654498 
0.125293 0.443824 21.5059 0.451839 0.0923033 0.9 0.0736311 
0.125289 0.451003 19.559 0.458998 0.0917717 0.925 0.073631 
0.125286 0.458592 17.612 0.466566 0.0912106 0.95 0.0736311 
0.125284 0.466591 15.6651 0.474543 0.0906201 0.975 0.0736311 
0.125283 0.475 13.7182 0.482929 0.0900001 1 0.0736311 
0.139211 0.44383 21.5123 0.453721 0.102475 0.9 0.0818123 
0.139207 0.451007 19.5654 0.460875 0.101885 0.925 0.0818123 
0.139204 0.458595 17.6184 0.468437 0.101262 0.95 0.0818123 
0.139202 0.466592 15.6715 0.476407 0.100606 0.975 0.0818123 
0.1392 0.475 13.7245 0.484787 0.0999173 1 0.0818123 
0.153129 0.443835 21.5187 0.455801 0.112621 0.9 0.0899936 
0.153125 0.451011 19.5717 0.462948 0.111972 0.925 0.0899936 
0.153121 0.458598 17.6248 0.470503 0.111287 0.95 0.0899936 
0.153119 0.466594 15.6779 0.478467 0.110565 0.975 0.0899935 
0.153117 0.475 13.7309 0.486839 0.109808 1 0.0899936 
0.16705 0.443842 21.5251 0.458078 0.122742 0.9 0.0981748 
0.167045 0.451016 19.5781 0.465218 0.122033 0.925 0.0981748 
0.167041 0.458601 17.6312 0.472765 0.121286 0.95 0.0981748 
0.167037 0.466595 15.6842 0.480721 0.120499 0.975 0.0981748 
0.167035 0.475 13.7373 0.489085 0.119672 1 0.0981748 

ZONE I=5, J=5
0.16705 0.443842 21.5318 0.458078 0.122742 0.9 0.0981748 
0.167045 0.451016 19.5819 0.465218 0.122033 0.925 0.0981748 
0.167041 0.458601 17.632 0.472765 0.121286 0.95 0.0981748 
0.167037 0.466595 15.6821 0.480721 0.120499 0.975 0.0981748 
0.167035 0.475 13.7322 0.489085 0.119672 1 0.0981748 
0.180968 0.443849 21.5408 0.460552 0.132829 0.9 0.106356 
0.180963 0.451022 19.5909 0.467683 0.132062 0.925 0.106356 
0.180959 0.458605 17.641 0.475223 0.131253 0.95 0.106356 
0.180956 0.466597 15.6911 0.48317 0.130402 0.975 0.106356 
0.180954 0.475 13.7412 0.491525 0.129508 1 0.106356 
0.194884 0.443856 21.5498 0.463221 0.14288 0.9 0.114537 
0.194879 0.451028 19.5999 0.470344 0.142056 0.925 0.114537 
0.194875 0.458609 17.65 0.477875 0.141185 0.95 0.114537 
0.194871 0.466599 15.7001 0.485813 0.140269 0.975 0.114537 
0.19487 0.475 13.7502 0.494159 0.139307 1 0.114537 
0.208801 0.443864 21.5588 0.466085 0.152897 0.9 0.122718 
0.208795 0.451034 19.6089 0.4732 0.152013 0.925 0.122718 
0.20879 0.458613 17.659 0.480722 0.151081 0.95 0.122718 
0.208786 0.466602 15.7091 0.48865 0.150099 0.975 0.122718 
0.208784 0.475 13.7592 0.496985 0.149069 1 0.122718 
0.22272 0.443873 21.5678 0.469146 0.162877 0.9 0.1309 
0.222713 0.45104 19.6179 0.476251 0.161935 0.925 0.1309 
0.222707 0.458617 17.668 0.483763 0.16094 0.95 0.1309 
0.222703 0.466604 15.7181 0.491681 0.159893 0.975 0.1309 
0.2227 0.475 13.7682 0.500004 0.158794 1 0.1309 

ZONE I=5, J=5
0.22272 0.443873 21.5766 0.469146 0.162877 0.9 0.1309 
0.222713 0.45104 19.6228 0.476251 0.161935 0.925 0.1309 
0.222707 0.458617 17.6689 0.483763 0.16094 0.95 0.1309 
0.222703 0.466604 15.7151 0.491681 0.159893 0.975 0.1309 
0.2227 0.475 13.7613 0.500004 0.158794 1 0.1309 
0.236635 0.443882 21.5883 0.472401 0.172813 0.9 0.139081 
0.236628 0.451047 19.6344 0.479496 0.171813 0.925 0.139081 
0.236623 0.458622 17.6806 0.486997 0.170758 0.95 0.139081 
0.236619 0.466606 15.7267 0.494904 0.169647 0.975 0.139081 
0.236616 0.475 13.7729 0.503216 0.168481 1 0.139081 
0.250548 0.443892 21.5999 0.47585 0.182703 0.9 0.147262 
0.250541 0.451055 19.6461 0.482935 0.181646 0.925 0.147262 
0.250535 0.458627 17.6922 0.490424 0.180529 0.95 0.147262 
0.250531 0.466609 15.7384 0.498319 0.179354 0.975 0.147262 
0.250529 0.475 13.7845 0.506619 0.17812 1 0.147262 
0.264461 0.443902 21.6115 0.479493 0.192548 0.9 0.155443 
0.264453 0.451063 19.6577 0.486566 0.191432 0.925 0.155443 
0.264447 0.458633 17.7038 0.494044 0.190254 0.95 0.155443 
0.264443 0.466612 15.75 0.501926 0.189014 0.975 0.155443 
0.26444 0.475 13.7962 0.510213 0.187713 1 0.155443 
0.278377 0.443913 21.6232 0.48333 0.202347 0.9 0.163625 
0.278369 0.451071 19.6693 0.490391 0.201173 0.925 0.163625 
0.278362 0.458638 17.7155 0.497856 0.199933 0.95 0.163625 
0.278356 0.466615 15.7616 0.505725 0.198628 0.975 0.163625 
0.278352 0.475 13.8078 0.513998 0.197258 1 0.163625 

ZONE I=5, J=5
0.278377 0.443913 21.6341 0.48333 0.202347 0.9 0.163625 
0.278369 0.451071 19.6753 0.490391 0.201173 0.925 0.163625 
0.278362 0.458638 17.7165 0.497856 0.199933 0.95 0.163625 
0.278356 0.466615 15.7577 0.505725 0.198628 0.975 0.163625 
0.278352 0.475 13.7989 0.513998 0.197258 1 0.163625 
0.292288 0.443924 21.6483 0.487359 0.212091 0.9 0.171806 
0.29228 0.45108 19.6896 0.494408 0.210859 0.925 0.171806 
0.292273 0.458644 17.7308 0.50186 0.20956 0.95 0.171806 
0.292268 0.466618 15.772 0.509715 0.208192 0.975 0.171806 
0.292265 0.475 13.8132 0.517973 0.206755 1 0.171806 
0.306197 0.443936 21.6626 0.491579 0.221779 0.9 0.179987 
0.306189 0.451089 19.7038 0.498615 0.22049 0.925 0.179987 
0.306182 0.458651 17.745 0.506053 0.21913 0.95 0.179987 
0.306177 0.466621 15.7863 0.513894 0.217698 0.975 0.179987 
0.306174 0.475 13.8275 0.522137 0.216195 1 0.179987 
0.320107 0.443948 21.6769 0.495991 0.231411 0.9 0.188168 
0.320098 0.451098 19.7181 0.503013 0.230065 0.925 0.188168 
0.32009 0.458657 17.7593 0.510437 0.228644 0.95 0.188168 
0.320085 0.466624 15.8005 0.518263 0.227148 0.975 0.188168 
0.320081 0.475 13.8418 0.52649 0.225578 1 0.188168 
0.334019 0.443961 21.6911 0.500595 0.240988 0.9 0.19635 
0.334009 0.451108 19.7324 0.507602 0.239584 0.925 0.19635 
0.334 0.458664 17.7736 0.515011 0.238102 0.95 0.19635 
0.333994 0.466628 15.8148 0.522821 0.236541 0.975 0.19635 
0.333989 0.475 13.856 0.531031 0.234903 1 0.19635 

ZONE I=5, J=5
0.334019 0.443961 21.7042 0.500595 0.240988 0.9 0.19635 
0.334009 0.451108 19.7395 0.507602 0.239584 0.925 0.19635 
0.334 0.458664 17.7747 0.515011 0.238102 0.95 0.19635 
0.333994 0.466628 15.81 0.522821 0.236541 0.975 0.19635 
0.333989 0.475 13.8453 0.531031 0.234903 1 0.19635 
0.347926 0.443975 21.7211 0.505387 0.250499 0.9 0.204531 
0.347916 0.451119 19.7564 0.51238 0.249038 0.925 0.204531 
0.347908 0.458671 17.7917 0.519774 0.247497 0.95 0.204531 
0.347902 0.466632 15.8269 0.527567 0.245874 0.975 0.204531 
0.347898 0.475 13.8622 0.53576 0.244171 1 0.204531 
0.36183 0.443989 21.738 0.510369 0.259944 0.9 0.212712 
0.36182 0.45113 19.7733 0.517346 0.258427 0.925 0.212712 
0.361812 0.458678 17.8086 0.524723 0.256825 0.95 0.212712 
0.361806 0.466635 15.8438 0.5325 0.25514 0.975 0.212712 
0.361803 0.475 13.8791 0.540675 0.253371 1 0.212712 
0.375734 0.444003 21.7549 0.515539 0.269323 0.9 0.220893 
0.375723 0.451141 19.7902 0.5225 0.267749 0.925 0.220893 
0.375715 0.458686 17.8255 0.52986 0.266087 0.95 0.220893 
0.375709 0.466639 15.8608 0.537619 0.264339 0.975 0.220893 
0.375704 0.475 13.896 0.545776 0.262503 1 0.220893 
0.389641 0.444018 21.7718 0.520897 0.278636 0.9 0.229074 
0.389629 0.451152 19.8071 0.527842 0.277005 0.925 0.229074 
0.389619 0.458694 17.8424 0.535185 0.275283 0.95 0.229074 
0.389611 0.466643 15.8777 0.542924 0.27347 0.975 0.229074 
0.389606 0.475 13.913 0.551062 0.271567 1 0.229074 

ZONE I=5, J=5
0.389641 0.444018 21.787 0.520897 0.278636 0.9 0.229074 
0.389629 0.451152 19.8154 0.527842 0.277005 0.925 0.229074 
0.389619 0.458694 17.8437 0.535185 0.275283 0.95 0.229074 
0.389611 0.466643 15.872 0.542924 0.27347 0.975 0.229074 
0.389606 0.475 13.9004 0.551062 0.271567 1 0.229074 
0.403543 0.444034 21.8066 0.526443 0.287875 0.9 0.237256 
0.403532 0.451165 19.8349 0.533371 0.286188 0.925 0.237256 
0.403523 0.458702 17.8633 0.540695 0.284407 0.95 0.237256 
0.403516 0.466648 15.8916 0.548416 0.282533 0.975 0.237256 
0.403512 0.475 13.9199 0.556534 0.280566 1 0.237256 
0.417443 0.44405 21.8262 0.532173 0.297037 0.9 0.245437 
0.417431 0.451177 19.8545 0.539083 0.295294 0.925 0.245437 
0.417422 0.458711 17.8829 0.546389 0.293455 0.95 0.245437 
0.417415 0.466652 15.9112 0.554091 0.291519 0.975 0.245437 
0.417411 0.475 13.9395 0.562188 0.289486 1 0.245437 
0.431341 0.444067 21.8458 0.538089 0.306123 0.9 0.253618 
0.431329 0.45119 19.8741 0.544981 0.304324 0.925 0.253618 
0.431319 0.458719 17.9024 0.552267 0.302426 0.95 0.253618 
0.431312 0.466656 15.9308 0.559948 0.300427 0.975 0.253618 
0.431307 0.475 13.9591 0.568024 0.298329 1 0.253618 
0.445242 0.444084 21.8653 0.54419 0.315134 0.9 0.261799 
0.445229 0.451203 19.8937 0.551062 0.313278 0.925 0.261799 
0.445218 0.458729 17.922 0.558328 0.31132 0.95 0.261799 
0.445209 0.466661 15.9504 0.565988 0.309258 0.975 0.261799 
0.445202 0.475 13.9787 0.574042 0.307094 1 0.261799 

ZONE I=5, J=5
0.445242 0.444084 21.8827 0.54419 0.315134 0.9 0.261799 
0.445229 0.451203 19.9031 0.551062 0.313278 0.925 0.261799 
0.445218 0.458729 17.9235 0.558328 0.31132 0.95 0.261799 
0.445209 0.466661 15.9438 0.565988 0.309258 0.975 0.261799 
0.445202 0.475 13.9642 0.574042 0.307094 1 0.261799 
0.459139 0.444102 21.905 0.550473 0.324059 0.9 0.269981 
0.459126 0.451217 19.9254 0.557327 0.322149 0.925 0.269981 
0.459115 0.458738 17.9457 0.564573 0.320133 0.95 0.269981 
0.459108 0.466666 15.9661 0.572211 0.318011 0.975 0.269981 
0.459103 0.475 13.9865 0.580242 0.315784 1 0.269981 
0.473032 0.44412 21.9273 0.556938 0.332899 0.9 0.278162 
0.473019 0.451231 19.9476 0.563772 0.330934 0.925 0.278162 
0.473008 0.458748 17.968 0.570997 0.32886 0.95 0.278162 
0.473001 0.466671 15.9884 0.578613 0.326677 0.975 0.278162 
0.472996 0.475 14.0087 0.586621 0.324385 1 0.278162 
0.486924 0.444139 21.9495 0.563585 0.341653 0.9 0.286343 
0.48691 0.451245 19.9699 0.570398 0.339632 0.925 0.286343 
0.486899 0.458757 17.9903 0.577601 0.3375 0.95 0.286343 
0.486891 0.466676 16.0106 0.585195 0.335256 0.975 0.286343 
0.486886 0.475 14.031 0.593178 0.3329 1 0.286343 
0.500819 0.444159 21.9718 0.570413 0.350321 0.9 0.294524 
0.500804 0.45126 19.9922 0.577205 0.348246 0.925 0.294524 
0.500791 0.458768 18.0125 0.584385 0.346054 0.95 0.294524 
0.500781 0.466681 16.0329 0.591955 0.343748 0.975 0.294524 
0.500774 0.475 14.0533 0.599914 0.341326 1 0.294524 

ZONE I=5, J=5
0.500819 0.444159 21.9914 0.570413 0.350321 0.9 0.294524 
0.500804 0.45126 20.0027 0.577205 0.348246 0.925 0.294524 
0.500791 0.458768 18.0141 0.584385 0.346054 0.95 0.294524 
0.500781 0.466681 16.0255 0.591955 0.343748 0.975 0.294524 
0.500774 0.475 14.0369 0.599914 0.341326 1 0.294524 
0.514708 0.444179 22.0163 0.57742 0.358894 0.9 0.302706 
0.514693 0.451276 20.0277 0.58419 0.356765 0.925 0.302706 
0.514682 0.458778 18.0391 0.591348 0.354517 0.95 0.302706 
0.514673 0.466687 16.0505 0.598894 0.352152 0.975 0.302706 
0.514668 0.475 14.0619 0.606828 0.349668 1 0.302706 
0.528594 0.444199 22.0413 0.584604 0.367372 0.9 0.310887 
0.528579 0.451291 20.0527 0.591352 0.365189 0.925 0.310887 
0.528568 0.458789 18.0641 0.598486 0.362885 0.95 0.310887 
0.52856 0.466692 16.0755 0.606008 0.360459 0.975 0.310887 
0.528554 0.475 14.0868 0.613916 0.357913 1 0.310887 
0.542479 0.44422 22.0663 0.591965 0.375755 0.9 0.319068 
0.542464 0.451307 20.0777 0.59869 0.373518 0.925 0.319068 
0.542452 0.4588 18.0891 0.605801 0.371156 0.95 0.319068 
0.542443 0.466697 16.1004 0.613297 0.36867 0.975 0.319068 
0.542437 0.475 14.1118 0.621178 0.36606 1 0.319068 
0.556366 0.444241 22.0913 0.599503 0.384044 0.9 0.327249 
0.55635 0.451324 20.1026 0.606205 0.381751 0.925 0.327249 
0.556336 0.458811 18.114 0.61329 0.379331 0.95 0.327249 
0.556325 0.466703 16.1254 0.62076 0.376784 0.975 0.327249 
0.556317 0.475 14.1368 0.628614 0.374109 1 0.327249 

ZONE I=5, J=5
0.556366 0.444241 22.1131 0.599503 0.384044 0.9 0.327249 
0.55635 0.451324 20.1144 0.606205 0.381751 0.925 0.327249 
0.556336 0.458811 18.1158 0.61329 0.379331 0.95 0.327249 
0.556325 0.466703 16.1171 0.62076 0.376784 0.975 0.327249 
0.556317 0.475 14.1185 0.628614 0.374109 1 0.327249 
0.570247 0.444264 22.1408 0.607216 0.392226 0.9 0.335431 
0.570231 0.451341 20.1421 0.613894 0.389881 0.925 0.335431 
0.570219 0.458823 18.1435 0.620954 0.387406 0.95 0.335431 
0.570209 0.466709 16.1448 0.628398 0.384801 0.975 0.335431 
0.570203 0.475 14.1462 0.636225 0.382066 1 0.335431 
0.584125 0.444286 22.1685 0.615101 0.400304 0.9 0.343612 
0.584109 0.451358 20.1699 0.621754 0.397906 0.925 0.343612 
0.584097 0.458835 18.1712 0.628789 0.395376 0.95 0.343612 
0.584088 0.466715 16.1726 0.636206 0.392712 0.975 0.343612 
0.584082 0.475 14.1739 0.644005 0.389916 1 0.343612 
0.598002 0.444309 22.1962 0.623158 0.408278 0.9 0.351793 
0.597986 0.451376 20.1976 0.629787 0.405827 0.925 0.351793 
0.597972 0.458847 18.1989 0.636795 0.40324 0.95 0.351793 
0.597962 0.466721 16.2003 0.644184 0.400517 0.975 0.351793 
0.597956 0.475 14.2016 0.651954 0.397658 1 0.351793 
0.611882 0.444332 22.2239 0.631388 0.416148 0.9 0.359974 
0.611863 0.451394 20.2253 0.637991 0.413643 0.925 0.359974 
0.611848 0.458859 18.2266 0.644972 0.410999 0.95 0.359974 
0.611836 0.466728 16.228 0.652332 0.408216 0.975 0.359974 
0.611827 0.475 14.2293 0.660071 0.405294 1 0.359974 

ZONE I=5, J=5
0.611882 0.444332 22.248 0.631388 0.416148 0.9 0.359974 
0.611863 0.451394 20.2383 0.637991 0.413643 0.925 0.359974 
0.611848 0.458859 18.2286 0.644972 0.410999 0.95 0.359974 
0.611836 0.466728 16.2188 0.652332 0.408216 0.975 0.359974 
0.611827 0.475 14.2091 0.660071 0.405294 1 0.359974 
0.625753 0.444357 22.2785 0.639787 0.423902 0.9 0.368156 
0.625736 0.451413 20.2688 0.646364 0.421346 0.925 0.368156 
0.625722 0.458872 18.259 0.653319 0.418648 0.95 0.368156 
0.625712 0.466735 16.2493 0.660651 0.415809 0.975 0.368156 
0.625705 0.475 14.2396 0.66836 0.412828 1 0.368156 
0.639622 0.444381 22.309 0.648353 0.431542 0.9 0.376337 
0.639605 0.451431 20.2992 0.654904 0.428935 0.925 0.376337 
0.639591 0.458885 18.2895 0.661831 0.426183 0.95 0.376337 
0.639581 0.466741 16.2798 0.669134 0.423287 0.975 0.376337 
0.639575 0.475 14.2701 0.676812 0.420245 1 0.376337 
0.65349 0.444406 22.3394 0.657087 0.43907 0.9 0.384518 
0.653472 0.45145 20.3297 0.663611 0.43641 0.925 0.384518 
0.653458 0.458898 18.32 0.670509 0.433603 0.95 0.384518 
0.653447 0.466747 16.3103 0.677781 0.430649 0.975 0.384518 
0.65344 0.475 14.3005 0.685428 0.427547 1 0.384518 
0.66736 0.444431 22.3699 0.665989 0.446484 0.9 0.392699 
0.66734 0.45147 20.3602 0.672484 0.443772 0.925 0.392699 
0.667324 0.458911 18.3505 0.679352 0.440909 0.95 0.392699 
0.667311 0.466755 16.3407 0.686594 0.437896 0.975 0.392699 
0.667301 0.475 14.331 0.694208 0.434731 1 0.392699 

ZONE I=5, J=5
0.66736 0.444431 22.3963 0.665989 0.446484 0.9 0.392699 
0.66734 0.45147 20.3744 0.672484 0.443772 0.925 0.392699 
0.667324 0.458911 18.3526 0.679352 0.440909 0.95 0.392699 
0.667311 0.466755 16.3307 0.686594 0.437896 0.975 0.392699 
0.667301 0.475 14.3088 0.694208 0.434731 1 0.392699 
0.681222 0.444458 22.4296 0.675053 0.453773 0.9 0.400881 
0.681203 0.451491 20.4077 0.681521 0.451011 0.925 0.400881 
0.681188 0.458925 18.3858 0.68836 0.448096 0.95 0.400881 
0.681177 0.466762 16.364 0.695571 0.445028 0.975 0.400881 
0.68117 0.475 14.3421 0.703154 0.441806 1 0.400881 
0.695081 0.444484 22.4628 0.684279 0.46094 0.9 0.409062 
0.695062 0.451511 20.441 0.690719 0.458128 0.925 0.409062 
0.695047 0.458939 18.4191 0.697528 0.45516 0.95 0.409062 
0.695037 0.466769 16.3972 0.704708 0.452035 0.975 0.409062 
0.69503 0.475 14.3754 0.712257 0.448755 1 0.409062 
0.708939 0.444511 22.4961 0.693668 0.467985 0.9 0.417243 
0.708919 0.451531 20.4742 0.700078 0.465122 0.925 0.417243 
0.708904 0.458953 18.4524 0.706857 0.4621 0.95 0.417243 
0.708892 0.466776 16.4305 0.714003 0.458919 0.975 0.417243 
0.708884 0.475 14.4087 0.721519 0.455579 1 0.417243 
0.722799 0.444538 22.5294 0.703218 0.474907 0.9 0.425424 
0.722778 0.451553 20.5075 0.709598 0.471993 0.925 0.425424 
0.72276 0.458968 18.4857 0.716345 0.468917 0.95 0.425424 
0.722746 0.466783 16.4638 0.723458 0.465678 0.975 0.425424 
0.722735 0.475 14.4419 0.730938 0.462277 1 0.425424 

ZONE I=5, J=5
0.722799 0.444538 22.5581 0.703218 0.474907 0.9 0.425424 
0.722778 0.451553 20.523 0.709598 0.471993 0.925 0.425424 
0.72276 0.458968 18.4879 0.716345 0.468917 0.95 0.425424 
0.722746 0.466783 16.4529 0.723458 0.465678 0.975 0.425424 
0.722735 0.475 14.4178 0.730938 0.462277 1 0.425424 
0.736649 0.444567 22.5942 0.712924 0.481695 0.9 0.433605 
0.736628 0.451574 20.5591 0.719275 0.478732 0.925 0.433605 
0.736612 0.458983 18.524 0.725991 0.475605 0.95 0.433605 
0.7366 0.466791 16.489 0.733072 0.472313 0.975 0.433605 
0.736592 0.475 14.4539 0.740518 0.468857 1 0.433605 
0.750496 0.444595 22.6303 0.722787 0.488352 0.9 0.441786 
0.750476 0.451596 20.5952 0.729108 0.48534 0.925 0.441786 
0.75046 0.458997 18.5602 0.735791 0.482161 0.95 0.441786 
0.750448 0.466799 16.5251 0.742839 0.478815 0.975 0.441786 
0.750441 0.475 14.49 0.75025 0.475302 1 0.441786 
0.764343 0.444624 22.6664 0.732807 0.494878 0.9 0.449967 
0.764322 0.451618 20.6313 0.739096 0.491817 0.925 0.449967 
0.764305 0.459012 18.5963 0.745747 0.488586 0.95 0.449967 
0.764293 0.466806 16.5612 0.752759 0.485185 0.975 0.449967 
0.764284 0.475 14.5261 0.760134 0.481614 1 0.449967 
0.778193 0.444653 22.7025 0.742983 0.501275 0.9 0.458149 
0.77817 0.451641 20.6675 0.74924 0.498164 0.925 0.458149 
0.778151 0.459028 18.6324 0.755857 0.494879 0.95 0.458149 
0.778136 0.466814 16.5973 0.762834 0.491422 0.975 0.458149 
0.778124 0.475 14.5622 0.77017 0.487791 1 0.458149 

ZONE I=5, J=5
0.778193 0.444653 22.7336 0.742983 0.501275 0.9 0.458149 
0.77817 0.451641 20.6842 0.74924 0.498164 0.925 0.458149 
0.778151 0.459028 18.6348 0.755857 0.494879 0.95 0.458149 
0.778136 0.466814 16.5855 0.762834 0.491422 0.975 0.458149 
0.778124 0.475 14.5361 0.77017 0.487791 1 0.458149 
0.792031 0.444684 22.7726 0.753308 0.507526 0.9 0.46633 
0.792009 0.451664 20.7232 0.759534 0.504368 0.925 0.46633 
0.791992 0.459044 18.6738 0.766118 0.501035 0.95 0.46633 
0.791979 0.466823 16.6244 0.77306 0.497526 0.975 0.46633 
0.79197 0.475 14.5751 0.78036 0.493842 1 0.46633 
0.805866 0.444714 22.8116 0.763783 0.513639 0.9 0.474511 
0.805844 0.451688 20.7622 0.769976 0.510434 0.925 0.474511 
0.805827 0.45906 18.7128 0.776527 0.50705 0.95 0.474511 
0.805815 0.466831 16.6634 0.783433 0.503489 0.975 0.474511 
0.805807 0.475 14.614 0.790696 0.499749 1 0.474511 
0.819701 0.444744 22.8506 0.774408 0.519614 0.9 0.482692 
0.819678 0.451711 20.8012 0.780569 0.51636 0.925 0.482692 
0.81966 0.459076 18.7518 0.787084 0.512926 0.95 0.482692 
0.819647 0.466839 16.7024 0.793954 0.50931 0.975 0.482692 
0.819638 0.475 14.653 0.801178 0.505514 1 0.482692 
0.833538 0.444776 22.8896 0.785185 0.525449 0.9 0.490874 
0.833514 0.451735 20.8402 0.791311 0.522147 0.925 0.490874 
0.833494 0.459093 18.7908 0.79779 0.518661 0.95 0.490874 
0.833477 0.466847 16.7414 0.804621 0.514991 0.975 0.490874 
0.833465 0.475 14.692 0.811805 0.511137 1 0.490874 

ZONE I=5, J=5
0.833538 0.444776 22.923 0.785185 0.525449 0.9 0.490874 
0.833514 0.451735 20.8582 0.791311 0.522147 0.925 0.490874 
0.833494 0.459093 18.7934 0.79779 0.518661 0.95 0.490874 
0.833477 0.466847 16.7286 0.804621 0.514991 0.975 0.490874 
0.833465 0.475 14.6638 0.811805 0.511137 1 0.490874 
0.847363 0.444808 22.9649 0.796101 0.531131 0.9 0.499055 
0.84734 0.45176 20.9001 0.802195 0.527783 0.925 0.499055 
0.847321 0.45911 18.8353 0.808639 0.52425 0.95 0.499055 
0.847307 0.466856 16.7705 0.815434 0.52053 0.975 0.499055 
0.847298 0.475 14.7057 0.822581 0.516625 1 0.499055 
0.861184 0.44484 23.0068 0.807162 0.536666 0.9 0.507236 
0.861162 0.451785 20.942 0.813221 0.533273 0.925 0.507236 
0.861144 0.459126 18.8772 0.81963 0.529691 0.95 0.507236 
0.86113 0.466865 16.8124 0.826387 0.52592 0.975 0.507236 
0.861122 0.475 14.7476 0.833494 0.521961 1 0.507236 
0.875006 0.444872 23.0487 0.818367 0.542055 0.9 0.515417 
0.874982 0.45181 20.9839 0.824391 0.538615 0.925 0.515417 
0.874963 0.459143 18.9192 0.830762 0.534983 0.95 0.515417 
0.874949 0.466873 16.8544 0.837481 0.531161 0.975 0.515417 
0.874939 0.475 14.7896 0.844547 0.527147 1 0.515417 
0.88883 0.444906 23.0907 0.829715 0.547296 0.9 0.523599 
0.888804 0.451835 21.0259 0.835703 0.543809 0.925 0.523599 
0.888783 0.459161 18.9611 0.842037 0.540128 0.95 0.523599 
0.888765 0.466882 16.8963 0.848715 0.536252 0.975 0.523599 
0.888753 0.475 14.8315 0.855738 0.532182 1 0.523599 

ZONE I=5, J=5
0.88883 0.444906 23.1266 0.829715 0.547296 0.9 0.523599 
0.888804 0.451835 21.0452 0.835703 0.543809 0.925 0.523599 
0.888783 0.459161 18.9639 0.842037 0.540128 0.95 0.523599 
0.888765 0.466882 16.8825 0.848715 0.536252 0.975 0.523599 
0.888753 0.475 14.8012 0.855738 0.532182 1 0.523599 
0.90264 0.44494 23.1714 0.841196 0.552376 0.9 0.53178 
0.902616 0.451862 21.0901 0.84715 0.548845 0.925 0.53178 
0.902596 0.459179 19.0088 0.853447 0.545118 0.95 0.53178 
0.902582 0.466892 16.9274 0.860087 0.541194 0.975 0.53178 
0.902572 0.475 14.8461 0.867071 0.537074 1 0.53178 
0.916447 0.444974 23.2163 0.852815 0.557301 0.9 0.539961 
0.916423 0.451888 21.135 0.858733 0.553726 0.925 0.539961 
0.916404 0.459197 19.0536 0.864992 0.549952 0.95 0.539961 
0.91639 0.466901 16.9723 0.871593 0.545979 0.975 0.539961 
0.916381 0.475 14.891 0.878535 0.541808 1 0.539961 
0.930254 0.445008 23.2612 0.86457 0.562072 0.9 0.548142 
0.930229 0.451914 21.1798 0.870451 0.558452 0.925 0.548142 
0.930209 0.459215 19.0985 0.876671 0.55463 0.95 0.548142 
0.930194 0.46691 17.0172 0.883231 0.550607 0.975 0.548142 
0.930184 0.475 14.9358 0.890131 0.546383 1 0.548142 
0.944064 0.445043 23.3061 0.876461 0.566688 0.9 0.556324 
0.944036 0.451941 21.2247 0.882305 0.563022 0.925 0.556324 
0.944014 0.459233 19.1434 0.888485 0.559152 0.95 0.556324 
0.943995 0.46692 17.062 0.895003 0.555078 0.975 0.556324 
0.943982 0.475 14.9807 0.901858 0.550799 1 0.556324 

ZONE I=5, J=5
0.944064 0.445043 23.3445 0.876461 0.566688 0.9 0.556324 
0.944036 0.451941 21.2454 0.882305 0.563022 0.925 0.556324 
0.944014 0.459233 19.1464 0.888485 0.559152 0.95 0.556324 
0.943995 0.46692 17.0474 0.895003 0.555078 0.975 0.556324 
0.943982 0.475 14.9484 0.901858 0.550799 1 0.556324 
0.957858 0.445079 23.3923 0.888478 0.571134 0.9 0.564505 
0.957832 0.451969 21.2933 0.894285 0.567426 0.925 0.564505 
0.957812 0.459252 19.1943 0.900428 0.563512 0.95 0.564505 
0.957796 0.46693 17.0953 0.906906 0.559392 0.975 0.564505 
0.957786 0.475 14.9962 0.913719 0.555065 1 0.564505 
0.97165 0.445115 23.4402 0.900624 0.575418 0.9 0.572686 
0.971624 0.451996 21.3412 0.906394 0.571667 0.925 0.572686 
0.971604 0.459271 19.2422 0.912498 0.567708 0.95 0.572686 
0.971589 0.466939 17.1432 0.918934 0.563541 0.975 0.572686 
0.97158 0.475 15.0441 0.925704 0.559165 1 0.572686 
0.985441 0.445151 23.4881 0.9129 0.57954 0.9 0.580867 
0.985414 0.452024 21.3891 0.918631 0.575746 0.925 0.580867 
0.985393 0.45929 19.2901 0.924694 0.571741 0.95 0.580867 
0.985377 0.466948 17.1911 0.931088 0.567525 0.975 0.580867 
0.985367 0.475 15.092 0.937813 0.563098 1 0.580867 
0.999234 0.445188 23.536 0.925305 0.583499 0.9 0.589049 
0.999205 0.452052 21.437 0.930997 0.579662 0.925 0.589049 
0.999181 0.459309 19.338 0.937017 0.57561 0.95 0.589049 
0.999162 0.466958 17.239 0.943367 0.571344 0.975 0.589049 
0.999148 0.475 15.1399 0.950045 0.566865 1 0.589049 

ZONE I=5, J=5
0.999234 0.445188 23.5769 0.925305 0.583499 0.9 0.589049 
0.999205 0.452052 21.4591 0.930997 0.579662 0.925 0.589049 
0.999181 0.459309 19.3412 0.937017 0.57561 0.95 0.589049 
0.999162 0.466958 17.2233 0.943367 0.571344 0.975 0.589049 
0.999148 0.475 15.1054 0.950045 0.566865 1 0.589049 
1.01301 0.445225 23.6279 0.937826 0.587282 0.9 0.59723 
1.01298 0.452081 21.51 0.94348 0.583404 0.925 0.59723 
1.01296 0.459329 19.3922 0.949462 0.57931 0.95 0.59723 
1.01295 0.466969 17.2743 0.95577 0.575 0.975 0.59723 
1.01294 0.475 15.1564 0.962405 0.570475 1 0.59723 
1.02679 0.445262 23.6789 0.950469 0.590895 0.9 0.605411 
1.02676 0.45211 21.561 0.956084 0.586976 0.925 0.605411 
1.02674 0.459349 19.4431 0.962025 0.582839 0.95 0.605411 
1.02672 0.466979 17.3252 0.96829 0.578484 0.975 0.605411 
1.02671 0.475 15.2074 0.97488 0.573911 1 0.605411 
1.04056 0.4453 23.7298 0.963234 0.594338 0.9 0.613592 
1.04053 0.452139 21.612 0.968809 0.590378 0.925 0.613592 
1.04051 0.459368 19.4941 0.974707 0.586197 0.95 0.613592 
1.04049 0.466989 17.3762 0.980927 0.581796 0.975 0.613592 
1.04048 0.475 15.2583 0.987471 0.577174 1 0.613592 
1.05434 0.445339 23.7808 0.97612 0.597613 0.9 0.621774 
1.05431 0.452169 21.6629 0.981654 0.59361 0.925 0.621774 
1.05428 0.459389 19.5451 0.987508 0.589384 0.95 0.621774 
1.05426 0.466999 17.4272 0.993682 0.584935 0.975 0.621774 
1.05425 0.475 15.3093 1.00018 0.580262 1 0.621774 

ZONE I=5, J=5
1.05434 0.445339 23.8243 0.97612 0.597613 0.9 0.621774 
1.05431 0.452169 21.6864 0.981654 0.59361 0.925 0.621774 
1.05428 0.459389 19.5485 0.987508 0.589384 0.95 0.621774 
1.05426 0.466999 17.4105 0.993682 0.584935 0.975 0.621774 
1.05425 0.475 15.2726 1.00018 0.580262 1 0.621774 
1.0681 0.445378 23.8784 0.989113 0.600703 0.9 0.629955 
1.06807 0.452199 21.7405 0.994608 0.596661 0.925 0.629955 
1.06804 0.45941 19.6026 1.00042 0.592395 0.95 0.629955 
1.06803 0.46701 17.4646 1.00655 0.587904 0.975 0.629955 
1.06802 0.475 15.3267 1.013 0.583188 1 0.629955 
1.08185 0.445417 23.9325 1.00222 0.603616 0.9 0.638136 
1.08182 0.452229 21.7946 1.00768 0.599536 0.925 0.638136 
1.0818 0.45943 19.6567 1.01345 0.595229 0.95 0.638136 
1.08178 0.467021 17.5187 1.01953 0.590694 0.975 0.638136 
1.08177 0.475 15.3808 1.02594 0.585932 1 0.638136 
1.09561 0.445457 23.9866 1.01544 0.606354 0.9 0.646317 
1.09558 0.452259 21.8487 1.02085 0.602234 0.925 0.646317 
1.09555 0.459451 19.7107 1.02658 0.597884 0.95 0.646317 
1.09554 0.467031 17.5728 1.03262 0.593305 0.975 0.646317 
1.09552 0.475 15.4349 1.03898 0.588496 1 0.646317 
1.10936 0.445497 24.0407 1.02877 0.608915 0.9 0.654498 
1.10933 0.45229 21.9028 1.03414 0.604754 0.925 0.654498 
1.1093 0.459472 19.7648 1.03982 0.600362 0.95 0.654498 
1.10928 0.467042 17.6269 1.04582 0.595737 0.975 0.654498 
1.10927 0.475 15.489 1.05212 0.590879 1 0.654498 

ZONE I=5, J=5
1.10936 0.445497 24.0868 1.02877 0.608915 0.9 0.654498 
1.10933 0.45229 21.9276 1.03414 0.604754 0.925 0.654498 
1.1093 0.459472 19.7685 1.03982 0.600362 0.95 0.654498 
1.10928 0.467042 17.6093 1.04582 0.595737 0.975 0.654498 
1.10927 0.475 15.4501 1.05212 0.590879 1 0.654498 
1.1231 0.445538 24.1441 1.04221 0.611285 0.9 0.66268 
1.12307 0.452322 21.9849 1.04754 0.607088 0.925 0.66268 
1.12305 0.459494 19.8257 1.05318 0.602657 0.95 0.66268 
1.12303 0.467053 17.6666 1.05912 0.597992 0.975 0.66268 
1.12302 0.475 15.5074 1.06538 0.593093 1 0.66268 
1.13684 0.445578 24.2014 1.05574 0.613472 0.9 0.670861 
1.13681 0.452353 22.0422 1.06103 0.609238 0.925 0.670861 
1.13679 0.459515 19.883 1.06663 0.604768 0.95 0.670861 
1.13677 0.467064 17.7239 1.07253 0.600062 0.975 0.670861 
1.13676 0.475 15.5647 1.07874 0.59512 1 0.670861 
1.15057 0.445619 24.2587 1.06939 0.615477 0.9 0.679042 
1.15054 0.452385 22.0995 1.07463 0.611205 0.925 0.679042 
1.15052 0.459536 19.9403 1.08018 0.606694 0.95 0.679042 
1.1505 0.467075 17.7811 1.08604 0.601946 0.975 0.679042 
1.15049 0.475 15.622 1.09219 0.596959 1 0.679042 
1.16431 0.445661 24.316 1.08313 0.617299 0.9 0.687223 
1.16428 0.452417 22.1568 1.08833 0.612988 0.925 0.687223 
1.16425 0.459559 19.9976 1.09384 0.608436 0.95 0.687223 
1.16423 0.467086 17.8384 1.09964 0.603644 0.975 0.687223 
1.16421 0.475 15.6793 1.10575 0.59861 1 0.687223 

ZONE I=5, J=5
1.16431 0.445661 24.3648 1.08313 0.617299 0.9 0.687223 
1.16428 0.452417 22.1831 1.08833 0.612988 0.925 0.687223 
1.16425 0.459559 20.0014 1.09384 0.608436 0.95 0.687223 
1.16423 0.467086 17.8198 1.09964 0.603644 0.975 0.687223 
1.16421 0.475 15.6381 1.10575 0.59861 1 0.687223 
1.17803 0.445704 24.4253 1.09697 0.618923 0.9 0.695405 
1.178 0.45245 22.2437 1.10213 0.614578 0.925 0.695405 
1.17797 0.459581 20.062 1.10759 0.60999 0.95 0.695405 
1.17795 0.467098 17.8803 1.11335 0.605159 0.975 0.695405 
1.17794 0.475 15.6987 1.11941 0.600087 1 0.695405 
1.19174 0.445746 24.4859 1.1109 0.620359 0.9 0.703586 
1.19171 0.452482 22.3042 1.11602 0.615978 0.925 0.703586 
1.19169 0.459603 20.1225 1.12143 0.611352 0.95 0.703586 
1.19167 0.467109 17.9409 1.12714 0.606483 0.975 0.703586 
1.19166 0.475 15.7592 1.13315 0.60137 1 0.703586 
1.20546 0.445789 24.5464 1.12493 0.621605 0.9 0.711767 
1.20543 0.452515 22.3647 1.13 0.617188 0.925 0.711767 
1.2054 0.459625 20.1831 1.13537 0.612525 0.95 0.711767 
1.20538 0.46712 18.0014 1.14103 0.607615 0.975 0.711767 
1.20537 0.475 15.8197 1.14699 0.602459 1 0.711767 
1.21917 0.445832 24.6069 1.13905 0.622664 0.9 0.719948 
1.21914 0.452548 22.4253 1.14408 0.61821 0.925 0.719948 
1.21911 0.459648 20.2436 1.1494 0.613507 0.95 0.719948 
1.21909 0.467132 18.062 1.15501 0.608555 0.975 0.719948 
1.21907 0.475 15.8803 1.16091 0.603355 1 0.719948 

ZONE I=5, J=5
1.21917 0.445832 24.6585 1.13905 0.622664 0.9 0.719948 
1.21914 0.452548 22.4531 1.14408 0.61821 0.925 0.719948 
1.21911 0.459648 20.2477 1.1494 0.613507 0.95 0.719948 
1.21909 0.467132 18.0423 1.15501 0.608555 0.975 0.719948 
1.21907 0.475 15.8368 1.16091 0.603355 1 0.719948 
1.23287 0.445876 24.7224 1.15325 0.623518 0.9 0.72813 
1.23284 0.452582 22.517 1.15824 0.619031 0.925 0.72813 
1.23281 0.459672 20.3115 1.16351 0.614294 0.95 0.72813 
1.23279 0.467145 18.1061 1.16908 0.609307 0.975 0.72813 
1.23278 0.475 15.9007 1.17493 0.604069 1 0.72813 
1.24656 0.44592 24.7862 1.16754 0.624178 0.9 0.736311 
1.24653 0.452616 22.5808 1.17248 0.619658 0.925 0.736311 
1.2465 0.459695 20.3754 1.17771 0.614886 0.95 0.736311 
1.24648 0.467156 18.17 1.18323 0.609861 0.975 0.736311 
1.24647 0.475 15.9646 1.18903 0.604585 1 0.736311 
1.26025 0.445964 24.8501 1.18192 0.624643 0.9 0.744492 
1.26022 0.45265 22.6447 1.18681 0.620089 0.925 0.744492 
1.26019 0.459718 20.4393 1.19199 0.615281 0.95 0.744492 
1.26017 0.467168 18.2339 1.19746 0.610218 0.975 0.744492 
1.26016 0.475 16.0285 1.20321 0.604901 1 0.744492 
1.27394 0.446009 24.914 1.19638 0.624914 0.9 0.752673 
1.2739 0.452684 22.7086 1.20123 0.620325 0.925 0.752673 
1.27387 0.459741 20.5032 1.20636 0.61548 0.95 0.752673 
1.27385 0.46718 18.2977 1.21177 0.610377 0.975 0.752673 
1.27383 0.475 16.0923 1.21747 0.605019 1 0.752673 

ZONE I=5, J=5
1.27394 0.446009 24.9683 1.19638 0.624914 0.9 0.752673 
1.2739 0.452684 22.7379 1.20123 0.620325 0.925 0.752673 
1.27387 0.459741 20.5074 1.20636 0.61548 0.95 0.752673 
1.27385 0.46718 18.277 1.21177 0.610377 0.975 0.752673 
1.27383 0.475 16.0465 1.21747 0.605019 1 0.752673 
1.28761 0.446054 25.0356 1.21091 0.624976 0.9 0.760855 
1.28758 0.45272 22.8051 1.21572 0.620356 0.925 0.760855 
1.28755 0.459766 20.5747 1.2208 0.615478 0.95 0.760855 
1.28753 0.467193 18.3442 1.22617 0.610343 0.975 0.760855 
1.28752 0.475001 16.1138 1.23181 0.604949 1 0.760855 
1.30128 0.446099 25.1029 1.22552 0.624838 0.9 0.769036 
1.30125 0.452754 22.8724 1.23028 0.620187 0.925 0.769036 
1.30122 0.459789 20.642 1.23532 0.615276 0.95 0.769036 
1.3012 0.467205 18.4115 1.24064 0.610105 0.975 0.769036 
1.30119 0.475 16.1811 1.24623 0.604675 1 0.769036 
1.31494 0.446145 25.1701 1.24021 0.6245 0.9 0.777217 
1.31491 0.452789 22.9397 1.24492 0.619817 0.925 0.777217 
1.31488 0.459813 20.7092 1.24991 0.614872 0.95 0.777217 
1.31486 0.467216 18.4788 1.25517 0.609665 0.975 0.777217 
1.31485 0.475 16.2483 1.26071 0.604197 1 0.777217 
1.32861 0.446191 25.2374 1.25497 0.623963 0.9 0.785398 
1.32857 0.452825 23.007 1.25964 0.619247 0.925 0.785398 
1.32854 0.459838 20.7765 1.26457 0.614267 0.95 0.785398 
1.32852 0.467229 18.5461 1.26978 0.609022 0.975 0.785398 
1.3285 0.475 16.3156 1.27527 0.603514 1 0.785398 

ZONE I=5, J=5
1.32861 0.446191 25.2946 1.25497 0.623963 0.9 0.785398 
1.32857 0.452825 23.0378 1.25964 0.619247 0.925 0.785398 
1.32854 0.459838 20.781 1.26457 0.614267 0.95 0.785398 
1.32852 0.467229 18.5242 1.26978 0.609022 0.975 0.785398 
1.3285 0.475 16.2674 1.27527 0.603514 1 0.785398 
1.34225 0.446238 25.3653 1.2698 0.623211 0.9 0.79358 
1.34222 0.452861 23.1086 1.27442 0.618466 0.925 0.79358 
1.34219 0.459863 20.8518 1.27931 0.613456 0.95 0.79358 
1.34217 0.467242 18.595 1.28447 0.60818 0.975 0.79358 
1.34216 0.475001 16.3382 1.2899 0.60264 1 0.79358 
1.35589 0.446285 25.4361 1.28469 0.622254 0.9 0.801761 
1.35586 0.452897 23.1793 1.28926 0.61748 0.925 0.801761 
1.35584 0.459887 20.9225 1.2941 0.612439 0.95 0.801761 
1.35582 0.467255 18.6657 1.29921 0.607131 0.975 0.801761 
1.3558 0.475 16.4089 1.30459 0.601556 1 0.801761 
1.36953 0.446332 25.5068 1.29964 0.621094 0.9 0.809942 
1.3695 0.452933 23.2501 1.30417 0.616289 0.925 0.809942 
1.36947 0.459911 20.9933 1.30896 0.611216 0.95 0.809942 
1.36945 0.467267 18.7365 1.31402 0.605874 0.975 0.809942 
1.36944 0.474999 16.4797 1.31934 0.600264 1 0.809942 
1.38317 0.446379 25.5776 1.31467 0.619729 0.9 0.818123 
1.38313 0.45297 23.3208 1.31915 0.614893 0.925 0.818123 
1.3831 0.459937 21.064 1.32389 0.609787 0.95 0.818123 
1.38308 0.46728 18.8072 1.32889 0.60441 0.975 0.818123 
1.38306 0.475 16.5505 1.33415 0.598762 1 0.818123 

ZONE I=5, J=5
1.38317 0.446379 25.6376 1.31467 0.619729 0.9 0.818123 
1.38313 0.45297 23.3532 1.31915 0.614893 0.925 0.818123 
1.3831 0.459937 21.0688 1.32389 0.609787 0.95 0.818123 
1.38308 0.46728 18.7843 1.32889 0.60441 0.975 0.818123 
1.38306 0.475 16.4999 1.33415 0.598762 1 0.818123 
1.39679 0.446428 25.7119 1.32974 0.618144 0.9 0.826305 
1.39675 0.453007 23.4275 1.33417 0.613281 0.925 0.826305 
1.39673 0.459962 21.1431 1.33887 0.608147 0.95 0.826305 
1.3967 0.467294 18.8586 1.34382 0.602741 0.975 0.826305 
1.39669 0.475001 16.5742 1.34903 0.597063 1 0.826305 
1.4104 0.446476 25.7863 1.34487 0.61635 0.9 0.834486 
1.41037 0.453044 23.5018 1.34926 0.61146 0.925 0.834486 
1.41034 0.459987 21.2174 1.3539 0.606297 0.95 0.834486 
1.41032 0.467306 18.933 1.3588 0.600861 0.975 0.834486 
1.41031 0.475 16.6485 1.36396 0.595151 1 0.834486 
1.42401 0.446524 25.8606 1.36006 0.614348 0.9 0.842667 
1.42397 0.453081 23.5761 1.3644 0.60943 0.925 0.842667 
1.42395 0.460012 21.2917 1.36899 0.604237 0.95 0.842667 
1.42392 0.467319 19.0073 1.37384 0.598769 0.975 0.842667 
1.42391 0.474999 16.7228 1.37894 0.593026 1 0.842667 
1.43762 0.446573 25.9349 1.3753 0.612137 0.9 0.850848 
1.43758 0.453119 23.6505 1.37959 0.60719 0.925 0.850848 
1.43755 0.460038 21.366 1.38413 0.601966 0.95 0.850848 
1.43752 0.467332 19.0816 1.38892 0.596465 0.975 0.850848 
1.4375 0.475 16.7972 1.39396 0.590687 1 0.850848 

ZONE I=5, J=5
1.43762 0.446573 25.9977 1.3753 0.612137 0.9 0.850848 
1.43758 0.453119 23.6843 1.37959 0.60719 0.925 0.850848 
1.43755 0.460038 21.371 1.38413 0.601966 0.95 0.850848 
1.43752 0.467332 19.0576 1.38892 0.596465 0.975 0.850848 
1.4375 0.475 16.7443 1.39396 0.590687 1 0.850848 
1.4512 0.446622 26.0756 1.39059 0.609702 0.9 0.859029 
1.45117 0.453157 23.7623 1.39483 0.60473 0.925 0.859029 
1.45114 0.460065 21.449 1.39932 0.599481 0.95 0.859029 
1.45112 0.467346 19.1356 1.40406 0.593953 0.975 0.859029 
1.4511 0.475001 16.8223 1.40905 0.588147 1 0.859029 
1.46479 0.446671 26.1536 1.40592 0.607054 0.9 0.86721 
1.46475 0.453195 23.8403 1.41011 0.602057 0.925 0.86721 
1.46472 0.46009 21.5269 1.41455 0.596781 0.95 0.86721 
1.4647 0.467359 19.2136 1.41924 0.591226 0.975 0.86721 
1.46469 0.475 16.9002 1.42417 0.585391 1 0.86721 
1.47837 0.446721 26.2316 1.42129 0.604194 0.9 0.875391 
1.47833 0.453232 23.9182 1.42544 0.599171 0.925 0.875391 
1.4783 0.460116 21.6049 1.42983 0.593867 0.95 0.875391 
1.47828 0.467372 19.2916 1.43446 0.588282 0.975 0.875391 
1.47826 0.474999 16.9782 1.43933 0.582416 1 0.875391 
1.49194 0.446771 26.3095 1.43672 0.60112 0.9 0.883573 
1.4919 0.453271 23.9962 1.44081 0.596071 0.925 0.883573 
1.49187 0.460143 21.6829 1.44514 0.590738 0.95 0.883573 
1.49185 0.467386 19.3695 1.44972 0.585123 0.975 0.883573 
1.49183 0.475 17.0562 1.45453 0.579224 1 0.883573 

ZONE I=5, J=5
1.49194 0.446771 26.3747 1.43672 0.60112 0.9 0.883573 
1.4919 0.453271 24.0313 1.44081 0.596071 0.925 0.883573 
1.49187 0.460143 21.688 1.44514 0.590738 0.95 0.883573 
1.49185 0.467386 19.3447 1.44972 0.585123 0.975 0.883573 
1.49183 0.475 17.0014 1.45453 0.579224 1 0.883573 
1.5055 0.446822 26.4564 1.45217 0.59782 0.9 0.891754 
1.50546 0.453311 24.1131 1.45621 0.592748 0.925 0.891754 
1.50543 0.46017 21.7698 1.4605 0.587392 0.95 0.891754 
1.50541 0.4674 19.4264 1.46502 0.581752 0.975 0.891754 
1.5054 0.475001 17.0831 1.46978 0.575828 1 0.891754 
1.51905 0.446872 26.5381 1.46765 0.594303 0.9 0.899935 
1.51901 0.453349 24.1948 1.47165 0.589208 0.925 0.899935 
1.51898 0.460196 21.8515 1.47589 0.583827 0.95 0.899935 
1.51896 0.467413 19.5082 1.48036 0.578162 0.975 0.899935 
1.51895 0.475 17.1648 1.48506 0.572211 1 0.899935 
1.53259 0.446923 26.6198 1.48317 0.59057 0.9 0.908116 
1.53256 0.453388 24.2765 1.48712 0.585451 0.925 0.908116 
1.53253 0.460223 21.9332 1.49131 0.580045 0.95 0.908116 
1.53251 0.467427 19.5899 1.49572 0.574352 0.975 0.908116 
1.53249 0.474999 17.2466 1.50037 0.568373 1 0.908116 
1.54614 0.446974 26.7016 1.49873 0.58662 0.9 0.916298 
1.5461 0.453428 24.3583 1.50263 0.581476 0.925 0.916298 
1.54607 0.46025 22.0149 1.50676 0.576044 0.95 0.916298 
1.54604 0.467441 19.6716 1.51112 0.570323 0.975 0.916298 
1.54602 0.475 17.3283 1.5157 0.564314 1 0.916298 

ZONE I=5, J=5
1.54614 0.446974 26.7677 1.49873 0.58662 0.9 0.916298 
1.5461 0.453428 24.3939 1.50263 0.581476 0.925 0.916298 
1.54607 0.46025 22.0202 1.50676 0.576044 0.95 0.916298 
1.54604 0.467441 19.6464 1.51112 0.570323 0.975 0.916298 
1.54602 0.475 17.2727 1.5157 0.564314 1 0.916298 
1.55966 0.447027 26.8533 1.51431 0.582441 0.9 0.924479 
1.55962 0.453469 24.4795 1.51816 0.577276 0.925 0.924479 
1.55959 0.460278 22.1058 1.52224 0.571823 0.95 0.924479 
1.55957 0.467455 19.732 1.52654 0.56608 0.975 0.924479 
1.55956 0.475001 17.3583 1.53108 0.560048 1 0.924479 
1.57317 0.447078 26.9389 1.52991 0.578041 0.9 0.93266 
1.57314 0.453508 24.5651 1.53371 0.572856 0.925 0.93266 
1.57311 0.460305 22.1914 1.53774 0.56738 0.95 0.93266 
1.57309 0.467469 19.8176 1.54199 0.561615 0.975 0.93266 
1.57308 0.475 17.4439 1.54647 0.555559 1 0.93266 
1.58668 0.44713 27.0245 1.54553 0.573422 0.9 0.940841 
1.58665 0.453548 24.6507 1.54928 0.568215 0.925 0.940841 
1.58662 0.460332 22.277 1.55326 0.562717 0.95 0.940841 
1.5866 0.467483 19.9032 1.55746 0.556927 0.975 0.940841 
1.58659 0.474999 17.5295 1.56187 0.550846 1 0.940841 
1.60019 0.447182 27.1101 1.56118 0.568584 0.9 0.949023 
1.60015 0.453589 24.7363 1.56488 0.563354 0.925 0.949023 
1.60012 0.460361 22.3626 1.5688 0.557832 0.95 0.949023 
1.6001 0.467498 19.9888 1.57294 0.552017 0.975 0.949023 
1.60008 0.475 17.6151 1.5773 0.545909 1 0.949023 

ZONE I=5, J=5
1.60019 0.447182 27.1731 1.56118 0.568584 0.9 0.949023 
1.60015 0.453589 24.7704 1.56488 0.563354 0.925 0.949023 
1.60012 0.460361 22.3677 1.5688 0.557832 0.95 0.949023 
1.6001 0.467498 19.9649 1.57294 0.552017 0.975 0.949023 
1.60008 0.475 17.5622 1.5773 0.545909 1 0.949023 
1.61367 0.447236 27.2628 1.57684 0.563513 0.9 0.957204 
1.61364 0.45363 24.86 1.58049 0.558265 0.925 0.957204 
1.61361 0.460389 22.4573 1.58436 0.552724 0.95 0.957204 
1.61359 0.467513 20.0546 1.58845 0.54689 0.975 0.957204 
1.61358 0.475001 17.6518 1.59275 0.540761 1 0.957204 
1.62715 0.447289 27.3524 1.5925 0.558219 0.9 0.965385 
1.62712 0.453671 24.9497 1.59611 0.552953 0.925 0.965385 
1.62709 0.460417 22.5469 1.59993 0.547393 0.95 0.965385 
1.62708 0.467527 20.1442 1.60396 0.541538 0.975 0.965385 
1.62707 0.475 17.7415 1.60821 0.535389 1 0.965385 
1.64062 0.447341 27.442 1.60818 0.552703 0.9 0.973566 
1.64059 0.453712 25.0393 1.61174 0.547417 0.925 0.973566 
1.64056 0.460446 22.6366 1.61551 0.541837 0.95 0.973566 
1.64055 0.467541 20.2338 1.61949 0.535961 0.975 0.973566 
1.64054 0.474999 17.8311 1.62368 0.529791 1 0.973566 
1.65408 0.447394 27.5317 1.62388 0.546963 0.9 0.981748 
1.65405 0.453755 25.1289 1.62739 0.541658 0.925 0.981748 
1.65403 0.460476 22.7262 1.6311 0.536057 0.95 0.981748 
1.65401 0.467558 20.3235 1.63502 0.530161 0.975 0.981748 
1.65401 0.475 17.9207 1.63915 0.523969 1 0.981748 

ZONE I=5, J=5
1.65408 0.447394 27.5797 1.62388 0.546963 0.9 0.981748 
1.65405 0.453755 25.155 1.62739 0.541658 0.925 0.981748 
1.65403 0.460476 22.7302 1.6311 0.536057 0.95 0.981748 
1.65401 0.467558 20.3055 1.63502 0.530161 0.975 0.981748 
1.65401 0.475 17.8807 1.63915 0.523969 1 0.981748 
1.66753 0.447451 27.6736 1.63957 0.540991 0.9 0.989929 
1.6675 0.453798 25.2489 1.64303 0.53567 0.925 0.989929 
1.66748 0.460505 22.8242 1.6467 0.530053 0.95 0.989929 
1.66747 0.467573 20.3994 1.65057 0.52414 0.975 0.989929 
1.66747 0.475001 17.9747 1.65464 0.51793 1 0.989929 
1.68096 0.447505 27.7676 1.65526 0.534792 0.9 0.99811 
1.68094 0.45384 25.3428 1.65867 0.529456 0.925 0.99811 
1.68092 0.460535 22.9181 1.66229 0.523823 0.95 0.99811 
1.68092 0.467588 20.4933 1.66611 0.517894 0.975 0.99811 
1.68093 0.475 18.0686 1.67013 0.511667 1 0.99811 
1.69437 0.447558 27.8615 1.67094 0.528367 0.9 1.00629 
1.69436 0.453884 25.4368 1.67431 0.523015 0.925 1.00629 
1.69435 0.460566 23.012 1.67788 0.517367 0.95 1.00629 
1.69436 0.467604 20.5873 1.68165 0.511422 0.975 1.00629 
1.69437 0.474999 18.1625 1.68562 0.505182 1 1.00629 
1.70778 0.447611 27.9554 1.68662 0.521716 0.9 1.01447 
1.70777 0.453929 25.5307 1.68995 0.516347 0.925 1.01447 
1.70778 0.460599 23.106 1.69347 0.510684 0.95 1.01447 
1.70779 0.467623 20.6812 1.69719 0.504726 0.975 1.01447 
1.70781 0.475 18.2565 1.70111 0.498473 1 1.01447 

ZONE I=5, J=5
1.70778 0.447611 27.9535 1.68662 0.521716 0.9 1.01447 
1.70777 0.453929 25.5299 1.68995 0.516347 0.925 1.01447 
1.70778 0.460599 23.1063 1.69347 0.510684 0.95 1.01447 
1.70779 0.467623 20.6827 1.69719 0.504726 0.975 1.01447 
1.70781 0.475 18.2592 1.70111 0.498473 1 1.01447 
1.72119 0.447672 28.0524 1.70231 0.514828 0.9 1.02266 
1.72119 0.453975 25.6288 1.70559 0.509448 0.925 1.02266 
1.7212 0.46063 23.2052 1.70907 0.503773 0.95 1.02266 
1.72122 0.467639 20.7817 1.71274 0.4978 0.975 1.02266 
1.72125 0.475 18.3581 1.7166 0.491532 1 1.02266 
1.73457 0.447729 28.1513 1.71797 0.507709 0.9 1.03084 
1.73458 0.454021 25.7278 1.72122 0.502318 0.925 1.03084 
1.7346 0.460663 23.3042 1.72465 0.496633 0.95 1.03084 
1.73464 0.467656 20.8806 1.72827 0.490652 0.975 1.03084 
1.73468 0.475 18.457 1.73209 0.484376 1 1.03084 
1.74792 0.447782 28.2503 1.7336 0.50036 0.9 1.03902 
1.74795 0.454068 25.8267 1.73681 0.494958 0.925 1.03902 
1.74799 0.4607 23.4031 1.74022 0.489265 0.95 1.03902 
1.74805 0.467677 20.9795 1.7438 0.48328 0.975 1.03902 
1.74812 0.475 18.5559 1.74758 0.477004 1 1.03902 
1.76124 0.447834 28.3492 1.74919 0.492779 0.9 1.0472 
1.7613 0.454118 25.9256 1.75239 0.487366 0.925 1.0472 
1.76137 0.460741 23.502 1.75576 0.481668 0.95 1.0472 
1.76146 0.467702 21.0784 1.75932 0.475685 0.975 1.0472 
1.76156 0.475 18.6548 1.76306 0.469416 1 1.0472 

ZONE I=5, J=5
1.76124 0.447834 28.1971 1.74919 0.492779 0.9 1.0472 
1.7613 0.454118 25.8441 1.75239 0.487366 0.925 1.0472 
1.76137 0.460741 23.4911 1.75576 0.481668 0.95 1.0472 
1.76146 0.467702 21.1381 1.75932 0.475685 0.975 1.0472 
1.76156 0.475 18.7851 1.76306 0.469416 1 1.0472 
1.77459 0.447903 28.3026 1.76481 0.484973 0.9 1.05538 
1.77466 0.45417 25.9496 1.76797 0.479557 0.925 1.05538 
1.77475 0.460776 23.5966 1.7713 0.473853 0.95 1.05538 
1.77485 0.467719 21.2436 1.77481 0.467861 0.975 1.05538 
1.77496 0.475 18.8906 1.7785 0.461582 1 1.05538 
1.78787 0.447962 28.4081 1.78036 0.476922 0.9 1.06356 
1.78798 0.454223 26.0551 1.7835 0.471504 0.925 1.06356 
1.78811 0.460816 23.7021 1.78681 0.465802 0.95 1.06356 
1.78825 0.467742 21.349 1.7903 0.459816 0.975 1.06356 
1.7884 0.475 18.996 1.79396 0.453545 1 1.06356 
1.80109 0.448013 28.5135 1.79584 0.468625 0.9 1.07174 
1.80126 0.454278 26.1605 1.79899 0.463207 0.925 1.07174 
1.80145 0.460864 23.8075 1.8023 0.457515 0.95 1.07174 
1.80166 0.467771 21.4545 1.80579 0.451548 0.975 1.07174 
1.80188 0.475 19.1015 1.80944 0.445307 1 1.07174 
1.81425 0.448059 28.619 1.81124 0.460082 0.9 1.07992 
1.81451 0.454337 26.266 1.81442 0.454667 0.925 1.07992 
1.81478 0.46092 23.913 1.81777 0.448993 0.95 1.07992 
1.81508 0.467808 21.56 1.82128 0.443059 0.975 1.07992 
1.8154 0.475 19.207 1.82495 0.436866 1 1.07992 

ZONE I=5, J=5
1.81425 0.448059 28.0599 1.81124 0.460082 0.9 1.07992 
1.81451 0.454337 25.9683 1.81442 0.454667 0.925 1.07992 
1.81478 0.46092 23.8766 1.81777 0.448993 0.95 1.07992 
1.81508 0.467808 21.785 1.82128 0.443059 0.975 1.07992 
1.8154 0.475 19.6933 1.82495 0.436866 1 1.07992 
1.82749 0.448134 28.1701 1.8267 0.451332 0.9 1.0881 
1.8278 0.454401 26.0784 1.82989 0.445927 0.925 1.0881 
1.82813 0.460967 23.9868 1.83322 0.440262 0.95 1.0881 
1.82846 0.467834 21.8951 1.83671 0.434336 0.975 1.0881 
1.82881 0.474999 19.8034 1.84034 0.42815 1 1.0881 
1.84059 0.448173 28.2802 1.842 0.442324 0.9 1.09628 
1.84101 0.454444 26.1885 1.84524 0.436939 0.925 1.09628 
1.84144 0.461005 24.0969 1.84862 0.431297 0.95 1.09628 
1.84187 0.467857 22.0052 1.85213 0.425398 0.975 1.09628 
1.8423 0.475 19.9136 1.85578 0.419243 1 1.09628 
1.85356 0.44818 28.3903 1.85715 0.43306 0.9 1.10446 
1.85414 0.454469 26.2987 1.86049 0.427703 0.925 1.10446 
1.85472 0.461035 24.207 1.86396 0.422099 0.95 1.10446 
1.8553 0.467879 22.1153 1.86756 0.416246 0.975 1.10446 
1.85588 0.475001 20.0237 1.87128 0.410147 1 1.10446 
1.8664 0.44816 28.5005 1.87214 0.423539 0.9 1.11265 
1.86718 0.454478 26.4088 1.87564 0.41822 0.925 1.11265 
1.86797 0.461058 24.3171 1.87925 0.412667 0.95 1.11265 
1.86876 0.467898 22.2255 1.88298 0.40688 0.975 1.11265 
1.86955 0.475 20.1338 1.88683 0.40086 1 1.11265 

ZONE I=5, J=5
1.8664 0.44816 27.3484 1.87214 0.423539 0.9 1.11265 
1.86718 0.454478 25.7807 1.87564 0.41822 0.925 1.11265 
1.86797 0.461058 24.2131 1.87925 0.412667 0.95 1.11265 
1.86876 0.467898 22.6455 1.88298 0.40688 0.975 1.11265 
1.86955 0.475 21.0779 1.88683 0.40086 1 1.11265 
1.87935 0.448058 27.4195 1.88716 0.413937 0.9 1.12083 
1.88019 0.454393 25.8519 1.89067 0.408599 0.925 1.12083 
1.88104 0.46103 24.2842 1.89432 0.40299 0.95 1.12083 
1.88189 0.467969 22.7166 1.89811 0.397112 0.975 1.12083 
1.88275 0.47521 21.149 1.90203 0.390964 1 1.12083 
1.89216 0.447628 27.4906 1.90187 0.404349 0.9 1.12901 
1.89306 0.45397 25.923 1.9054 0.399004 0.925 1.12901 
1.89398 0.460633 24.3554 1.90909 0.393374 0.95 1.12901 
1.89492 0.467619 22.7877 1.91292 0.38746 0.975 1.12901 
1.89587 0.474927 21.2201 1.9169 0.38126 1 1.12901 
1.9048 0.446875 27.5617 1.91627 0.394774 0.9 1.13719 
1.90578 0.453212 25.9941 1.91983 0.389435 0.925 1.13719 
1.90679 0.459871 24.4265 1.92354 0.383818 0.95 1.13719 
1.90784 0.466851 22.8589 1.92742 0.377923 0.975 1.13719 
1.90891 0.474152 21.2913 1.93147 0.37175 1 1.13719 
1.91728 0.445803 27.6328 1.93036 0.385213 0.9 1.14537 
1.91834 0.452126 26.0652 1.93394 0.379892 0.925 1.14537 
1.91946 0.458748 24.4976 1.93769 0.374322 0.95 1.14537 
1.92063 0.465669 22.93 1.94162 0.368502 0.975 1.14537 
1.92186 0.47289 21.3624 1.94572 0.362433 1 1.14537 

ZONE I=5, J=5
1.91728 0.445803 26.9312 1.93036 0.385213 0.9 1.14537 
1.91834 0.452126 25.7071 1.93394 0.379892 0.925 1.14537 
1.91946 0.458748 24.483 1.93769 0.374322 0.95 1.14537 
1.92063 0.465669 23.2588 1.94162 0.368502 0.975 1.14537 
1.92186 0.47289 22.0347 1.94572 0.362433 1 1.14537 
1.92976 0.444236 27.045 1.94422 0.375902 0.9 1.15355 
1.93092 0.450553 25.8209 1.94784 0.370596 0.925 1.15355 
1.93213 0.457144 24.5968 1.95163 0.365064 0.95 1.15355 
1.93341 0.464009 23.3726 1.95558 0.359305 0.975 1.15355 
1.93475 0.471148 22.1485 1.95969 0.35332 1 1.15355 
1.94211 0.44228 27.1588 1.95779 0.366691 0.9 1.16173 
1.94339 0.448573 25.9347 1.96147 0.361427 0.925 1.16173 
1.94474 0.455123 24.7106 1.96531 0.355953 0.95 1.16173 
1.94615 0.461932 23.4865 1.96931 0.350268 0.975 1.16173 
1.94763 0.468997 22.2623 1.97348 0.344373 1 1.16173 
1.95433 0.43994 27.2727 1.97106 0.357578 0.9 1.16991 
1.95576 0.446189 26.0485 1.97482 0.352386 0.925 1.16991 
1.95727 0.452689 24.8244 1.97875 0.346991 0.95 1.16991 
1.95885 0.459438 23.6003 1.98283 0.341392 0.975 1.16991 
1.9605 0.466438 22.3761 1.98708 0.33559 1 1.16991 
1.9664 0.437219 27.3865 1.98403 0.348565 0.9 1.1781 
1.96802 0.443405 26.1623 1.9879 0.343472 0.925 1.1781 
1.96972 0.449842 24.9382 1.99194 0.338175 0.95 1.1781 
1.9715 0.45653 23.7141 1.99613 0.332675 0.975 1.1781 
1.97335 0.46347 22.4899 2.0005 0.326972 1 1.1781 

ZONE I=5, J=5
1.9664 0.437219 27.1692 1.98403 0.348565 0.9 1.1781 
1.96802 0.443405 26.0438 1.9879 0.343472 0.925 1.1781 
1.96972 0.449842 24.9184 1.99194 0.338175 0.95 1.1781 
1.9715 0.45653 23.793 1.99613 0.332675 0.975 1.1781 
1.97335 0.46347 22.6675 2.0005 0.326972 1 1.1781 
1.97841 0.434088 27.2781 1.99678 0.339733 0.9 1.18628 
1.98019 0.44023 26.1527 2.00073 0.334708 0.925 1.18628 
1.98206 0.446611 25.0273 2.00485 0.329491 0.95 1.18628 
1.984 0.453231 23.9018 2.00914 0.324082 0.975 1.18628 
1.98602 0.460091 22.7764 2.01358 0.318482 1 1.18628 
1.99029 0.430592 27.387 2.00925 0.331004 0.9 1.19446 
1.99223 0.436678 26.2615 2.0133 0.32606 0.925 1.19446 
1.99427 0.442994 25.1361 2.01751 0.320932 0.95 1.19446 
1.99638 0.449541 24.0107 2.02188 0.31562 0.975 1.19446 
1.99858 0.456319 22.8853 2.02642 0.310125 1 1.19446 
2.00202 0.426736 27.4958 2.02145 0.322379 0.9 1.20264 
2.00414 0.432752 26.3704 2.02559 0.317528 0.925 1.20264 
2.00635 0.438994 25.245 2.0299 0.312498 0.95 1.20264 
2.00864 0.445463 24.1196 2.03437 0.307289 0.975 1.20264 
2.01103 0.452158 22.9942 2.03901 0.301901 1 1.20264 
2.01361 0.422522 27.6047 2.03338 0.313858 0.9 1.21082 
2.0159 0.428456 26.4793 2.03762 0.309112 0.925 1.21082 
2.01829 0.434615 25.3539 2.04202 0.304189 0.95 1.21082 
2.02078 0.441 24.2285 2.0466 0.299088 0.975 1.21082 
2.02336 0.447611 23.1031 2.05134 0.29381 1 1.21082 

ZONE I=5, J=5
2.01361 0.422522 27.5807 2.03338 0.313858 0.9 1.21082 
2.0159 0.428456 26.4662 2.03762 0.309112 0.925 1.21082 
2.01829 0.434615 25.3516 2.04202 0.304189 0.95 1.21082 
2.02078 0.441 24.2371 2.0466 0.299088 0.975 1.21082 
2.02336 0.447611 23.1226 2.05134 0.29381 1 1.21082 
2.02506 0.417943 27.6852 2.04505 0.305462 0.9 1.219 
2.02752 0.4238 26.5707 2.04938 0.300812 0.925 1.219 
2.03009 0.429876 25.4562 2.05388 0.29599 0.95 1.219 
2.03275 0.436171 24.3416 2.05855 0.290999 0.975 1.219 
2.03551 0.442686 23.2271 2.06339 0.285836 1 1.219 
2.03636 0.41302 27.7897 2.05646 0.297162 0.9 1.22718 
2.03899 0.418794 26.6752 2.06088 0.29261 0.925 1.22718 
2.04172 0.424781 25.5607 2.06547 0.287894 0.95 1.22718 
2.04456 0.430982 24.4462 2.07023 0.283012 0.975 1.22718 
2.04751 0.437397 23.3316 2.07517 0.277965 1 1.22718 
2.0475 0.407759 27.8943 2.06761 0.288956 0.9 1.23536 
2.05029 0.413442 26.7797 2.07211 0.284508 0.925 1.23536 
2.05319 0.419335 25.6652 2.07679 0.279899 0.95 1.23536 
2.0562 0.425437 24.5507 2.08165 0.275129 0.975 1.23536 
2.05933 0.43175 23.4362 2.08668 0.270197 1 1.23536 
2.05847 0.402163 27.9988 2.0785 0.280846 0.9 1.24355 
2.06142 0.407748 26.8843 2.08308 0.276505 0.925 1.24355 
2.06448 0.413541 25.7698 2.08785 0.272006 0.95 1.24355 
2.06767 0.419541 24.6552 2.0928 0.267349 0.975 1.24355 
2.07097 0.425749 23.5407 2.09792 0.262533 1 1.24355 

ZONE I=5, J=5
2.05847 0.402163 28.0422 2.0785 0.280846 0.9 1.24355 
2.06142 0.407748 26.9077 2.08308 0.276505 0.925 1.24355 
2.06448 0.413541 25.7732 2.08785 0.272006 0.95 1.24355 
2.06767 0.419541 24.6387 2.0928 0.267349 0.975 1.24355 
2.07097 0.425749 23.5042 2.09792 0.262533 1 1.24355 
2.06924 0.396246 28.1412 2.0891 0.272833 0.9 1.25173 
2.07235 0.401732 27.0066 2.09377 0.268599 0.925 1.25173 
2.07558 0.40742 25.8721 2.09863 0.264212 0.95 1.25173 
2.07894 0.413311 24.7376 2.10366 0.259672 0.975 1.25173 
2.08242 0.419405 23.6031 2.10888 0.254977 1 1.25173 
2.07983 0.390017 28.2401 2.09944 0.264906 0.9 1.25991 
2.0831 0.395399 27.1056 2.10419 0.26078 0.925 1.25991 
2.08649 0.400979 25.971 2.10913 0.256504 0.95 1.25991 
2.09001 0.406758 24.8365 2.11425 0.25208 0.975 1.25991 
2.09366 0.412735 23.702 2.11955 0.247506 1 1.25991 
2.09023 0.383478 28.339 2.10951 0.257065 0.9 1.26809 
2.09364 0.388753 27.2045 2.11434 0.253047 0.925 1.26809 
2.09719 0.394223 26.07 2.11936 0.248883 0.95 1.26809 
2.10087 0.399886 24.9354 2.12456 0.244574 0.975 1.26809 
2.10469 0.405744 23.8009 2.12995 0.24012 1 1.26809 
2.10043 0.376635 28.4379 2.11932 0.24931 0.9 1.27627 
2.10399 0.3818 27.3034 2.12422 0.2454 0.925 1.27627 
2.10768 0.387155 26.1689 2.12931 0.241348 0.95 1.27627 
2.11152 0.392701 25.0344 2.13459 0.237154 0.975 1.27627 
2.11549 0.398438 23.8999 2.14006 0.232818 1 1.27627 

ZONE I=5, J=5
2.10043 0.376635 28.5023 2.11932 0.24931 0.9 1.27627 
2.10399 0.3818 27.3381 2.12422 0.2454 0.925 1.27627 
2.10768 0.387155 26.174 2.12931 0.241348 0.95 1.27627 
2.11152 0.392701 25.0099 2.13459 0.237154 0.975 1.27627 
2.11549 0.398438 23.8457 2.14006 0.232818 1 1.27627 
2.11042 0.369508 28.5942 2.12885 0.241625 0.9 1.28445 
2.11411 0.374557 27.4301 2.13382 0.237827 0.925 1.28445 
2.11796 0.379792 26.266 2.13899 0.233891 0.95 1.28445 
2.12195 0.385213 25.1018 2.14435 0.229817 0.975 1.28445 
2.12608 0.39082 23.9377 2.1499 0.225606 1 1.28445 
2.12019 0.362095 28.6862 2.13812 0.234012 0.9 1.29263 
2.12402 0.367026 27.5221 2.14316 0.230324 0.925 1.29263 
2.12801 0.372139 26.358 2.1484 0.226502 0.95 1.29263 
2.13215 0.377433 25.1938 2.15383 0.222548 0.975 1.29263 
2.13643 0.382909 24.0297 2.15945 0.218459 1 1.29263 
2.12974 0.354403 28.7782 2.14712 0.226469 0.9 1.30081 
2.13371 0.359214 27.6141 2.15223 0.222891 0.925 1.30081 
2.13783 0.364202 26.4499 2.15753 0.219183 0.95 1.30081 
2.14211 0.369368 25.2858 2.16303 0.215345 0.975 1.30081 
2.14655 0.374711 24.1217 2.16873 0.211378 1 1.30081 
2.13908 0.346435 28.8702 2.15586 0.218998 0.9 1.309 
2.14317 0.351124 27.706 2.16103 0.215528 0.925 1.309 
2.14743 0.355987 26.5419 2.16639 0.211931 0.95 1.309 
2.15184 0.361023 25.3778 2.17196 0.208209 0.975 1.309 
2.15641 0.366232 24.2137 2.17772 0.204361 1 1.309 

ZONE I=5, J=5
2.13908 0.346435 28.9379 2.15586 0.218998 0.9 1.309 
2.14317 0.351124 27.7426 2.16103 0.215528 0.925 1.309 
2.14743 0.355987 26.5474 2.16639 0.211931 0.95 1.309 
2.15184 0.361023 25.3521 2.17196 0.208209 0.975 1.309 
2.15641 0.366232 24.1569 2.17772 0.204361 1 1.309 
2.14816 0.338222 29.0216 2.16431 0.211585 0.9 1.31718 
2.15239 0.342784 27.8264 2.16954 0.208228 0.925 1.31718 
2.15677 0.347514 26.6311 2.17497 0.204749 0.95 1.31718 
2.16132 0.352413 25.4359 2.1806 0.201149 0.975 1.31718 
2.16603 0.35748 24.2406 2.18644 0.197426 1 1.31718 
2.15701 0.329759 29.1054 2.1725 0.204233 0.9 1.32536 
2.16135 0.334193 27.9101 2.17778 0.200988 0.925 1.32536 
2.16586 0.33879 26.7149 2.18328 0.197625 0.95 1.32536 
2.17054 0.34355 25.5196 2.18897 0.194143 0.975 1.32536 
2.17539 0.348475 24.3244 2.19487 0.190545 1 1.32536 
2.16562 0.321051 29.1892 2.18041 0.196943 0.9 1.33354 
2.17008 0.325355 27.9939 2.18576 0.193807 0.925 1.33354 
2.17471 0.329818 26.7987 2.1913 0.190557 0.95 1.33354 
2.17951 0.33444 25.6034 2.19706 0.187194 0.975 1.33354 
2.18449 0.339221 24.4082 2.20302 0.183716 1 1.33354 
2.17398 0.312104 29.2729 2.18806 0.189714 0.9 1.34172 
2.17855 0.316277 28.0777 2.19346 0.186686 0.925 1.34172 
2.18329 0.320605 26.8824 2.19906 0.183548 0.95 1.34172 
2.18821 0.325087 25.6872 2.20487 0.1803 0.975 1.34172 
2.19331 0.329724 24.4919 2.21088 0.176942 1 1.34172 

ZONE I=5, J=5
2.17398 0.312104 29.3369 2.18806 0.189714 0.9 1.34172 
2.17855 0.316277 28.1122 2.19346 0.186686 0.925 1.34172 
2.18329 0.320605 26.8875 2.19906 0.183548 0.95 1.34172 
2.18821 0.325087 25.6629 2.20487 0.1803 0.975 1.34172 
2.19331 0.329724 24.4382 2.21088 0.176942 1 1.34172 
2.18208 0.302941 29.4114 2.19544 0.182526 0.9 1.3499 
2.18676 0.306978 28.1867 2.20088 0.179611 0.925 1.3499 
2.19161 0.311164 26.962 2.20654 0.176591 0.95 1.3499 
2.19665 0.3155 25.7374 2.2124 0.173464 0.975 1.3499 
2.20187 0.319986 24.5127 2.21847 0.170231 1 1.3499 
2.18993 0.293558 29.4859 2.20254 0.175386 0.9 1.35808 
2.1947 0.297458 28.2612 2.20804 0.172583 0.925 1.35808 
2.19967 0.301502 27.0365 2.21374 0.169677 0.95 1.35808 
2.20481 0.305691 25.8119 2.21966 0.16667 0.975 1.35808 
2.21015 0.310025 24.5872 2.22579 0.16356 1 1.35808 
2.19751 0.28396 29.5604 2.20938 0.168295 0.9 1.36626 
2.20239 0.287723 28.3357 2.21492 0.165601 0.925 1.36626 
2.20745 0.291625 27.1111 2.22067 0.162808 0.95 1.36626 
2.21271 0.295667 25.8864 2.22664 0.159918 0.975 1.36626 
2.21815 0.299848 24.6617 2.23282 0.156929 1 1.36626 
2.20484 0.274152 29.6349 2.21596 0.161251 0.9 1.37445 
2.20981 0.277778 28.4102 2.22154 0.158664 0.925 1.37445 
2.21497 0.281537 27.1856 2.22733 0.155983 0.95 1.37445 
2.22032 0.285432 25.9609 2.23334 0.153208 0.975 1.37445 
2.22586 0.289461 24.7362 2.23957 0.150339 1 1.37445 

ZONE I=5, J=5
2.20484 0.274152 29.6921 2.21596 0.161251 0.9 1.37445 
2.20981 0.277778 28.4412 2.22154 0.158664 0.925 1.37445 
2.21497 0.281537 27.1902 2.22733 0.155983 0.95 1.37445 
2.22032 0.285432 25.9392 2.23334 0.153208 0.975 1.37445 
2.22586 0.289461 24.6883 2.23957 0.150339 1 1.37445 
2.21188 0.264169 29.7565 2.22225 0.154244 0.9 1.38263 
2.21694 0.267651 28.5055 2.22787 0.151769 0.925 1.38263 
2.22219 0.271262 27.2546 2.23371 0.149205 0.95 1.38263 
2.22764 0.275003 26.0036 2.23977 0.14655 0.975 1.38263 
2.23329 0.278873 24.7526 2.24604 0.143804 1 1.38263 
2.21865 0.254 29.8209 2.22828 0.147276 0.9 1.39081 
2.22379 0.257339 28.5699 2.23394 0.144912 0.925 1.39081 
2.22914 0.260802 27.3189 2.23982 0.142462 0.95 1.39081 
2.23468 0.264389 26.068 2.24591 0.139926 0.975 1.39081 
2.24043 0.268101 24.817 2.25223 0.137303 1 1.39081 
2.22514 0.243653 29.8852 2.23403 0.140349 0.9 1.39899 
2.23037 0.246849 28.6343 2.23973 0.138094 0.925 1.39899 
2.2358 0.250164 27.3833 2.24565 0.135756 0.95 1.39899 
2.24143 0.253597 26.1323 2.25178 0.133336 0.975 1.39899 
2.24726 0.25715 24.8814 2.25814 0.130834 1 1.39899 
2.23135 0.233133 29.9496 2.23952 0.133462 0.9 1.40717 
2.23666 0.236186 28.6986 2.24525 0.131314 0.925 1.40717 
2.24216 0.239352 27.4477 2.25121 0.129087 0.95 1.40717 
2.24788 0.242632 26.1967 2.25738 0.126782 0.975 1.40717 
2.2538 0.246026 24.9457 2.26377 0.124397 1 1.40717 

ZONE I=5, J=5
2.23135 0.233133 29.9985 2.23952 0.133462 0.9 1.40717 
2.23666 0.236186 28.7251 2.24525 0.131314 0.925 1.40717 
2.24216 0.239352 27.4516 2.25121 0.129087 0.95 1.40717 
2.24788 0.242632 26.1781 2.25738 0.126782 0.975 1.40717 
2.2538 0.246026 24.9046 2.26377 0.124397 1 1.40717 
2.23727 0.222463 30.0521 2.24474 0.126599 0.9 1.41535 
2.24265 0.225368 28.7786 2.2505 0.124562 0.925 1.41535 
2.24824 0.228381 27.5051 2.25649 0.12245 0.95 1.41535 
2.25404 0.231502 26.2316 2.2627 0.120264 0.975 1.41535 
2.26004 0.234732 24.9582 2.26913 0.118003 1 1.41535 
2.24291 0.211638 30.1056 2.24969 0.119766 0.9 1.42353 
2.24836 0.214395 28.8321 2.25548 0.117838 0.925 1.42353 
2.25402 0.217255 27.5587 2.2615 0.11584 0.95 1.42353 
2.25989 0.220217 26.2852 2.26774 0.113771 0.975 1.42353 
2.26598 0.223282 25.0117 2.27421 0.111632 1 1.42353 
2.24826 0.200663 30.1592 2.25437 0.112962 0.9 1.43171 
2.25378 0.203272 28.8857 2.2602 0.111142 0.925 1.43171 
2.25951 0.205979 27.6122 2.26624 0.109256 0.95 1.43171 
2.26545 0.208783 26.3387 2.27252 0.107303 0.975 1.43171 
2.2716 0.211684 25.0653 2.27902 0.105283 1 1.43171 
2.25333 0.189545 30.2127 2.25879 0.106187 0.9 1.4399 
2.2589 0.192007 28.9392 2.26464 0.104474 0.925 1.4399 
2.26469 0.194561 27.6658 2.27071 0.102697 0.95 1.4399 
2.2707 0.197207 26.3923 2.27701 0.100858 0.975 1.4399 
2.27692 0.199944 25.1188 2.28354 0.0989567 1 1.4399 

ZONE I=5, J=5
2.25333 0.189545 30.2526 2.25879 0.106187 0.9 1.4399 
2.2589 0.192007 28.9608 2.26464 0.104474 0.925 1.4399 
2.26469 0.194561 27.669 2.27071 0.102697 0.95 1.4399 
2.2707 0.197207 26.3772 2.27701 0.100858 0.975 1.4399 
2.27692 0.199944 25.0853 2.28354 0.0989567 1 1.4399 
2.25808 0.178316 30.2948 2.26293 0.099434 0.9 1.44808 
2.26372 0.180626 29.003 2.2688 0.0978305 0.925 1.44808 
2.26957 0.183023 27.7112 2.27491 0.0961682 0.95 1.44808 
2.27564 0.185506 26.4193 2.28124 0.0944471 0.975 1.44808 
2.28193 0.188075 25.1275 2.28779 0.0926671 1 1.44808 
2.26255 0.166967 30.337 2.2668 0.0927046 0.9 1.45626 
2.26824 0.169126 29.0452 2.2727 0.0912096 0.925 1.45626 
2.27414 0.171366 27.7533 2.27883 0.0896598 0.95 1.45626 
2.28027 0.173687 26.4615 2.28518 0.0880551 0.975 1.45626 
2.28663 0.176088 25.1697 2.29177 0.0863956 1 1.45626 
2.26671 0.155505 30.3791 2.27041 0.0859986 0.9 1.46444 
2.27245 0.157513 29.0873 2.27633 0.0846109 0.925 1.46444 
2.27841 0.159597 27.7955 2.28248 0.0831722 0.95 1.46444 
2.2846 0.161755 26.5037 2.28886 0.0816826 0.975 1.46444 
2.291 0.163988 25.2119 2.29547 0.0801421 1 1.46444 
2.27058 0.143936 30.4213 2.27375 0.0793159 0.9 1.47262 
2.27636 0.145794 29.1295 2.27969 0.0780342 0.925 1.47262 
2.28237 0.147721 27.8377 2.28586 0.0767054 0.95 1.47262 
2.2886 0.149717 26.5459 2.29226 0.0753295 0.975 1.47262 
2.29506 0.151783 25.254 2.29889 0.0739065 1 1.47262 

ZONE I=5, J=5
2.27058 0.143936 30.4516 2.27375 0.0793159 0.9 1.47262 
2.27636 0.145794 29.1459 2.27969 0.0780342 0.925 1.47262 
2.28237 0.147721 27.8401 2.28586 0.0767054 0.95 1.47262 
2.2886 0.149717 26.5344 2.29226 0.0753295 0.975 1.47262 
2.29506 0.151783 25.2286 2.29889 0.0739065 1 1.47262 
2.27414 0.13228 30.482 2.27682 0.0726461 0.9 1.4808 
2.27996 0.133984 29.1763 2.28278 0.071473 0.925 1.4808 
2.28602 0.135751 27.8705 2.28897 0.0702568 0.95 1.4808 
2.2923 0.137582 26.5648 2.29539 0.0689974 0.975 1.4808 
2.2988 0.139477 25.259 2.30204 0.067695 1 1.4808 
2.27739 0.120533 30.5124 2.27962 0.0659905 0.9 1.48898 
2.28326 0.122083 29.2067 2.2856 0.0649251 0.925 1.48898 
2.28935 0.123691 27.9009 2.2918 0.0638205 0.95 1.48898 
2.29568 0.125357 26.5952 2.29824 0.0626767 0.975 1.48898 
2.30222 0.127081 25.2894 2.30491 0.0614938 1 1.48898 
2.28034 0.108701 30.5428 2.28216 0.059349 0.9 1.49716 
2.28625 0.110098 29.2371 2.28815 0.0583904 0.925 1.49716 
2.29238 0.111547 27.9313 2.29437 0.0573965 0.95 1.49716 
2.29874 0.113048 26.6255 2.30082 0.0563673 0.975 1.49716 
2.30532 0.114601 25.3198 2.30751 0.0553029 1 1.49716 
2.28299 0.0967921 30.5732 2.28443 0.0527217 0.9 1.50535 
2.28892 0.0980356 29.2674 2.29043 0.051869 0.925 1.50535 
2.29509 0.0993255 27.9617 2.29667 0.0509848 0.95 1.50535 
2.30148 0.100662 26.6559 2.30313 0.0500693 0.975 1.50535 
2.3081 0.102045 25.3502 2.30983 0.0491224 1 1.50535 

ZONE I=5, J=5
2.28299 0.0967921 30.5936 2.28443 0.0527217 0.9 1.50535 
2.28892 0.0980356 29.2785 2.29043 0.051869 0.925 1.50535 
2.29509 0.0993255 27.9634 2.29667 0.0509848 0.95 1.50535 
2.30148 0.100662 26.6482 2.30313 0.0500693 0.975 1.50535 
2.3081 0.102045 25.3331 2.30983 0.0491224 1 1.50535 
2.28532 0.0848327 30.6119 2.28643 0.046107 0.9 1.51353 
2.29128 0.0859208 29.2968 2.29245 0.0453618 0.925 1.51353 
2.29748 0.0870497 27.9817 2.29869 0.0445891 0.95 1.51353 
2.3039 0.0882193 26.6666 2.30517 0.0437891 0.975 1.51353 
2.31055 0.0894296 25.3515 2.31189 0.0429616 1 1.51353 
2.28735 0.0728185 30.6303 2.28817 0.0395017 0.9 1.52171 
2.29333 0.0737515 29.3152 2.29419 0.0388635 0.925 1.52171 
2.29955 0.0747194 28.0001 2.30045 0.0382018 0.95 1.52171 
2.306 0.0757222 26.6849 2.30694 0.0375166 0.975 1.52171 
2.31268 0.07676 25.3698 2.31366 0.036808 1 1.52171 
2.28906 0.060756 30.6486 2.28963 0.032906 0.9 1.52989 
2.29507 0.061534 29.3335 2.29567 0.0323742 0.925 1.52989 
2.30131 0.0623411 28.0184 2.30193 0.0318228 0.95 1.52989 
2.30778 0.0631774 26.7033 2.30843 0.0312519 0.975 1.52989 
2.31448 0.0640428 25.3882 2.31517 0.0306614 1 1.52989 
2.29047 0.0486516 30.667 2.29084 0.0263197 0.9 1.53807 
2.29649 0.0492749 29.3519 2.29687 0.0258938 0.925 1.53807 
2.30275 0.0499215 28.0368 2.30315 0.0254522 0.95 1.53807 
2.30923 0.0505915 26.7216 2.30965 0.0249949 0.975 1.53807 
2.31596 0.0512848 25.4065 2.31639 0.0245219 1 1.53807 

ZONE I=5, J=5
2.29047 0.0486516 30.6772 2.29084 0.0263197 0.9 1.53807 
2.29649 0.0492749 29.3574 2.29687 0.0258938 0.925 1.53807 
2.30275 0.0499215 28.0376 2.30315 0.0254522 0.95 1.53807 
2.30923 0.0505915 26.7178 2.30965 0.0249949 0.975 1.53807 
2.31596 0.0512848 25.3979 2.31639 0.0245219 1 1.53807 
2.29156 0.0365196 30.6834 2.29177 0.0197381 0.9 1.54625 
2.2976 0.036987 29.3635 2.29781 0.0194189 0.925 1.54625 
2.30387 0.037472 28.0437 2.30409 0.0190879 0.95 1.54625 
2.31037 0.0379745 26.7239 2.3106 0.0187452 0.975 1.54625 
2.3171 0.0384944 25.4041 2.31735 0.0183907 1 1.54625 
2.29234 0.0243612 30.6895 2.29244 0.0131576 0.9 1.55443 
2.29839 0.0246728 29.3697 2.29848 0.012945 0.925 1.55443 
2.30467 0.0249961 28.0498 2.30477 0.0127245 0.95 1.55443 
2.31118 0.025331 26.73 2.31128 0.0124962 0.975 1.55443 
2.31792 0.0256776 25.4102 2.31803 0.01226 1 1.55443 
2.29281 0.0121831 30.6956 2.29284 0.00657823 0.9 1.56261 
2.29886 0.0123388 29.3758 2.29889 0.00647199 0.925 1.56261 
2.30515 0.0125004 28.056 2.30517 0.00636184 0.95 1.56261 
2.31166 0.0126678 26.7361 2.31169 0.00624778 0.975 1.56261 
2.31842 0.012841 25.4163 2.31844 0.0061298 1 1.56261 
2.29297 -8.42255e-06 30.7017 2.29297 0 0.9 1.5708 
2.29902 -8.44477e-06 29.3819 2.29902 0 0.925 1.5708 
2.30531 -8.46786e-06 28.0621 2.30531 0 0.95 1.5708 
2.31183 -8.49181e-06 26.7423 2.31183 0 0.975 1.5708 
2.31858 -8.51662e-06 25.4224 2.31858 0 1 1.5708 

