ZONE I=5, J=5
0 0.473824 16.1645 0.473824 0 0.9 0 
0 0.482153 14.6623 0.482153 0 0.925 0 
0 0.49096 13.1601 0.49096 0 0.95 0 
0 0.500242 11.6579 0.500242 0 0.975 0 
0 0.51 10.1557 0.51 0 1 0 
0.0129305 0.473824 16.1658 0.473914 0.00905361 0.9 0.00818126 
0.01293 0.482154 14.6636 0.482244 0.00898495 0.925 0.00818126 
0.0129296 0.49096 13.1614 0.491049 0.00891254 0.95 0.00818126 
0.0129294 0.500242 11.6592 0.500331 0.00883636 0.975 0.00818126 
0.0129292 0.51 10.157 0.510089 0.00875641 1 0.00818126 
0.0258583 0.473825 16.1671 0.474185 0.0181022 0.9 0.0163625 
0.0258573 0.482155 14.6649 0.482513 0.0179649 0.925 0.0163625 
0.0258565 0.49096 13.1627 0.491318 0.01782 0.95 0.0163625 
0.0258559 0.500242 11.6605 0.500598 0.0176676 0.975 0.0163625 
0.0258557 0.51 10.1583 0.510355 0.0175077 1 0.0163625 
0.0387859 0.473827 16.1684 0.474636 0.0271459 0.9 0.0245437 
0.0387842 0.482156 14.6662 0.482963 0.0269398 0.925 0.0245437 
0.038783 0.490961 13.164 0.491765 0.0267225 0.95 0.0245437 
0.0387821 0.500243 11.6618 0.501044 0.0264938 0.975 0.0245437 
0.0387816 0.51 10.1596 0.510798 0.0262539 1 0.0245437 
0.0517155 0.47383 16.1697 0.475268 0.0361845 0.9 0.0327249 
0.0517132 0.482158 14.6675 0.483592 0.0359098 0.925 0.0327249 
0.0517115 0.490963 13.1653 0.492392 0.0356199 0.95 0.0327249 
0.0517102 0.500243 11.6631 0.501667 0.035315 0.975 0.0327249 
0.0517093 0.51 10.1609 0.511419 0.0349949 1 0.0327249 

ZONE I=5, J=5
0.0517155 0.47383 16.1717 0.475268 0.0361845 0.9 0.0327249 
0.0517132 0.482158 14.6687 0.483592 0.0359098 0.925 0.0327249 
0.0517115 0.490963 13.1657 0.492392 0.0356199 0.95 0.0327249 
0.0517102 0.500243 11.6627 0.501667 0.035315 0.975 0.0327249 
0.0517093 0.51 10.1596 0.511419 0.0349949 1 0.0327249 
0.0646452 0.473833 16.1749 0.47608 0.0452139 0.9 0.0409062 
0.0646426 0.482161 14.6718 0.484401 0.0448707 0.925 0.0409062 
0.0646405 0.490964 13.1688 0.493197 0.0445086 0.95 0.0409062 
0.0646391 0.500244 11.6658 0.502469 0.0441277 0.975 0.0409062 
0.0646383 0.51 10.1628 0.512217 0.0437279 1 0.0409062 
0.0775726 0.473837 16.178 0.477072 0.0542291 0.9 0.0490874 
0.0775694 0.482164 14.675 0.485389 0.0538173 0.925 0.0490874 
0.077567 0.490967 13.172 0.494181 0.053383 0.95 0.0490874 
0.0775653 0.500245 11.669 0.503449 0.052926 0.975 0.0490874 
0.0775644 0.51 10.166 0.513192 0.0524464 1 0.0490874 
0.0904998 0.473841 16.1812 0.478244 0.0632301 0.9 0.0572686 
0.0904961 0.482167 14.6782 0.486556 0.0627498 0.925 0.0572686 
0.0904931 0.490969 13.1751 0.495344 0.062243 0.95 0.0572686 
0.0904911 0.500246 11.6721 0.504606 0.0617099 0.975 0.0572686 
0.0904898 0.51 10.1691 0.514343 0.0611504 1 0.0572686 
0.103429 0.473846 16.1843 0.479597 0.0722169 0.9 0.0654498 
0.103425 0.482171 14.6813 0.487903 0.071668 0.925 0.0654498 
0.103421 0.490972 13.1783 0.496684 0.0710888 0.95 0.0654498 
0.103419 0.500248 11.6753 0.505941 0.0704795 0.975 0.0654498 
0.103417 0.51 10.1723 0.515672 0.06984 1 0.0654498 

ZONE I=5, J=5
0.103429 0.473846 16.1881 0.479597 0.0722169 0.9 0.0654498 
0.103425 0.482171 14.6835 0.487903 0.071668 0.925 0.0654498 
0.103421 0.490972 13.1789 0.496684 0.0710888 0.95 0.0654498 
0.103419 0.500248 11.6743 0.505941 0.0704795 0.975 0.0654498 
0.103417 0.51 10.1697 0.515672 0.06984 1 0.0654498 
0.116358 0.473853 16.1935 0.481128 0.081184 0.9 0.0736311 
0.116353 0.482176 14.6889 0.489429 0.0805669 0.925 0.073631 
0.11635 0.490975 13.1843 0.498204 0.079916 0.95 0.0736311 
0.116347 0.50025 11.6797 0.507453 0.0792311 0.975 0.0736311 
0.116345 0.51 10.1751 0.517177 0.0785123 1 0.0736311 
0.129284 0.473859 16.1989 0.482839 0.0901277 0.9 0.0818123 
0.129279 0.482181 14.6943 0.491133 0.0894424 0.925 0.0818123 
0.129275 0.490978 13.1897 0.499901 0.0887195 0.95 0.0818123 
0.129272 0.500251 11.6851 0.509142 0.0879589 0.975 0.0818123 
0.129271 0.51 10.1805 0.518858 0.0871607 1 0.0818123 
0.142211 0.473866 16.2043 0.48473 0.099048 0.9 0.0899936 
0.142205 0.482187 14.6997 0.493016 0.0982944 0.925 0.0899936 
0.1422 0.490982 13.1951 0.501775 0.0974994 0.95 0.0899936 
0.142197 0.500253 11.6905 0.511008 0.0966629 0.975 0.0899935 
0.142195 0.51 10.1859 0.520716 0.0957851 1 0.0899936 
0.15514 0.473875 16.2097 0.486799 0.107945 0.9 0.0981748 
0.155133 0.482193 14.7051 0.495077 0.107123 0.925 0.0981748 
0.155128 0.490986 13.2005 0.503827 0.106256 0.95 0.0981748 
0.155124 0.500255 11.6959 0.513051 0.105343 0.975 0.0981748 
0.155121 0.51 10.1912 0.522749 0.104385 1 0.0981748 

ZONE I=5, J=5
0.15514 0.473875 16.2151 0.486799 0.107945 0.9 0.0981748 
0.155133 0.482193 14.7081 0.495077 0.107123 0.925 0.0981748 
0.155128 0.490986 13.2011 0.503827 0.106256 0.95 0.0981748 
0.155124 0.500255 11.6941 0.513051 0.105343 0.975 0.0981748 
0.155121 0.51 10.1871 0.522749 0.104385 1 0.0981748 
0.168067 0.473883 16.2227 0.489047 0.116812 0.9 0.106356 
0.16806 0.4822 14.7157 0.497315 0.115922 0.925 0.106356 
0.168054 0.490991 13.2087 0.506057 0.114983 0.95 0.106356 
0.168051 0.500258 11.7017 0.515271 0.113996 0.975 0.106356 
0.168048 0.51 10.1947 0.524958 0.11296 1 0.106356 
0.180991 0.473893 16.2303 0.491473 0.125646 0.9 0.114537 
0.180984 0.482207 14.7233 0.499731 0.124688 0.925 0.114537 
0.180978 0.490996 13.2163 0.508462 0.123678 0.95 0.114537 
0.180975 0.50026 11.7093 0.517666 0.122616 0.975 0.114537 
0.180972 0.51 10.2023 0.527341 0.1215 1 0.114537 
0.193917 0.473903 16.2379 0.494076 0.134448 0.9 0.122718 
0.193909 0.482215 14.7309 0.502325 0.133422 0.925 0.122718 
0.193903 0.491001 13.2239 0.511045 0.132341 0.95 0.122718 
0.193898 0.500263 11.7169 0.520236 0.131203 0.975 0.122718 
0.193896 0.51 10.2099 0.529899 0.130008 1 0.122718 
0.206845 0.473914 16.2455 0.496858 0.143217 0.9 0.1309 
0.206836 0.482223 14.7385 0.505095 0.142124 0.925 0.1309 
0.206829 0.491007 13.2315 0.513803 0.14097 0.95 0.1309 
0.206824 0.500266 11.7245 0.522982 0.139756 0.975 0.1309 
0.20682 0.51 10.2175 0.532632 0.138482 1 0.1309 

ZONE I=5, J=5
0.206845 0.473914 16.2526 0.496858 0.143217 0.9 0.1309 
0.206836 0.482223 14.7424 0.505095 0.142124 0.925 0.1309 
0.206829 0.491007 13.2322 0.513803 0.14097 0.95 0.1309 
0.206824 0.500266 11.722 0.522982 0.139756 0.975 0.1309 
0.20682 0.51 10.2118 0.532632 0.138482 1 0.1309 
0.21977 0.473925 16.2625 0.499816 0.151946 0.9 0.139081 
0.219761 0.482232 14.7522 0.508042 0.150785 0.925 0.139081 
0.219754 0.491013 13.242 0.516737 0.149561 0.95 0.139081 
0.219749 0.500269 11.7318 0.525903 0.148273 0.975 0.139081 
0.219746 0.51 10.2216 0.535539 0.146921 1 0.139081 
0.232693 0.473938 16.2723 0.502951 0.160633 0.9 0.147262 
0.232683 0.482241 14.7621 0.511164 0.159405 0.925 0.147262 
0.232676 0.49102 13.2518 0.519846 0.15811 0.95 0.147262 
0.232671 0.500273 11.7416 0.528998 0.156748 0.975 0.147262 
0.232668 0.51 10.2314 0.53862 0.155318 1 0.147262 
0.245616 0.473951 16.2821 0.506262 0.169279 0.9 0.155443 
0.245606 0.482251 14.7719 0.514461 0.167984 0.925 0.155443 
0.245598 0.491026 13.2617 0.523129 0.166617 0.95 0.155443 
0.245593 0.500276 11.7515 0.532266 0.16518 0.975 0.155443 
0.245589 0.51 10.2412 0.541873 0.163671 1 0.155443 
0.258543 0.473964 16.2919 0.509749 0.177883 0.9 0.163625 
0.258532 0.482262 14.7817 0.517934 0.17652 0.925 0.163625 
0.258523 0.491034 13.2715 0.526587 0.175082 0.95 0.163625 
0.258516 0.50028 11.7613 0.535709 0.17357 0.975 0.163625 
0.258512 0.51 10.2511 0.545299 0.171982 1 0.163625 

ZONE I=5, J=5
0.258543 0.473964 16.3007 0.509749 0.177883 0.9 0.163625 
0.258532 0.482262 14.7865 0.517934 0.17652 0.925 0.163625 
0.258523 0.491034 13.2723 0.526587 0.175082 0.95 0.163625 
0.258516 0.50028 11.758 0.535709 0.17357 0.975 0.163625 
0.258512 0.51 10.2438 0.545299 0.171982 1 0.163625 
0.271465 0.473979 16.3128 0.513411 0.186436 0.9 0.171806 
0.271454 0.482273 14.7985 0.521581 0.185007 0.925 0.171806 
0.271445 0.491041 13.2843 0.530219 0.1835 0.95 0.171806 
0.271439 0.500284 11.7701 0.539324 0.181914 0.975 0.171806 
0.271436 0.51 10.2559 0.548897 0.180249 1 0.171806 
0.284386 0.473994 16.3248 0.517247 0.194939 0.9 0.179987 
0.284374 0.482284 14.8106 0.525401 0.193443 0.925 0.179987 
0.284365 0.491049 13.2964 0.534023 0.191866 0.95 0.179987 
0.284359 0.500288 11.7821 0.543111 0.190206 0.975 0.179987 
0.284356 0.51 10.2679 0.552666 0.188464 1 0.179987 
0.297307 0.474009 16.3369 0.521256 0.203391 0.9 0.188168 
0.297295 0.482296 14.8226 0.529395 0.201829 0.925 0.188168 
0.297285 0.491057 13.3084 0.538 0.200181 0.95 0.188168 
0.297278 0.500292 11.7942 0.54707 0.198447 0.975 0.188168 
0.297275 0.51 10.2799 0.556606 0.196627 1 0.188168 
0.310231 0.474026 16.3489 0.525441 0.211792 0.9 0.19635 
0.310218 0.482309 14.8347 0.533562 0.210163 0.925 0.19635 
0.310207 0.491066 13.3204 0.542149 0.208444 0.95 0.19635 
0.310199 0.500296 11.8062 0.5512 0.206636 0.975 0.19635 
0.310194 0.51 10.292 0.560716 0.204738 1 0.19635 

ZONE I=5, J=5
0.310231 0.474026 16.3594 0.525441 0.211792 0.9 0.19635 
0.310218 0.482309 14.8404 0.533562 0.210163 0.925 0.19635 
0.310207 0.491066 13.3213 0.542149 0.208444 0.95 0.19635 
0.310199 0.500296 11.8023 0.5512 0.206636 0.975 0.19635 
0.310194 0.51 10.2832 0.560716 0.204738 1 0.19635 
0.323151 0.474043 16.3737 0.529797 0.220133 0.9 0.204531 
0.323138 0.482322 14.8547 0.537901 0.218439 0.925 0.204531 
0.323127 0.491075 13.3356 0.546469 0.216651 0.95 0.204531 
0.32312 0.500301 11.8166 0.555501 0.21477 0.975 0.204531 
0.323116 0.51 10.2975 0.564997 0.212796 1 0.204531 
0.336068 0.474061 16.388 0.534324 0.228414 0.9 0.212712 
0.336055 0.482336 14.8689 0.54241 0.226654 0.925 0.212712 
0.336044 0.491084 13.3499 0.550959 0.224797 0.95 0.212712 
0.336037 0.500306 11.8308 0.559971 0.222843 0.975 0.212712 
0.336033 0.51 10.3118 0.569446 0.220793 1 0.212712 
0.348986 0.474079 16.4023 0.539023 0.236635 0.9 0.220893 
0.348972 0.48235 14.8832 0.54709 0.234809 0.925 0.220893 
0.348961 0.491094 13.3642 0.555619 0.232883 0.95 0.220893 
0.348953 0.500311 11.8451 0.56461 0.230856 0.975 0.220893 
0.348948 0.51 10.3261 0.574063 0.228728 1 0.220893 
0.361907 0.474098 16.4166 0.543893 0.244797 0.9 0.229074 
0.361891 0.482365 14.8975 0.551941 0.242904 0.925 0.229074 
0.361879 0.491104 13.3785 0.560449 0.240908 0.95 0.229074 
0.36187 0.500316 11.8594 0.569418 0.238807 0.975 0.229074 
0.361864 0.51 10.3403 0.578848 0.236602 1 0.229074 

ZONE I=5, J=5
0.361907 0.474098 16.4289 0.543893 0.244797 0.9 0.229074 
0.361891 0.482365 14.9041 0.551941 0.242904 0.925 0.229074 
0.361879 0.491104 13.3794 0.560449 0.240908 0.95 0.229074 
0.36187 0.500316 11.8547 0.569418 0.238807 0.975 0.229074 
0.361864 0.51 10.33 0.578848 0.236602 1 0.229074 
0.374824 0.474118 16.4454 0.548933 0.252889 0.9 0.237256 
0.374809 0.48238 14.9207 0.556961 0.250932 0.925 0.237256 
0.374797 0.491115 13.396 0.565448 0.248868 0.95 0.237256 
0.374789 0.500321 11.8713 0.574394 0.246696 0.975 0.237256 
0.374784 0.51 10.3466 0.583801 0.244416 1 0.237256 
0.387739 0.474138 16.4619 0.554142 0.260912 0.9 0.245437 
0.387723 0.482396 14.9372 0.562148 0.258891 0.925 0.245437 
0.387711 0.491125 13.4125 0.570613 0.256758 0.95 0.245437 
0.387703 0.500327 11.8878 0.579537 0.254515 0.975 0.245437 
0.387698 0.51 10.3631 0.588919 0.25216 1 0.245437 
0.400654 0.474159 16.4785 0.559519 0.268867 0.9 0.253618 
0.400637 0.482412 14.9538 0.567503 0.26678 0.925 0.253618 
0.400625 0.491136 13.4291 0.575945 0.264579 0.95 0.253618 
0.400616 0.500332 11.9043 0.584845 0.262263 0.975 0.253618 
0.40061 0.51 10.3796 0.594202 0.259832 1 0.253618 
0.413571 0.474181 16.495 0.565064 0.276752 0.9 0.261799 
0.413553 0.482429 14.9703 0.573026 0.2746 0.925 0.261799 
0.413539 0.491148 13.4456 0.581444 0.27233 0.95 0.261799 
0.413529 0.500338 11.9209 0.590319 0.269941 0.975 0.261799 
0.413522 0.51 10.3962 0.599649 0.267434 1 0.261799 

ZONE I=5, J=5
0.413571 0.474181 16.5091 0.565064 0.276752 0.9 0.261799 
0.413553 0.482429 14.9779 0.573026 0.2746 0.925 0.261799 
0.413539 0.491148 13.4467 0.581444 0.27233 0.95 0.261799 
0.413529 0.500338 11.9155 0.590319 0.269941 0.975 0.261799 
0.413522 0.51 10.3843 0.599649 0.267434 1 0.261799 
0.426484 0.474204 16.5279 0.570775 0.284559 0.9 0.269981 
0.426467 0.482446 14.9967 0.578714 0.282344 0.925 0.269981 
0.426453 0.49116 13.4655 0.587109 0.280007 0.95 0.269981 
0.426444 0.500344 11.9343 0.595958 0.277548 0.975 0.269981 
0.426438 0.51 10.4031 0.605262 0.274967 1 0.269981 
0.439395 0.474227 16.5467 0.576651 0.292288 0.9 0.278162 
0.439377 0.482464 15.0155 0.584567 0.290009 0.925 0.278162 
0.439364 0.491172 13.4843 0.592937 0.287605 0.95 0.278162 
0.439355 0.500351 11.9531 0.60176 0.285076 0.975 0.278162 
0.439349 0.51 10.4219 0.611037 0.282421 1 0.278162 
0.452306 0.474251 16.5655 0.582693 0.299939 0.9 0.286343 
0.452287 0.482482 15.0343 0.590584 0.297596 0.925 0.286343 
0.452273 0.491184 13.5031 0.598928 0.295125 0.95 0.286343 
0.452263 0.500357 11.9719 0.607724 0.292525 0.975 0.286343 
0.452257 0.51 10.4407 0.616973 0.289795 1 0.286343 
0.465219 0.474275 16.5843 0.588899 0.307512 0.9 0.294524 
0.465199 0.482501 15.0531 0.596765 0.305106 0.925 0.294524 
0.465184 0.491197 13.5219 0.605082 0.302566 0.95 0.294524 
0.465172 0.500364 11.9907 0.61385 0.299894 0.975 0.294524 
0.465164 0.51 10.4596 0.62307 0.297089 1 0.294524 

ZONE I=5, J=5
0.465219 0.474275 16.6002 0.588899 0.307512 0.9 0.294524 
0.465199 0.482501 15.0617 0.596765 0.305106 0.925 0.294524 
0.465184 0.491197 13.5232 0.605082 0.302566 0.95 0.294524 
0.465172 0.500364 11.9846 0.61385 0.299894 0.975 0.294524 
0.465164 0.51 10.4461 0.62307 0.297089 1 0.294524 
0.478128 0.474301 16.6213 0.595268 0.314998 0.9 0.302706 
0.478109 0.482521 15.0828 0.603108 0.312529 0.925 0.302706 
0.478094 0.491211 13.5443 0.611399 0.309925 0.95 0.302706 
0.478083 0.500371 12.0058 0.620139 0.307184 0.975 0.302706 
0.478077 0.51 10.4672 0.629329 0.304307 1 0.302706 
0.491034 0.474326 16.6424 0.601797 0.322397 0.9 0.310887 
0.491015 0.48254 15.1039 0.609612 0.319866 0.925 0.310887 
0.491 0.491224 13.5654 0.617875 0.317196 0.95 0.310887 
0.49099 0.500377 12.0269 0.626586 0.314386 0.975 0.310887 
0.490984 0.51 10.4884 0.635745 0.311437 1 0.310887 
0.503941 0.474353 16.6635 0.608488 0.32971 0.9 0.319068 
0.503921 0.482561 15.125 0.616276 0.327116 0.925 0.319068 
0.503905 0.491238 13.5865 0.62451 0.324379 0.95 0.319068 
0.503894 0.500384 12.048 0.633191 0.3215 0.975 0.319068 
0.503887 0.51 10.5095 0.642319 0.318477 1 0.319068 
0.51685 0.47438 16.6846 0.61534 0.336937 0.9 0.327249 
0.516828 0.482582 15.1461 0.6231 0.334279 0.925 0.327249 
0.516811 0.491252 13.6076 0.631305 0.331476 0.95 0.327249 
0.516797 0.500392 12.0691 0.639955 0.328526 0.975 0.327249 
0.516789 0.51 10.5306 0.649051 0.325429 1 0.327249 

ZONE I=5, J=5
0.51685 0.47438 16.7023 0.61534 0.336937 0.9 0.327249 
0.516828 0.482582 15.1556 0.6231 0.334279 0.925 0.327249 
0.516811 0.491252 13.6089 0.631305 0.331476 0.95 0.327249 
0.516797 0.500392 12.0623 0.639955 0.328526 0.975 0.327249 
0.516789 0.51 10.5156 0.649051 0.325429 1 0.327249 
0.529753 0.474408 16.7257 0.62235 0.344066 0.9 0.335431 
0.529732 0.482603 15.1791 0.630082 0.341348 0.925 0.335431 
0.529716 0.491267 13.6324 0.638258 0.338481 0.95 0.335431 
0.529704 0.500399 12.0857 0.646877 0.335464 0.975 0.335431 
0.529697 0.51 10.539 0.655941 0.332297 1 0.335431 
0.542655 0.474436 16.7492 0.629517 0.351101 0.9 0.343612 
0.542633 0.482625 15.2025 0.63722 0.348322 0.925 0.343612 
0.542617 0.491282 13.6558 0.645366 0.34539 0.95 0.343612 
0.542606 0.500407 12.1091 0.653954 0.342305 0.975 0.343612 
0.542599 0.51 10.5624 0.662984 0.339067 1 0.343612 
0.555556 0.474465 16.7726 0.636842 0.35804 0.9 0.351793 
0.555534 0.482647 15.2259 0.644515 0.3552 0.925 0.351793 
0.555517 0.491297 13.6792 0.652629 0.352203 0.95 0.351793 
0.555504 0.500415 12.1325 0.661184 0.34905 0.975 0.351793 
0.555497 0.51 10.5859 0.67018 0.34574 1 0.351793 
0.56846 0.474495 16.796 0.644323 0.364885 0.9 0.359974 
0.568436 0.48267 15.2493 0.651966 0.361983 0.925 0.359974 
0.568417 0.491313 13.7027 0.660048 0.35892 0.95 0.359974 
0.568403 0.500423 12.156 0.668569 0.355698 0.975 0.359974 
0.568394 0.51 10.6093 0.677529 0.352316 1 0.359974 

ZONE I=5, J=5
0.56846 0.474495 16.8156 0.644323 0.364885 0.9 0.359974 
0.568436 0.48267 15.2599 0.651966 0.361983 0.925 0.359974 
0.568417 0.491313 13.7041 0.660048 0.35892 0.95 0.359974 
0.568403 0.500423 12.1484 0.668569 0.355698 0.975 0.359974 
0.568394 0.51 10.5927 0.677529 0.352316 1 0.359974 
0.581358 0.474525 16.8414 0.651957 0.371624 0.9 0.368156 
0.581335 0.482694 15.2856 0.659569 0.368662 0.925 0.368156 
0.581317 0.491329 13.7299 0.66762 0.365538 0.95 0.368156 
0.581304 0.500431 12.1742 0.676107 0.36225 0.975 0.368156 
0.581297 0.51 10.6185 0.685032 0.358799 1 0.368156 
0.594254 0.474556 16.8671 0.659743 0.378259 0.9 0.376337 
0.594231 0.482717 15.3114 0.667325 0.375238 0.925 0.376337 
0.594213 0.491345 13.7557 0.675342 0.372051 0.95 0.376337 
0.5942 0.500439 12.2 0.683795 0.368697 0.975 0.376337 
0.594193 0.51 10.6443 0.692684 0.365177 1 0.376337 
0.60715 0.474588 16.8929 0.667682 0.384792 0.9 0.384518 
0.607126 0.482742 15.3372 0.675232 0.38171 0.925 0.384518 
0.607107 0.491362 13.7815 0.683215 0.378459 0.95 0.384518 
0.607093 0.500448 12.2258 0.691633 0.375039 0.975 0.384518 
0.607085 0.51 10.67 0.700485 0.371448 1 0.384518 
0.620048 0.47462 16.9187 0.675774 0.391221 0.9 0.392699 
0.620022 0.482767 15.363 0.68329 0.388079 0.925 0.392699 
0.620001 0.491379 13.8073 0.691239 0.384764 0.95 0.392699 
0.619986 0.500457 12.2515 0.69962 0.381276 0.975 0.392699 
0.619976 0.51 10.6958 0.708433 0.377614 1 0.392699 

ZONE I=5, J=5
0.620048 0.47462 16.9401 0.675774 0.391221 0.9 0.392699 
0.620022 0.482767 15.3745 0.68329 0.388079 0.925 0.392699 
0.620001 0.491379 13.8089 0.691239 0.384764 0.95 0.392699 
0.619986 0.500457 12.2432 0.69962 0.381276 0.975 0.392699 
0.619976 0.51 10.6776 0.708433 0.377614 1 0.392699 
0.63294 0.474653 16.9683 0.684013 0.397535 0.9 0.400881 
0.632914 0.482792 15.4027 0.691497 0.394336 0.925 0.400881 
0.632895 0.491396 13.837 0.699411 0.39096 0.95 0.400881 
0.632881 0.500466 12.2714 0.707756 0.387409 0.975 0.400881 
0.632873 0.51 10.7058 0.716532 0.38368 1 0.400881 
0.645829 0.474686 16.9965 0.6924 0.403738 0.9 0.409062 
0.645804 0.482818 15.4308 0.69985 0.400481 0.925 0.409062 
0.645784 0.491414 13.8652 0.707729 0.397044 0.95 0.409062 
0.645771 0.500475 12.2996 0.716037 0.393428 0.975 0.409062 
0.645763 0.51 10.7339 0.724774 0.389632 1 0.409062 
0.658718 0.47472 17.0246 0.700934 0.40983 0.9 0.417243 
0.658692 0.482844 15.459 0.70835 0.406514 0.925 0.417243 
0.658672 0.491432 13.8934 0.716193 0.403016 0.95 0.417243 
0.658658 0.500484 12.3277 0.724462 0.399334 0.975 0.417243 
0.658649 0.51 10.7621 0.733159 0.39547 1 0.417243 
0.671611 0.474755 17.0528 0.709616 0.415811 0.9 0.425424 
0.671583 0.482871 15.4872 0.716996 0.412436 0.925 0.425424 
0.67156 0.49145 13.9215 0.724802 0.408875 0.95 0.425424 
0.671543 0.500493 12.3559 0.733032 0.405128 0.975 0.425424 
0.671532 0.51 10.7903 0.741687 0.401194 1 0.425424 

ZONE I=5, J=5
0.671611 0.474755 17.0762 0.709616 0.415811 0.9 0.425424 
0.671583 0.482871 15.4997 0.716996 0.412436 0.925 0.425424 
0.67156 0.49145 13.9233 0.724802 0.408875 0.95 0.425424 
0.671543 0.500493 12.3469 0.733032 0.405128 0.975 0.425424 
0.671532 0.51 10.7704 0.741687 0.401194 1 0.425424 
0.684494 0.474791 17.1068 0.718439 0.421668 0.9 0.433605 
0.684467 0.482898 15.5303 0.725785 0.418237 0.925 0.433605 
0.684446 0.491469 13.9539 0.733553 0.414617 0.95 0.433605 
0.684431 0.500503 12.3774 0.741745 0.410808 0.975 0.433605 
0.684422 0.51 10.801 0.75036 0.40681 1 0.433605 
0.697376 0.474827 17.1373 0.727405 0.427406 0.9 0.441786 
0.697349 0.482926 15.5609 0.734714 0.423919 0.925 0.441786 
0.697328 0.491488 13.9845 0.742445 0.420239 0.95 0.441786 
0.697313 0.500512 12.408 0.750598 0.416368 0.975 0.441786 
0.697305 0.51 10.8316 0.759171 0.412304 1 0.441786 
0.710258 0.474863 17.1679 0.736513 0.433025 0.9 0.449967 
0.71023 0.482954 15.5915 0.743786 0.429481 0.925 0.449967 
0.710209 0.491507 14.0151 0.751478 0.425741 0.95 0.449967 
0.710193 0.500522 12.4386 0.759589 0.421806 0.975 0.449967 
0.710184 0.51 10.8622 0.76812 0.417676 1 0.449967 
0.723145 0.474901 17.1985 0.745764 0.438525 0.9 0.458149 
0.723115 0.482982 15.6221 0.752999 0.434924 0.925 0.458149 
0.723091 0.491526 14.0456 0.760651 0.431124 0.95 0.458149 
0.723073 0.500532 12.4692 0.768721 0.427124 0.975 0.458149 
0.723061 0.51 10.8928 0.777207 0.422926 1 0.458149 

ZONE I=5, J=5
0.723145 0.474901 17.2238 0.745764 0.438525 0.9 0.458149 
0.723115 0.482982 15.6357 0.752999 0.434924 0.925 0.458149 
0.723091 0.491526 14.0475 0.760651 0.431124 0.95 0.458149 
0.723073 0.500532 12.4594 0.768721 0.427124 0.975 0.458149 
0.723061 0.51 10.8712 0.777207 0.422926 1 0.458149 
0.73602 0.474939 17.2569 0.755149 0.443893 0.9 0.46633 
0.735991 0.483012 15.6687 0.762348 0.440238 0.925 0.46633 
0.735969 0.491547 14.0806 0.769961 0.43638 0.95 0.46633 
0.735953 0.500543 12.4924 0.777989 0.432321 0.975 0.46633 
0.735943 0.51 10.9043 0.786433 0.428061 1 0.46633 
0.748894 0.474977 17.2899 0.764672 0.449135 0.9 0.474511 
0.748865 0.483041 15.7018 0.771832 0.445424 0.925 0.474511 
0.748843 0.491567 14.1136 0.779406 0.441509 0.95 0.474511 
0.748828 0.500553 12.5255 0.787392 0.43739 0.975 0.474511 
0.748819 0.51 10.9373 0.795791 0.433066 1 0.474511 
0.761769 0.475016 17.323 0.774331 0.45425 0.9 0.482692 
0.761739 0.483071 15.7348 0.781453 0.450484 0.925 0.482692 
0.761716 0.491587 14.1467 0.788985 0.446511 0.95 0.482692 
0.761699 0.500563 12.5585 0.796928 0.44233 0.975 0.482692 
0.76169 0.51 10.9704 0.805282 0.437941 1 0.482692 
0.774647 0.475055 17.356 0.784128 0.459238 0.9 0.490874 
0.774615 0.483102 15.7679 0.791209 0.455417 0.925 0.490874 
0.77459 0.491608 14.1797 0.798699 0.451385 0.95 0.490874 
0.774571 0.500574 12.5916 0.806597 0.447141 0.975 0.490874 
0.774558 0.51 11.0034 0.814904 0.442687 1 0.490874 

ZONE I=5, J=5
0.774647 0.475055 17.3833 0.784128 0.459238 0.9 0.490874 
0.774615 0.483102 15.7825 0.791209 0.455417 0.925 0.490874 
0.77459 0.491608 14.1818 0.798699 0.451385 0.95 0.490874 
0.774571 0.500574 12.581 0.806597 0.447141 0.975 0.490874 
0.774558 0.51 10.9802 0.814904 0.442687 1 0.490874 
0.787514 0.475096 17.4189 0.794052 0.464086 0.9 0.499055 
0.787483 0.483133 15.8181 0.801094 0.460213 0.925 0.499055 
0.787459 0.491629 14.2173 0.808543 0.456125 0.95 0.499055 
0.787442 0.500585 12.6165 0.816398 0.451824 0.975 0.499055 
0.787432 0.51 11.0157 0.82466 0.447309 1 0.499055 
0.800379 0.475137 17.4544 0.804107 0.4688 0.9 0.507236 
0.800349 0.483164 15.8536 0.811109 0.464874 0.925 0.507236 
0.800325 0.491651 14.2528 0.818516 0.460731 0.95 0.507236 
0.800309 0.500596 12.6521 0.826327 0.456371 0.975 0.507236 
0.800299 0.51 11.0513 0.834542 0.451795 1 0.507236 
0.813246 0.475178 17.49 0.814293 0.47338 0.9 0.515417 
0.813214 0.483196 15.8892 0.821254 0.469401 0.925 0.515417 
0.813189 0.491672 14.2884 0.828617 0.465201 0.95 0.515417 
0.813172 0.500607 12.6876 0.836382 0.460782 0.975 0.515417 
0.813161 0.51 11.0868 0.84455 0.456143 1 0.515417 
0.826115 0.47522 17.5255 0.82461 0.477827 0.9 0.523599 
0.826081 0.483228 15.9247 0.831529 0.473793 0.925 0.523599 
0.826054 0.491694 14.3239 0.838847 0.469537 0.95 0.523599 
0.826034 0.500618 12.7231 0.846565 0.465057 0.975 0.523599 
0.82602 0.51 11.1224 0.854683 0.460354 1 0.523599 

ZONE I=5, J=5
0.826115 0.47522 17.5548 0.82461 0.477827 0.9 0.523599 
0.826081 0.483228 15.9405 0.831529 0.473793 0.925 0.523599 
0.826054 0.491694 14.3261 0.838847 0.469537 0.95 0.523599 
0.826034 0.500618 12.7118 0.846565 0.465057 0.975 0.523599 
0.82602 0.51 11.0974 0.854683 0.460354 1 0.523599 
0.838972 0.475263 17.5929 0.835048 0.482125 0.9 0.53178 
0.83894 0.483261 15.9786 0.841926 0.478041 0.925 0.53178 
0.838915 0.491717 14.3642 0.849201 0.473731 0.95 0.53178 
0.838897 0.50063 12.7498 0.856874 0.469196 0.975 0.53178 
0.838886 0.51 11.1355 0.864945 0.464436 1 0.53178 
0.851828 0.475306 17.631 0.84561 0.486282 0.9 0.539961 
0.851796 0.483294 16.0167 0.852446 0.482147 0.925 0.539961 
0.851771 0.49174 14.4023 0.859677 0.477784 0.95 0.539961 
0.851754 0.500642 12.7879 0.867303 0.473193 0.975 0.539961 
0.851744 0.51 11.1736 0.875325 0.468373 1 0.539961 
0.864685 0.475349 17.6691 0.856297 0.490298 0.9 0.548142 
0.864652 0.483328 16.0547 0.86309 0.486112 0.925 0.548142 
0.864626 0.491762 14.4404 0.870275 0.481694 0.95 0.548142 
0.864607 0.500653 12.826 0.877853 0.477045 0.975 0.548142 
0.864596 0.51 11.2117 0.885825 0.472165 1 0.548142 
0.877545 0.475393 17.7072 0.867109 0.494173 0.9 0.556324 
0.877509 0.483362 16.0928 0.873857 0.489935 0.925 0.556324 
0.877481 0.491786 14.4785 0.880995 0.485462 0.95 0.556324 
0.877459 0.500665 12.8641 0.888524 0.480755 0.975 0.556324 
0.877445 0.51 11.2498 0.896444 0.475813 1 0.556324 

ZONE I=5, J=5
0.877545 0.475393 17.7386 0.867109 0.494173 0.9 0.556324 
0.877509 0.483362 16.1097 0.873857 0.489935 0.925 0.556324 
0.877481 0.491786 14.4808 0.880995 0.485462 0.95 0.556324 
0.877459 0.500665 12.8519 0.888524 0.480755 0.975 0.556324 
0.877445 0.51 11.223 0.896444 0.475813 1 0.556324 
0.890392 0.475438 17.7793 0.878033 0.497892 0.9 0.564505 
0.890358 0.483397 16.1504 0.884739 0.493606 0.925 0.564505 
0.890331 0.49181 14.5215 0.891832 0.489083 0.95 0.564505 
0.890312 0.500678 12.8926 0.899314 0.484322 0.975 0.564505 
0.890301 0.51 11.2637 0.907184 0.479325 1 0.564505 
0.903237 0.475484 17.82 0.889076 0.501464 0.9 0.572686 
0.903203 0.483431 16.1911 0.895737 0.497129 0.925 0.572686 
0.903177 0.491833 14.5622 0.902785 0.492554 0.95 0.572686 
0.903159 0.50069 12.9333 0.910218 0.487739 0.975 0.572686 
0.903149 0.51 11.3044 0.918037 0.482685 1 0.572686 
0.916084 0.475529 17.8607 0.900236 0.504888 0.9 0.580867 
0.916049 0.483466 16.2318 0.906853 0.500503 0.925 0.580867 
0.916021 0.491857 14.6029 0.913852 0.495876 0.95 0.580867 
0.916002 0.500702 12.974 0.921235 0.491006 0.975 0.580867 
0.91599 0.51 11.3451 0.929002 0.485894 1 0.580867 
0.928933 0.475576 17.9014 0.911515 0.508163 0.9 0.589049 
0.928896 0.483502 16.2725 0.918084 0.503729 0.925 0.589049 
0.928866 0.491882 14.6436 0.925035 0.499048 0.95 0.589049 
0.928843 0.500714 13.0147 0.932367 0.494122 0.975 0.589049 
0.928828 0.51 11.3858 0.940079 0.488951 1 0.589049 

ZONE I=5, J=5
0.928933 0.475576 17.9349 0.911515 0.508163 0.9 0.589049 
0.928896 0.483502 16.2905 0.918084 0.503729 0.925 0.589049 
0.928866 0.491882 14.6461 0.925035 0.499048 0.95 0.589049 
0.928843 0.500714 13.0016 0.932367 0.494122 0.975 0.589049 
0.928828 0.51 11.3572 0.940079 0.488951 1 0.589049 
0.941769 0.475623 17.9782 0.922899 0.511277 0.9 0.59723 
0.941733 0.483539 16.3338 0.929424 0.506796 0.925 0.59723 
0.941705 0.491907 14.6894 0.936328 0.502067 0.95 0.59723 
0.941685 0.500727 13.045 0.94361 0.49709 0.975 0.59723 
0.941673 0.51 11.4006 0.951271 0.491865 1 0.59723 
0.954603 0.475671 18.0216 0.934393 0.514235 0.9 0.605411 
0.954567 0.483575 16.3771 0.940873 0.509707 0.925 0.605411 
0.95454 0.491932 14.7327 0.947728 0.504929 0.95 0.605411 
0.954521 0.50074 13.0883 0.95496 0.499901 0.975 0.605411 
0.95451 0.51 11.4439 0.962568 0.494622 1 0.605411 
0.967437 0.475718 18.0649 0.945998 0.517039 0.9 0.613592 
0.967401 0.483612 16.4205 0.952431 0.512464 0.925 0.613592 
0.967372 0.491957 14.7761 0.959237 0.507636 0.95 0.613592 
0.967352 0.500753 13.1316 0.966417 0.502555 0.975 0.613592 
0.967339 0.51 11.4872 0.97397 0.49722 1 0.613592 
0.980275 0.475767 18.1082 0.957715 0.519689 0.9 0.621774 
0.980236 0.48365 16.4638 0.964099 0.515066 0.925 0.621774 
0.980205 0.491983 14.8194 0.970854 0.510187 0.95 0.621774 
0.980181 0.500766 13.175 0.97798 0.505051 0.975 0.621774 
0.980165 0.51 11.5306 0.985476 0.49966 1 0.621774 

ZONE I=5, J=5
0.980275 0.475767 18.1439 0.957715 0.519689 0.9 0.621774 
0.980236 0.48365 16.483 0.964099 0.515066 0.925 0.621774 
0.980205 0.491983 14.8221 0.970854 0.510187 0.95 0.621774 
0.980181 0.500766 13.1611 0.97798 0.505051 0.975 0.621774 
0.980165 0.51 11.5002 0.985476 0.49966 1 0.621774 
0.993099 0.475817 18.19 0.969528 0.52217 0.9 0.629955 
0.993061 0.483688 16.529 0.975867 0.517503 0.925 0.629955 
0.993032 0.492009 14.8681 0.982573 0.512577 0.95 0.629955 
0.993011 0.50078 13.2072 0.989648 0.507393 0.975 0.629955 
0.992999 0.51 11.5462 0.997092 0.501951 1 0.629955 
1.00592 0.475866 18.236 0.981445 0.524489 0.9 0.638136 
1.00588 0.483726 16.575 0.987736 0.519778 0.925 0.638136 
1.00585 0.492035 14.9141 0.994393 0.514805 0.95 0.638136 
1.00583 0.500793 13.2532 1.00142 0.509572 0.975 0.638136 
1.00582 0.51 11.5922 1.0088 0.504078 1 0.638136 
1.01874 0.475916 18.282 0.993465 0.526648 0.9 0.646317 
1.0187 0.483764 16.6211 0.999707 0.521891 0.925 0.646317 
1.01867 0.492061 14.9601 1.00631 0.516871 0.95 0.646317 
1.01865 0.500806 13.2992 1.01328 0.511587 0.975 0.646317 
1.01864 0.51 11.6383 1.02061 0.50604 1 0.646317 
1.03157 0.475967 18.328 1.00559 0.528646 0.9 0.654498 
1.03153 0.483803 16.6671 1.01178 0.523844 0.925 0.654498 
1.03149 0.492088 15.0062 1.01833 0.518774 0.95 0.654498 
1.03147 0.50082 13.3452 1.02524 0.513439 0.975 0.654498 
1.03145 0.51 11.6843 1.03252 0.507837 1 0.654498 

ZONE I=5, J=5
1.03157 0.475967 18.366 1.00559 0.528646 0.9 0.654498 
1.03153 0.483803 16.6875 1.01178 0.523844 0.925 0.654498 
1.03149 0.492088 15.009 1.01833 0.518774 0.95 0.654498 
1.03147 0.50082 13.3305 1.02524 0.513439 0.975 0.654498 
1.03145 0.51 11.6521 1.03252 0.507837 1 0.654498 
1.04438 0.476019 18.4148 1.0178 0.530469 0.9 0.66268 
1.04434 0.483843 16.7363 1.02395 0.525625 0.925 0.66268 
1.04431 0.492115 15.0578 1.03045 0.520511 0.95 0.66268 
1.04429 0.500834 13.3793 1.03731 0.51513 0.975 0.66268 
1.04427 0.51 11.7008 1.04453 0.50948 1 0.66268 
1.05719 0.47607 18.4636 1.03011 0.532125 0.9 0.670861 
1.05715 0.483883 16.7851 1.03621 0.527238 0.925 0.670861 
1.05712 0.492142 15.1066 1.04266 0.52208 0.95 0.670861 
1.0571 0.500848 13.4281 1.04946 0.516652 0.975 0.670861 
1.05708 0.51 11.7496 1.05662 0.510953 1 0.670861 
1.06999 0.476122 18.5124 1.04251 0.533614 0.9 0.679042 
1.06995 0.483923 16.8339 1.04856 0.528684 0.925 0.679042 
1.06992 0.492169 15.1554 1.05496 0.523481 0.95 0.679042 
1.0699 0.500861 13.4769 1.06171 0.518004 0.975 0.679042 
1.06989 0.51 11.7984 1.06881 0.512255 1 0.679042 
1.0828 0.476175 18.5612 1.05501 0.534937 0.9 0.687223 
1.08276 0.483963 16.8827 1.06101 0.529963 0.925 0.687223 
1.08273 0.492197 15.2042 1.06735 0.524713 0.95 0.687223 
1.0827 0.500876 13.5257 1.07404 0.519188 0.975 0.687223 
1.08268 0.51 11.8472 1.08108 0.513386 1 0.687223 

ZONE I=5, J=5
1.0828 0.476175 18.6014 1.05501 0.534937 0.9 0.687223 
1.08276 0.483963 16.9043 1.06101 0.529963 0.925 0.687223 
1.08273 0.492197 15.2072 1.06735 0.524713 0.95 0.687223 
1.0827 0.500876 13.5101 1.07404 0.519188 0.975 0.687223 
1.08268 0.51 11.813 1.08108 0.513386 1 0.687223 
1.0956 0.476228 18.653 1.06759 0.536078 0.9 0.695405 
1.09556 0.484005 16.9559 1.07354 0.531065 0.925 0.695405 
1.09553 0.492226 15.2588 1.07983 0.525773 0.95 0.695405 
1.09551 0.500891 13.5617 1.08647 0.520204 0.975 0.695405 
1.09549 0.51 11.8647 1.09345 0.514357 1 0.695405 
1.10839 0.476282 18.7046 1.08026 0.537047 0.9 0.703586 
1.10835 0.484046 17.0075 1.08615 0.531993 0.925 0.703586 
1.10832 0.492254 15.3104 1.09239 0.52666 0.95 0.703586 
1.1083 0.500905 13.6134 1.09898 0.521046 0.975 0.703586 
1.10829 0.51 11.9163 1.1059 0.515152 1 0.703586 
1.12119 0.476336 18.7562 1.09301 0.537843 0.9 0.711767 
1.12115 0.484087 17.0591 1.09886 0.532749 0.925 0.711767 
1.12111 0.492282 15.3621 1.10504 0.527372 0.95 0.711767 
1.12109 0.500919 13.665 1.11157 0.521713 0.975 0.711767 
1.12108 0.51 11.9679 1.11843 0.515771 1 0.711767 
1.13398 0.476391 18.8078 1.10586 0.538467 0.9 0.719948 
1.13394 0.484129 17.1108 1.11165 0.533332 0.925 0.719948 
1.1339 0.492311 15.4137 1.11777 0.527911 0.95 0.719948 
1.13388 0.500934 13.7166 1.12424 0.522205 0.975 0.719948 
1.13386 0.51 12.0195 1.13104 0.516213 1 0.719948 

ZONE I=5, J=5
1.13398 0.476391 18.8503 1.10586 0.538467 0.9 0.719948 
1.13394 0.484129 17.1336 1.11165 0.533332 0.925 0.719948 
1.1339 0.492311 15.4169 1.11777 0.527911 0.95 0.719948 
1.13388 0.500934 13.7001 1.12424 0.522205 0.975 0.719948 
1.13386 0.51 11.9834 1.13104 0.516213 1 0.719948 
1.14676 0.476446 18.9049 1.11877 0.538904 0.9 0.72813 
1.14672 0.484172 17.1881 1.12451 0.533731 0.925 0.72813 
1.14669 0.49234 15.4714 1.13058 0.528271 0.95 0.72813 
1.14666 0.50095 13.7546 1.137 0.522525 0.975 0.72813 
1.14665 0.51 12.0379 1.14374 0.516491 1 0.72813 
1.15954 0.476501 18.9594 1.13176 0.539164 0.9 0.736311 
1.1595 0.484215 17.2426 1.13745 0.533953 0.925 0.736311 
1.15947 0.492369 15.5259 1.14347 0.528453 0.95 0.736311 
1.15944 0.500964 13.8091 1.14983 0.522664 0.975 0.736311 
1.15943 0.51 12.0924 1.15651 0.516587 1 0.736311 
1.17232 0.476557 19.0139 1.14484 0.539246 0.9 0.744492 
1.17227 0.484258 17.2971 1.15047 0.533996 0.925 0.744492 
1.17224 0.492398 15.5804 1.15643 0.528456 0.95 0.744492 
1.17222 0.500979 13.8637 1.16273 0.522624 0.975 0.744492 
1.1722 0.51 12.1469 1.16935 0.516501 1 0.744492 
1.1851 0.476614 19.0684 1.15799 0.53915 0.9 0.752673 
1.18505 0.484301 17.3517 1.16357 0.533862 0.925 0.752673 
1.18501 0.492428 15.6349 1.16947 0.52828 0.95 0.752673 
1.18499 0.500994 13.9182 1.17571 0.522403 0.975 0.752673 
1.18497 0.51 12.2014 1.18227 0.516233 1 0.752673 

ZONE I=5, J=5
1.1851 0.476614 19.1133 1.15799 0.53915 0.9 0.752673 
1.18505 0.484301 17.3758 1.16357 0.533862 0.925 0.752673 
1.18501 0.492428 15.6383 1.16947 0.52828 0.95 0.752673 
1.18499 0.500994 13.9008 1.17571 0.522403 0.975 0.752673 
1.18497 0.51 12.1633 1.18227 0.516233 1 0.752673 
1.19786 0.476671 19.1707 1.1712 0.538862 0.9 0.760855 
1.19782 0.484346 17.4332 1.17673 0.533539 0.925 0.760855 
1.19778 0.492459 15.6958 1.18258 0.52792 0.95 0.760855 
1.19776 0.50101 13.9583 1.18876 0.522006 0.975 0.760855 
1.19774 0.51 12.2208 1.19526 0.515796 1 0.760855 
1.21062 0.476728 19.2282 1.18449 0.538391 0.9 0.769036 
1.21058 0.48439 17.4907 1.18996 0.533033 0.925 0.769036 
1.21054 0.492489 15.7532 1.19576 0.527377 0.95 0.769036 
1.21052 0.501025 14.0157 1.20188 0.521423 0.975 0.769036 
1.21051 0.51 12.2783 1.20832 0.515172 1 0.769036 
1.22338 0.476786 19.2857 1.19784 0.537739 0.9 0.777217 
1.22334 0.484434 17.5482 1.20326 0.532344 0.925 0.777217 
1.2233 0.492519 15.8107 1.209 0.52665 0.95 0.777217 
1.22328 0.501041 14.0732 1.21506 0.520656 0.975 0.777217 
1.22326 0.51 12.3357 1.22143 0.514362 1 0.777217 
1.23614 0.476845 19.3432 1.21126 0.536904 0.9 0.785398 
1.23609 0.484479 17.6057 1.21663 0.531472 0.925 0.785398 
1.23606 0.49255 15.8682 1.22231 0.525739 0.95 0.785398 
1.23603 0.501057 14.1307 1.2283 0.519703 0.975 0.785398 
1.23601 0.51 12.3932 1.23461 0.513365 1 0.785398 

ZONE I=5, J=5
1.23614 0.476845 19.3903 1.21126 0.536904 0.9 0.785398 
1.23609 0.484479 17.631 1.21663 0.531472 0.925 0.785398 
1.23606 0.49255 15.8717 1.22231 0.525739 0.95 0.785398 
1.23603 0.501057 14.1124 1.2283 0.519703 0.975 0.785398 
1.23601 0.51 12.3532 1.23461 0.513365 1 0.785398 
1.24889 0.476904 19.4508 1.22474 0.535871 0.9 0.79358 
1.24884 0.484525 17.6915 1.23006 0.530407 0.925 0.79358 
1.24881 0.492581 15.9323 1.23568 0.52464 0.95 0.79358 
1.24878 0.501073 14.173 1.24162 0.518569 0.975 0.79358 
1.24877 0.51 12.4137 1.24787 0.512194 1 0.79358 
1.26163 0.476963 19.5114 1.23828 0.534652 0.9 0.801761 
1.26158 0.48457 17.7521 1.24354 0.529155 0.925 0.801761 
1.26155 0.492612 15.9928 1.24911 0.523353 0.95 0.801761 
1.26153 0.501089 14.2335 1.25499 0.517245 0.975 0.801761 
1.26151 0.51 12.4742 1.26117 0.510832 1 0.801761 
1.27437 0.477022 19.5719 1.25188 0.533246 0.9 0.809942 
1.27432 0.484615 17.8126 1.25709 0.527715 0.925 0.809942 
1.27429 0.492643 16.0533 1.2626 0.521877 0.95 0.809942 
1.27426 0.501104 14.294 1.26841 0.515731 0.975 0.809942 
1.27425 0.51 12.5347 1.27453 0.509278 1 0.809942 
1.28711 0.477082 19.6324 1.26554 0.531653 0.9 0.818123 
1.28706 0.484662 17.8731 1.27069 0.526088 0.925 0.818123 
1.28702 0.492675 16.1138 1.27614 0.520213 0.95 0.818123 
1.28699 0.501121 14.3545 1.28189 0.514029 0.975 0.818123 
1.28697 0.51 12.5952 1.28795 0.507534 1 0.818123 

ZONE I=5, J=5
1.28711 0.477082 19.6816 1.26554 0.531653 0.9 0.818123 
1.28706 0.484662 17.8996 1.27069 0.526088 0.925 0.818123 
1.28702 0.492675 16.1175 1.27614 0.520213 0.95 0.818123 
1.28699 0.501121 14.3355 1.28189 0.514029 0.975 0.818123 
1.28697 0.51 12.5535 1.28795 0.507534 1 0.818123 
1.29983 0.477143 19.7452 1.27925 0.529858 0.9 0.826305 
1.29979 0.484709 17.9632 1.28434 0.524263 0.925 0.826305 
1.29975 0.492707 16.1812 1.28974 0.518357 0.95 0.826305 
1.29973 0.501138 14.3991 1.29543 0.51214 0.975 0.826305 
1.29971 0.510001 12.6171 1.30143 0.505611 1 0.826305 
1.31255 0.477204 19.8089 1.29301 0.527873 0.9 0.834486 
1.31251 0.484756 18.0269 1.29805 0.522247 0.925 0.834486 
1.31248 0.492739 16.2448 1.30338 0.516309 0.95 0.834486 
1.31245 0.501154 14.4628 1.30902 0.510057 0.975 0.834486 
1.31244 0.51 12.6807 1.31495 0.503493 1 0.834486 
1.32527 0.477265 19.8725 1.30682 0.525696 0.9 0.842667 
1.32523 0.484802 18.0905 1.3118 0.520039 0.925 0.842667 
1.32519 0.492771 16.3085 1.31708 0.514068 0.95 0.842667 
1.32517 0.50117 14.5264 1.32265 0.507782 0.975 0.842667 
1.32515 0.51 12.7444 1.32851 0.501181 1 0.842667 
1.338 0.477327 19.9362 1.32068 0.523328 0.9 0.850848 
1.33795 0.48485 18.1541 1.32561 0.51764 0.925 0.850848 
1.33791 0.492804 16.3721 1.33082 0.511634 0.95 0.850848 
1.33788 0.501187 14.5901 1.33633 0.505312 0.975 0.850848 
1.33786 0.51 12.808 1.34212 0.498673 1 0.850848 

ZONE I=5, J=5
1.338 0.477327 19.9866 1.32068 0.523328 0.9 0.850848 
1.33795 0.48485 18.1812 1.32561 0.51764 0.925 0.850848 
1.33791 0.492804 16.3759 1.33082 0.511634 0.95 0.850848 
1.33788 0.501187 14.5706 1.33633 0.505312 0.975 0.850848 
1.33786 0.51 12.7653 1.34212 0.498673 1 0.850848 
1.3507 0.477389 20.0534 1.33458 0.520755 0.9 0.859029 
1.35065 0.484899 18.2481 1.33945 0.515039 0.925 0.859029 
1.35062 0.492837 16.4428 1.34461 0.509005 0.95 0.859029 
1.35059 0.501204 14.6375 1.35005 0.502653 0.975 0.859029 
1.35058 0.510001 12.8321 1.35579 0.495983 1 0.859029 
1.36339 0.477451 20.1203 1.34852 0.517988 0.9 0.86721 
1.36335 0.484947 18.315 1.35333 0.512243 0.925 0.86721 
1.36332 0.49287 16.5097 1.35843 0.50618 0.95 0.86721 
1.36329 0.501221 14.7043 1.36382 0.499796 0.975 0.86721 
1.36328 0.51 12.899 1.36949 0.493094 1 0.86721 
1.37609 0.477514 20.1872 1.3625 0.515025 0.9 0.875391 
1.37605 0.484995 18.3819 1.36726 0.509252 0.925 0.875391 
1.37601 0.492903 16.5765 1.3723 0.503158 0.95 0.875391 
1.37599 0.501238 14.7712 1.37762 0.496743 0.975 0.875391 
1.37597 0.51 12.9659 1.38322 0.490007 1 0.875391 
1.38879 0.477577 20.254 1.37652 0.511867 0.9 0.883573 
1.38874 0.485044 18.4487 1.38122 0.506065 0.925 0.883573 
1.38871 0.492937 16.6434 1.3862 0.49994 0.95 0.883573 
1.38868 0.501256 14.8381 1.39146 0.493492 0.975 0.883573 
1.38866 0.51 13.0327 1.39699 0.486721 1 0.883573 

ZONE I=5, J=5
1.38879 0.477577 20.3029 1.37652 0.511867 0.9 0.883573 
1.38874 0.485044 18.475 1.38122 0.506065 0.925 0.883573 
1.38871 0.492937 16.6471 1.3862 0.49994 0.95 0.883573 
1.38868 0.501256 14.8192 1.39146 0.493492 0.975 0.883573 
1.38866 0.51 12.9913 1.39699 0.486721 1 0.883573 
1.40147 0.477642 20.3732 1.39057 0.508501 0.9 0.891754 
1.40142 0.485094 18.5452 1.39521 0.502674 0.925 0.891754 
1.40139 0.492971 16.7173 1.40014 0.496523 0.95 0.891754 
1.40137 0.501273 14.8894 1.40533 0.490048 0.975 0.891754 
1.40135 0.510001 13.0615 1.4108 0.483249 1 0.891754 
1.41414 0.477706 20.4434 1.40465 0.504936 0.9 0.899935 
1.4141 0.485144 18.6155 1.40924 0.499083 0.925 0.899935 
1.41407 0.493005 16.7876 1.4141 0.492906 0.95 0.899935 
1.41405 0.501291 14.9596 1.41924 0.486403 0.975 0.899935 
1.41404 0.51 13.1317 1.42464 0.479576 1 0.899935 
1.42681 0.47777 20.5136 1.41876 0.501172 0.9 0.908116 
1.42677 0.485194 18.6857 1.4233 0.495294 0.925 0.908116 
1.42674 0.49304 16.8578 1.4281 0.489089 0.95 0.908116 
1.42672 0.501308 15.0299 1.43317 0.482559 0.975 0.908116 
1.42671 0.51 13.2019 1.43851 0.475702 1 0.908116 
1.43948 0.477835 20.5838 1.4329 0.497209 0.9 0.916298 
1.43944 0.485245 18.7559 1.43738 0.491304 0.925 0.916298 
1.43941 0.493076 16.928 1.44212 0.485073 0.95 0.916298 
1.43939 0.501327 15.1001 1.44713 0.478514 0.975 0.916298 
1.43938 0.51 13.2722 1.4524 0.471628 1 0.916298 

ZONE I=5, J=5
1.43948 0.477835 20.6232 1.4329 0.497209 0.9 0.916298 
1.43944 0.485245 18.7771 1.43738 0.491304 0.925 0.916298 
1.43941 0.493076 16.931 1.44212 0.485073 0.95 0.916298 
1.43939 0.501327 15.085 1.44713 0.478514 0.975 0.916298 
1.43938 0.51 13.2389 1.4524 0.471628 1 0.916298 
1.45213 0.477902 20.6969 1.44707 0.493036 0.9 0.924479 
1.4521 0.485297 18.8509 1.45149 0.48711 0.925 0.924479 
1.45207 0.493111 17.0048 1.45617 0.480855 0.95 0.924479 
1.45205 0.501346 15.1588 1.46112 0.474272 0.975 0.924479 
1.45205 0.51 13.3127 1.46633 0.467361 1 0.924479 
1.46478 0.477968 20.7707 1.46125 0.48866 0.9 0.93266 
1.46474 0.485348 18.9246 1.46561 0.482712 0.925 0.93266 
1.46472 0.493147 17.0786 1.47024 0.476435 0.95 0.93266 
1.46471 0.501364 15.2325 1.47513 0.469829 0.975 0.93266 
1.46471 0.51 13.3865 1.48028 0.462894 1 0.93266 
1.47741 0.478033 20.8444 1.47544 0.48408 0.9 0.940841 
1.47738 0.485401 18.9984 1.47976 0.47811 0.925 0.940841 
1.47737 0.493184 17.1523 1.48433 0.47181 0.95 0.940841 
1.47736 0.501384 15.3063 1.48916 0.465182 0.975 0.940841 
1.47737 0.51 13.4602 1.49424 0.458225 1 0.940841 
1.49004 0.478099 20.9182 1.48966 0.479297 0.9 0.949023 
1.49002 0.485455 19.0721 1.49393 0.473304 0.925 0.949023 
1.49001 0.493224 17.2261 1.49844 0.466982 0.95 0.949023 
1.49001 0.501406 15.38 1.50321 0.460333 0.975 0.949023 
1.49003 0.51 13.534 1.50823 0.453356 1 0.949023 

ZONE I=5, J=5
1.49004 0.478099 20.9243 1.48966 0.479297 0.9 0.949023 
1.49002 0.485455 19.0755 1.49393 0.473304 0.925 0.949023 
1.49001 0.493224 17.2268 1.49844 0.466982 0.95 0.949023 
1.49001 0.501406 15.378 1.50321 0.460333 0.975 0.949023 
1.49003 0.51 13.5292 1.50823 0.453356 1 0.949023 
1.50267 0.478171 21.002 1.50389 0.474304 0.9 0.957204 
1.50265 0.48551 19.1533 1.50811 0.468293 0.925 0.957204 
1.50265 0.493262 17.3045 1.51257 0.461954 0.95 0.957204 
1.50266 0.501425 15.4557 1.51727 0.455284 0.975 0.957204 
1.50268 0.51 13.6069 1.52223 0.448286 1 0.957204 
1.51527 0.47824 21.0798 1.51813 0.469101 0.9 0.965385 
1.51527 0.485566 19.231 1.52229 0.463073 0.925 0.965385 
1.51527 0.493302 17.3822 1.5267 0.456717 0.95 0.965385 
1.5153 0.501446 15.5334 1.53135 0.450032 0.975 0.965385 
1.51533 0.51 13.6846 1.53625 0.443019 1 0.965385 
1.52786 0.478306 21.1575 1.53236 0.463687 0.9 0.973566 
1.52787 0.485623 19.3087 1.53648 0.457643 0.925 0.973566 
1.52789 0.493345 17.4599 1.54084 0.451272 0.95 0.973566 
1.52794 0.50147 15.6111 1.54545 0.444576 0.975 0.973566 
1.52799 0.51 13.7623 1.55029 0.437555 1 0.973566 
1.54042 0.47837 21.2352 1.54658 0.458063 0.9 0.981748 
1.54046 0.485683 19.3864 1.55068 0.452002 0.925 0.981748 
1.54051 0.493392 17.5376 1.555 0.44562 0.95 0.981748 
1.54058 0.501498 15.6888 1.55956 0.438917 0.975 0.981748 
1.54066 0.51 13.8401 1.56435 0.431895 1 0.981748 

ZONE I=5, J=5
1.54042 0.47837 21.1409 1.54658 0.458063 0.9 0.981748 
1.54046 0.485683 19.336 1.55068 0.452002 0.925 0.981748 
1.54051 0.493392 17.5311 1.555 0.44562 0.95 0.981748 
1.54058 0.501498 15.7261 1.55956 0.438917 0.975 0.981748 
1.54066 0.51 13.9212 1.56435 0.431895 1 0.981748 
1.55301 0.478451 21.2235 1.56085 0.452234 0.9 0.989929 
1.55306 0.485745 19.4186 1.56489 0.446163 0.925 0.989929 
1.55312 0.493435 17.6137 1.56916 0.439769 0.95 0.989929 
1.5532 0.50152 15.8087 1.57366 0.433053 0.975 0.989929 
1.55329 0.51 14.0038 1.5784 0.426015 1 0.989929 
1.56555 0.478522 21.3061 1.57507 0.446183 0.9 0.99811 
1.56563 0.485808 19.5012 1.57908 0.440104 0.925 0.99811 
1.56572 0.493482 17.6963 1.58332 0.433706 0.95 0.99811 
1.56583 0.501546 15.8914 1.58779 0.426989 0.975 0.99811 
1.56596 0.51 14.0864 1.59247 0.419953 1 0.99811 
1.57803 0.478586 21.3888 1.58925 0.43991 0.9 1.00629 
1.57816 0.485872 19.5838 1.59326 0.433825 0.925 1.00629 
1.57831 0.493536 17.7789 1.59748 0.427429 0.95 1.00629 
1.57848 0.501579 15.974 1.60193 0.420724 0.975 1.00629 
1.57866 0.51 14.169 1.60659 0.413707 1 1.00629 
1.59047 0.478643 21.4714 1.60338 0.433415 0.9 1.01447 
1.59067 0.48594 19.6664 1.60741 0.427326 0.925 1.01447 
1.59089 0.493598 17.8615 1.61164 0.42094 0.95 1.01447 
1.59114 0.501618 16.0566 1.61608 0.414258 0.975 1.01447 
1.5914 0.51 14.2516 1.62073 0.407279 1 1.01447 

ZONE I=5, J=5
1.59047 0.478643 21.1054 1.60338 0.433415 0.9 1.01447 
1.59067 0.48594 19.4711 1.60741 0.427326 0.925 1.01447 
1.59089 0.493598 17.8369 1.61164 0.42094 0.95 1.01447 
1.59114 0.501618 16.2027 1.61608 0.414258 0.975 1.01447 
1.5914 0.51 14.5684 1.62073 0.407279 1 1.01447 
1.60298 0.478728 21.1932 1.6176 0.426724 0.9 1.02266 
1.60323 0.486011 19.5589 1.62161 0.420638 0.925 1.02266 
1.60349 0.49365 17.9247 1.62582 0.414254 0.95 1.02266 
1.60377 0.501647 16.2905 1.63022 0.407572 0.975 1.02266 
1.60406 0.51 14.6562 1.63482 0.400593 1 1.02266 
1.61538 0.47878 21.281 1.6317 0.4198 0.9 1.03084 
1.61572 0.486065 19.6468 1.63574 0.413725 0.925 1.03084 
1.61606 0.493696 18.0125 1.63996 0.407357 0.95 1.03084 
1.61642 0.501675 16.3783 1.64436 0.400696 0.975 1.03084 
1.61678 0.51 14.7441 1.64895 0.393741 1 1.03084 
1.62766 0.478802 21.3688 1.64568 0.412644 0.9 1.03902 
1.62813 0.486104 19.7346 1.64978 0.406588 0.925 1.03902 
1.6286 0.493738 18.1003 1.65406 0.40025 0.95 1.03902 
1.62908 0.501703 16.4661 1.65852 0.393628 0.975 1.03902 
1.62957 0.51 14.8319 1.66314 0.386723 1 1.03902 
1.63982 0.478798 21.4566 1.65953 0.405256 0.9 1.0472 
1.64047 0.486132 19.8224 1.66375 0.399227 0.925 1.0472 
1.64112 0.493776 18.1881 1.66814 0.392932 0.95 1.0472 
1.64177 0.501732 16.5539 1.67268 0.386369 0.975 1.0472 
1.64243 0.51 14.9197 1.67739 0.37954 1 1.0472 

ZONE I=5, J=5
1.63982 0.478798 20.6133 1.65953 0.405256 0.9 1.0472 
1.64047 0.486132 19.3716 1.66375 0.399227 0.925 1.0472 
1.64112 0.493776 18.1298 1.66814 0.392932 0.95 1.0472 
1.64177 0.501732 16.8881 1.67268 0.386369 0.975 1.0472 
1.64243 0.51 15.6464 1.67739 0.37954 1 1.0472 
1.65209 0.478754 20.6891 1.67344 0.397754 0.9 1.05538 
1.65283 0.486106 19.4474 1.67771 0.39172 0.925 1.05538 
1.65356 0.493783 18.2056 1.68213 0.385402 0.95 1.05538 
1.65429 0.501785 16.9639 1.68671 0.378798 0.975 1.05538 
1.65501 0.510112 15.7221 1.69144 0.371909 1 1.05538 
1.66422 0.478519 20.7649 1.68713 0.39015 0.9 1.06356 
1.66506 0.485882 19.5232 1.69144 0.384121 0.925 1.06356 
1.6659 0.493583 18.2814 1.69591 0.377795 0.95 1.06356 
1.66673 0.501623 17.0397 1.70054 0.371173 0.975 1.06356 
1.66756 0.51 15.7979 1.70534 0.364253 1 1.06356 
1.67621 0.478096 20.8407 1.70059 0.382445 0.9 1.07174 
1.67716 0.485464 19.5989 1.70495 0.37643 0.925 1.07174 
1.67812 0.493182 18.3572 1.70948 0.370112 0.95 1.07174 
1.67909 0.50125 17.1154 1.7142 0.363493 0.975 1.07174 
1.68007 0.509667 15.8737 1.71908 0.356571 1 1.07174 
1.68806 0.477492 20.9165 1.71382 0.37464 0.9 1.07992 
1.68913 0.484857 19.6747 1.71823 0.368647 0.925 1.07992 
1.69023 0.492583 18.433 1.72285 0.362353 0.95 1.07992 
1.69137 0.500668 17.1912 1.72766 0.355758 0.975 1.07992 
1.69254 0.509114 15.9495 1.73268 0.348863 1 1.07992 

ZONE I=5, J=5
1.68806 0.477492 20.1453 1.71382 0.37464 0.9 1.07992 
1.68913 0.484857 19.2587 1.71823 0.368647 0.925 1.07992 
1.69023 0.492583 18.3721 1.72285 0.362353 0.95 1.07992 
1.69137 0.500668 17.4855 1.72766 0.355758 0.975 1.07992 
1.69254 0.509114 16.599 1.73268 0.348863 1 1.07992 
1.69997 0.476521 20.2344 1.72693 0.367 0.9 1.0881 
1.70109 0.483907 19.3478 1.73135 0.360979 0.925 1.0881 
1.70226 0.491622 18.4612 1.73597 0.354687 0.95 1.0881 
1.70348 0.499667 17.5746 1.74078 0.348124 0.975 1.0881 
1.70473 0.508042 16.688 1.74578 0.341291 1 1.0881 
1.71175 0.47523 20.3235 1.73977 0.359391 0.9 1.09628 
1.71297 0.48261 19.4369 1.74422 0.353384 0.925 1.09628 
1.71425 0.490299 18.5503 1.74887 0.347127 0.95 1.09628 
1.71558 0.498297 17.6637 1.75371 0.34062 0.975 1.09628 
1.71697 0.506604 16.7771 1.75874 0.333865 1 1.09628 
1.7234 0.47362 20.4125 1.75232 0.351814 0.9 1.10446 
1.72476 0.48097 19.526 1.75684 0.34586 0.925 1.10446 
1.72618 0.488616 18.6394 1.76155 0.339671 0.95 1.10446 
1.72767 0.49656 17.7528 1.76646 0.333247 0.975 1.10446 
1.72923 0.5048 16.8662 1.77155 0.326586 1 1.10446 
1.73489 0.471696 20.5016 1.7646 0.344267 0.9 1.11265 
1.73644 0.478989 19.615 1.76921 0.338409 0.925 1.11265 
1.73805 0.486575 18.7285 1.77402 0.332321 0.95 1.11265 
1.73975 0.494455 17.8419 1.77902 0.326003 0.975 1.11265 
1.74152 0.502629 16.9553 1.78423 0.319454 1 1.11265 

ZONE I=5, J=5
1.73489 0.471696 20.2108 1.7646 0.344267 0.9 1.11265 
1.73644 0.478989 19.4591 1.76921 0.338409 0.925 1.11265 
1.73805 0.486575 18.7075 1.77402 0.332321 0.95 1.11265 
1.73975 0.494455 17.9559 1.77902 0.326003 0.975 1.11265 
1.74152 0.502629 17.2042 1.78423 0.319454 1 1.11265 
1.74638 0.469392 20.2992 1.77671 0.336894 0.9 1.12083 
1.74808 0.476656 19.5476 1.7814 0.331092 0.925 1.12083 
1.74986 0.484195 18.7959 1.78627 0.325076 0.95 1.12083 
1.75171 0.492011 18.0443 1.79134 0.318844 0.975 1.12083 
1.75365 0.500103 17.2927 1.7966 0.312398 1 1.12083 
1.75777 0.466772 20.3876 1.78857 0.329585 0.9 1.12901 
1.75963 0.473991 19.636 1.79334 0.323856 0.925 1.12901 
1.76158 0.481473 18.8844 1.7983 0.317925 0.95 1.12901 
1.76361 0.48922 18.1327 1.80345 0.311789 0.975 1.12901 
1.76572 0.497232 17.3811 1.80879 0.30545 1 1.12901 
1.76903 0.463839 20.4761 1.8002 0.322339 0.9 1.13719 
1.77108 0.470996 19.7244 1.80506 0.316703 0.925 1.13719 
1.77321 0.478411 18.9728 1.81011 0.310869 0.95 1.13719 
1.77543 0.486085 18.2212 1.81535 0.304838 0.975 1.13719 
1.77773 0.494016 17.4695 1.82077 0.298609 1 1.13719 
1.78018 0.460597 20.5645 1.81159 0.315157 0.9 1.14537 
1.78241 0.467675 19.8129 1.81655 0.309631 0.925 1.14537 
1.78474 0.475012 19.0612 1.8217 0.303908 0.95 1.14537 
1.78716 0.482606 18.3096 1.82704 0.29799 0.975 1.14537 
1.78968 0.490458 17.558 1.83257 0.291877 1 1.14537 

ZONE I=5, J=5
1.78018 0.460597 20.4991 1.81159 0.315157 0.9 1.14537 
1.78241 0.467675 19.7778 1.81655 0.309631 0.925 1.14537 
1.78474 0.475012 19.0564 1.8217 0.303908 0.95 1.14537 
1.78716 0.482606 18.3351 1.82704 0.29799 0.975 1.14537 
1.78968 0.490458 17.6138 1.83257 0.291877 1 1.14537 
1.79125 0.457021 20.5853 1.82278 0.308084 0.9 1.15355 
1.79366 0.464032 19.864 1.82782 0.30265 0.925 1.15355 
1.79617 0.471293 19.1427 1.83306 0.29703 0.95 1.15355 
1.79878 0.478802 18.4214 1.83849 0.291222 0.975 1.15355 
1.80148 0.486561 17.7 1.84411 0.285226 1 1.15355 
1.8022 0.453141 20.6716 1.83374 0.301076 0.9 1.16173 
1.80479 0.460076 19.9503 1.83888 0.295743 0.925 1.16173 
1.80748 0.467254 19.2289 1.8442 0.290228 0.95 1.16173 
1.81028 0.474675 18.5076 1.84972 0.284532 0.975 1.16173 
1.81318 0.482338 17.7863 1.85543 0.278655 1 1.16173 
1.81303 0.448961 20.7578 1.84449 0.294135 0.9 1.16991 
1.8158 0.455811 20.0365 1.84971 0.288907 0.925 1.16991 
1.81867 0.4629 19.3152 1.85512 0.283503 0.95 1.16991 
1.82166 0.470227 18.5938 1.86073 0.277922 0.975 1.16991 
1.82475 0.477792 17.8725 1.86653 0.272164 1 1.16991 
1.82374 0.444483 20.8441 1.85501 0.287261 0.9 1.1781 
1.82668 0.451239 20.1227 1.86032 0.282145 0.925 1.1781 
1.82974 0.458232 19.4014 1.86582 0.276855 0.95 1.1781 
1.83291 0.465461 18.6801 1.87152 0.271391 0.975 1.1781 
1.83621 0.472927 17.9588 1.87741 0.265752 1 1.1781 

ZONE I=5, J=5
1.82374 0.444483 20.8624 1.85501 0.287261 0.9 1.1781 
1.82668 0.451239 20.1327 1.86032 0.282145 0.925 1.1781 
1.82974 0.458232 19.4029 1.86582 0.276855 0.95 1.1781 
1.83291 0.465461 18.6732 1.87152 0.271391 0.975 1.1781 
1.83621 0.472927 17.9434 1.87741 0.265752 1 1.1781 
1.83431 0.439712 20.9455 1.86531 0.280463 0.9 1.18628 
1.83742 0.446375 20.2157 1.87069 0.275456 0.925 1.18628 
1.84066 0.453269 19.486 1.87628 0.270281 0.95 1.18628 
1.84402 0.460394 18.7562 1.88207 0.264936 0.975 1.18628 
1.8475 0.467751 18.0265 1.88806 0.259423 1 1.18628 
1.84474 0.434658 21.0285 1.87538 0.27373 0.9 1.19446 
1.84802 0.441223 20.2988 1.88085 0.268832 0.925 1.19446 
1.85144 0.448014 19.569 1.88652 0.263771 0.95 1.19446 
1.85498 0.455032 18.8393 1.89239 0.258545 0.975 1.19446 
1.85864 0.462277 18.1095 1.89847 0.253156 1 1.19446 
1.85502 0.429324 21.1116 1.88523 0.267059 0.9 1.20264 
1.85848 0.435786 20.3818 1.89078 0.262273 0.925 1.20264 
1.86206 0.442471 19.6521 1.89653 0.257326 0.95 1.20264 
1.86578 0.449378 18.9223 1.90249 0.252219 0.975 1.20264 
1.86963 0.456509 18.1926 1.90864 0.246951 1 1.20264 
1.86516 0.423714 21.1946 1.89487 0.260452 0.9 1.21082 
1.86878 0.430068 20.4649 1.90049 0.255778 0.925 1.21082 
1.87253 0.436643 19.7351 1.90632 0.250946 0.95 1.21082 
1.87642 0.443437 19.0054 1.91235 0.245957 0.975 1.21082 
1.88044 0.450451 18.2756 1.91859 0.24081 1 1.21082 

ZONE I=5, J=5
1.86516 0.423714 21.2421 1.89487 0.260452 0.9 1.21082 
1.86878 0.430068 20.4904 1.90049 0.255778 0.925 1.21082 
1.87253 0.436643 19.7387 1.90632 0.250946 0.95 1.21082 
1.87642 0.443437 18.987 1.91235 0.245957 0.975 1.21082 
1.88044 0.450451 18.2353 1.91859 0.24081 1 1.21082 
1.87514 0.41784 21.321 1.90428 0.253897 0.9 1.219 
1.87891 0.424083 20.5693 1.90997 0.249337 0.925 1.219 
1.88283 0.430542 19.8176 1.91587 0.244624 0.95 1.219 
1.88689 0.437216 19.0659 1.92199 0.239757 0.975 1.219 
1.89109 0.444106 18.3142 1.92831 0.234738 1 1.219 
1.88496 0.411703 21.3999 1.91347 0.247396 0.9 1.22718 
1.88889 0.417832 20.6482 1.91923 0.242948 0.925 1.22718 
1.89297 0.424173 19.8965 1.92521 0.238352 0.95 1.22718 
1.89719 0.430725 19.1448 1.9314 0.233607 0.975 1.22718 
1.90157 0.437489 18.3931 1.93779 0.228713 1 1.22718 
1.89462 0.405307 21.4788 1.92244 0.240947 0.9 1.23536 
1.8987 0.41132 20.7271 1.92827 0.236612 0.925 1.23536 
1.90293 0.41754 19.9754 1.93432 0.232132 0.95 1.23536 
1.90731 0.423968 19.2237 1.94058 0.227506 0.975 1.23536 
1.91185 0.430604 18.472 1.94705 0.222734 1 1.23536 
1.90411 0.398655 21.5577 1.9312 0.234552 0.9 1.24355 
1.90833 0.404549 20.806 1.9371 0.230328 0.925 1.24355 
1.91271 0.410647 20.0543 1.94321 0.225962 0.95 1.24355 
1.91725 0.41695 19.3026 1.94953 0.221453 0.975 1.24355 
1.92195 0.423456 18.5509 1.95607 0.216803 1 1.24355 

ZONE I=5, J=5
1.90411 0.398655 21.6135 1.9312 0.234552 0.9 1.24355 
1.90833 0.404549 20.836 1.9371 0.230328 0.925 1.24355 
1.91271 0.410647 20.0585 1.94321 0.225962 0.95 1.24355 
1.91725 0.41695 19.2811 1.94953 0.221453 0.975 1.24355 
1.92195 0.423456 18.5036 1.95607 0.216803 1 1.24355 
1.91341 0.391772 21.6873 1.93973 0.228199 0.9 1.25173 
1.91778 0.397542 20.9098 1.94568 0.22409 0.925 1.25173 
1.92231 0.403512 20.1323 1.95186 0.219843 0.95 1.25173 
1.927 0.409681 19.3548 1.95825 0.215458 0.975 1.25173 
1.93186 0.41605 18.5773 1.96486 0.210935 1 1.25173 
1.92253 0.384652 21.761 1.94803 0.221893 0.9 1.25991 
1.92703 0.390297 20.9836 1.95405 0.217897 0.925 1.25991 
1.93171 0.396137 20.2061 1.96029 0.213767 0.95 1.25991 
1.93655 0.402172 19.4286 1.96675 0.209503 0.975 1.25991 
1.94157 0.408403 18.6511 1.97342 0.205104 1 1.25991 
1.93146 0.377299 21.8348 1.95612 0.215634 0.9 1.26809 
1.9361 0.382817 21.0573 1.96219 0.211749 0.925 1.26809 
1.94092 0.388527 20.2798 1.96849 0.207734 0.95 1.26809 
1.9459 0.394427 19.5023 1.97501 0.203588 0.975 1.26809 
1.95106 0.400519 18.7248 1.98175 0.199312 1 1.26809 
1.94021 0.369717 21.9086 1.96399 0.209421 0.9 1.27627 
1.94498 0.375108 21.1311 1.97012 0.205646 0.925 1.27627 
1.94992 0.380686 20.3536 1.97647 0.201744 0.95 1.27627 
1.95505 0.38645 19.5761 1.98304 0.197714 0.975 1.27627 
1.96035 0.392402 18.7986 1.98984 0.193557 1 1.27627 

ZONE I=5, J=5
1.94021 0.369717 21.9644 1.96399 0.209421 0.9 1.27627 
1.94498 0.375108 21.1611 1.97012 0.205646 0.925 1.27627 
1.94992 0.380686 20.3578 1.97647 0.201744 0.95 1.27627 
1.95505 0.38645 19.5545 1.98304 0.197714 0.975 1.27627 
1.96035 0.392402 18.7512 1.98984 0.193557 1 1.27627 
1.94875 0.361927 22.0322 1.97163 0.203236 0.9 1.28445 
1.95365 0.367184 21.2289 1.97781 0.199575 0.925 1.28445 
1.95873 0.372624 20.4256 1.98422 0.195791 0.95 1.28445 
1.96399 0.378246 19.6223 1.99085 0.191884 0.975 1.28445 
1.96943 0.384051 18.819 1.99771 0.187852 1 1.28445 
1.9571 0.353922 22.1001 1.97906 0.197088 0.9 1.29263 
1.96212 0.359046 21.2968 1.98529 0.19354 0.925 1.29263 
1.96732 0.364347 20.4935 1.99175 0.189871 0.95 1.29263 
1.97271 0.369826 19.6902 1.99844 0.186083 0.975 1.29263 
1.97829 0.375483 18.8869 2.00535 0.182175 1 1.29263 
1.96525 0.345707 22.1679 1.98627 0.190977 0.9 1.30081 
1.97039 0.350696 21.3646 1.99254 0.187539 0.925 1.30081 
1.97571 0.355858 20.5613 1.99905 0.183984 0.95 1.30081 
1.98123 0.361193 19.758 2.00579 0.180313 0.975 1.30081 
1.98693 0.366702 18.9547 2.01276 0.176525 1 1.30081 
1.9732 0.337285 22.2357 1.99326 0.184903 0.9 1.309 
1.97845 0.342139 21.4324 1.99958 0.181573 0.925 1.309 
1.98389 0.347162 20.6291 2.00614 0.178129 0.95 1.309 
1.98952 0.352353 19.8258 2.01293 0.174572 0.975 1.309 
1.99535 0.357714 19.0225 2.01994 0.170903 1 1.309 

ZONE I=5, J=5
1.9732 0.337285 22.2882 1.99326 0.184903 0.9 1.309 
1.97845 0.342139 21.4607 1.99958 0.181573 0.925 1.309 
1.98389 0.347162 20.6332 2.00614 0.178129 0.95 1.309 
1.98952 0.352353 19.8056 2.01293 0.174572 0.975 1.309 
1.99535 0.357714 18.9781 2.01994 0.170903 1 1.309 
1.98092 0.328686 22.3494 2.00002 0.178854 0.9 1.31718 
1.98628 0.333399 21.5219 2.00639 0.175635 0.925 1.31718 
1.99183 0.338277 20.6944 2.01299 0.172308 0.95 1.31718 
1.99759 0.343318 19.8669 2.01983 0.168872 0.975 1.31718 
2.00354 0.348524 19.0393 2.0269 0.165326 1 1.31718 
1.98843 0.3199 22.4106 2.00657 0.172836 0.9 1.32536 
1.9939 0.324472 21.5831 2.01298 0.169728 0.925 1.32536 
1.99956 0.329204 20.7556 2.01963 0.166515 0.95 1.32536 
2.00543 0.334095 19.9281 2.02651 0.163196 0.975 1.32536 
2.0115 0.339146 19.1006 2.03363 0.159772 1 1.32536 
1.99573 0.310931 22.4718 2.0129 0.166849 0.9 1.33354 
2.00129 0.315362 21.6443 2.01935 0.16385 0.925 1.33354 
2.00706 0.319948 20.8168 2.02604 0.160748 0.95 1.33354 
2.01304 0.324689 19.9893 2.03296 0.157545 0.975 1.33354 
2.01922 0.329585 19.1618 2.04012 0.154239 1 1.33354 
2.00281 0.301783 22.533 2.01902 0.160895 0.9 1.34172 
2.00847 0.306074 21.7055 2.0255 0.158001 0.925 1.34172 
2.01434 0.310515 20.878 2.03223 0.155009 0.95 1.34172 
2.02042 0.315106 20.0505 2.03919 0.151918 0.975 1.34172 
2.02671 0.319847 19.223 2.04639 0.148729 1 1.34172 

ZONE I=5, J=5
2.00281 0.301783 22.5804 2.01902 0.160895 0.9 1.34172 
2.00847 0.306074 21.731 2.0255 0.158001 0.925 1.34172 
2.01434 0.310515 20.8816 2.03223 0.155009 0.95 1.34172 
2.02042 0.315106 20.0322 2.03919 0.151918 0.975 1.34172 
2.02671 0.319847 19.1828 2.04639 0.148729 1 1.34172 
2.00965 0.292478 22.6344 2.02491 0.154955 0.9 1.3499 
2.01541 0.296623 21.785 2.03143 0.152172 0.925 1.3499 
2.02138 0.300913 20.9356 2.03819 0.149294 0.95 1.3499 
2.02756 0.305348 20.0862 2.0452 0.146321 0.975 1.3499 
2.03395 0.309928 19.2368 2.05244 0.143254 1 1.3499 
2.01628 0.283008 22.6885 2.03058 0.149039 0.9 1.35808 
2.02212 0.287007 21.8391 2.03714 0.146364 0.925 1.35808 
2.02819 0.291146 20.9897 2.04394 0.143599 0.95 1.35808 
2.03447 0.295425 20.1403 2.05098 0.140742 0.975 1.35808 
2.04096 0.299844 19.2909 2.05826 0.137793 1 1.35808 
2.02268 0.273376 22.7425 2.03604 0.143147 0.9 1.36626 
2.02861 0.27723 21.8931 2.04263 0.140579 0.925 1.36626 
2.03476 0.281218 21.0437 2.04947 0.137923 0.95 1.36626 
2.04113 0.285341 20.1943 2.05654 0.135179 0.975 1.36626 
2.04772 0.2896 19.3449 2.06386 0.132348 1 1.36626 
2.02885 0.263589 22.7966 2.04129 0.137278 0.9 1.37445 
2.03486 0.267297 21.9472 2.04791 0.134814 0.925 1.37445 
2.0411 0.271135 21.0978 2.05477 0.132267 0.95 1.37445 
2.04755 0.275103 20.2484 2.06188 0.129634 0.975 1.37445 
2.05424 0.279201 19.399 2.06923 0.126918 1 1.37445 

ZONE I=5, J=5
2.02885 0.263589 22.8381 2.04129 0.137278 0.9 1.37445 
2.03486 0.267297 21.9695 2.04791 0.134814 0.925 1.37445 
2.0411 0.271135 21.101 2.05477 0.132267 0.95 1.37445 
2.04755 0.275103 20.2324 2.06188 0.129634 0.975 1.37445 
2.05424 0.279201 19.3638 2.06923 0.126918 1 1.37445 
2.03477 0.253674 22.8845 2.04631 0.131424 0.9 1.38263 
2.04087 0.257232 22.0159 2.05296 0.129069 0.925 1.38263 
2.04719 0.260915 21.1474 2.05986 0.126633 0.95 1.38263 
2.05373 0.264723 20.2788 2.067 0.124116 0.975 1.38263 
2.0605 0.268655 19.4102 2.07438 0.12152 1 1.38263 
2.04047 0.243622 22.9309 2.05112 0.12559 0.9 1.39081 
2.04663 0.24703 22.0624 2.0578 0.123341 0.925 1.39081 
2.05303 0.250558 21.1938 2.06472 0.121016 0.95 1.39081 
2.05966 0.254205 20.3252 2.07189 0.118613 0.975 1.39081 
2.06651 0.257973 19.4566 2.07931 0.116133 1 1.39081 
2.04592 0.233436 22.9773 2.05571 0.119776 0.9 1.39899 
2.05216 0.236695 22.1088 2.06241 0.117632 0.925 1.39899 
2.05863 0.240068 21.2402 2.06937 0.115415 0.95 1.39899 
2.06533 0.243556 20.3716 2.07657 0.113124 0.975 1.39899 
2.07227 0.247159 19.503 2.08401 0.11076 1 1.39899 
2.05114 0.223122 23.0238 2.06009 0.113983 0.9 1.40717 
2.05744 0.226232 22.1552 2.06682 0.111942 0.925 1.40717 
2.06398 0.229451 21.2866 2.07379 0.109831 0.95 1.40717 
2.07076 0.23278 20.418 2.08102 0.10765 0.975 1.40717 
2.07776 0.236219 19.5495 2.08849 0.105398 1 1.40717 

ZONE I=5, J=5
2.05114 0.223122 23.0589 2.06009 0.113983 0.9 1.40717 
2.05744 0.226232 22.1741 2.06682 0.111942 0.925 1.40717 
2.06398 0.229451 21.2893 2.07379 0.109831 0.95 1.40717 
2.07076 0.23278 20.4045 2.08102 0.10765 0.975 1.40717 
2.07776 0.236219 19.5197 2.08849 0.105398 1 1.40717 
2.05611 0.212699 23.0973 2.06424 0.108197 0.9 1.41535 
2.06248 0.215656 22.2125 2.071 0.106262 0.925 1.41535 
2.06909 0.218717 21.3277 2.078 0.104261 0.95 1.41535 
2.07593 0.221882 20.4429 2.08525 0.102194 0.975 1.41535 
2.08301 0.225151 19.5581 2.09275 0.10006 1 1.41535 
2.06083 0.202159 23.1358 2.06819 0.102425 0.9 1.42353 
2.06727 0.204963 22.2509 2.07496 0.100595 0.925 1.42353 
2.07394 0.207866 21.3661 2.08199 0.0987022 0.95 1.42353 
2.08085 0.210868 20.4813 2.08926 0.0967467 0.975 1.42353 
2.088 0.213969 19.5965 2.09679 0.0947284 1 1.42353 
2.06532 0.191507 23.1742 2.07192 0.0966664 0.9 1.43171 
2.07181 0.194159 22.2894 2.07872 0.0949399 0.925 1.43171 
2.07854 0.196904 21.4046 2.08576 0.093154 0.95 1.43171 
2.08551 0.199743 20.5197 2.09306 0.0913089 0.975 1.43171 
2.09272 0.202676 19.6349 2.10061 0.0894044 1 1.43171 
2.06955 0.180748 23.2126 2.07544 0.0909218 0.9 1.4399 
2.0761 0.183249 22.3278 2.08225 0.0892971 0.925 1.4399 
2.08288 0.185837 21.443 2.08932 0.0876166 0.95 1.4399 
2.08991 0.188514 20.5582 2.09664 0.0858802 0.975 1.4399 
2.09718 0.191279 19.6734 2.10421 0.0840878 1 1.4399 

ZONE I=5, J=5
2.06955 0.180748 23.2411 2.07544 0.0909218 0.9 1.4399 
2.0761 0.183249 22.3431 2.08225 0.0892971 0.925 1.4399 
2.08288 0.185837 21.4452 2.08932 0.0876166 0.95 1.4399 
2.08991 0.188514 20.5472 2.09664 0.0858802 0.975 1.4399 
2.09718 0.191279 19.6493 2.10421 0.0840878 1 1.4399 
2.07353 0.16991 23.2712 2.07874 0.0851862 0.9 1.44808 
2.08013 0.172255 22.3733 2.08557 0.0836661 0.925 1.44808 
2.08697 0.174683 21.4753 2.09266 0.0820937 0.95 1.44808 
2.09405 0.177193 20.5774 2.09999 0.080469 0.975 1.44808 
2.10138 0.179787 19.6794 2.10759 0.078792 1 1.44808 
2.07727 0.158982 23.3014 2.08183 0.079462 0.9 1.45626 
2.08391 0.161173 22.4034 2.08867 0.0780452 0.925 1.45626 
2.0908 0.16344 21.5055 2.09578 0.0765797 0.95 1.45626 
2.09793 0.165785 20.6075 2.10313 0.0750655 0.975 1.45626 
2.10531 0.168208 19.7096 2.11074 0.0735025 1 1.45626 
2.08075 0.147971 23.3316 2.0847 0.0737493 0.9 1.46444 
2.08743 0.150006 22.4336 2.09156 0.0724347 0.925 1.46444 
2.09437 0.152114 21.5356 2.09868 0.0710748 0.95 1.46444 
2.10155 0.154294 20.6377 2.10605 0.0696697 0.975 1.46444 
2.10898 0.156546 19.7397 2.11368 0.0682192 1 1.46444 
2.08398 0.13688 23.3617 2.08736 0.0680481 0.9 1.47262 
2.0907 0.138762 22.4638 2.09424 0.0668344 0.925 1.47262 
2.09768 0.14071 21.5658 2.10137 0.0655789 0.95 1.47262 
2.1049 0.142726 20.6678 2.10876 0.0642815 0.975 1.47262 
2.11238 0.144807 19.7699 2.1164 0.0629423 1 1.47262 

ZONE I=5, J=5
2.08398 0.13688 23.3832 2.08736 0.0680481 0.9 1.47262 
2.0907 0.138762 22.4753 2.09424 0.0668344 0.925 1.47262 
2.09768 0.14071 21.5675 2.10137 0.0655789 0.95 1.47262 
2.1049 0.142726 20.6596 2.10876 0.0642815 0.975 1.47262 
2.11238 0.144807 19.7517 2.1164 0.0629423 1 1.47262 
2.08695 0.125725 23.4049 2.0898 0.0623507 0.9 1.4808 
2.09371 0.127451 22.497 2.09669 0.06124 0.925 1.4808 
2.10073 0.129237 21.5891 2.10384 0.060091 0.95 1.4808 
2.10799 0.131085 20.6812 2.11124 0.0589038 0.975 1.4808 
2.11551 0.132994 19.7733 2.1189 0.0576782 1 1.4808 
2.08967 0.114502 23.4266 2.09203 0.0566594 0.9 1.48898 
2.09646 0.116071 22.5187 2.09894 0.0556509 0.925 1.48898 
2.10351 0.117696 21.6108 2.1061 0.0546076 0.95 1.48898 
2.11082 0.119376 20.7029 2.11351 0.0535295 0.975 1.48898 
2.11837 0.121112 19.795 2.12118 0.0524167 1 1.48898 
2.09213 0.103215 23.4483 2.09406 0.0509743 0.9 1.49716 
2.09896 0.104629 22.5404 2.10097 0.0500671 0.925 1.49716 
2.10604 0.106092 21.6325 2.10814 0.0491286 0.95 1.49716 
2.11337 0.107605 20.7246 2.11556 0.0481588 0.975 1.49716 
2.12096 0.109169 19.8167 2.12325 0.0471577 1 1.49716 
2.09434 0.0918703 23.47 2.09586 0.0452953 0.9 1.50535 
2.10119 0.093128 22.5621 2.10279 0.0444886 0.925 1.50535 
2.1083 0.0944303 21.6542 2.10996 0.043654 0.95 1.50535 
2.11567 0.0957773 20.7463 2.1174 0.0427915 0.975 1.50535 
2.12328 0.0971688 19.8384 2.12509 0.0419012 1 1.50535 

ZONE I=5, J=5
2.09434 0.0918703 23.4844 2.09586 0.0452953 0.9 1.50535 
2.10119 0.093128 22.5699 2.10279 0.0444886 0.925 1.50535 
2.1083 0.0944303 21.6553 2.10996 0.043654 0.95 1.50535 
2.11567 0.0957773 20.7407 2.1174 0.0427915 0.975 1.50535 
2.12328 0.0971688 19.8262 2.12509 0.0419012 1 1.50535 
2.09629 0.0804905 23.4975 2.09746 0.0396224 0.9 1.51353 
2.10316 0.081591 22.5829 2.10439 0.0389174 0.925 1.51353 
2.1103 0.0827305 21.6684 2.11157 0.0381882 0.95 1.51353 
2.11769 0.083909 20.7538 2.11902 0.0374346 0.975 1.51353 
2.12533 0.0851265 19.8392 2.12672 0.0366566 1 1.51353 
2.09797 0.0690696 23.5106 2.09884 0.033954 0.9 1.52171 
2.10487 0.070013 22.596 2.10577 0.0333504 0.925 1.52171 
2.11203 0.0709898 21.6814 2.11297 0.0327259 0.95 1.52171 
2.11944 0.0720001 20.7669 2.12042 0.0320805 0.975 1.52171 
2.12711 0.0730438 19.8523 2.12813 0.0314144 1 1.52171 
2.0994 0.0576128 23.5236 2.1 0.0282903 0.9 1.52989 
2.10632 0.0583993 22.6091 2.10695 0.0277874 0.925 1.52989 
2.1135 0.0592137 21.6945 2.11415 0.0272671 0.95 1.52989 
2.12093 0.060056 20.7799 2.12161 0.0267294 0.975 1.52989 
2.12862 0.0609261 19.8654 2.12933 0.0261744 1 1.52989 
2.10058 0.0461253 23.5367 2.10096 0.0226312 0.9 1.53807 
2.10751 0.0467552 22.6221 2.10791 0.0222285 0.925 1.53807 
2.1147 0.0474074 21.7076 2.11512 0.0218119 0.95 1.53807 
2.12214 0.048082 20.793 2.12258 0.0213813 0.975 1.53807 
2.12985 0.0487789 19.8784 2.1303 0.0209368 1 1.53807 

ZONE I=5, J=5
2.10058 0.0461253 23.5439 2.10096 0.0226312 0.9 1.53807 
2.10751 0.0467552 22.626 2.10791 0.0222285 0.925 1.53807 
2.1147 0.0474074 21.7081 2.11512 0.0218119 0.95 1.53807 
2.12214 0.048082 20.7902 2.12258 0.0213813 0.975 1.53807 
2.12985 0.0487789 19.8723 2.1303 0.0209368 1 1.53807 
2.10149 0.0346179 23.5483 2.1017 0.0169737 0.9 1.54625 
2.10843 0.0350903 22.6304 2.10866 0.0166719 0.925 1.54625 
2.11563 0.0355794 21.7125 2.11587 0.0163597 0.95 1.54625 
2.12309 0.0360853 20.7946 2.12334 0.016037 0.975 1.54625 
2.13081 0.036608 19.8767 2.13106 0.0157039 1 1.54625 
2.10214 0.0230898 23.5527 2.10223 0.011316 0.9 1.55443 
2.10909 0.0234047 22.6348 2.10919 0.011115 0.925 1.55443 
2.1163 0.0237307 21.7168 2.1164 0.0109069 0.95 1.55443 
2.12377 0.0240679 20.7989 2.12387 0.010692 0.975 1.55443 
2.13149 0.0244163 19.881 2.1316 0.0104701 1 1.55443 
2.10253 0.0115462 23.557 2.10255 0.00565811 0.9 1.56261 
2.10948 0.0117036 22.6391 2.10951 0.00555766 0.925 1.56261 
2.1167 0.0118665 21.7212 2.11672 0.00545373 0.95 1.56261 
2.12417 0.0120351 20.8033 2.1242 0.00534634 0.975 1.56261 
2.1319 0.0122092 19.8854 2.13193 0.00523548 1 1.56261 
2.10266 -7.7235e-06 23.5614 2.10266 0 0.9 1.5708 
2.10962 -7.74905e-06 22.6435 2.10962 0 0.925 1.5708 
2.11683 -7.77556e-06 21.7256 2.11683 0 0.95 1.5708 
2.12431 -7.80301e-06 20.8077 2.12431 0 0.975 1.5708 
2.13204 -7.83141e-06 19.8898 2.13204 0 1 1.5708 

