ZONE I=2, J=2
0 0.510808 12.271 0.510808 0 0.9 0 
0 0.5525 7.52709 0.5525 0 1 0 
0.0481745 0.510815 12.2754 0.512117 0.0314353 0.9 0.0327249 
0.0481668 0.5525 7.53151 0.55378 0.0300637 1 0.0327249 

ZONE I=2, J=2
0.0481745 0.510815 12.2769 0.512117 0.0314353 0.9 0.0327249 
0.0481668 0.5525 7.53048 0.55378 0.0300637 1 0.0327249 
0.0963483 0.510836 12.2876 0.516043 0.0627318 0.9 0.0654498 
0.0963327 0.5525 7.54116 0.557618 0.0599912 1 0.0654498 

ZONE I=2, J=2
0.0963483 0.510836 12.2906 0.516043 0.0627318 0.9 0.0654498 
0.0963327 0.5525 7.53909 0.557618 0.0599912 1 0.0654498 
0.14452 0.51087 12.3088 0.522576 0.0937505 0.9 0.0981748 
0.144497 0.5525 7.55729 0.564003 0.0896467 1 0.0981748 

ZONE I=2, J=2
0.14452 0.51087 12.3132 0.522576 0.0937505 0.9 0.0981748 
0.144497 0.5525 7.55393 0.564003 0.0896467 1 0.0981748 
0.19269 0.510918 12.3388 0.531699 0.124353 0.9 0.1309 
0.192659 0.5525 7.57962 0.57292 0.118895 1 0.1309 

ZONE I=2, J=2
0.19269 0.510918 12.3445 0.531699 0.124353 0.9 0.1309 
0.192659 0.5525 7.57501 0.57292 0.118895 1 0.1309 
0.240856 0.51098 12.3777 0.54339 0.154402 0.9 0.163625 
0.240817 0.5525 7.60818 0.584348 0.1476 1 0.163625 

ZONE I=2, J=2
0.240856 0.51098 12.3847 0.54339 0.154402 0.9 0.163625 
0.240817 0.5525 7.60234 0.584348 0.1476 1 0.163625 
0.289016 0.511056 12.4254 0.557621 0.183761 0.9 0.19635 
0.28897 0.5525 7.64303 0.598259 0.175629 1 0.19635 

ZONE I=2, J=2
0.289016 0.511056 12.4337 0.557621 0.183761 0.9 0.19635 
0.28897 0.5525 7.63595 0.598259 0.175629 1 0.19635 
0.33717 0.511145 12.482 0.574356 0.212293 0.9 0.229074 
0.337115 0.5525 7.68421 0.614618 0.20285 1 0.229074 

ZONE I=2, J=2
0.33717 0.511145 12.4918 0.574356 0.212293 0.9 0.229074 
0.337115 0.5525 7.67589 0.614618 0.20285 1 0.229074 
0.385318 0.511248 12.5477 0.593555 0.239868 0.9 0.261799 
0.385256 0.5525 7.73179 0.633385 0.229131 1 0.261799 

ZONE I=2, J=2
0.385318 0.511248 12.5589 0.593555 0.239868 0.9 0.261799 
0.385256 0.5525 7.72221 0.633385 0.229131 1 0.261799 
0.433457 0.511363 12.6225 0.61517 0.266352 0.9 0.294524 
0.433388 0.5525 7.78581 0.654515 0.254344 1 0.294524 

ZONE I=2, J=2
0.433457 0.511363 12.6352 0.61517 0.266352 0.9 0.294524 
0.433388 0.5525 7.77497 0.654515 0.254344 1 0.294524 
0.481587 0.511492 12.7066 0.639148 0.291616 0.9 0.327249 
0.48151 0.5525 7.84636 0.677955 0.278362 1 0.327249 

ZONE I=2, J=2
0.481587 0.511492 12.7207 0.639148 0.291616 0.9 0.327249 
0.48151 0.5525 7.83423 0.677955 0.278362 1 0.327249 
0.529706 0.511634 12.8 0.66543 0.315532 0.9 0.359974 
0.529622 0.5525 7.91352 0.703647 0.301058 1 0.359974 

ZONE I=2, J=2
0.529706 0.511634 12.8157 0.66543 0.315532 0.9 0.359974 
0.529622 0.5525 7.90008 0.703647 0.301058 1 0.359974 
0.577812 0.511788 12.903 0.69395 0.337976 0.9 0.392699 
0.577721 0.5525 7.98738 0.731528 0.322312 1 0.392699 

ZONE I=2, J=2
0.577812 0.511788 12.9201 0.69395 0.337976 0.9 0.392699 
0.577721 0.5525 7.97261 0.731528 0.322312 1 0.392699 
0.625904 0.511955 13.0156 0.724636 0.358826 0.9 0.425424 
0.625806 0.5525 8.06803 0.761527 0.342004 1 0.425424 

ZONE I=2, J=2
0.625904 0.511955 13.0343 0.724636 0.358826 0.9 0.425424 
0.625806 0.5525 8.0519 0.761527 0.342004 1 0.425424 
0.67398 0.512134 13.138 0.757413 0.377963 0.9 0.458149 
0.673875 0.5525 8.15558 0.79357 0.360016 1 0.458149 

ZONE I=2, J=2
0.67398 0.512134 13.1583 0.757413 0.377963 0.9 0.458149 
0.673875 0.5525 8.13808 0.79357 0.360016 1 0.458149 
0.722038 0.512325 13.2704 0.792197 0.395272 0.9 0.490874 
0.721926 0.5525 8.25016 0.827575 0.376235 1 0.490874 

ZONE I=2, J=2
0.722038 0.512325 13.2924 0.792197 0.395272 0.9 0.490874 
0.721926 0.5525 8.23125 0.827575 0.376235 1 0.490874 
0.770075 0.512528 13.413 0.8289 0.410641 0.9 0.523599 
0.769957 0.5525 8.3519 0.863457 0.390552 1 0.523599 

ZONE I=2, J=2
0.770075 0.512528 13.4366 0.8289 0.410641 0.9 0.523599 
0.769957 0.5525 8.33154 0.863457 0.390552 1 0.523599 
0.81809 0.512742 13.566 0.867429 0.423961 0.9 0.556324 
0.817965 0.5525 8.46092 0.901125 0.40286 1 0.556324 

ZONE I=2, J=2
0.81809 0.512742 13.5914 0.867429 0.423961 0.9 0.556324 
0.817965 0.5525 8.4391 0.901125 0.40286 1 0.556324 
0.866079 0.512967 13.7297 0.907684 0.435129 0.9 0.589049 
0.865948 0.5525 8.57739 0.940482 0.413056 1 0.589049 

ZONE I=2, J=2
0.866079 0.512967 13.7568 0.907684 0.435129 0.9 0.589049 
0.865948 0.5525 8.55406 0.940482 0.413056 1 0.589049 
0.91404 0.513203 13.9042 0.949564 0.444045 0.9 0.621774 
0.913903 0.5525 8.70147 0.981426 0.421044 1 0.621774 

ZONE I=2, J=2
0.91404 0.513203 13.9331 0.949564 0.444045 0.9 0.621774 
0.913903 0.5525 8.67659 0.981426 0.421044 1 0.621774 
0.961969 0.51345 14.0899 0.992956 0.450613 0.9 0.654498 
0.961826 0.5525 8.83333 1.02385 0.426727 1 0.654498 

ZONE I=2, J=2
0.961969 0.51345 14.1207 0.992956 0.450613 0.9 0.654498 
0.961826 0.5525 8.80686 1.02385 0.426727 1 0.654498 
1.00986 0.513706 14.287 1.03775 0.454744 0.9 0.687223 
1.00972 0.5525 8.97317 1.06764 0.430019 1 0.687223 

ZONE I=2, J=2
1.00986 0.513706 14.3196 1.03775 0.454744 0.9 0.687223 
1.00972 0.5525 8.9451 1.06764 0.430019 1 0.687223 
1.05772 0.513973 14.4957 1.08383 0.456352 0.9 0.719948 
1.05757 0.5525 9.1212 1.11269 0.430833 1 0.719948 

ZONE I=2, J=2
1.05772 0.513973 14.5302 1.08383 0.456352 0.9 0.719948 
1.05757 0.5525 9.09157 1.11269 0.430833 1 0.719948 
1.10554 0.514249 14.7163 1.13107 0.455356 0.9 0.752673 
1.10538 0.5525 9.27773 1.15888 0.429092 1 0.752673 

ZONE I=2, J=2
1.10554 0.514249 14.7524 1.13107 0.455356 0.9 0.752673 
1.10538 0.5525 9.24672 1.15888 0.429092 1 0.752673 
1.15331 0.514534 14.949 1.17934 0.45168 0.9 0.785398 
1.15315 0.5525 9.44323 1.20607 0.424721 1 0.785398 

ZONE I=2, J=2
1.15331 0.514534 14.9859 1.17934 0.45168 0.9 0.785398 
1.15315 0.5525 9.41153 1.20607 0.424721 1 0.785398 
1.20102 0.514829 15.193 1.22851 0.445254 0.9 0.818123 
1.20087 0.5525 9.61869 1.25415 0.417654 1 0.818123 

ZONE I=2, J=2
1.20102 0.514829 15.2283 1.22851 0.445254 0.9 0.818123 
1.20087 0.5525 9.58845 1.25415 0.417654 1 0.818123 
1.24867 0.515132 15.4465 1.27845 0.436009 0.9 0.850848 
1.24855 0.5525 9.80667 1.303 0.407834 1 0.850848 

ZONE I=2, J=2
1.24867 0.515132 15.4725 1.27845 0.436009 0.9 0.850848 
1.24855 0.5525 9.78439 1.303 0.407834 1 0.850848 
1.29623 0.515446 15.7024 1.329 0.423875 0.9 0.883573 
1.29621 0.5525 10.0143 1.35249 0.395218 1 0.883573 

ZONE I=2, J=2
1.29623 0.515446 15.6971 1.329 0.423875 0.9 0.883573 
1.29621 0.5525 10.019 1.35249 0.395218 1 0.883573 
1.34364 0.515771 15.9399 1.37996 0.408767 0.9 0.916298 
1.34391 0.5525 10.2619 1.40254 0.379793 1 0.916298 

ZONE I=2, J=2
1.34364 0.515771 15.8419 1.37996 0.408767 0.9 0.916298 
1.34391 0.5525 10.3464 1.40254 0.379793 1 0.916298 
1.39073 0.516086 16.1009 1.43106 0.39057 0.9 0.949023 
1.39179 0.5525 10.6054 1.45313 0.361588 1 0.949023 

ZONE I=2, J=2
1.39073 0.516086 15.7634 1.43106 0.39057 0.9 0.949023 
1.39179 0.5525 10.8976 1.45313 0.361588 1 0.949023 
1.43711 0.516204 16.0442 1.4817 0.369206 0.9 0.981748 
1.43996 0.5525 11.1784 1.50423 0.34061 1 0.981748 

ZONE I=2, J=2
1.43711 0.516204 15.3114 1.4817 0.369206 0.9 0.981748 
1.43996 0.5525 11.8201 1.50423 0.34061 1 0.981748 
1.48245 0.514855 15.5923 1.53077 0.345621 0.9 1.01447 
1.48726 0.551626 12.101 1.55428 0.316937 1 1.01447 

ZONE I=2, J=2
1.48245 0.514855 14.9612 1.53077 0.345621 0.9 1.01447 
1.48726 0.551626 12.6389 1.55428 0.316937 1 1.01447 
1.52652 0.509666 15.2408 1.57683 0.32187 0.9 1.0472 
1.53369 0.54572 12.9186 1.60107 0.294231 1 1.0472 

ZONE I=2, J=2
1.52652 0.509666 15.008 1.57683 0.32187 0.9 1.0472 
1.53369 0.54572 13.1186 1.60107 0.294231 1 1.0472 
1.5693 0.499987 15.2862 1.61969 0.298818 0.9 1.07992 
1.57953 0.534925 13.3967 1.64518 0.272826 1 1.07992 

ZONE I=2, J=2
1.5693 0.499987 15.2302 1.61969 0.298818 0.9 1.07992 
1.57953 0.534925 13.4453 1.64518 0.272826 1 1.07992 
1.61074 0.486001 15.504 1.65958 0.276525 0.9 1.11265 
1.62411 0.519494 13.7191 1.68639 0.252401 1 1.11265 

ZONE I=2, J=2
1.61074 0.486001 15.5158 1.65958 0.276525 0.9 1.11265 
1.62411 0.519494 13.7093 1.68639 0.252401 1 1.11265 
1.65052 0.467972 15.7822 1.69654 0.254928 0.9 1.14537 
1.6669 0.499747 13.9757 1.72457 0.232743 1 1.14537 

ZONE I=2, J=2
1.65052 0.467972 15.8188 1.69654 0.254928 0.9 1.14537 
1.6669 0.499747 13.9443 1.72457 0.232743 1 1.14537 
1.6884 0.446174 16.0749 1.73062 0.233908 0.9 1.1781 
1.70753 0.476014 14.2004 1.75972 0.21366 1 1.1781 

ZONE I=2, J=2
1.6884 0.446174 16.1196 1.73062 0.233908 0.9 1.1781 
1.70753 0.476014 14.1621 1.75972 0.21366 1 1.1781 
1.72407 0.420919 16.3627 1.76184 0.213368 0.9 1.21082 
1.7457 0.448655 14.4052 1.79185 0.195027 1 1.21082 

ZONE I=2, J=2
1.72407 0.420919 16.4085 1.76184 0.213368 0.9 1.21082 
1.7457 0.448655 14.3659 1.79185 0.195027 1 1.21082 
1.75732 0.392499 16.6364 1.79023 0.193199 0.9 1.24355 
1.78118 0.417997 14.5937 1.82101 0.176722 1 1.24355 

ZONE I=2, J=2
1.75732 0.392499 16.6805 1.79023 0.193199 0.9 1.24355 
1.78118 0.417997 14.5559 1.82101 0.176722 1 1.24355 
1.78793 0.361234 16.8912 1.8158 0.173332 0.9 1.27627 
1.81375 0.384391 14.7666 1.84723 0.158668 1 1.27627 

ZONE I=2, J=2
1.78793 0.361234 16.9322 1.8158 0.173332 0.9 1.27627 
1.81375 0.384391 14.7314 1.84723 0.158668 1 1.27627 
1.81573 0.32741 17.1242 1.8386 0.153686 0.9 1.309 
1.84328 0.348145 14.9234 1.87057 0.140787 1 1.309 

ZONE I=2, J=2
1.81573 0.32741 17.1615 1.8386 0.153686 0.9 1.309 
1.84328 0.348145 14.8914 1.87057 0.140787 1 1.309 
1.84056 0.291346 17.3334 1.85864 0.134216 0.9 1.34172 
1.8696 0.309596 15.0633 1.89106 0.123037 1 1.34172 

ZONE I=2, J=2
1.84056 0.291346 17.3666 1.85864 0.134216 0.9 1.34172 
1.8696 0.309596 15.0348 1.89106 0.123037 1 1.34172 
1.86232 0.253313 17.5174 1.87595 0.114868 0.9 1.37445 
1.89262 0.269028 15.1856 1.90874 0.105367 1 1.37445 

ZONE I=2, J=2
1.86232 0.253313 17.5462 1.87595 0.114868 0.9 1.37445 
1.89262 0.269028 15.161 1.90874 0.105367 1 1.37445 
1.88088 0.213624 17.6751 1.89056 0.0956191 0.9 1.40717 
1.91224 0.226769 15.2898 1.92364 0.0877585 1 1.40717 

ZONE I=2, J=2
1.88088 0.213624 17.6993 1.89056 0.0956191 0.9 1.40717 
1.91224 0.226769 15.2691 1.92364 0.0877585 1 1.40717 
1.89618 0.172541 17.8056 1.90248 0.0764298 0.9 1.4399 
1.9284 0.183087 15.3753 1.9358 0.0701794 1 1.4399 

ZONE I=2, J=2
1.89618 0.172541 17.8251 1.90248 0.0764298 0.9 1.4399 
1.9284 0.183087 15.3586 1.9358 0.0701794 1 1.4399 
1.90814 0.13037 17.9082 1.91173 0.0572917 0.9 1.47262 
1.94101 0.138296 15.4418 1.94522 0.0526259 1 1.47262 

ZONE I=2, J=2
1.90814 0.13037 17.923 1.91173 0.0572917 0.9 1.47262 
1.94101 0.138296 15.4292 1.94522 0.0526259 1 1.47262 
1.91672 0.0873622 17.9826 1.91833 0.0381777 0.9 1.50535 
1.95006 0.0926535 15.4888 1.95194 0.0350779 1 1.50535 

ZONE I=2, J=2
1.91672 0.0873622 17.9925 1.91833 0.0381777 0.9 1.50535 
1.95006 0.0926535 15.4804 1.95194 0.0350779 1 1.50535 
1.92188 0.0438208 18.0284 1.92229 0.0190876 0.9 1.53807 
1.9555 0.0464691 15.5163 1.95597 0.0175406 1 1.53807 

ZONE I=2, J=2
1.92188 0.0438208 18.0333 1.92229 0.0190876 0.9 1.53807 
1.9555 0.0464691 15.512 1.95597 0.0175406 1 1.53807 
1.92361 -7.0658e-06 18.0453 1.92361 0 0.9 1.5708 
1.95731 -7.18961e-06 15.524 1.95731 0 1 1.5708 

