ZONE I=2, J=2
0 0.431321 24.6957 0.431321 0 0.9 0 
0 0.460313 15.8319 0.460313 0 1 0 
0.0577673 0.431325 24.7025 0.432984 0.0436239 0.9 0.0327249 
0.0577628 0.460313 15.8387 0.461956 0.0426709 1 0.0327249 

ZONE I=2, J=2
0.0577673 0.431325 24.7053 0.432984 0.0436239 0.9 0.0327249 
0.0577628 0.460313 15.8371 0.461956 0.0426709 1 0.0327249 
0.115531 0.431337 24.7214 0.437969 0.0870732 0.9 0.0654498 
0.115522 0.460313 15.8532 0.466882 0.0851689 1 0.0654498 

ZONE I=2, J=2
0.115531 0.431337 24.7267 0.437969 0.0870732 0.9 0.0654498 
0.115522 0.460313 15.8498 0.466882 0.0851689 1 0.0654498 
0.173288 0.431357 24.7544 0.446265 0.130173 0.9 0.0981748 
0.173274 0.460313 15.8775 0.47508 0.127321 1 0.0981748 

ZONE I=2, J=2
0.173288 0.431357 24.7618 0.446265 0.130173 0.9 0.0981748 
0.173274 0.460313 15.8719 0.47508 0.127321 1 0.0981748 
0.231034 0.431384 24.8009 0.45785 0.17275 0.9 0.1309 
0.231015 0.460313 15.911 0.486528 0.168956 1 0.1309 

ZONE I=2, J=2
0.231034 0.431384 24.8107 0.45785 0.17275 0.9 0.1309 
0.231015 0.460313 15.9034 0.486528 0.168956 1 0.1309 
0.288765 0.431419 24.8612 0.472696 0.214631 0.9 0.163625 
0.288741 0.460313 15.9539 0.501199 0.209902 1 0.163625 

ZONE I=2, J=2
0.288765 0.431419 24.8732 0.472696 0.214631 0.9 0.163625 
0.288741 0.460313 15.9442 0.501199 0.209902 1 0.163625 
0.346476 0.431462 24.9352 0.490766 0.255645 0.9 0.19635 
0.346449 0.460313 16.0061 0.519057 0.249989 1 0.19635 

ZONE I=2, J=2
0.346476 0.431462 24.9495 0.490766 0.255645 0.9 0.19635 
0.346449 0.460313 15.9943 0.519057 0.249989 1 0.19635 
0.404164 0.431513 25.023 0.512017 0.29562 0.9 0.229074 
0.404132 0.460313 16.0678 0.540056 0.289049 1 0.229074 

ZONE I=2, J=2
0.404164 0.431513 25.0397 0.512017 0.29562 0.9 0.229074 
0.404132 0.460313 16.054 0.540056 0.289049 1 0.229074 
0.461826 0.431571 25.1247 0.536395 0.334391 0.9 0.261799 
0.46179 0.460313 16.139 0.564148 0.326917 1 0.261799 

ZONE I=2, J=2
0.461826 0.431571 25.1439 0.536395 0.334391 0.9 0.261799 
0.46179 0.460313 16.1231 0.564148 0.326917 1 0.261799 
0.519458 0.431637 25.2405 0.563842 0.371793 0.9 0.294524 
0.519417 0.460313 16.2197 0.59127 0.36343 1 0.294524 

ZONE I=2, J=2
0.519458 0.431637 25.2621 0.563842 0.371793 0.9 0.294524 
0.519417 0.460313 16.2017 0.59127 0.36343 1 0.294524 
0.577055 0.431711 25.3705 0.594288 0.407662 0.9 0.327249 
0.577009 0.460313 16.3101 0.621357 0.398425 1 0.327249 

ZONE I=2, J=2
0.577055 0.431711 25.3945 0.594288 0.407662 0.9 0.327249 
0.577009 0.460313 16.29 0.621357 0.398425 1 0.327249 
0.634612 0.431791 25.5148 0.627658 0.441839 0.9 0.359974 
0.634562 0.460313 16.4102 0.654334 0.431745 1 0.359974 

ZONE I=2, J=2
0.634612 0.431791 25.5413 0.627658 0.441839 0.9 0.359974 
0.634562 0.460313 16.3881 0.654334 0.431745 1 0.359974 
0.692125 0.431879 25.6735 0.663869 0.474168 0.9 0.392699 
0.692071 0.460313 16.5202 0.690117 0.463236 1 0.392699 

ZONE I=2, J=2
0.692125 0.431879 25.7025 0.663869 0.474168 0.9 0.392699 
0.692071 0.460313 16.4959 0.690117 0.463236 1 0.392699 
0.74959 0.431974 25.8468 0.70283 0.504496 0.9 0.425424 
0.749531 0.460313 16.6402 0.728619 0.492747 1 0.425424 

ZONE I=2, J=2
0.74959 0.431974 25.8784 0.70283 0.504496 0.9 0.425424 
0.749531 0.460313 16.6138 0.728619 0.492747 1 0.425424 
0.807001 0.432076 26.0349 0.744444 0.532675 0.9 0.458149 
0.806938 0.460313 16.7703 0.769742 0.52013 1 0.458149 

ZONE I=2, J=2
0.807001 0.432076 26.0691 0.744444 0.532675 0.9 0.458149 
0.806938 0.460313 16.7416 0.769742 0.52013 1 0.458149 
0.864354 0.432184 26.238 0.788606 0.558562 0.9 0.490874 
0.864287 0.460313 16.9106 0.813381 0.545243 1 0.490874 

ZONE I=2, J=2
0.864354 0.432184 26.2748 0.788606 0.558562 0.9 0.490874 
0.864287 0.460313 16.8797 0.813381 0.545243 1 0.490874 
0.921642 0.432299 26.4563 0.835203 0.582016 0.9 0.523599 
0.921571 0.460313 17.0613 0.859428 0.567948 1 0.523599 

ZONE I=2, J=2
0.921642 0.432299 26.4958 0.835203 0.582016 0.9 0.523599 
0.921571 0.460313 17.0282 0.859428 0.567948 1 0.523599 
0.978861 0.432421 26.6901 0.884118 0.602903 0.9 0.556324 
0.978786 0.460313 17.2225 0.907764 0.588111 1 0.556324 

ZONE I=2, J=2
0.978861 0.432421 26.7323 0.884118 0.602903 0.9 0.556324 
0.978786 0.460313 17.1871 0.907764 0.588111 1 0.556324 
1.03601 0.432549 26.9396 0.935225 0.621095 0.9 0.589049 
1.03593 0.460313 17.3944 0.958266 0.605605 1 0.589049 

ZONE I=2, J=2
1.03601 0.432549 26.9845 0.935225 0.621095 0.9 0.589049 
1.03593 0.460313 17.3567 0.958266 0.605605 1 0.589049 
1.09307 0.432683 27.205 0.988393 0.636468 0.9 0.621774 
1.09298 0.460313 17.5773 1.0108 0.620307 1 0.621774 

ZONE I=2, J=2
1.09307 0.432683 27.2527 0.988393 0.636468 0.9 0.621774 
1.09298 0.460313 17.5372 1.0108 0.620307 1 0.621774 
1.15004 0.432823 27.4866 1.04348 0.648903 0.9 0.654498 
1.14995 0.460313 17.7712 1.06524 0.6321 1 0.654498 

ZONE I=2, J=2
1.15004 0.432823 27.5372 1.04348 0.648903 0.9 0.654498 
1.14995 0.460313 17.7287 1.06524 0.6321 1 0.654498 
1.20692 0.432969 27.7848 1.10035 0.658291 0.9 0.687223 
1.20683 0.460313 17.9764 1.12143 0.640874 1 0.687223 

ZONE I=2, J=2
1.20692 0.432969 27.8383 1.10035 0.658291 0.9 0.687223 
1.20683 0.460313 17.9315 1.12143 0.640874 1 0.687223 
1.2637 0.43312 28.0999 1.15885 0.664525 0.9 0.719948 
1.26361 0.460313 18.1931 1.17924 0.646526 1 0.719948 

ZONE I=2, J=2
1.2637 0.43312 28.1563 1.15885 0.664525 0.9 0.719948 
1.26361 0.460313 18.1458 1.17924 0.646526 1 0.719948 
1.32037 0.433277 28.4321 1.21883 0.667508 0.9 0.752673 
1.32028 0.460313 18.4216 1.2385 0.648956 1 0.752673 

ZONE I=2, J=2
1.32037 0.433277 28.4915 1.21883 0.667508 0.9 0.752673 
1.32028 0.460313 18.3717 1.2385 0.648956 1 0.752673 
1.37693 0.433439 28.7819 1.28012 0.667148 0.9 0.785398 
1.37683 0.460313 18.6622 1.29905 0.648074 1 0.785398 

ZONE I=2, J=2
1.37693 0.433439 28.8444 1.28012 0.667148 0.9 0.785398 
1.37683 0.460313 18.6097 1.29905 0.648074 1 0.785398 
1.43336 0.433606 29.1497 1.34257 0.663361 0.9 0.818123 
1.43326 0.460313 18.915 1.36075 0.643797 1 0.818123 

ZONE I=2, J=2
1.43336 0.433606 29.2153 1.34257 0.663361 0.9 0.818123 
1.43326 0.460313 18.8599 1.36075 0.643797 1 0.818123 
1.48966 0.433778 29.5357 1.406 0.65607 0.9 0.850848 
1.48955 0.460313 19.1804 1.42341 0.636049 1 0.850848 

ZONE I=2, J=2
1.48966 0.433778 29.6044 1.406 0.65607 0.9 0.850848 
1.48955 0.460313 19.1228 1.42341 0.636049 1 0.850848 
1.54582 0.433954 29.9404 1.47023 0.645207 0.9 0.883573 
1.54571 0.460313 19.4588 1.48687 0.624761 1 0.883573 

ZONE I=2, J=2
1.54582 0.433954 30.012 1.47023 0.645207 0.9 0.883573 
1.54571 0.460313 19.3987 1.48687 0.624761 1 0.883573 
1.60183 0.434134 30.364 1.5351 0.63071 0.9 0.916298 
1.60172 0.460313 19.7508 1.55095 0.609873 1 0.916298 

ZONE I=2, J=2
1.60183 0.434134 30.4378 1.5351 0.63071 0.9 0.916298 
1.60172 0.460313 19.6888 1.55095 0.609873 1 0.916298 
1.65768 0.434318 30.8062 1.60042 0.612526 0.9 0.949023 
1.65757 0.460313 20.0572 1.61547 0.591333 1 0.949023 

ZONE I=2, J=2
1.65768 0.434318 30.8803 1.60042 0.612526 0.9 0.949023 
1.65757 0.460313 19.9952 1.61547 0.591333 1 0.949023 
1.71335 0.434507 31.2657 1.666 0.590608 0.9 0.981748 
1.71326 0.460313 20.3805 1.68026 0.569099 1 0.981748 

ZONE I=2, J=2
1.71335 0.434507 31.3341 1.666 0.590608 0.9 0.981748 
1.71326 0.460313 20.3234 1.68026 0.569099 1 0.981748 
1.76883 0.434699 31.7371 1.73164 0.564919 0.9 1.01447 
1.76878 0.460313 20.7264 1.74513 0.543142 1 1.01447 

ZONE I=2, J=2
1.76883 0.434699 31.7823 1.73164 0.564919 0.9 1.01447 
1.76878 0.460313 20.6892 1.74513 0.543142 1 1.01447 
1.82409 0.434895 32.2047 1.79716 0.535411 0.9 1.0472 
1.82418 0.460313 21.1116 1.80994 0.513442 1 1.0472 

ZONE I=2, J=2
1.82409 0.434895 32.1756 1.79716 0.535411 0.9 1.0472 
1.82418 0.460313 21.1373 1.80994 0.513442 1 1.0472 
1.87902 0.435096 32.621 1.86225 0.502048 0.9 1.07992 
1.87949 0.460313 21.5827 1.87455 0.480031 1 1.07992 

ZONE I=2, J=2
1.87902 0.435096 32.3752 1.86225 0.502048 0.9 1.07992 
1.87949 0.460313 21.7924 1.87455 0.480031 1 1.07992 
1.93343 0.43529 32.8512 1.92657 0.464731 0.9 1.11265 
1.93493 0.460313 22.2684 1.93898 0.442953 1 1.11265 

ZONE I=2, J=2
1.93343 0.43529 32.0787 1.92657 0.464731 0.9 1.11265 
1.93493 0.460313 22.9716 1.93898 0.442953 1 1.11265 
1.98679 0.435071 32.49 1.98926 0.423678 0.9 1.14537 
1.99031 0.460313 23.3829 2.00288 0.402139 1 1.14537 

ZONE I=2, J=2
1.98679 0.435071 31.2543 1.98926 0.423678 0.9 1.14537 
1.99031 0.460313 24.3214 2.00288 0.402139 1 1.14537 
2.03876 0.430873 31.6758 2.04846 0.382121 0.9 1.1781 
2.04377 0.455818 24.7429 2.06263 0.36099 1 1.1781 

ZONE I=2, J=2
2.03876 0.430873 31.0684 2.04846 0.382121 0.9 1.1781 
2.04377 0.455818 25.296 2.06263 0.36099 1 1.1781 
2.0888 0.419864 31.5638 2.10282 0.342832 0.9 1.21082 
2.09625 0.443932 25.7915 2.11827 0.322931 1 1.21082 

ZONE I=2, J=2
2.0888 0.419864 31.395 2.10282 0.342832 0.9 1.21082 
2.09625 0.443932 25.9302 2.11827 0.322931 1 1.21082 
2.13659 0.402417 31.8701 2.15255 0.305717 0.9 1.24355 
2.14676 0.42524 26.4053 2.16952 0.287375 1 1.24355 

ZONE I=2, J=2
2.13659 0.402417 31.8689 2.15255 0.305717 0.9 1.24355 
2.14676 0.42524 26.4058 2.16952 0.287375 1 1.24355 
2.18153 0.379068 32.3205 2.19764 0.270525 0.9 1.27627 
2.19433 0.400312 26.8573 2.21605 0.25391 1 1.27627 

ZONE I=2, J=2
2.18153 0.379068 32.376 2.19764 0.270525 0.9 1.27627 
2.19433 0.400312 26.8106 2.21605 0.25391 1 1.27627 
2.22311 0.350364 32.7982 2.23804 0.236952 0.9 1.309 
2.23829 0.369757 27.2327 2.25772 0.222147 1 1.309 

ZONE I=2, J=2
2.22311 0.350364 32.8697 2.23804 0.236952 0.9 1.309 
2.23829 0.369757 27.1729 2.25772 0.222147 1 1.309 
2.26081 0.316911 33.256 2.27371 0.204748 0.9 1.34172 
2.27808 0.334243 27.5592 2.29447 0.191791 1 1.34172 

ZONE I=2, J=2
2.26081 0.316911 33.3277 2.27371 0.204748 0.9 1.34172 
2.27808 0.334243 27.4992 2.29447 0.191791 1 1.34172 
2.29423 0.27929 33.6728 2.30463 0.17365 0.9 1.37445 
2.3133 0.294397 27.8442 2.32629 0.162556 1 1.37445 

ZONE I=2, J=2
2.29423 0.27929 33.7385 2.30463 0.17365 0.9 1.37445 
2.3133 0.294397 27.7894 2.32629 0.162556 1 1.37445 
2.32301 0.238131 34.0376 2.33078 0.143462 0.9 1.40717 
2.3436 0.250887 28.0885 2.35317 0.13423 1 1.40717 

ZONE I=2, J=2
2.32301 0.238131 34.0943 2.33078 0.143462 0.9 1.40717 
2.3436 0.250887 28.041 2.35317 0.13423 1 1.40717 
2.34691 0.194013 34.3438 2.35216 0.113973 0.9 1.4399 
2.36872 0.20432 28.2904 2.37513 0.106601 1 1.4399 

ZONE I=2, J=2
2.34691 0.194013 34.3903 2.35216 0.113973 0.9 1.4399 
2.36872 0.20432 28.2516 2.37513 0.106601 1 1.4399 
2.3657 0.14756 34.5872 2.36878 0.0850341 0.9 1.47262 
2.38846 0.155348 28.4485 2.39218 0.0795133 1 1.47262 

ZONE I=2, J=2
2.3657 0.14756 34.6226 2.36878 0.0850341 0.9 1.47262 
2.38846 0.155348 28.4189 2.39218 0.0795133 1 1.47262 
2.37924 0.0993373 34.7647 2.38064 0.0564766 0.9 1.50535 
2.40266 0.104556 28.5609 2.40435 0.0528008 1 1.50535 

ZONE I=2, J=2
2.37924 0.0993373 34.7886 2.38064 0.0564766 0.9 1.50535 
2.40266 0.104556 28.541 2.40435 0.0528008 1 1.50535 
2.3874 0.049963 34.8744 2.38775 0.0281805 0.9 1.53807 
2.41122 0.0525806 28.6269 2.41165 0.0263438 1 1.53807 

ZONE I=2, J=2
2.3874 0.049963 34.8865 2.38775 0.0281805 0.9 1.53807 
2.41122 0.0525806 28.6169 2.41165 0.0263438 1 1.53807 
2.39013 -8.77942e-06 34.9151 2.39013 0 0.9 1.5708 
2.41408 -8.86741e-06 28.6455 2.41408 0 1 1.5708 

