ZONE I=5, J=5
0 0.426944 26.0132 0.426944 0 0.9 0 
0 0.43344 23.6859 0.43344 0 0.925 0 
0 0.440308 21.3585 0.440308 0 0.95 0 
0 0.447546 19.0311 0.447546 0 0.975 0 
0 0.455156 16.7037 0.455156 0 1 0 
0.0146418 0.426944 26.015 0.42705 0.0111484 0.9 0.00818126 
0.0146415 0.43344 23.6876 0.433546 0.011095 0.925 0.00818126 
0.0146413 0.440308 21.3602 0.440413 0.0110386 0.95 0.00818126 
0.0146411 0.447547 19.0328 0.447651 0.0109792 0.975 0.00818126 
0.0146411 0.455156 16.7054 0.455261 0.0109169 1 0.00818126 
0.0292805 0.426945 26.0168 0.427367 0.022291 0.9 0.0163625 
0.0292799 0.433441 23.6894 0.433862 0.0221841 0.925 0.0163625 
0.0292794 0.440308 21.362 0.440728 0.0220713 0.95 0.0163625 
0.029279 0.447547 19.0346 0.447966 0.0219525 0.975 0.0163625 
0.0292788 0.455156 16.7072 0.455574 0.0218277 1 0.0163625 
0.0439188 0.426946 26.0185 0.427895 0.0334278 0.9 0.0245437 
0.0439178 0.433442 23.6911 0.434389 0.0332674 0.925 0.0245437 
0.043917 0.440309 21.3637 0.441254 0.033098 0.95 0.0245437 
0.0439164 0.447547 19.0363 0.44849 0.0329198 0.975 0.0245437 
0.0439159 0.455156 16.7089 0.456097 0.0327326 1 0.0245437 
0.0585595 0.426948 26.0203 0.428635 0.0445588 0.9 0.0327249 
0.058558 0.433443 23.6929 0.435127 0.0443448 0.925 0.0327249 
0.0585568 0.44031 21.3655 0.44199 0.044119 0.95 0.0327249 
0.0585558 0.447547 19.0381 0.449224 0.0438811 0.975 0.0327249 
0.0585551 0.455156 16.7107 0.456828 0.0436314 1 0.0327249 

ZONE I=5, J=5
0.0585595 0.426948 26.0232 0.428635 0.0445588 0.9 0.0327249 
0.058558 0.433443 23.6946 0.435127 0.0443448 0.925 0.0327249 
0.0585568 0.44031 21.3661 0.44199 0.044119 0.95 0.0327249 
0.0585558 0.447547 19.0376 0.449224 0.0438811 0.975 0.0327249 
0.0585551 0.455156 16.709 0.456828 0.0436314 1 0.0327249 
0.0732002 0.42695 26.0273 0.429586 0.055679 0.9 0.0409062 
0.0731986 0.433445 23.6988 0.436076 0.0554117 0.925 0.0409062 
0.0731972 0.440311 21.3703 0.442936 0.0551296 0.95 0.0409062 
0.0731962 0.447548 19.0417 0.450167 0.0548326 0.975 0.0409062 
0.0731956 0.455156 16.7132 0.457769 0.0545208 1 0.0409062 
0.087838 0.426953 26.0315 0.430748 0.0667826 0.9 0.0490874 
0.087836 0.433447 23.7029 0.437235 0.066462 0.925 0.0490874 
0.0878344 0.440312 21.3744 0.444092 0.0661235 0.95 0.0490874 
0.0878333 0.447549 19.0459 0.45132 0.0657673 0.975 0.0490874 
0.0878325 0.455156 16.7173 0.458918 0.0653932 1 0.0490874 
0.102475 0.426956 26.0356 0.432121 0.0778696 0.9 0.0572686 
0.102473 0.433449 23.7071 0.438604 0.0774956 0.925 0.0572686 
0.102471 0.440314 21.3786 0.445457 0.0771007 0.95 0.0572686 
0.10247 0.44755 19.05 0.452681 0.0766851 0.975 0.0572686 
0.102469 0.455156 16.7215 0.460275 0.0762486 1 0.0572686 
0.117115 0.426959 26.0398 0.433705 0.0889401 0.9 0.0654498 
0.117112 0.433452 23.7113 0.440183 0.0885126 0.925 0.0654498 
0.11711 0.440316 21.3827 0.447032 0.0880612 0.95 0.0654498 
0.117108 0.447551 19.0542 0.454251 0.087586 0.975 0.0654498 
0.117106 0.455156 16.7256 0.461841 0.087087 1 0.0654498 

ZONE I=5, J=5
0.117115 0.426959 26.0453 0.433705 0.0889401 0.9 0.0654498 
0.117112 0.433452 23.7145 0.440183 0.0885126 0.925 0.0654498 
0.11711 0.440316 21.3837 0.447032 0.0880612 0.95 0.0654498 
0.117108 0.447551 19.0529 0.454251 0.087586 0.975 0.0654498 
0.117106 0.455156 16.7222 0.461841 0.087087 1 0.0654498 
0.131754 0.426963 26.0524 0.435499 0.0999877 0.9 0.0736311 
0.131751 0.433455 23.7216 0.441973 0.0995071 0.925 0.073631 
0.131749 0.440318 21.3908 0.448817 0.0989999 0.95 0.0736311 
0.131747 0.447552 19.0601 0.456031 0.0984659 0.975 0.0736311 
0.131746 0.455156 16.7293 0.463615 0.0979052 1 0.0736311 
0.14639 0.426968 26.0595 0.437503 0.111008 0.9 0.0818123 
0.146387 0.433459 23.7288 0.443972 0.110474 0.925 0.0818123 
0.146384 0.44032 21.398 0.45081 0.109911 0.95 0.0818123 
0.146382 0.447553 19.0672 0.458018 0.109318 0.975 0.0818123 
0.146381 0.455156 16.7364 0.465596 0.108695 1 0.0818123 
0.161025 0.426973 26.0667 0.439716 0.122001 0.9 0.0899936 
0.161022 0.433462 23.7359 0.44618 0.121414 0.925 0.0899936 
0.161019 0.440323 21.4051 0.453012 0.120794 0.95 0.0899936 
0.161016 0.447554 19.0743 0.460214 0.120142 0.975 0.0899935 
0.161015 0.455156 16.7435 0.467785 0.119457 1 0.0899936 
0.175663 0.426978 26.0738 0.44214 0.132966 0.9 0.0981748 
0.175659 0.433466 23.743 0.448597 0.132326 0.925 0.0981748 
0.175655 0.440326 21.4122 0.455423 0.13165 0.95 0.0981748 
0.175652 0.447556 19.0814 0.462617 0.130938 0.975 0.0981748 
0.17565 0.455156 16.7507 0.470181 0.130191 1 0.0981748 

ZONE I=5, J=5
0.175663 0.426978 26.0815 0.44214 0.132966 0.9 0.0981748 
0.175659 0.433466 23.7474 0.448597 0.132326 0.925 0.0981748 
0.175655 0.440326 21.4132 0.455423 0.13165 0.95 0.0981748 
0.175652 0.447556 19.0791 0.462617 0.130938 0.975 0.0981748 
0.17565 0.455156 16.7449 0.470181 0.130191 1 0.0981748 
0.190299 0.426984 26.0916 0.444773 0.143897 0.9 0.106356 
0.190294 0.433471 23.7575 0.451223 0.143204 0.925 0.106356 
0.190291 0.440329 21.4233 0.458041 0.142472 0.95 0.106356 
0.190288 0.447557 19.0891 0.465229 0.141702 0.975 0.106356 
0.190286 0.455156 16.755 0.472784 0.140894 1 0.106356 
0.204931 0.42699 26.1017 0.447613 0.154789 0.9 0.114537 
0.204927 0.433476 23.7675 0.454056 0.154044 0.925 0.114537 
0.204923 0.440332 21.4334 0.460867 0.153256 0.95 0.114537 
0.20492 0.447559 19.0992 0.468046 0.152428 0.975 0.114537 
0.204919 0.455156 16.7651 0.475593 0.151558 1 0.114537 
0.219564 0.426997 26.1118 0.450663 0.165644 0.9 0.122718 
0.219559 0.433481 23.7776 0.457098 0.164845 0.925 0.122718 
0.219555 0.440336 21.4434 0.4639 0.164002 0.95 0.122718 
0.219552 0.447561 19.1093 0.47107 0.163115 0.975 0.122718 
0.21955 0.455156 16.7751 0.478608 0.162183 1 0.122718 
0.2342 0.427004 26.1218 0.45392 0.176461 0.9 0.1309 
0.234194 0.433487 23.7877 0.460347 0.175609 0.925 0.1309 
0.234189 0.440339 21.4535 0.46714 0.17471 0.95 0.1309 
0.234185 0.447563 19.1194 0.474301 0.173763 0.975 0.1309 
0.234182 0.455156 16.7852 0.481829 0.172768 1 0.1309 

ZONE I=5, J=5
0.2342 0.427004 26.1319 0.45392 0.176461 0.9 0.1309 
0.234194 0.433487 23.7933 0.460347 0.175609 0.925 0.1309 
0.234189 0.440339 21.4546 0.46714 0.17471 0.95 0.1309 
0.234185 0.447563 19.116 0.474301 0.173763 0.975 0.1309 
0.234182 0.455156 16.7773 0.481829 0.172768 1 0.1309 
0.248831 0.427012 26.1449 0.457385 0.18723 0.9 0.139081 
0.248825 0.433493 23.8063 0.463802 0.186326 0.925 0.139081 
0.248821 0.440344 21.4676 0.470586 0.185372 0.95 0.139081 
0.248817 0.447565 19.129 0.477737 0.184367 0.975 0.139081 
0.248815 0.455156 16.7903 0.485255 0.183313 1 0.139081 
0.263459 0.42702 26.1579 0.461056 0.197951 0.9 0.147262 
0.263454 0.433499 23.8193 0.467464 0.196995 0.925 0.147262 
0.263449 0.440348 21.4806 0.474238 0.195985 0.95 0.147262 
0.263446 0.447567 19.142 0.481378 0.194922 0.975 0.147262 
0.263443 0.455156 16.8033 0.488885 0.193807 1 0.147262 
0.278088 0.427029 26.171 0.464933 0.208623 0.9 0.155443 
0.278082 0.433506 23.8323 0.471331 0.207614 0.925 0.155443 
0.278077 0.440352 21.4936 0.478094 0.206549 0.95 0.155443 
0.278073 0.447569 19.155 0.485224 0.205428 0.975 0.155443 
0.27807 0.455156 16.8163 0.492719 0.204251 1 0.155443 
0.29272 0.427038 26.184 0.469017 0.219247 0.9 0.163625 
0.292713 0.433513 23.8453 0.475404 0.218186 0.925 0.163625 
0.292706 0.440357 21.5067 0.482156 0.217065 0.95 0.163625 
0.292701 0.447572 19.168 0.489274 0.215884 0.975 0.163625 
0.292697 0.455156 16.8294 0.496756 0.214645 1 0.163625 

ZONE I=5, J=5
0.29272 0.427038 26.1964 0.469017 0.219247 0.9 0.163625 
0.292713 0.433513 23.8522 0.475404 0.218186 0.925 0.163625 
0.292706 0.440357 21.5079 0.482156 0.217065 0.95 0.163625 
0.292701 0.447572 19.1636 0.489274 0.215884 0.975 0.163625 
0.292697 0.455156 16.8193 0.496756 0.214645 1 0.163625 
0.307346 0.427048 26.2124 0.473305 0.229812 0.9 0.171806 
0.307339 0.43352 23.8681 0.479681 0.228699 0.925 0.171806 
0.307333 0.440362 21.5238 0.486422 0.227524 0.95 0.171806 
0.307329 0.447575 19.1796 0.493527 0.226286 0.975 0.171806 
0.307326 0.455156 16.8353 0.500996 0.224987 1 0.171806 
0.32197 0.427058 26.2284 0.477797 0.240318 0.9 0.179987 
0.321962 0.433528 23.8841 0.484161 0.239153 0.925 0.179987 
0.321957 0.440368 21.5398 0.49089 0.237923 0.95 0.179987 
0.321953 0.447577 19.1955 0.497982 0.236628 0.975 0.179987 
0.32195 0.455156 16.8512 0.505438 0.235268 1 0.179987 
0.336593 0.427068 26.2443 0.482493 0.250765 0.9 0.188168 
0.336586 0.433536 23.9 0.488845 0.249547 0.925 0.188168 
0.336579 0.440373 21.5558 0.49556 0.248262 0.95 0.188168 
0.336575 0.44758 19.2115 0.502639 0.246909 0.975 0.188168 
0.336571 0.455156 16.8672 0.510081 0.245489 1 0.188168 
0.35122 0.427079 26.2603 0.487392 0.261152 0.9 0.19635 
0.351211 0.433544 23.916 0.493732 0.259882 0.925 0.19635 
0.351204 0.440379 21.5717 0.500434 0.258542 0.95 0.19635 
0.351198 0.447583 19.2274 0.507498 0.25713 0.975 0.19635 
0.351193 0.455156 16.8832 0.514925 0.255648 1 0.19635 

ZONE I=5, J=5
0.35122 0.427079 26.2752 0.487392 0.261152 0.9 0.19635 
0.351211 0.433544 23.9241 0.493732 0.259882 0.925 0.19635 
0.351204 0.440379 21.5731 0.500434 0.258542 0.95 0.19635 
0.351198 0.447583 19.222 0.507498 0.25713 0.975 0.19635 
0.351193 0.455156 16.871 0.514925 0.255648 1 0.19635 
0.36584 0.427091 26.2941 0.492494 0.271469 0.9 0.204531 
0.365832 0.433553 23.9431 0.49882 0.270149 0.925 0.204531 
0.365825 0.440385 21.592 0.505508 0.268754 0.95 0.204531 
0.36582 0.447586 19.241 0.512558 0.267287 0.975 0.204531 
0.365817 0.455156 16.8899 0.51997 0.265746 1 0.204531 
0.380458 0.427103 26.3131 0.497795 0.281716 0.9 0.212712 
0.380449 0.433562 23.962 0.504108 0.280345 0.925 0.212712 
0.380443 0.440391 21.6109 0.510782 0.278896 0.95 0.212712 
0.380438 0.447589 19.2599 0.517816 0.277372 0.975 0.212712 
0.380434 0.455156 16.9088 0.525212 0.275771 1 0.212712 
0.395074 0.427115 26.332 0.503298 0.291894 0.9 0.220893 
0.395065 0.433572 23.9809 0.509596 0.29047 0.925 0.220893 
0.395058 0.440398 21.6299 0.516255 0.288968 0.95 0.220893 
0.395053 0.447592 19.2788 0.523273 0.287386 0.975 0.220893 
0.395049 0.455156 16.9277 0.530652 0.285725 1 0.220893 
0.409694 0.427127 26.3509 0.509001 0.302001 0.9 0.229074 
0.409684 0.433582 23.9998 0.515284 0.300526 0.925 0.229074 
0.409675 0.440404 21.6488 0.521927 0.298968 0.95 0.229074 
0.409668 0.447596 19.2977 0.528929 0.297328 0.975 0.229074 
0.409663 0.455156 16.9467 0.536291 0.295606 1 0.229074 

ZONE I=5, J=5
0.409694 0.427127 26.3683 0.509001 0.302001 0.9 0.229074 
0.409684 0.433582 24.0093 0.515284 0.300526 0.925 0.229074 
0.409675 0.440404 21.6503 0.521927 0.298968 0.95 0.229074 
0.409668 0.447596 19.2913 0.528929 0.297328 0.975 0.229074 
0.409663 0.455156 16.9324 0.536291 0.295606 1 0.229074 
0.424308 0.427141 26.3902 0.514903 0.312028 0.9 0.237256 
0.424299 0.433592 24.0312 0.521171 0.310503 0.925 0.237256 
0.424291 0.440412 21.6722 0.527798 0.308892 0.95 0.237256 
0.424285 0.4476 19.3132 0.534783 0.307197 0.975 0.237256 
0.424281 0.455156 16.9543 0.542127 0.305417 1 0.237256 
0.438919 0.427155 26.4121 0.521002 0.321975 0.9 0.245437 
0.438909 0.433602 24.0531 0.527254 0.320399 0.925 0.245437 
0.438902 0.440419 21.6941 0.533864 0.318735 0.95 0.245437 
0.438896 0.447603 19.3351 0.540832 0.316984 0.975 0.245437 
0.438892 0.455156 16.9762 0.548158 0.315145 1 0.245437 
0.453529 0.427169 26.434 0.527298 0.331841 0.9 0.253618 
0.453519 0.433613 24.075 0.533534 0.330214 0.925 0.253618 
0.45351 0.440426 21.716 0.540127 0.328497 0.95 0.253618 
0.453504 0.447607 19.357 0.547076 0.326689 0.975 0.253618 
0.453499 0.455156 16.998 0.554383 0.32479 1 0.253618 
0.468141 0.427183 26.4559 0.533791 0.341626 0.9 0.261799 
0.468129 0.433624 24.0969 0.54001 0.339948 0.925 0.261799 
0.46812 0.440434 21.7379 0.546584 0.338176 0.95 0.261799 
0.468112 0.447611 19.3789 0.553515 0.336311 0.975 0.261799 
0.468105 0.455156 17.0199 0.560802 0.334352 1 0.261799 

ZONE I=5, J=5
0.468141 0.427183 26.4757 0.533791 0.341626 0.9 0.261799 
0.468129 0.433624 24.1077 0.54001 0.339948 0.925 0.261799 
0.46812 0.440434 21.7396 0.546584 0.338176 0.95 0.261799 
0.468112 0.447611 19.3716 0.553515 0.336311 0.975 0.261799 
0.468105 0.455156 17.0035 0.560802 0.334352 1 0.261799 
0.482747 0.427199 26.5006 0.540479 0.351321 0.9 0.269981 
0.482736 0.433636 24.1326 0.54668 0.349593 0.925 0.269981 
0.482728 0.440442 21.7645 0.553237 0.34777 0.95 0.269981 
0.482721 0.447615 19.3965 0.560149 0.34585 0.975 0.269981 
0.482716 0.455156 17.0284 0.567415 0.343834 1 0.269981 
0.49735 0.427214 26.5255 0.547359 0.360924 0.9 0.278162 
0.497339 0.433648 24.1574 0.553543 0.359147 0.925 0.278162 
0.49733 0.44045 21.7894 0.560081 0.357271 0.95 0.278162 
0.497324 0.447619 19.4213 0.566973 0.355296 0.975 0.278162 
0.497319 0.455156 17.0533 0.574219 0.353223 1 0.278162 
0.511952 0.42723 26.5504 0.554433 0.370437 0.9 0.286343 
0.51194 0.43366 24.1823 0.560598 0.36861 0.925 0.286343 
0.511931 0.440458 21.8143 0.567117 0.366681 0.95 0.286343 
0.511923 0.447623 19.4462 0.573988 0.36465 0.975 0.286343 
0.511918 0.455156 17.0782 0.581213 0.362517 1 0.286343 
0.526555 0.427246 26.5753 0.5617 0.379859 0.9 0.294524 
0.526542 0.433673 24.2072 0.567846 0.377981 0.925 0.294524 
0.526531 0.440467 21.8392 0.574344 0.375998 0.95 0.294524 
0.526522 0.447628 19.4711 0.581194 0.373911 0.975 0.294524 
0.526515 0.455156 17.1031 0.588397 0.371719 1 0.294524 

ZONE I=5, J=5
0.526555 0.427246 26.5977 0.5617 0.379859 0.9 0.294524 
0.526542 0.433673 24.2194 0.567846 0.377981 0.925 0.294524 
0.526531 0.440467 21.8411 0.574344 0.375998 0.95 0.294524 
0.526522 0.447628 19.4628 0.581194 0.373911 0.975 0.294524 
0.526515 0.455156 17.0845 0.588397 0.371719 1 0.294524 
0.541152 0.427263 26.6256 0.569157 0.389179 0.9 0.302706 
0.54114 0.433686 24.2473 0.575284 0.387253 0.925 0.302706 
0.54113 0.440476 21.869 0.581762 0.385219 0.95 0.302706 
0.541123 0.447633 19.4907 0.588591 0.383079 0.975 0.302706 
0.541117 0.455156 17.1124 0.595771 0.380831 1 0.302706 
0.555745 0.42728 26.6535 0.576802 0.398398 0.9 0.310887 
0.555733 0.433699 24.2752 0.58291 0.396423 0.925 0.310887 
0.555724 0.440485 21.8969 0.589367 0.394338 0.95 0.310887 
0.555716 0.447637 19.5186 0.596174 0.392143 0.975 0.310887 
0.555712 0.455156 17.1403 0.603331 0.389838 1 0.310887 
0.570338 0.427298 26.6814 0.584636 0.407516 0.9 0.319068 
0.570325 0.433713 24.3031 0.590723 0.405492 0.925 0.319068 
0.570315 0.440494 21.9248 0.597159 0.403355 0.95 0.319068 
0.570306 0.447642 19.5465 0.603943 0.401105 0.975 0.319068 
0.570301 0.455156 17.1682 0.611076 0.398742 1 0.319068 
0.584932 0.427316 26.7093 0.592658 0.416533 0.9 0.327249 
0.584917 0.433727 24.331 0.598724 0.414459 0.925 0.327249 
0.584905 0.440504 21.9527 0.605138 0.412269 0.95 0.327249 
0.584895 0.447647 19.5745 0.611899 0.409964 0.975 0.327249 
0.584887 0.455156 17.1962 0.619007 0.407542 1 0.327249 

ZONE I=5, J=5
0.584932 0.427316 26.7342 0.592658 0.416533 0.9 0.327249 
0.584917 0.433727 24.3445 0.598724 0.414459 0.925 0.327249 
0.584905 0.440504 21.9548 0.605138 0.412269 0.95 0.327249 
0.584895 0.447647 19.5651 0.611899 0.409964 0.975 0.327249 
0.584887 0.455156 17.1754 0.619007 0.407542 1 0.327249 
0.599518 0.427335 26.7652 0.600866 0.425438 0.9 0.335431 
0.599505 0.433741 24.3755 0.606911 0.423317 0.925 0.335431 
0.599494 0.440514 21.9858 0.613302 0.421077 0.95 0.335431 
0.599486 0.447652 19.5961 0.62004 0.418719 0.975 0.335431 
0.59948 0.455157 17.2064 0.627124 0.416244 1 0.335431 
0.614101 0.427354 26.7961 0.609257 0.434232 0.9 0.343612 
0.614088 0.433756 24.4064 0.61528 0.432063 0.925 0.343612 
0.614077 0.440524 22.0167 0.621649 0.429773 0.95 0.343612 
0.614069 0.447657 19.627 0.628363 0.427362 0.975 0.343612 
0.614064 0.455156 17.2373 0.635422 0.424831 1 0.343612 
0.628683 0.427373 26.8271 0.617832 0.442915 0.9 0.351793 
0.628669 0.433771 24.4374 0.623833 0.440698 0.925 0.351793 
0.628657 0.440534 22.0477 0.630178 0.438356 0.95 0.351793 
0.628649 0.447662 19.658 0.636866 0.435892 0.975 0.351793 
0.628642 0.455156 17.2683 0.643899 0.433304 1 0.351793 
0.643266 0.427393 26.8581 0.62659 0.451487 0.9 0.359974 
0.643251 0.433786 24.4684 0.632568 0.449221 0.925 0.359974 
0.643237 0.440544 22.0787 0.638888 0.446828 0.95 0.359974 
0.643226 0.447668 19.689 0.645551 0.444309 0.975 0.359974 
0.643218 0.455156 17.2993 0.652557 0.441663 1 0.359974 

ZONE I=5, J=5
0.643266 0.427393 26.8855 0.62659 0.451487 0.9 0.359974 
0.643251 0.433786 24.4832 0.632568 0.449221 0.925 0.359974 
0.643237 0.440544 22.0809 0.638888 0.446828 0.95 0.359974 
0.643226 0.447668 19.6786 0.645551 0.444309 0.975 0.359974 
0.643218 0.455156 17.2763 0.652557 0.441663 1 0.359974 
0.657841 0.427414 26.9196 0.635528 0.459937 0.9 0.368156 
0.657827 0.433802 24.5173 0.641483 0.457624 0.925 0.368156 
0.657815 0.440555 22.115 0.647779 0.455183 0.95 0.368156 
0.657806 0.447673 19.7127 0.654417 0.452612 0.975 0.368156 
0.657799 0.455157 17.3104 0.661397 0.449913 1 0.368156 
0.672413 0.427434 26.9536 0.644644 0.468266 0.9 0.376337 
0.672398 0.433818 24.5513 0.650575 0.465907 0.925 0.376337 
0.672386 0.440566 22.149 0.656847 0.463416 0.95 0.376337 
0.672378 0.447679 19.7467 0.663459 0.460794 0.975 0.376337 
0.672372 0.455156 17.3444 0.670411 0.45804 1 0.376337 
0.686982 0.427455 26.9877 0.653938 0.476475 0.9 0.384518 
0.686967 0.433834 24.5854 0.659845 0.474068 0.925 0.384518 
0.686955 0.440577 22.1831 0.666091 0.471527 0.95 0.384518 
0.686945 0.447684 19.7808 0.672676 0.468852 0.975 0.384518 
0.686938 0.455156 17.3785 0.679599 0.466043 1 0.384518 
0.701554 0.427477 27.0217 0.66341 0.484563 0.9 0.392699 
0.701537 0.433851 24.6194 0.669292 0.482108 0.925 0.392699 
0.701522 0.440588 22.2171 0.675512 0.479516 0.95 0.392699 
0.701511 0.44769 19.8148 0.682068 0.476788 0.975 0.392699 
0.701501 0.455156 17.4125 0.688962 0.473922 1 0.392699 

ZONE I=5, J=5
0.701554 0.427477 27.0518 0.66341 0.484563 0.9 0.392699 
0.701537 0.433851 24.6357 0.669292 0.482108 0.925 0.392699 
0.701522 0.440588 22.2196 0.675512 0.479516 0.95 0.392699 
0.701511 0.44769 19.8035 0.682068 0.476788 0.975 0.392699 
0.701501 0.455156 17.3874 0.688962 0.473922 1 0.392699 
0.716116 0.427499 27.0889 0.673056 0.492518 0.9 0.400881 
0.7161 0.433868 24.6728 0.678913 0.490018 0.925 0.400881 
0.716087 0.4406 22.2567 0.685107 0.487379 0.95 0.400881 
0.716078 0.447697 19.8406 0.691637 0.484601 0.975 0.400881 
0.716071 0.455157 17.4245 0.698502 0.481683 1 0.400881 
0.730674 0.427522 27.1261 0.682874 0.500343 0.9 0.409062 
0.730659 0.433885 24.71 0.688706 0.497798 0.925 0.409062 
0.730646 0.440612 22.2939 0.694873 0.495111 0.95 0.409062 
0.730637 0.447702 19.8778 0.701374 0.492282 0.975 0.409062 
0.73063 0.455156 17.4617 0.708211 0.489311 1 0.409062 
0.745231 0.427544 27.1633 0.692864 0.508039 0.9 0.417243 
0.745215 0.433902 24.7472 0.69867 0.505447 0.925 0.417243 
0.745201 0.440624 22.3311 0.704809 0.502711 0.95 0.417243 
0.745191 0.447708 19.915 0.711282 0.499831 0.975 0.417243 
0.745184 0.455156 17.4989 0.718087 0.496806 1 0.417243 
0.759789 0.427568 27.2004 0.703026 0.515605 0.9 0.425424 
0.759771 0.43392 24.7843 0.708805 0.512966 0.925 0.425424 
0.759756 0.440636 22.3682 0.714916 0.51018 0.95 0.425424 
0.759743 0.447715 19.9521 0.721358 0.507247 0.975 0.425424 
0.759733 0.455156 17.536 0.728132 0.504167 1 0.425424 

ZONE I=5, J=5
0.759789 0.427568 27.2331 0.703026 0.515605 0.9 0.425424 
0.759771 0.43392 24.802 0.708805 0.512966 0.925 0.425424 
0.759756 0.440636 22.3709 0.714916 0.51018 0.95 0.425424 
0.759743 0.447715 19.9398 0.721358 0.507247 0.975 0.425424 
0.759733 0.455156 17.5087 0.728132 0.504167 1 0.425424 
0.774336 0.427592 27.2734 0.713354 0.523027 0.9 0.433605 
0.774319 0.433939 24.8423 0.719107 0.520344 0.925 0.433605 
0.774306 0.440649 22.4112 0.72519 0.517513 0.95 0.433605 
0.774295 0.447721 19.9801 0.731604 0.514532 0.975 0.433605 
0.774287 0.455157 17.549 0.738348 0.511401 1 0.433605 
0.78888 0.427616 27.3137 0.723849 0.53031 0.9 0.441786 
0.788863 0.433957 24.8826 0.729575 0.527584 0.925 0.441786 
0.78885 0.440661 22.4515 0.73563 0.524705 0.95 0.441786 
0.78884 0.447728 20.0204 0.742013 0.521675 0.975 0.441786 
0.788833 0.455156 17.5893 0.748726 0.518492 1 0.441786 
0.803423 0.42764 27.354 0.734511 0.537455 0.9 0.449967 
0.803405 0.433976 24.9229 0.740209 0.534684 0.925 0.449967 
0.803391 0.440674 22.4918 0.746234 0.531757 0.95 0.449967 
0.80338 0.447734 20.0607 0.752586 0.528677 0.975 0.449967 
0.803372 0.455156 17.6296 0.759266 0.525441 1 0.449967 
0.817968 0.427665 27.3944 0.745339 0.544462 0.9 0.458149 
0.817949 0.433995 24.9632 0.751008 0.541645 0.925 0.458149 
0.817932 0.440687 22.5321 0.757002 0.53867 0.95 0.458149 
0.817918 0.447741 20.101 0.763323 0.535538 0.975 0.458149 
0.817907 0.455156 17.6699 0.769968 0.532248 1 0.458149 

ZONE I=5, J=5
0.817968 0.427665 27.4297 0.745339 0.544462 0.9 0.458149 
0.817949 0.433995 24.9824 0.751008 0.541645 0.925 0.458149 
0.817932 0.440687 22.535 0.757002 0.53867 0.95 0.458149 
0.817918 0.447741 20.0876 0.763323 0.535538 0.975 0.458149 
0.817907 0.455156 17.6403 0.769968 0.532248 1 0.458149 
0.8325 0.427691 27.4732 0.756325 0.551315 0.9 0.46633 
0.832482 0.434015 25.0259 0.761966 0.548455 0.925 0.46633 
0.832467 0.440701 22.5785 0.767931 0.545436 0.95 0.46633 
0.832455 0.447748 20.1311 0.774221 0.542257 0.975 0.46633 
0.832447 0.455157 17.6838 0.780834 0.538919 1 0.46633 
0.847028 0.427716 27.5167 0.76747 0.55802 0.9 0.474511 
0.84701 0.434035 25.0694 0.773083 0.555117 0.925 0.474511 
0.846995 0.440714 22.622 0.779018 0.552052 0.95 0.474511 
0.846985 0.447755 20.1746 0.785275 0.548826 0.975 0.474511 
0.846977 0.455156 17.7273 0.791856 0.545438 1 0.474511 
0.861555 0.427742 27.5602 0.778776 0.564578 0.9 0.482692 
0.861536 0.434055 25.1129 0.784359 0.561631 0.925 0.482692 
0.861521 0.440728 22.6655 0.790262 0.55852 0.95 0.482692 
0.861509 0.447762 20.2182 0.796487 0.555245 0.975 0.482692 
0.8615 0.455156 17.7708 0.803033 0.551805 1 0.482692 
0.876084 0.427769 27.6037 0.790242 0.570988 0.9 0.490874 
0.876063 0.434075 25.1564 0.795794 0.567997 0.925 0.490874 
0.876046 0.440742 22.709 0.801665 0.564839 0.95 0.490874 
0.876031 0.447769 20.2617 0.807855 0.561513 0.975 0.490874 
0.876019 0.455156 17.8143 0.814365 0.558021 1 0.490874 

ZONE I=5, J=5
0.876084 0.427769 27.6418 0.790242 0.570988 0.9 0.490874 
0.876063 0.434075 25.1769 0.795794 0.567997 0.925 0.490874 
0.876046 0.440742 22.7121 0.801665 0.564839 0.95 0.490874 
0.876031 0.447769 20.2472 0.807855 0.561513 0.975 0.490874 
0.876019 0.455156 17.7824 0.814365 0.558021 1 0.490874 
0.890599 0.427796 27.6885 0.801857 0.577236 0.9 0.499055 
0.89058 0.434096 25.2237 0.80738 0.574204 0.925 0.499055 
0.890564 0.440756 22.7588 0.81322 0.571002 0.95 0.499055 
0.890552 0.447777 20.294 0.819378 0.567632 0.975 0.499055 
0.890543 0.455157 17.8291 0.825854 0.564092 1 0.499055 
0.90511 0.427823 27.7353 0.813625 0.583328 0.9 0.507236 
0.905091 0.434117 25.2704 0.819117 0.580254 0.925 0.507236 
0.905076 0.440771 22.8056 0.824926 0.577008 0.95 0.507236 
0.905064 0.447784 20.3407 0.83105 0.573591 0.975 0.507236 
0.905057 0.455156 17.8759 0.837491 0.570003 1 0.507236 
0.919621 0.42785 27.782 0.825546 0.589263 0.9 0.515417 
0.919601 0.434138 25.3172 0.831007 0.586147 0.925 0.515417 
0.919584 0.440785 22.8523 0.836782 0.582856 0.95 0.515417 
0.919572 0.447791 20.3875 0.842872 0.579392 0.975 0.515417 
0.919562 0.455156 17.9226 0.849276 0.575754 1 0.515417 
0.934132 0.427879 27.8287 0.83762 0.595043 0.9 0.523599 
0.93411 0.43416 25.3639 0.843049 0.591883 0.925 0.523599 
0.934092 0.4408 22.899 0.84879 0.588547 0.95 0.523599 
0.934076 0.447799 20.4342 0.854843 0.585034 0.975 0.523599 
0.934063 0.455156 17.9694 0.861209 0.581344 1 0.523599 

ZONE I=5, J=5
0.934132 0.427879 27.8695 0.83762 0.595043 0.9 0.523599 
0.93411 0.43416 25.3859 0.843049 0.591883 0.925 0.523599 
0.934092 0.4408 22.9023 0.84879 0.588547 0.95 0.523599 
0.934076 0.447799 20.4187 0.854843 0.585034 0.975 0.523599 
0.934063 0.455156 17.9351 0.861209 0.581344 1 0.523599 
0.948629 0.427908 27.9196 0.849836 0.600651 0.9 0.53178 
0.948609 0.434182 25.436 0.855233 0.597451 0.925 0.53178 
0.948592 0.440815 22.9524 0.860942 0.594074 0.95 0.53178 
0.948579 0.447807 20.4688 0.866961 0.590517 0.975 0.53178 
0.94857 0.455157 17.9852 0.873292 0.586782 1 0.53178 
0.963122 0.427936 27.9696 0.862197 0.606094 0.9 0.539961 
0.963102 0.434204 25.486 0.867562 0.602855 0.925 0.539961 
0.963086 0.44083 23.0024 0.873237 0.599434 0.95 0.539961 
0.963073 0.447814 20.5188 0.879222 0.595833 0.975 0.539961 
0.963065 0.455156 18.0352 0.885515 0.592052 1 0.539961 
0.977614 0.427965 28.0196 0.874703 0.611374 0.9 0.548142 
0.977592 0.434226 25.536 0.880036 0.608093 0.925 0.548142 
0.977575 0.440845 23.0524 0.885676 0.604629 0.95 0.548142 
0.977562 0.447822 20.5688 0.891623 0.600982 0.975 0.548142 
0.977552 0.455156 18.0852 0.897878 0.597152 1 0.548142 
0.992107 0.427995 28.0696 0.887354 0.616489 0.9 0.556324 
0.992084 0.434249 25.586 0.892653 0.613166 0.925 0.556324 
0.992064 0.440861 23.1024 0.898257 0.609658 0.95 0.556324 
0.992047 0.44783 20.6188 0.904166 0.605964 0.975 0.556324 
0.992034 0.455156 18.1352 0.910381 0.602084 1 0.556324 

ZONE I=5, J=5
0.992107 0.427995 28.1132 0.887354 0.616489 0.9 0.556324 
0.992084 0.434249 25.6096 0.892653 0.613166 0.925 0.556324 
0.992064 0.440861 23.106 0.898257 0.609658 0.95 0.556324 
0.992047 0.44783 20.6023 0.904166 0.605964 0.975 0.556324 
0.992034 0.455156 18.0987 0.910381 0.602084 1 0.556324 
1.00658 0.428025 28.1666 0.900139 0.621423 0.9 0.564505 
1.00656 0.434273 25.6629 0.905405 0.618063 0.925 0.564505 
1.00654 0.440877 23.1593 0.910976 0.614515 0.95 0.564505 
1.00653 0.447838 20.6557 0.916849 0.610779 0.975 0.564505 
1.00652 0.455157 18.152 0.923027 0.606855 1 0.564505 
1.02106 0.428056 28.2199 0.913061 0.626186 0.9 0.572686 
1.02104 0.434296 25.7163 0.918294 0.622786 0.925 0.572686 
1.02102 0.440893 23.2127 0.923829 0.619197 0.95 0.572686 
1.02101 0.447846 20.709 0.929666 0.615418 0.975 0.572686 
1.021 0.455156 18.2054 0.935805 0.61145 1 0.572686 
1.03553 0.428086 28.2733 0.92612 0.630776 0.9 0.580867 
1.03551 0.434319 25.7697 0.931319 0.627337 0.925 0.580867 
1.03549 0.440909 23.266 0.936817 0.623706 0.95 0.580867 
1.03547 0.447854 20.7624 0.942616 0.619883 0.975 0.580867 
1.03546 0.455156 18.2588 0.948714 0.615868 1 0.580867 
1.05 0.428117 28.3267 0.939316 0.635195 0.9 0.589049 
1.04998 0.434343 25.823 0.944479 0.631715 0.925 0.589049 
1.04996 0.440925 23.3194 0.94994 0.628041 0.95 0.589049 
1.04994 0.447863 20.8158 0.955699 0.624172 0.975 0.589049 
1.04992 0.455156 18.3121 0.961756 0.620109 1 0.589049 

ZONE I=5, J=5
1.05 0.428117 28.3731 0.939316 0.635195 0.9 0.589049 
1.04998 0.434343 25.8481 0.944479 0.631715 0.925 0.589049 
1.04996 0.440925 23.3231 0.94994 0.628041 0.95 0.589049 
1.04994 0.447863 20.7982 0.955699 0.624172 0.975 0.589049 
1.04992 0.455156 18.2732 0.961756 0.620109 1 0.589049 
1.06446 0.428149 28.4298 0.952637 0.639424 0.9 0.59723 
1.06443 0.434368 25.9049 0.957766 0.635908 0.925 0.59723 
1.06442 0.440942 23.3799 0.963192 0.632196 0.95 0.59723 
1.0644 0.447872 20.8549 0.968914 0.628287 0.975 0.59723 
1.06439 0.455157 18.3299 0.974932 0.624182 1 0.59723 
1.07891 0.428181 28.4866 0.966086 0.643475 0.9 0.605411 
1.07889 0.434392 25.9616 0.971181 0.639921 0.925 0.605411 
1.07887 0.440959 23.4366 0.976571 0.636169 0.95 0.605411 
1.07885 0.44788 20.9117 0.982254 0.632219 0.975 0.605411 
1.07885 0.455156 18.3867 0.988232 0.628071 1 0.605411 
1.09336 0.428213 28.5433 0.979665 0.647345 0.9 0.613592 
1.09334 0.434417 26.0184 0.984724 0.643753 0.925 0.613592 
1.09332 0.440975 23.4934 0.990075 0.639961 0.95 0.613592 
1.0933 0.447888 20.9684 0.995719 0.635969 0.975 0.613592 
1.09329 0.455156 18.4434 1.00165 0.631775 1 0.613592 
1.10781 0.428245 28.6001 0.993373 0.651035 0.9 0.621774 
1.10778 0.434442 26.0751 0.998395 0.647405 0.925 0.621774 
1.10776 0.440993 23.5501 1.00371 0.643572 0.95 0.621774 
1.10774 0.447898 21.0252 1.00931 0.639535 0.975 0.621774 
1.10773 0.455156 18.5002 1.0152 0.635295 1 0.621774 

ZONE I=5, J=5
1.10781 0.428245 28.6494 0.993373 0.651035 0.9 0.621774 
1.10778 0.434442 26.1017 0.998395 0.647405 0.925 0.621774 
1.10776 0.440993 23.5541 1.00371 0.643572 0.95 0.621774 
1.10774 0.447898 21.0065 1.00931 0.639535 0.975 0.621774 
1.10773 0.455156 18.4588 1.0152 0.635295 1 0.621774 
1.12224 0.428279 28.7096 1.0072 0.65453 0.9 0.629955 
1.12222 0.434468 26.1619 1.01218 0.650865 0.925 0.629955 
1.1222 0.441011 23.6143 1.01746 0.646995 0.95 0.629955 
1.12218 0.447907 21.0667 1.02302 0.64292 0.975 0.629955 
1.12217 0.455157 18.519 1.02887 0.63864 1 0.629955 
1.13667 0.428312 28.7698 1.02114 0.657838 0.9 0.638136 
1.13665 0.434493 26.2221 1.02609 0.654137 0.925 0.638136 
1.13663 0.441028 23.6745 1.03133 0.650229 0.95 0.638136 
1.13661 0.447915 21.1269 1.03685 0.646115 0.975 0.638136 
1.13661 0.455156 18.5792 1.04266 0.641793 1 0.638136 
1.1511 0.428345 28.83 1.0352 0.660958 0.9 0.646317 
1.15107 0.434519 26.2823 1.04011 0.657221 0.925 0.646317 
1.15105 0.441045 23.7347 1.04531 0.653274 0.95 0.646317 
1.15104 0.447924 21.1871 1.05079 0.649119 0.975 0.646317 
1.15103 0.455156 18.6394 1.05656 0.644755 1 0.646317 
1.16552 0.428379 28.8902 1.04938 0.663891 0.9 0.654498 
1.1655 0.434545 26.3425 1.05426 0.660117 0.925 0.654498 
1.16547 0.441063 23.7949 1.05941 0.656131 0.95 0.654498 
1.16545 0.447934 21.2473 1.06485 0.651933 0.975 0.654498 
1.16544 0.455156 18.6996 1.07057 0.647524 1 0.654498 

ZONE I=5, J=5
1.16552 0.428379 28.9424 1.04938 0.663891 0.9 0.654498 
1.1655 0.434545 26.3708 1.05426 0.660117 0.925 0.654498 
1.16547 0.441063 23.7991 1.05941 0.656131 0.95 0.654498 
1.16545 0.447934 21.2274 1.06485 0.651933 0.975 0.654498 
1.16544 0.455156 18.6558 1.07057 0.647524 1 0.654498 
1.17993 0.428414 29.0061 1.06367 0.666622 0.9 0.66268 
1.17991 0.434572 26.4345 1.06851 0.662814 0.925 0.66268 
1.17989 0.441082 23.8628 1.07363 0.658793 0.95 0.66268 
1.17987 0.447943 21.2912 1.07903 0.654559 0.975 0.66268 
1.17986 0.455157 18.7195 1.08471 0.650112 1 0.66268 
1.19434 0.428449 29.0698 1.07807 0.669159 0.9 0.670861 
1.19431 0.434598 26.4982 1.08287 0.665317 0.925 0.670861 
1.19429 0.4411 23.9265 1.08795 0.66126 0.95 0.670861 
1.19428 0.447952 21.3549 1.09331 0.656988 0.975 0.670861 
1.19427 0.455156 18.7832 1.09895 0.652502 1 0.670861 
1.20874 0.428483 29.1335 1.09258 0.671502 0.9 0.679042 
1.20871 0.434625 26.5619 1.09734 0.667625 0.925 0.679042 
1.20869 0.441118 23.9902 1.10238 0.663531 0.95 0.679042 
1.20868 0.447961 21.4186 1.1077 0.65922 0.975 0.679042 
1.20866 0.455156 18.8469 1.11329 0.654692 1 0.679042 
1.22314 0.428519 29.1973 1.1072 0.67365 0.9 0.687223 
1.22311 0.434652 26.6256 1.11192 0.669738 0.925 0.687223 
1.22309 0.441137 24.054 1.11692 0.665606 0.95 0.687223 
1.22307 0.447971 21.4823 1.12219 0.661254 0.975 0.687223 
1.22305 0.455156 18.9107 1.12774 0.656684 1 0.687223 

ZONE I=5, J=5
1.22314 0.428519 29.2525 1.1072 0.67365 0.9 0.687223 
1.22311 0.434652 26.6554 1.11192 0.669738 0.925 0.687223 
1.22309 0.441137 24.0584 1.11692 0.665606 0.95 0.687223 
1.22307 0.447971 21.4614 1.12219 0.661254 0.975 0.687223 
1.22305 0.455156 18.8643 1.12774 0.656684 1 0.687223 
1.23752 0.428555 29.3198 1.12192 0.67559 0.9 0.695405 
1.2375 0.43468 26.7227 1.1266 0.671645 0.925 0.695405 
1.23748 0.441156 24.1257 1.13156 0.66748 0.95 0.695405 
1.23746 0.447981 21.5287 1.13679 0.663094 0.975 0.695405 
1.23745 0.455157 18.9316 1.14229 0.658488 1 0.695405 
1.2519 0.428591 29.3871 1.13674 0.677329 0.9 0.703586 
1.25187 0.434708 26.79 1.14138 0.673352 0.925 0.703586 
1.25185 0.441175 24.193 1.1463 0.669152 0.95 0.703586 
1.25184 0.447991 21.5959 1.15149 0.664731 0.975 0.703586 
1.25183 0.455156 18.9989 1.15695 0.660087 1 0.703586 
1.26627 0.428626 29.4544 1.15166 0.678867 0.9 0.711767 
1.26625 0.434735 26.8573 1.15626 0.674857 0.925 0.711767 
1.26623 0.441193 24.2603 1.16114 0.670623 0.95 0.711767 
1.26621 0.448 21.6632 1.16628 0.666164 0.975 0.711767 
1.2662 0.455156 19.0662 1.17169 0.66148 1 0.711767 
1.28065 0.428663 29.5216 1.16668 0.680205 0.9 0.719948 
1.28062 0.434764 26.9246 1.17124 0.676161 0.925 0.719948 
1.28059 0.441213 24.3276 1.17608 0.67189 0.95 0.719948 
1.28057 0.44801 21.7305 1.18117 0.667393 0.975 0.719948 
1.28056 0.455156 19.1335 1.18653 0.662668 1 0.719948 

ZONE I=5, J=5
1.28065 0.428663 29.5799 1.16668 0.680205 0.9 0.719948 
1.28062 0.434764 26.9561 1.17124 0.676161 0.925 0.719948 
1.28059 0.441213 24.3323 1.17608 0.67189 0.95 0.719948 
1.28057 0.44801 21.7084 1.18117 0.667393 0.975 0.719948 
1.28056 0.455156 19.0846 1.18653 0.662668 1 0.719948 
1.295 0.428701 29.6508 1.18178 0.681328 0.9 0.72813 
1.29498 0.434793 27.027 1.18631 0.677253 0.925 0.72813 
1.29495 0.441233 24.4032 1.1911 0.672951 0.95 0.72813 
1.29494 0.448021 21.7794 1.19616 0.668421 0.975 0.72813 
1.29493 0.455157 19.1556 1.20148 0.663663 1 0.72813 
1.30935 0.428738 29.7218 1.19698 0.682243 0.9 0.736311 
1.30933 0.434821 27.098 1.20147 0.678139 0.925 0.736311 
1.30931 0.441252 24.4741 1.20622 0.673804 0.95 0.736311 
1.30929 0.44803 21.8503 1.21123 0.66924 0.975 0.736311 
1.30928 0.455156 19.2265 1.21651 0.664447 1 0.736311 
1.3237 0.428775 29.7927 1.21227 0.682953 0.9 0.744492 
1.32367 0.43485 27.1689 1.21672 0.678817 0.925 0.744492 
1.32365 0.441271 24.5451 1.22143 0.674449 0.95 0.744492 
1.32363 0.44804 21.9213 1.22639 0.66985 0.975 0.744492 
1.32362 0.455156 19.2975 1.23162 0.665019 1 0.744492 
1.33804 0.428813 29.8637 1.22765 0.683456 0.9 0.752673 
1.33801 0.434879 27.2399 1.23206 0.679288 0.925 0.752673 
1.33799 0.441292 24.616 1.23672 0.674886 0.95 0.752673 
1.33797 0.448051 21.9922 1.24164 0.670249 0.975 0.752673 
1.33795 0.455156 19.3684 1.24681 0.665379 1 0.752673 

ZONE I=5, J=5
1.33804 0.428813 29.925 1.22765 0.683456 0.9 0.752673 
1.33801 0.434879 27.273 1.23206 0.679288 0.925 0.752673 
1.33799 0.441292 24.621 1.23672 0.674886 0.95 0.752673 
1.33797 0.448051 21.9689 1.24164 0.670249 0.975 0.752673 
1.33795 0.455156 19.3169 1.24681 0.665379 1 0.752673 
1.35237 0.428852 29.9997 1.24311 0.683738 0.9 0.760855 
1.35234 0.434909 27.3477 1.24748 0.679541 0.925 0.760855 
1.35232 0.441312 24.6956 1.2521 0.675109 0.95 0.760855 
1.3523 0.448062 22.0436 1.25697 0.670443 0.975 0.760855 
1.35229 0.455157 19.3916 1.2621 0.665541 1 0.760855 
1.36669 0.42889 30.0744 1.25865 0.683807 0.9 0.769036 
1.36666 0.434938 27.4223 1.26297 0.679582 0.925 0.769036 
1.36664 0.441332 24.7703 1.26755 0.675119 0.95 0.769036 
1.36662 0.448071 22.1183 1.27238 0.670421 0.975 0.769036 
1.36661 0.455156 19.4663 1.27747 0.665485 1 0.769036 
1.381 0.428929 30.149 1.27426 0.683665 0.9 0.777217 
1.38097 0.434968 27.497 1.27855 0.67941 0.925 0.777217 
1.38095 0.441352 24.845 1.28308 0.674916 0.95 0.777217 
1.38093 0.448081 22.193 1.28787 0.670184 0.975 0.777217 
1.38092 0.455156 19.5409 1.2929 0.665213 1 0.777217 
1.39532 0.428968 30.2237 1.28996 0.683311 0.9 0.785398 
1.39528 0.434998 27.5717 1.29421 0.679025 0.925 0.785398 
1.39526 0.441373 24.9197 1.29869 0.674499 0.95 0.785398 
1.39524 0.448092 22.2676 1.30343 0.669732 0.975 0.785398 
1.39522 0.455156 19.6156 1.30841 0.664724 1 0.785398 

ZONE I=5, J=5
1.39532 0.428968 30.2882 1.28996 0.683311 0.9 0.785398 
1.39528 0.434998 27.6065 1.29421 0.679025 0.925 0.785398 
1.39526 0.441373 24.9249 1.29869 0.674499 0.95 0.785398 
1.39524 0.448092 22.2432 1.30343 0.669732 0.975 0.785398 
1.39522 0.455156 19.5615 1.30841 0.664724 1 0.785398 
1.40961 0.429008 30.3667 1.30573 0.68273 0.9 0.79358 
1.40958 0.435029 27.685 1.30993 0.678417 0.925 0.79358 
1.40956 0.441394 25.0033 1.31438 0.673863 0.95 0.79358 
1.40954 0.448104 22.3217 1.31907 0.669068 0.975 0.79358 
1.40953 0.455157 19.64 1.32401 0.66403 1 0.79358 
1.4239 0.429047 30.4452 1.32156 0.681932 0.9 0.801761 
1.42387 0.435059 27.7635 1.32572 0.677592 0.925 0.801761 
1.42384 0.441415 25.0818 1.33013 0.673009 0.95 0.801761 
1.42383 0.448114 22.4001 1.33477 0.668184 0.975 0.801761 
1.42382 0.455156 19.7185 1.33966 0.663115 1 0.801761 
1.43818 0.429087 30.5236 1.33747 0.680917 0.9 0.809942 
1.43815 0.43509 27.842 1.34159 0.676549 0.925 0.809942 
1.43812 0.441435 25.1603 1.34595 0.671936 0.95 0.809942 
1.43811 0.448124 22.4786 1.35054 0.667079 0.975 0.809942 
1.43809 0.455156 19.7969 1.35538 0.661977 1 0.809942 
1.45246 0.429127 30.6021 1.35345 0.679685 0.9 0.818123 
1.45243 0.435121 27.9204 1.35752 0.675288 0.925 0.818123 
1.4524 0.441457 25.2388 1.36183 0.670645 0.95 0.818123 
1.45238 0.448135 22.5571 1.36638 0.665755 0.975 0.818123 
1.45236 0.455156 19.8754 1.37116 0.660618 1 0.818123 

ZONE I=5, J=5
1.45246 0.429127 30.6698 1.35345 0.679685 0.9 0.818123 
1.45243 0.435121 27.957 1.35752 0.675288 0.925 0.818123 
1.4524 0.441457 25.2442 1.36183 0.670645 0.95 0.818123 
1.45238 0.448135 22.5314 1.36638 0.665755 0.975 0.818123 
1.45236 0.455156 19.8186 1.37116 0.660618 1 0.818123 
1.46672 0.429169 30.7522 1.36948 0.67822 0.9 0.826305 
1.46669 0.435153 28.0394 1.37351 0.673799 0.925 0.826305 
1.46666 0.441479 25.3266 1.37778 0.66913 0.95 0.826305 
1.46664 0.448147 22.6138 1.38228 0.664214 0.975 0.826305 
1.46663 0.455157 19.901 1.38702 0.659049 1 0.826305 
1.48097 0.429209 30.8346 1.38557 0.676535 0.9 0.834486 
1.48094 0.435184 28.1218 1.38956 0.672088 0.925 0.834486 
1.48092 0.4415 25.409 1.39378 0.667392 0.95 0.834486 
1.4809 0.448158 22.6962 1.39824 0.662448 0.975 0.834486 
1.48089 0.455156 19.9834 1.40293 0.657254 1 0.834486 
1.49522 0.42925 30.9169 1.40172 0.674627 0.9 0.842667 
1.49519 0.435215 28.2041 1.40566 0.670155 0.925 0.842667 
1.49516 0.441521 25.4913 1.40984 0.665431 0.95 0.842667 
1.49514 0.448168 22.7785 1.41425 0.660457 0.975 0.842667 
1.49513 0.455156 20.0657 1.41889 0.655232 1 0.842667 
1.50946 0.429291 30.9993 1.41792 0.672499 0.9 0.850848 
1.50943 0.435247 28.2865 1.42183 0.667999 0.925 0.850848 
1.5094 0.441543 25.5737 1.42596 0.663247 0.95 0.850848 
1.50938 0.44818 22.8609 1.43031 0.658242 0.975 0.850848 
1.50936 0.455156 20.1481 1.4349 0.652984 1 0.850848 

ZONE I=5, J=5
1.50946 0.429291 31.0702 1.41792 0.672499 0.9 0.850848 
1.50943 0.435247 28.3248 1.42183 0.667999 0.925 0.850848 
1.5094 0.441543 25.5794 1.42596 0.663247 0.95 0.850848 
1.50938 0.44818 22.834 1.43031 0.658242 0.975 0.850848 
1.50936 0.455156 20.0887 1.4349 0.652984 1 0.850848 
1.52368 0.429334 31.1565 1.43418 0.670134 0.9 0.859029 
1.52365 0.43528 28.4112 1.43804 0.665611 0.925 0.859029 
1.52363 0.441566 25.6658 1.44212 0.660835 0.95 0.859029 
1.52361 0.448192 22.9204 1.44644 0.655806 0.975 0.859029 
1.52359 0.455157 20.175 1.45097 0.650522 1 0.859029 
1.5379 0.429375 31.2429 1.45048 0.667543 0.9 0.86721 
1.53787 0.435312 28.4975 1.45429 0.662997 0.925 0.86721 
1.53784 0.441588 25.7521 1.45834 0.658196 0.95 0.86721 
1.53783 0.448202 23.0067 1.4626 0.65314 0.975 0.86721 
1.53781 0.455156 20.2614 1.46709 0.64783 1 0.86721 
1.55211 0.429417 31.3292 1.46683 0.664726 0.9 0.875391 
1.55208 0.435344 28.5839 1.4706 0.660156 0.925 0.875391 
1.55205 0.441609 25.8385 1.47459 0.655329 0.95 0.875391 
1.55203 0.448213 23.0931 1.47881 0.650246 0.975 0.875391 
1.55202 0.455156 20.3477 1.48325 0.644907 1 0.875391 
1.56632 0.42946 31.4156 1.48323 0.661684 0.9 0.883573 
1.56628 0.435377 28.6702 1.48695 0.657089 0.925 0.883573 
1.56625 0.441632 25.9248 1.4909 0.652235 0.95 0.883573 
1.56623 0.448225 23.1794 1.49506 0.647123 0.975 0.883573 
1.56621 0.455156 20.4341 1.49944 0.641753 1 0.883573 

ZONE I=5, J=5
1.56632 0.42946 31.4896 1.48323 0.661684 0.9 0.883573 
1.56628 0.435377 28.7102 1.48695 0.657089 0.925 0.883573 
1.56625 0.441632 25.9308 1.4909 0.652235 0.95 0.883573 
1.56623 0.448225 23.1514 1.49506 0.647123 0.975 0.883573 
1.56621 0.455156 20.372 1.49944 0.641753 1 0.883573 
1.5805 0.429503 31.58 1.49965 0.658402 0.9 0.891754 
1.58047 0.43541 28.8006 1.50334 0.653786 0.925 0.891754 
1.58044 0.441655 26.0212 1.50724 0.64891 0.95 0.891754 
1.58042 0.448237 23.2419 1.51136 0.643775 0.975 0.891754 
1.58041 0.455157 20.4625 1.51569 0.638382 1 0.891754 
1.59468 0.429546 31.6704 1.51612 0.65489 0.9 0.899935 
1.59465 0.435443 28.8911 1.51976 0.650252 0.925 0.899935 
1.59462 0.441677 26.1117 1.52362 0.645354 0.95 0.899935 
1.5946 0.448248 23.3323 1.52769 0.640195 0.975 0.899935 
1.59459 0.455156 20.5529 1.53197 0.634777 1 0.899935 
1.60885 0.429588 31.7609 1.53263 0.651149 0.9 0.908116 
1.60882 0.435476 28.9815 1.53622 0.646489 0.925 0.908116 
1.60879 0.4417 26.2021 1.54003 0.641567 0.95 0.908116 
1.60877 0.448259 23.4227 1.54405 0.636383 0.975 0.908116 
1.60876 0.455156 20.6434 1.54828 0.630937 1 0.908116 
1.62302 0.429632 31.8513 1.54917 0.647179 0.9 0.916298 
1.62298 0.43551 29.0719 1.55272 0.642495 0.925 0.916298 
1.62295 0.441723 26.2926 1.55648 0.637548 0.95 0.916298 
1.62293 0.448272 23.5132 1.56045 0.632337 0.975 0.916298 
1.62291 0.455156 20.7338 1.56462 0.626863 1 0.916298 

ZONE I=5, J=5
1.62302 0.429632 31.9279 1.54917 0.647179 0.9 0.916298 
1.62298 0.43551 29.1133 1.55272 0.642495 0.925 0.916298 
1.62295 0.441723 26.2988 1.55648 0.637548 0.95 0.916298 
1.62293 0.448272 23.4842 1.56045 0.632337 0.975 0.916298 
1.62291 0.455156 20.6696 1.56462 0.626863 1 0.916298 
1.63716 0.429677 32.0225 1.56573 0.642966 0.9 0.924479 
1.63713 0.435544 29.208 1.56924 0.638263 0.925 0.924479 
1.6371 0.441747 26.3934 1.57295 0.633296 0.95 0.924479 
1.63708 0.448284 23.5788 1.57687 0.628064 0.975 0.924479 
1.63707 0.455157 20.7642 1.581 0.622569 1 0.924479 
1.65129 0.42972 32.1171 1.58231 0.638519 0.9 0.93266 
1.65126 0.435578 29.3026 1.58578 0.633797 0.925 0.93266 
1.65124 0.441769 26.488 1.58945 0.628809 0.95 0.93266 
1.65122 0.448296 23.6734 1.59332 0.623556 0.975 0.93266 
1.65121 0.455156 20.8589 1.5974 0.618038 1 0.93266 
1.66542 0.429764 32.2118 1.59893 0.633841 0.9 0.940841 
1.66539 0.435611 29.3972 1.60235 0.629097 0.925 0.940841 
1.66536 0.441792 26.5826 1.60597 0.624088 0.95 0.940841 
1.66534 0.448307 23.7681 1.60979 0.618812 0.975 0.940841 
1.66533 0.455156 20.9535 1.61381 0.613269 1 0.940841 
1.67955 0.429809 32.3064 1.61557 0.62893 0.9 0.949023 
1.67951 0.435646 29.4918 1.61894 0.624165 0.925 0.949023 
1.67948 0.441816 26.6773 1.62251 0.619132 0.95 0.949023 
1.67946 0.44832 23.8627 1.62628 0.613832 0.975 0.949023 
1.67944 0.455156 21.0481 1.63025 0.608263 1 0.949023 

ZONE I=5, J=5
1.67955 0.429809 32.3841 1.61557 0.62893 0.9 0.949023 
1.67951 0.435646 29.5338 1.61894 0.624165 0.925 0.949023 
1.67948 0.441816 26.6836 1.62251 0.619132 0.95 0.949023 
1.67946 0.44832 23.8333 1.62628 0.613832 0.975 0.949023 
1.67944 0.455156 20.9831 1.63025 0.608263 1 0.949023 
1.69365 0.429854 32.483 1.63221 0.623773 0.9 0.957204 
1.69361 0.435681 29.6328 1.63554 0.618991 0.925 0.957204 
1.69359 0.44184 26.7825 1.63907 0.61394 0.95 0.957204 
1.69357 0.448332 23.9323 1.64279 0.608621 0.975 0.957204 
1.69356 0.455157 21.082 1.64671 0.603034 1 0.957204 
1.70773 0.429899 32.582 1.64887 0.61838 0.9 0.965385 
1.7077 0.435715 29.7317 1.65216 0.613581 0.925 0.965385 
1.70768 0.441864 26.8815 1.65564 0.608512 0.95 0.965385 
1.70766 0.448344 24.0312 1.65931 0.603173 0.975 0.965385 
1.70765 0.455156 21.181 1.66318 0.597565 1 0.965385 
1.72182 0.429943 32.6809 1.66555 0.612753 0.9 0.973566 
1.72179 0.43575 29.8307 1.66879 0.607935 0.925 0.973566 
1.72176 0.441887 26.9804 1.67222 0.602846 0.95 0.973566 
1.72174 0.448356 24.1302 1.67584 0.597487 0.975 0.973566 
1.72173 0.455156 21.2799 1.67965 0.591857 1 0.973566 
1.7359 0.429989 32.7799 1.68223 0.60689 0.9 0.981748 
1.73586 0.435785 29.9296 1.68543 0.602052 0.925 0.981748 
1.73584 0.441912 27.0794 1.68881 0.596943 0.95 0.981748 
1.73582 0.448369 24.2291 1.69238 0.591562 0.975 0.981748 
1.7358 0.455156 21.3789 1.69614 0.585909 1 0.981748 

ZONE I=5, J=5
1.7359 0.429989 32.8541 1.68223 0.60689 0.9 0.981748 
1.73586 0.435785 29.9698 1.68543 0.602052 0.925 0.981748 
1.73584 0.441912 27.0855 1.68881 0.596943 0.95 0.981748 
1.73582 0.448369 24.2012 1.69238 0.591562 0.975 0.981748 
1.7358 0.455156 21.3169 1.69614 0.585909 1 0.981748 
1.74995 0.430036 32.9575 1.69892 0.600779 0.9 0.989929 
1.74992 0.435821 30.0732 1.70207 0.595927 0.925 0.989929 
1.7499 0.441937 27.1889 1.7054 0.590802 0.95 0.989929 
1.74988 0.448382 24.3046 1.70893 0.585404 0.975 0.989929 
1.74987 0.455157 21.4203 1.71264 0.579735 1 0.989929 
1.76399 0.430081 33.061 1.7156 0.594431 0.9 0.99811 
1.76396 0.435856 30.1767 1.71871 0.589563 0.925 0.99811 
1.76394 0.441961 27.2923 1.722 0.584422 0.95 0.99811 
1.76393 0.448394 24.408 1.72547 0.579007 0.975 0.99811 
1.76392 0.455156 21.5237 1.72913 0.57332 1 0.99811 
1.77802 0.430126 33.1644 1.73228 0.587846 0.9 1.00629 
1.778 0.435892 30.2801 1.73535 0.582961 0.925 1.00629 
1.77798 0.441985 27.3958 1.73859 0.577803 0.95 1.00629 
1.77796 0.448406 24.5115 1.74202 0.572371 0.975 1.00629 
1.77796 0.455156 21.6272 1.74562 0.566666 1 1.00629 
1.79204 0.430172 33.2678 1.74897 0.581023 0.9 1.01447 
1.79202 0.435928 30.3835 1.75199 0.576121 0.925 1.01447 
1.792 0.442011 27.4992 1.75518 0.570946 0.95 1.01447 
1.79199 0.448421 24.6149 1.75855 0.565496 0.975 1.01447 
1.79198 0.455156 21.7306 1.76211 0.559772 1 1.01447 

ZONE I=5, J=5
1.79204 0.430172 33.3253 1.74897 0.581023 0.9 1.01447 
1.79202 0.435928 30.4147 1.75199 0.576121 0.925 1.01447 
1.792 0.442011 27.5042 1.75518 0.570946 0.95 1.01447 
1.79199 0.448421 24.5936 1.75855 0.565496 0.975 1.01447 
1.79198 0.455156 21.6831 1.76211 0.559772 1 1.01447 
1.80606 0.430221 33.4335 1.76565 0.573946 0.9 1.02266 
1.80604 0.435966 30.523 1.76863 0.569032 0.925 1.02266 
1.80602 0.442037 27.6124 1.77178 0.563843 0.95 1.02266 
1.80601 0.448434 24.7019 1.7751 0.558379 0.975 1.02266 
1.80601 0.455157 21.7913 1.77861 0.55264 1 1.02266 
1.82005 0.430268 33.5418 1.78231 0.566631 0.9 1.03084 
1.82003 0.436002 30.6312 1.78525 0.561703 0.925 1.03084 
1.82002 0.442062 27.7207 1.78835 0.556501 0.95 1.03084 
1.82002 0.448447 24.8101 1.79164 0.551024 0.975 1.03084 
1.82003 0.455156 21.8996 1.79509 0.545272 1 1.03084 
1.83402 0.430313 33.6501 1.79896 0.559076 0.9 1.03902 
1.83401 0.436039 30.7395 1.80185 0.554136 0.925 1.03902 
1.83401 0.442088 27.829 1.80491 0.54892 0.95 1.03902 
1.83401 0.448461 24.9184 1.80815 0.543431 0.975 1.03902 
1.83403 0.455156 22.0078 1.81156 0.537667 1 1.03902 
1.84798 0.430359 33.7583 1.81558 0.551283 0.9 1.0472 
1.84798 0.436078 30.8478 1.81843 0.546328 0.925 1.0472 
1.84798 0.442118 27.9372 1.82146 0.5411 0.95 1.0472 
1.84799 0.448477 25.0267 1.82465 0.5356 0.975 1.0472 
1.84801 0.455156 22.1161 1.82801 0.529825 1 1.0472 

ZONE I=5, J=5
1.84798 0.430359 33.76 1.81558 0.551283 0.9 1.0472 
1.84798 0.436078 30.849 1.81843 0.546328 0.925 1.0472 
1.84798 0.442118 27.938 1.82146 0.5411 0.95 1.0472 
1.84799 0.448477 25.027 1.82465 0.5356 0.975 1.0472 
1.84801 0.455156 22.116 1.82801 0.529825 1 1.0472 
1.86193 0.430412 33.8738 1.83219 0.543243 0.9 1.05538 
1.86193 0.436118 30.9628 1.835 0.53828 0.925 1.05538 
1.86194 0.442144 28.0518 1.83798 0.533042 0.95 1.05538 
1.86196 0.44849 25.1407 1.84113 0.527529 0.975 1.05538 
1.86199 0.455157 22.2297 1.84444 0.521742 1 1.05538 
1.87585 0.430461 33.9876 1.84876 0.534957 0.9 1.06356 
1.87586 0.436157 31.0766 1.85154 0.529984 0.925 1.06356 
1.87589 0.442172 28.1655 1.85449 0.524739 0.95 1.06356 
1.87592 0.448505 25.2545 1.85759 0.519219 0.975 1.06356 
1.87596 0.455156 22.3435 1.86086 0.513426 1 1.06356 
1.88974 0.430506 34.1014 1.86529 0.526424 0.9 1.07174 
1.88977 0.436198 31.1903 1.86805 0.521443 0.925 1.07174 
1.88982 0.442204 28.2793 1.87096 0.516191 0.95 1.07174 
1.88987 0.448523 25.3683 1.87404 0.510669 0.975 1.07174 
1.88994 0.455156 22.4573 1.87727 0.504877 1 1.07174 
1.9036 0.430551 34.2151 1.88179 0.517644 0.9 1.07992 
1.90366 0.436242 31.3041 1.88452 0.512654 0.925 1.07992 
1.90374 0.442239 28.3931 1.88741 0.507399 0.95 1.07992 
1.90382 0.448544 25.4821 1.89046 0.50188 0.975 1.07992 
1.90392 0.455156 22.5711 1.89367 0.496096 1 1.07992 

ZONE I=5, J=5
1.9036 0.430551 34.0495 1.88179 0.517644 0.9 1.07992 
1.90366 0.436242 31.2153 1.88452 0.512654 0.925 1.07992 
1.90374 0.442239 28.3811 1.88741 0.507399 0.95 1.07992 
1.90382 0.448544 25.5469 1.89046 0.50188 0.975 1.07992 
1.90392 0.455156 22.7127 1.89367 0.496096 1 1.07992 
1.91749 0.430611 34.1709 1.89828 0.508629 0.9 1.0881 
1.91756 0.436286 31.3367 1.90098 0.503636 0.925 1.0881 
1.91765 0.442268 28.5025 1.90384 0.498377 0.95 1.0881 
1.91774 0.448559 25.6683 1.90684 0.492851 0.975 1.0881 
1.91785 0.455156 22.8341 1.91 0.487057 1 1.0881 
1.93131 0.430662 34.2922 1.9147 0.499352 0.9 1.09628 
1.93142 0.436331 31.458 1.91739 0.494359 0.925 1.09628 
1.93154 0.442303 28.6238 1.92023 0.489103 0.95 1.09628 
1.93168 0.448578 25.7896 1.92321 0.483582 0.975 1.09628 
1.93182 0.455156 22.9554 1.92635 0.477798 1 1.09628 
1.94507 0.430706 34.4136 1.93104 0.489815 0.9 1.10446 
1.94524 0.436378 31.5794 1.93374 0.484823 0.925 1.10446 
1.94542 0.442344 28.7452 1.93658 0.479577 0.95 1.10446 
1.94562 0.448604 25.911 1.93957 0.474075 0.975 1.10446 
1.94584 0.455156 23.0768 1.94271 0.468318 1 1.10446 
1.95878 0.430747 34.5349 1.94729 0.480016 0.9 1.11265 
1.95903 0.436431 31.7007 1.95003 0.475028 0.925 1.11265 
1.9593 0.442394 28.8665 1.95291 0.469799 0.95 1.11265 
1.95959 0.448635 26.0323 1.95593 0.464329 0.975 1.11265 
1.95989 0.455156 23.1981 1.95909 0.458617 1 1.11265 

ZONE I=5, J=5
1.95878 0.430747 33.9119 1.94729 0.480016 0.9 1.11265 
1.95903 0.436431 31.3692 1.95003 0.475028 0.925 1.11265 
1.9593 0.442394 28.8264 1.95291 0.469799 0.95 1.11265 
1.95959 0.448635 26.2837 1.95593 0.464329 0.975 1.11265 
1.95989 0.455156 23.741 1.95909 0.458617 1 1.11265 
1.97255 0.430814 34.0379 1.96358 0.47 0.9 1.12083 
1.97285 0.436488 31.4951 1.96632 0.465023 0.925 1.12083 
1.97317 0.442436 28.9524 1.96919 0.459804 0.95 1.12083 
1.97349 0.448659 26.4096 1.97219 0.454342 0.975 1.12083 
1.97383 0.455156 23.8669 1.97532 0.448637 1 1.12083 
1.98618 0.43085 34.1638 1.9797 0.459719 0.9 1.12901 
1.98659 0.436526 31.6211 1.9825 0.454762 0.925 1.12901 
1.987 0.442469 29.0783 1.98541 0.449565 0.95 1.12901 
1.98742 0.448679 26.5356 1.98844 0.44413 0.975 1.12901 
1.98784 0.455156 23.9928 1.99159 0.438455 1 1.12901 
1.99968 0.430858 34.2897 1.99565 0.449173 0.9 1.13719 
2.00024 0.436548 31.747 1.99854 0.444244 0.925 1.13719 
2.0008 0.442495 29.2043 2.00155 0.439083 0.95 1.13719 
2.00136 0.448698 26.6615 2.00467 0.433692 0.975 1.13719 
2.00193 0.455157 24.1188 2.0079 0.428069 1 1.13719 
2.01304 0.430843 34.4157 2.01142 0.438363 0.9 1.14537 
2.0138 0.436558 31.8729 2.01447 0.43347 0.925 1.14537 
2.01457 0.442515 29.3302 2.01762 0.428359 0.95 1.14537 
2.01533 0.448715 26.7874 2.02088 0.423029 0.975 1.14537 
2.01611 0.455156 24.2447 2.02424 0.41748 1 1.14537 

ZONE I=5, J=5
2.01304 0.430843 33.1339 2.01142 0.438363 0.9 1.14537 
2.0138 0.436558 31.1684 2.01447 0.43347 0.925 1.14537 
2.01457 0.442515 29.2028 2.01762 0.428359 0.95 1.14537 
2.01533 0.448715 27.2372 2.02088 0.423029 0.975 1.14537 
2.01611 0.455156 25.2717 2.02424 0.41748 1 1.14537 
2.02652 0.430749 33.2059 2.02722 0.427446 0.9 1.15355 
2.02733 0.436479 31.2404 2.03029 0.422536 0.925 1.15355 
2.02815 0.442486 29.2748 2.03347 0.417376 0.95 1.15355 
2.02898 0.448771 27.3092 2.03677 0.411966 0.975 1.15355 
2.02982 0.455333 25.3437 2.0402 0.406305 1 1.15355 
2.03985 0.430283 33.2779 2.04269 0.416575 0.9 1.16173 
2.04072 0.436016 31.3124 2.04577 0.411661 0.925 1.16173 
2.04161 0.442044 29.3468 2.04899 0.406485 0.95 1.16173 
2.04252 0.448367 27.3812 2.05234 0.401045 0.975 1.16173 
2.04345 0.454985 25.4157 2.05582 0.395342 1 1.16173 
2.05301 0.429447 33.3499 2.05783 0.40575 0.9 1.16991 
2.05396 0.435173 31.3843 2.06093 0.400846 0.925 1.16991 
2.05493 0.441193 29.4188 2.06418 0.395685 0.95 1.16991 
2.05594 0.447507 27.4532 2.06757 0.390267 0.975 1.16991 
2.05699 0.454114 25.4877 2.07111 0.384591 1 1.16991 
2.06601 0.428249 33.4219 2.07263 0.394972 0.9 1.1781 
2.06703 0.433956 31.4563 2.07576 0.390091 0.925 1.1781 
2.06811 0.439938 29.4908 2.07905 0.384977 0.95 1.1781 
2.06925 0.446194 27.5252 2.08249 0.379631 0.975 1.1781 
2.07043 0.452725 25.5597 2.08608 0.374051 1 1.1781 

ZONE I=5, J=5
2.06601 0.428249 32.6526 2.07263 0.394972 0.9 1.1781 
2.06703 0.433956 31.0707 2.07576 0.390091 0.925 1.1781 
2.06811 0.439938 29.4888 2.07905 0.384977 0.95 1.1781 
2.06925 0.446194 27.907 2.08249 0.379631 0.975 1.1781 
2.07043 0.452725 26.3251 2.08608 0.374051 1 1.1781 
2.07899 0.426501 32.7839 2.08717 0.384495 0.9 1.18628 
2.08011 0.432199 31.202 2.09034 0.379631 0.925 1.18628 
2.08128 0.43815 29.6201 2.09366 0.374554 0.95 1.18628 
2.08251 0.444354 28.0383 2.09713 0.369265 0.975 1.18628 
2.0838 0.45081 26.4564 2.10074 0.363764 1 1.18628 
2.09183 0.424321 32.9152 2.10138 0.374154 0.9 1.19446 
2.09306 0.429994 31.3333 2.10462 0.369332 0.925 1.19446 
2.09436 0.435905 29.7514 2.10799 0.364312 0.95 1.19446 
2.09572 0.442054 28.1696 2.11152 0.359093 0.975 1.19446 
2.09715 0.448442 26.5877 2.11519 0.353675 1 1.19446 
2.10451 0.421716 33.0465 2.11527 0.363948 0.9 1.20264 
2.1059 0.427344 31.4646 2.11859 0.359195 0.925 1.20264 
2.10735 0.433205 29.8827 2.12205 0.35425 0.95 1.20264 
2.10887 0.439298 28.3009 2.12566 0.349112 0.975 1.20264 
2.11046 0.445622 26.719 2.12942 0.343783 1 1.20264 
2.11704 0.418688 33.1777 2.12883 0.353878 0.9 1.21082 
2.1186 0.424254 31.5959 2.13225 0.34922 0.925 1.21082 
2.12024 0.430053 30.014 2.13583 0.344369 0.95 1.21082 
2.12195 0.436086 28.4322 2.13955 0.339325 0.975 1.21082 
2.12373 0.442352 26.8503 2.14343 0.334088 1 1.21082 

ZONE I=5, J=5
2.11704 0.418688 32.936 2.12883 0.353878 0.9 1.21082 
2.1186 0.424254 31.463 2.13225 0.34922 0.925 1.21082 
2.12024 0.430053 29.99 2.13583 0.344369 0.95 1.21082 
2.12195 0.436086 28.517 2.13955 0.339325 0.975 1.21082 
2.12373 0.442352 27.044 2.14343 0.334088 1 1.21082 
2.12948 0.415211 33.0604 2.14214 0.344008 0.9 1.219 
2.1312 0.420733 31.5874 2.14565 0.339416 0.925 1.219 
2.13299 0.426477 30.1144 2.14931 0.334641 0.95 1.219 
2.13486 0.432443 28.6414 2.15312 0.329685 0.975 1.219 
2.13681 0.438631 27.1684 2.15708 0.324547 1 1.219 
2.14178 0.411332 33.1847 2.15515 0.334266 0.9 1.22718 
2.14365 0.416796 31.7117 2.15875 0.329751 0.925 1.22718 
2.1456 0.422476 30.2387 2.16251 0.325062 0.95 1.22718 
2.14764 0.42837 28.7657 2.16641 0.320199 0.975 1.22718 
2.14976 0.434478 27.2927 2.17046 0.315162 1 1.22718 
2.15391 0.407053 33.309 2.16786 0.324652 0.9 1.23536 
2.15594 0.412449 31.836 2.17156 0.320227 0.925 1.23536 
2.15807 0.418054 30.363 2.17541 0.315632 0.95 1.23536 
2.16028 0.423871 28.89 2.17941 0.310868 0.975 1.23536 
2.16258 0.429897 27.417 2.18356 0.305934 1 1.23536 
2.16587 0.40238 33.4333 2.18027 0.315166 0.9 1.24355 
2.16808 0.407693 31.9603 2.18407 0.310842 0.925 1.24355 
2.17038 0.413216 30.4873 2.18802 0.306351 0.95 1.24355 
2.17277 0.418949 29.0143 2.19213 0.301691 0.975 1.24355 
2.17525 0.424891 27.5413 2.19639 0.296863 1 1.24355 

ZONE I=5, J=5
2.16587 0.40238 33.4095 2.18027 0.315166 0.9 1.24355 
2.16808 0.407693 31.9471 2.18407 0.310842 0.925 1.24355 
2.17038 0.413216 30.4847 2.18802 0.306351 0.95 1.24355 
2.17277 0.418949 29.0223 2.19213 0.301691 0.975 1.24355 
2.17525 0.424891 27.5599 2.19639 0.296863 1 1.24355 
2.17767 0.397311 33.5277 2.19239 0.305833 0.9 1.25173 
2.18003 0.402547 32.0653 2.19627 0.301603 0.925 1.25173 
2.1825 0.407987 30.6029 2.20032 0.29721 0.95 1.25173 
2.18506 0.41363 29.1405 2.20452 0.292656 0.975 1.25173 
2.18772 0.419477 27.6782 2.20889 0.287939 1 1.25173 
2.18928 0.391869 33.646 2.2042 0.296621 0.9 1.25991 
2.1918 0.397022 32.1836 2.20818 0.292487 0.925 1.25991 
2.19442 0.402373 30.7212 2.21232 0.288196 0.95 1.25991 
2.19716 0.407922 29.2588 2.21662 0.283748 0.975 1.25991 
2.19999 0.413669 27.7964 2.22107 0.279144 1 1.25991 
2.20069 0.386059 33.7642 2.21572 0.287529 0.9 1.26809 
2.20337 0.391122 32.3018 2.21978 0.283495 0.925 1.26809 
2.20615 0.396378 30.8394 2.22401 0.279309 0.95 1.26809 
2.20905 0.401829 29.377 2.2284 0.274969 0.975 1.26809 
2.21206 0.407474 27.9146 2.23296 0.270478 1 1.26809 
2.2119 0.379887 33.8824 2.22693 0.278557 0.9 1.27627 
2.21473 0.384852 32.42 2.23108 0.274627 0.925 1.27627 
2.21768 0.390009 30.9576 2.2354 0.270548 0.95 1.27627 
2.22074 0.395357 29.4952 2.23988 0.266318 0.975 1.27627 
2.22392 0.400897 28.0328 2.24453 0.26194 1 1.27627 

ZONE I=5, J=5
2.2119 0.379887 33.9328 2.22693 0.278557 0.9 1.27627 
2.21473 0.384852 32.4472 2.23108 0.274627 0.925 1.27627 
2.21768 0.390009 30.9615 2.2354 0.270548 0.95 1.27627 
2.22074 0.395357 29.4759 2.23988 0.266318 0.975 1.27627 
2.22392 0.400897 27.9903 2.24453 0.26194 1 1.27627 
2.2229 0.373365 34.0435 2.23784 0.269696 0.9 1.28445 
2.22588 0.37823 32.5579 2.24208 0.265871 0.925 1.28445 
2.22898 0.383282 31.0723 2.24648 0.261901 0.95 1.28445 
2.2322 0.388521 29.5866 2.25105 0.257786 0.975 1.28445 
2.23555 0.393946 28.101 2.25579 0.253527 1 1.28445 
2.23368 0.366503 34.1542 2.24846 0.260937 0.9 1.29263 
2.2368 0.371264 32.6686 2.25277 0.257217 0.925 1.29263 
2.24006 0.376208 31.183 2.25725 0.253357 0.95 1.29263 
2.24344 0.381334 29.6974 2.26191 0.249356 0.975 1.29263 
2.24694 0.386642 28.2117 2.26674 0.245215 1 1.29263 
2.24423 0.359305 34.2649 2.25877 0.25228 0.9 1.30081 
2.2475 0.363959 32.7793 2.26316 0.248666 0.925 1.30081 
2.2509 0.368792 31.2937 2.26772 0.244915 0.95 1.30081 
2.25443 0.373802 29.8081 2.27246 0.241028 0.975 1.30081 
2.25809 0.37899 28.3224 2.27738 0.237005 1 1.30081 
2.25456 0.351777 34.3756 2.26878 0.243726 0.9 1.309 
2.25796 0.356321 32.89 2.27325 0.240217 0.925 1.309 
2.2615 0.361038 31.4044 2.27789 0.236576 0.95 1.309 
2.26518 0.36593 29.9188 2.2827 0.232802 0.975 1.309 
2.26899 0.370997 28.4332 2.2877 0.228895 1 1.309 

ZONE I=5, J=5
2.25456 0.351777 34.448 2.26878 0.243726 0.9 1.309 
2.25796 0.356321 32.9292 2.27325 0.240217 0.925 1.309 
2.2615 0.361038 31.4104 2.27789 0.236576 0.95 1.309 
2.26518 0.36593 29.8915 2.2827 0.232802 0.975 1.309 
2.26899 0.370997 28.3727 2.2877 0.228895 1 1.309 
2.26462 0.343948 34.5495 2.27848 0.235262 0.9 1.31718 
2.26816 0.348376 33.0307 2.28301 0.231864 0.925 1.31718 
2.27184 0.352972 31.5119 2.28773 0.228337 0.95 1.31718 
2.27566 0.357739 29.993 2.29262 0.224682 0.975 1.31718 
2.27962 0.362675 28.4742 2.2977 0.220898 1 1.31718 
2.27444 0.335819 34.651 2.28787 0.226887 0.9 1.32536 
2.2781 0.340128 33.1322 2.29247 0.223598 0.925 1.32536 
2.28191 0.344602 31.6134 2.29726 0.220184 0.95 1.32536 
2.28587 0.349241 30.0945 2.30223 0.216647 0.975 1.32536 
2.28998 0.354044 28.5757 2.30738 0.212985 1 1.32536 
2.28399 0.327393 34.7525 2.29696 0.2186 0.9 1.33354 
2.28778 0.331582 33.2337 2.30163 0.215419 0.925 1.33354 
2.29172 0.335932 31.7149 2.30648 0.212117 0.95 1.33354 
2.29581 0.340442 30.196 2.31152 0.208696 0.975 1.33354 
2.30006 0.345112 28.6772 2.31674 0.205154 1 1.33354 
2.29329 0.318679 34.854 2.30574 0.210402 0.9 1.34172 
2.29719 0.322746 33.3352 2.31047 0.207327 0.925 1.34172 
2.30126 0.32697 31.8164 2.31539 0.204137 0.95 1.34172 
2.30547 0.331349 30.2975 2.32049 0.20083 0.975 1.34172 
2.30985 0.335884 28.7787 2.32578 0.197407 1 1.34172 

ZONE I=5, J=5
2.29329 0.318679 34.9286 2.30574 0.210402 0.9 1.34172 
2.29719 0.322746 33.3755 2.31047 0.207327 0.925 1.34172 
2.30126 0.32697 31.8225 2.31539 0.204137 0.95 1.34172 
2.30547 0.331349 30.2695 2.32049 0.20083 0.975 1.34172 
2.30985 0.335884 28.7164 2.32578 0.197407 1 1.34172 
2.3023 0.309701 35.0194 2.31421 0.20227 0.9 1.3499 
2.30632 0.313641 33.4663 2.319 0.199308 0.925 1.3499 
2.31051 0.317731 31.9133 2.32398 0.196234 0.95 1.3499 
2.31485 0.321972 30.3603 2.32915 0.193048 0.975 1.3499 
2.31936 0.326364 28.8072 2.33451 0.18975 1 1.3499 
2.31103 0.300459 35.1102 2.32238 0.194209 0.9 1.35808 
2.31517 0.304269 33.5571 2.32722 0.191358 0.925 1.35808 
2.31947 0.308225 32.0041 2.33226 0.188399 0.95 1.35808 
2.32393 0.312327 30.4511 2.33749 0.185332 0.975 1.35808 
2.32856 0.316575 28.8981 2.34291 0.182156 1 1.35808 
2.31949 0.290957 35.201 2.33024 0.186219 0.9 1.36626 
2.32373 0.294637 33.6479 2.33514 0.183477 0.925 1.36626 
2.32814 0.298458 32.0949 2.34023 0.180631 0.95 1.36626 
2.33272 0.30242 30.5419 2.34552 0.177681 0.975 1.36626 
2.33747 0.306524 28.9889 2.351 0.174627 1 1.36626 
2.32766 0.281202 35.2918 2.3378 0.178299 0.9 1.37445 
2.332 0.284751 33.7387 2.34275 0.175664 0.925 1.37445 
2.33652 0.288437 32.1857 2.34789 0.17293 0.95 1.37445 
2.3412 0.292258 30.6327 2.35323 0.170096 0.975 1.37445 
2.34606 0.296216 29.0797 2.35877 0.167162 1 1.37445 

ZONE I=5, J=5
2.32766 0.281202 35.3607 2.3378 0.178299 0.9 1.37445 
2.332 0.284751 33.7761 2.34275 0.175664 0.925 1.37445 
2.33652 0.288437 32.1915 2.34789 0.17293 0.95 1.37445 
2.3412 0.292258 30.6068 2.35323 0.170096 0.975 1.37445 
2.34606 0.296216 29.0222 2.35877 0.167162 1 1.37445 
2.33553 0.27123 35.4395 2.34504 0.170436 0.9 1.38263 
2.33996 0.274642 33.8549 2.35003 0.167914 0.925 1.38263 
2.34458 0.278186 32.2703 2.35523 0.165297 0.95 1.38263 
2.34937 0.28186 30.6857 2.36063 0.162584 0.975 1.38263 
2.35434 0.285666 29.101 2.36622 0.159775 1 1.38263 
2.34309 0.261035 35.5183 2.35197 0.162632 0.9 1.39081 
2.34762 0.26431 33.9337 2.35701 0.160221 0.925 1.39081 
2.35233 0.267711 32.3491 2.36226 0.157719 0.95 1.39081 
2.35723 0.271238 30.7645 2.36771 0.155126 0.975 1.39081 
2.3623 0.27489 29.1798 2.37335 0.152441 1 1.39081 
2.35035 0.250624 35.5971 2.35859 0.154887 0.9 1.39899 
2.35497 0.253761 34.0125 2.36368 0.152586 0.925 1.39899 
2.35977 0.257019 32.4279 2.36897 0.150197 0.95 1.39899 
2.36476 0.260398 30.8433 2.37447 0.147721 0.975 1.39899 
2.36994 0.263897 29.2587 2.38016 0.145158 1 1.39899 
2.3573 0.240003 35.6759 2.36491 0.1472 0.9 1.40717 
2.362 0.243003 34.0913 2.37004 0.145007 0.925 1.40717 
2.36689 0.246118 32.5067 2.37537 0.14273 0.95 1.40717 
2.37197 0.249348 30.9221 2.38091 0.14037 0.975 1.40717 
2.37724 0.252693 29.3375 2.38665 0.137927 1 1.40717 

ZONE I=5, J=5
2.3573 0.240003 35.7357 2.36491 0.1472 0.9 1.40717 
2.362 0.243003 34.1237 2.37004 0.145007 0.925 1.40717 
2.36689 0.246118 32.5116 2.37537 0.14273 0.95 1.40717 
2.37197 0.249348 30.8996 2.38091 0.14037 0.975 1.40717 
2.37724 0.252693 29.2875 2.38665 0.137927 1 1.40717 
2.36393 0.229199 35.8015 2.37091 0.139554 0.9 1.41535 
2.36872 0.232055 34.1895 2.37608 0.137473 0.925 1.41535 
2.37369 0.235021 32.5774 2.38146 0.135313 0.95 1.41535 
2.37886 0.238097 30.9654 2.38704 0.133074 0.975 1.41535 
2.38422 0.241283 29.3533 2.39282 0.130756 1 1.41535 
2.37025 0.218208 35.8673 2.37661 0.131951 0.9 1.42353 
2.37511 0.220921 34.2553 2.38182 0.129981 0.925 1.42353 
2.38016 0.223737 32.6432 2.38723 0.127937 0.95 1.42353 
2.38541 0.226659 31.0312 2.39285 0.125817 0.975 1.42353 
2.39086 0.229685 29.4191 2.39868 0.123623 1 1.42353 
2.37625 0.207037 35.9331 2.382 0.124392 0.9 1.43171 
2.38118 0.209606 34.3211 2.38724 0.122532 0.925 1.43171 
2.38631 0.212274 32.709 2.39269 0.120601 0.95 1.43171 
2.39163 0.21504 31.097 2.39835 0.118599 0.975 1.43171 
2.39715 0.217906 29.4849 2.40422 0.116527 1 1.43171 
2.38193 0.195692 35.9989 2.38709 0.116877 0.9 1.4399 
2.38692 0.198118 34.3869 2.39236 0.115125 0.925 1.4399 
2.39212 0.200637 32.7748 2.39784 0.113306 0.95 1.4399 
2.39752 0.203249 31.1628 2.40353 0.11142 0.975 1.4399 
2.40311 0.205955 29.5507 2.40944 0.109468 1 1.4399 

ZONE I=5, J=5
2.38193 0.195692 36.048 2.38709 0.116877 0.9 1.4399 
2.38692 0.198118 34.4135 2.39236 0.115125 0.925 1.4399 
2.39212 0.200637 32.7789 2.39784 0.113306 0.95 1.4399 
2.39752 0.203249 31.1443 2.40353 0.11142 0.975 1.4399 
2.40311 0.205955 29.5098 2.40944 0.109468 1 1.4399 
2.38727 0.18421 36.1 2.39186 0.109397 0.9 1.44808 
2.39233 0.186487 34.4654 2.39716 0.107757 0.925 1.44808 
2.39759 0.188852 32.8309 2.40268 0.106054 0.95 1.44808 
2.40306 0.191305 31.1963 2.4084 0.104288 0.975 1.44808 
2.40872 0.193846 29.5617 2.41434 0.10246 1 1.44808 
2.39228 0.172583 36.152 2.39632 0.101951 0.9 1.45626 
2.3974 0.174712 34.5174 2.40165 0.100421 0.925 1.45626 
2.40272 0.176924 32.8828 2.4072 0.0988331 0.95 1.45626 
2.40825 0.179217 31.2483 2.41295 0.0971867 0.975 1.45626 
2.41398 0.181593 29.6137 2.41892 0.0954819 1 1.45626 
2.39695 0.16082 36.2039 2.40048 0.0945399 0.9 1.46444 
2.40213 0.162801 34.5694 2.40584 0.0931193 0.925 1.46444 
2.40751 0.164858 32.9348 2.41141 0.0916445 0.95 1.46444 
2.4131 0.166992 31.3002 2.41719 0.0901157 0.975 1.46444 
2.41889 0.169203 29.6657 2.42318 0.0885326 1 1.46444 
2.40129 0.148926 36.2559 2.40433 0.0871631 0.9 1.47262 
2.40652 0.150759 34.6213 2.40971 0.0858505 0.925 1.47262 
2.41195 0.152664 32.9868 2.4153 0.0844879 0.95 1.47262 
2.41759 0.154639 31.3522 2.42111 0.0830752 0.975 1.47262 
2.42344 0.156685 29.7176 2.42713 0.0816126 1 1.47262 

ZONE I=5, J=5
2.40129 0.148926 36.2933 2.40433 0.0871631 0.9 1.47262 
2.40652 0.150759 34.6416 2.40971 0.0858505 0.925 1.47262 
2.41195 0.152664 32.9899 2.4153 0.0844879 0.95 1.47262 
2.41759 0.154639 31.3381 2.42111 0.0830752 0.975 1.47262 
2.42344 0.156685 29.6864 2.42713 0.0816126 1 1.47262 
2.40529 0.136925 36.3308 2.40787 0.0798079 0.9 1.4808 
2.41057 0.138607 34.6791 2.41327 0.0786063 0.925 1.4808 
2.41605 0.140354 33.0274 2.41888 0.0773589 0.95 1.4808 
2.42174 0.142166 31.3757 2.42472 0.0760657 0.975 1.4808 
2.42764 0.144043 29.7239 2.43076 0.0747266 1 1.4808 
2.40895 0.124815 36.3684 2.4111 0.0724744 0.9 1.48898 
2.41427 0.126346 34.7166 2.41652 0.0713829 0.925 1.48898 
2.41979 0.127936 33.0649 2.42216 0.0702498 0.95 1.48898 
2.42553 0.129585 31.4132 2.42801 0.069075 0.975 1.48898 
2.43148 0.131294 29.7614 2.43408 0.0678586 1 1.48898 
2.41227 0.112604 36.4059 2.41402 0.0651627 0.9 1.49716 
2.41763 0.113984 34.7542 2.41946 0.0641804 0.925 1.49716 
2.42319 0.115417 33.1024 2.42512 0.0631605 0.95 1.49716 
2.42897 0.116903 31.4507 2.43099 0.0621032 0.975 1.49716 
2.43496 0.118443 29.799 2.43708 0.0610084 1 1.49716 
2.41525 0.100298 36.4434 2.41664 0.0578727 0.9 1.50535 
2.42064 0.101527 34.7917 2.42209 0.0569986 0.925 1.50535 
2.42624 0.102804 33.1399 2.42777 0.0560911 0.95 1.50535 
2.43205 0.104128 31.4882 2.43365 0.0551504 0.975 1.50535 
2.43808 0.105499 29.8365 2.43976 0.0541762 1 1.50535 

ZONE I=5, J=5
2.41525 0.100298 36.4687 2.41664 0.0578727 0.9 1.50535 
2.42064 0.101527 34.8054 2.42209 0.0569986 0.925 1.50535 
2.42624 0.102804 33.1421 2.42777 0.0560911 0.95 1.50535 
2.43205 0.104128 31.4788 2.43365 0.0551504 0.975 1.50535 
2.43808 0.105499 29.8155 2.43976 0.0541762 1 1.50535 
2.41788 0.08793 36.4914 2.41894 0.0506013 0.9 1.51353 
2.42329 0.0890057 34.8281 2.42441 0.0498374 0.925 1.51353 
2.42892 0.0901229 33.1648 2.4301 0.0490444 0.95 1.51353 
2.43477 0.0912817 31.5015 2.436 0.0482222 0.975 1.51353 
2.44084 0.0924821 29.8382 2.44213 0.0473708 1 1.51353 
2.42015 0.0754957 36.514 2.42094 0.043344 0.9 1.52171 
2.4256 0.0764181 34.8507 2.42642 0.0426898 0.925 1.52171 
2.43126 0.0773762 33.1874 2.43212 0.0420105 0.95 1.52171 
2.43713 0.0783699 31.5241 2.43804 0.0413063 0.975 1.52171 
2.44323 0.0793994 29.8608 2.44418 0.040577 1 1.52171 
2.42209 0.0630028 36.5367 2.42264 0.0361009 0.9 1.52989 
2.42755 0.0637722 34.8734 2.42813 0.0355556 0.925 1.52989 
2.43323 0.0645713 33.2101 2.43384 0.0349896 0.95 1.52989 
2.43913 0.0654001 31.5468 2.43977 0.0344027 0.975 1.52989 
2.44525 0.0662587 29.8835 2.44591 0.0337949 1 1.52989 
2.42367 0.0504588 36.5594 2.42402 0.0288718 0.9 1.53807 
2.42915 0.0510753 34.8961 2.42952 0.028435 0.925 1.53807 
2.43485 0.0517156 33.2328 2.43524 0.0279815 0.95 1.53807 
2.44077 0.0523798 31.5695 2.44117 0.0275113 0.975 1.53807 
2.4469 0.0530678 29.9062 2.44733 0.0270245 1 1.53807 

ZONE I=5, J=5
2.42367 0.0504588 36.5721 2.42402 0.0288718 0.9 1.53807 
2.42915 0.0510753 34.903 2.42952 0.028435 0.925 1.53807 
2.43485 0.0517156 33.2339 2.43524 0.0279815 0.95 1.53807 
2.44077 0.0523798 31.5648 2.44117 0.0275113 0.975 1.53807 
2.4469 0.0530678 29.8956 2.44733 0.0270245 1 1.53807 
2.4249 0.0378806 36.5797 2.4251 0.0216502 0.9 1.54625 
2.43039 0.038343 34.9106 2.4306 0.0213228 0.925 1.54625 
2.43611 0.0388233 33.2415 2.43633 0.0209829 0.95 1.54625 
2.44204 0.0393215 31.5723 2.44227 0.0206306 0.975 1.54625 
2.4482 0.0398375 29.9032 2.44844 0.0202657 1 1.54625 
2.42578 0.0252717 36.5873 2.42586 0.014431 0.9 1.55443 
2.43128 0.0255799 34.9181 2.43138 0.0142129 0.925 1.55443 
2.43701 0.0259 33.249 2.4371 0.0139865 0.95 1.55443 
2.44295 0.0262321 31.5799 2.44305 0.0137518 0.975 1.55443 
2.44912 0.0265761 29.9108 2.44922 0.0135087 1 1.55443 
2.4263 0.0126394 36.5948 2.42633 0.00721426 0.9 1.56261 
2.43182 0.0127934 34.9257 2.43184 0.00710532 0.925 1.56261 
2.43755 0.0129534 33.2566 2.43757 0.0069922 0.95 1.56261 
2.4435 0.0131194 31.5875 2.44352 0.00687492 0.975 1.56261 
2.44967 0.0132914 29.9184 2.4497 0.00675348 1 1.56261 
2.42648 -8.91296e-06 36.6024 2.42648 0 0.9 1.5708 
2.43199 -8.93322e-06 34.9333 2.43199 0 0.925 1.5708 
2.43773 -8.95428e-06 33.2642 2.43773 0 0.95 1.5708 
2.44368 -8.97614e-06 31.595 2.44368 0 0.975 1.5708 
2.44985 -8.99882e-06 29.9259 2.44985 0 1 1.5708 

