#Contact mesh details for the compression of a sphere.
nreler=1_nreletheta=48_H=1.2000_lambda=1.19_vol=0.4714_t=0.10_nt=1.00e-07_CL=MR_C1=0.0000_C2=0.5000
# Contact options are: 
# Use_isoparametric_flag_pt = false 
# Use_collocated_penetration_flag_pt = false 
# Use_collocated_contact_pressure_flag_pt = false 

ZONE I=5
0.00000000000000000 1.18999998655805350 1.00000000000000000 0.00000000000000000 1.18999998655805350 0.00000000000000000 0.00000000000000000 0.00000000000000000 -0.00000000000000000 -0.00000000000000000 -0.00000000000000000 -0.00000000000000000 0.00000000000000000 0.00000000000000000 0.00000000000000000 0.00000000000000000 0.00000000000000000 0.00000000000000000 1.00000000000000000 
0.00973555601705647 1.18996016186805265 1.00000000000000000 0.00818123086869792 1.18999998650588368 -0.00000000000120116 0.00000000000000000 0.00000000000000000 -0.00000000000000000 -0.00000000000000000 -0.00000000000000000 -0.00000000000000000 0.00000000000000000 0.00000000000000000 0.00000000000000000 0.00000000000000000 0.00000000000000000 0.00000000000000000 1.00000000000000000 
0.01947046041157852 1.18984069058691677 1.00000000000000000 0.01636246173739583 1.18999998647268468 -0.00000000000255010 0.00000000000000000 0.00000000000000000 -0.00000000000000000 -0.00000000000000000 -0.00000000000000000 -0.00000000000000000 0.00000000000000000 0.00000000000000000 0.00000000000000000 0.00000000000000000 0.00000000000000000 0.00000000000000000 1.00000000000000000 
0.02920406160580288 1.18964158071112003 1.00000000000000000 0.02454369260609375 1.18999998645845695 -0.00000000000404684 0.00000000000000000 0.00000000000000000 -0.00000000000000000 -0.00000000000000000 -0.00000000000000000 -0.00000000000000000 0.00000000000000000 0.00000000000000000 0.00000000000000000 0.00000000000000000 0.00000000000000000 0.00000000000000000 1.00000000000000000 
0.03893570810919228 1.18936284556751315 1.00000000000000000 0.03272492347479167 1.18999998646320004 -0.00000000000569136 0.00000000000000000 0.00000000000000000 -0.00000000000000000 -0.00000000000000000 -0.00000000000000000 -0.00000000000000000 0.00000000000000000 0.00000000000000000 0.00000000000000000 0.00000000000000000 0.00000000000000000 0.00000000000000000 1.00000000000000000 
ZONE I=5
0.03893570810919228 1.18936284556751315 1.00000000000000000 0.03272492347479167 1.18999998646320004 -0.00000000000569136 0.00000000000000000 0.00000000000000000 -0.00000000000000000 -0.00000000000000000 -0.00000000000000000 -0.00000000000000000 0.00000000000000000 0.00000000000000000 0.00000000000000000 0.00000000000000000 0.00000000000000000 0.00000000000000000 1.00000000000000000 
0.04866474856472700 1.18900450378478739 1.00000000000000000 0.04090615434348958 1.18999998645940175 -0.00000000000366942 0.00000000000000000 0.00000000000000000 -0.00000000000000000 -0.00000000000000000 -0.00000000000000000 -0.00000000000000000 0.00000000000000000 0.00000000000000000 0.00000000000000000 0.00000000000000000 0.00000000000000000 0.00000000000000000 1.00000000000000000 
0.05839053178213589 1.18856657935818966 1.00000000000000000 0.04908738521218750 1.18999998645757477 -0.00000000000281776 0.00000000000000000 0.00000000000000000 -0.00000000000000000 -0.00000000000000000 -0.00000000000000000 -0.00000000000000000 0.00000000000000000 0.00000000000000000 0.00000000000000000 0.00000000000000000 0.00000000000000000 0.00000000000000000 1.00000000000000000 
0.06811240679373951 1.18804910159897670 1.00000000000000000 0.05726861608088542 1.18999998645771909 -0.00000000000313638 0.00000000000000000 0.00000000000000000 -0.00000000000000000 -0.00000000000000000 -0.00000000000000000 -0.00000000000000000 0.00000000000000000 0.00000000000000000 0.00000000000000000 0.00000000000000000 0.00000000000000000 0.00000000000000000 1.00000000000000000 
0.07782972289344341 1.18745210514308175 1.00000000000000000 0.06544984694958333 1.18999998645983474 -0.00000000000462529 0.00000000000000000 0.00000000000000000 -0.00000000000000000 -0.00000000000000000 -0.00000000000000000 -0.00000000000000000 0.00000000000000000 0.00000000000000000 0.00000000000000000 0.00000000000000000 0.00000000000000000 0.00000000000000000 1.00000000000000000 
ZONE I=5
0.07782972289344341 1.18745210514308175 1.00000000000000000 0.06544984694958333 1.18999998645983474 -0.00000000000462529 0.00000000000000000 0.00000000000000000 -0.00000000000000000 -0.00000000000000000 -0.00000000000000000 -0.00000000000000000 0.00000000000000000 0.00000000000000000 0.00000000000000000 0.00000000000000000 0.00000000000000000 0.00000000000000000 1.00000000000000000 
0.08754182968419623 1.18677562994232577 1.00000000000000000 0.07363107781828127 1.18999998645775662 -0.00000000000291429 0.00000000000000000 0.00000000000000000 -0.00000000000000000 -0.00000000000000000 -0.00000000000000000 -0.00000000000000000 0.00000000000000000 0.00000000000000000 0.00000000000000000 0.00000000000000000 0.00000000000000000 0.00000000000000000 1.00000000000000000 
0.09724807710980034 1.18601972128039512 1.00000000000000000 0.08181230868697917 1.18999998645696614 -0.00000000000221852 0.00000000000000000 0.00000000000000000 -0.00000000000000000 -0.00000000000000000 -0.00000000000000000 -0.00000000000000000 0.00000000000000000 0.00000000000000000 0.00000000000000000 0.00000000000000000 0.00000000000000000 0.00000000000000000 1.00000000000000000 
0.10694781551013303 1.18518442975191607 1.00000000000000000 0.08999353955567709 1.18999998645746397 -0.00000000000253800 0.00000000000000000 0.00000000000000000 -0.00000000000000000 -0.00000000000000000 -0.00000000000000000 -0.00000000000000000 0.00000000000000000 0.00000000000000000 0.00000000000000000 0.00000000000000000 0.00000000000000000 0.00000000000000000 1.00000000000000000 
0.11664039566073500 1.18426981126478181 1.00000000000000000 0.09817477042437500 1.18999998645924965 -0.00000000000387271 0.00000000000000000 0.00000000000000000 -0.00000000000000000 -0.00000000000000000 -0.00000000000000000 -0.00000000000000000 0.00000000000000000 0.00000000000000000 0.00000000000000000 0.00000000000000000 0.00000000000000000 0.00000000000000000 1.00000000000000000 
ZONE I=5
0.11664039566073500 1.18426981126478181 1.00000000000000000 0.09817477042437500 1.18999998645924965 -0.00000000000387271 0.00000000000000000 0.00000000000000000 -0.00000000000000000 -0.00000000000000000 -0.00000000000000000 -0.00000000000000000 0.00000000000000000 0.00000000000000000 0.00000000000000000 0.00000000000000000 0.00000000000000000 0.00000000000000000 1.00000000000000000 
0.12632516881955744 1.18327592703124429 1.00000000000000000 0.10635600129307293 1.18999998645753791 -0.00000000000239999 0.00000000000000000 0.00000000000000000 -0.00000000000000000 -0.00000000000000000 -0.00000000000000000 -0.00000000000000000 0.00000000000000000 0.00000000000000000 0.00000000000000000 0.00000000000000000 0.00000000000000000 0.00000000000000000 1.00000000000000000 
0.13600148676049734 1.18220284357905348 1.00000000000000000 0.11453723216177084 1.18999998645691840 -0.00000000000184216 0.00000000000000000 0.00000000000000000 -0.00000000000000000 -0.00000000000000000 -0.00000000000000000 -0.00000000000000000 0.00000000000000000 0.00000000000000000 0.00000000000000000 0.00000000000000000 0.00000000000000000 0.00000000000000000 1.00000000000000000 
0.14566870182667285 1.18105063273202715 1.00000000000000000 0.12271846303046877 1.18999998645739069 -0.00000000000219922 0.00000000000000000 0.00000000000000000 -0.00000000000000000 -0.00000000000000000 -0.00000000000000000 -0.00000000000000000 0.00000000000000000 0.00000000000000000 0.00000000000000000 0.00000000000000000 0.00000000000000000 0.00000000000000000 1.00000000000000000 
0.15532616697047746 1.17981937161015127 1.00000000000000000 0.13089969389916667 1.18999998645895499 -0.00000000000347116 0.00000000000000000 0.00000000000000000 -0.00000000000000000 -0.00000000000000000 -0.00000000000000000 -0.00000000000000000 0.00000000000000000 0.00000000000000000 0.00000000000000000 0.00000000000000000 0.00000000000000000 0.00000000000000000 1.00000000000000000 
ZONE I=5
0.15532616697047746 1.17981937161015127 1.00000000000000000 0.13089969389916667 1.18999998645895499 -0.00000000000347116 0.00000000000000000 0.00000000000000000 -0.00000000000000000 -0.00000000000000000 -0.00000000000000000 -0.00000000000000000 0.00000000000000000 0.00000000000000000 0.00000000000000000 0.00000000000000000 0.00000000000000000 0.00000000000000000 1.00000000000000000 
0.16497323579979739 1.17850914261980155 1.00000000000000000 0.13908092476786457 1.18999998645744332 -0.00000000000213711 0.00000000000000000 0.00000000000000000 -0.00000000000000000 -0.00000000000000000 -0.00000000000000000 -0.00000000000000000 0.00000000000000000 0.00000000000000000 0.00000000000000000 0.00000000000000000 0.00000000000000000 0.00000000000000000 1.00000000000000000 
0.17460926261251494 1.17712003346190364 1.00000000000000000 0.14726215563656250 1.18999998645690730 -0.00000000000165873 0.00000000000000000 0.00000000000000000 -0.00000000000000000 -0.00000000000000000 -0.00000000000000000 -0.00000000000000000 0.00000000000000000 0.00000000000000000 0.00000000000000000 0.00000000000000000 0.00000000000000000 0.00000000000000000 1.00000000000000000 
0.18423360244851808 1.17565213711255900 1.00000000000000000 0.15544338650526041 1.18999998645734673 -0.00000000000203602 0.00000000000000000 0.00000000000000000 -0.00000000000000000 -0.00000000000000000 -0.00000000000000000 -0.00000000000000000 0.00000000000000000 0.00000000000000000 0.00000000000000000 0.00000000000000000 0.00000000000000000 0.00000000000000000 1.00000000000000000 
0.19384561112993004 1.17410555182126508 1.00000000000000000 0.16362461737395834 1.18999998645876182 -0.00000000000326898 0.00000000000000000 0.00000000000000000 -0.00000000000000000 -0.00000000000000000 -0.00000000000000000 -0.00000000000000000 0.00000000000000000 0.00000000000000000 0.00000000000000000 0.00000000000000000 0.00000000000000000 0.00000000000000000 1.00000000000000000 
ZONE I=5
0.19384561112993004 1.17410555182126508 1.00000000000000000 0.16362461737395834 1.18999998645876182 -0.00000000000326898 0.00000000000000000 0.00000000000000000 -0.00000000000000000 -0.00000000000000000 -0.00000000000000000 -0.00000000000000000 0.00000000000000000 0.00000000000000000 0.00000000000000000 0.00000000000000000 0.00000000000000000 0.00000000000000000 1.00000000000000000 
0.20344464530686973 1.17248038110005881 1.00000000000000000 0.17180584824265627 1.18999998645738536 -0.00000000000201955 0.00000000000000000 0.00000000000000000 -0.00000000000000000 -0.00000000000000000 -0.00000000000000000 -0.00000000000000000 0.00000000000000000 0.00000000000000000 0.00000000000000000 0.00000000000000000 0.00000000000000000 0.00000000000000000 1.00000000000000000 
0.21303006249253112 1.17077673372930535 1.00000000000000000 0.17998707911135417 1.18999998645690441 -0.00000000000158811 0.00000000000000000 0.00000000000000000 -0.00000000000000000 -0.00000000000000000 -0.00000000000000000 -0.00000000000000000 0.00000000000000000 0.00000000000000000 0.00000000000000000 0.00000000000000000 0.00000000000000000 0.00000000000000000 1.00000000000000000 
0.22260122111421260 1.16899472373782776 1.00000000000000000 0.18816830998005207 1.18999998645731875 -0.00000000000197466 0.00000000000000000 0.00000000000000000 -0.00000000000000000 -0.00000000000000000 -0.00000000000000000 -0.00000000000000000 0.00000000000000000 0.00000000000000000 0.00000000000000000 0.00000000000000000 0.00000000000000000 0.00000000000000000 1.00000000000000000 
0.23215748055356963 1.16713447039942886 1.00000000000000000 0.19634954084875000 1.18999998645862859 -0.00000000000317921 0.00000000000000000 0.00000000000000000 -0.00000000000000000 -0.00000000000000000 -0.00000000000000000 -0.00000000000000000 0.00000000000000000 0.00000000000000000 0.00000000000000000 0.00000000000000000 0.00000000000000000 0.00000000000000000 1.00000000000000000 
ZONE I=5
0.23215748055356963 1.16713447039942886 1.00000000000000000 0.19634954084875000 1.18999998645862859 -0.00000000000317921 0.00000000000000000 0.00000000000000000 -0.00000000000000000 -0.00000000000000000 -0.00000000000000000 -0.00000000000000000 0.00000000000000000 0.00000000000000000 0.00000000000000000 0.00000000000000000 0.00000000000000000 0.00000000000000000 1.00000000000000000 
0.24169820119193361 1.16519609822084313 1.00000000000000000 0.20453077171744793 1.18999998645735006 -0.00000000000198577 0.00000000000000000 0.00000000000000000 -0.00000000000000000 -0.00000000000000000 -0.00000000000000000 -0.00000000000000000 0.00000000000000000 0.00000000000000000 0.00000000000000000 0.00000000000000000 0.00000000000000000 0.00000000000000000 1.00000000000000000 
0.25122274444574549 1.16317973694549415 1.00000000000000000 0.21271200258614584 1.18999998645690797 -0.00000000000158432 0.00000000000000000 0.00000000000000000 -0.00000000000000000 -0.00000000000000000 -0.00000000000000000 -0.00000000000000000 0.00000000000000000 0.00000000000000000 0.00000000000000000 0.00000000000000000 0.00000000000000000 0.00000000000000000 1.00000000000000000 
0.26073047281672684 1.16108552153282241 1.00000000000000000 0.22089323345484377 1.18999998645730232 -0.00000000000197484 0.00000000000000000 0.00000000000000000 -0.00000000000000000 -0.00000000000000000 -0.00000000000000000 -0.00000000000000000 0.00000000000000000 0.00000000000000000 0.00000000000000000 0.00000000000000000 0.00000000000000000 0.00000000000000000 1.00000000000000000 
0.27022074993205608 1.15891359215321454 1.00000000000000000 0.22907446432354167 1.18999998645853355 -0.00000000000315736 0.00000000000000000 0.00000000000000000 -0.00000000000000000 -0.00000000000000000 -0.00000000000000000 -0.00000000000000000 0.00000000000000000 0.00000000000000000 0.00000000000000000 0.00000000000000000 0.00000000000000000 0.00000000000000000 1.00000000000000000 
ZONE I=5
0.27022074993205608 1.15891359215321454 1.00000000000000000 0.22907446432354167 1.18999998645853355 -0.00000000000315736 0.00000000000000000 0.00000000000000000 -0.00000000000000000 -0.00000000000000000 -0.00000000000000000 -0.00000000000000000 0.00000000000000000 0.00000000000000000 0.00000000000000000 0.00000000000000000 0.00000000000000000 0.00000000000000000 1.00000000000000000 
0.27969294058923388 1.15666409417470506 1.00000000000000000 0.23725569519223960 1.18999998645732941 -0.00000000000200327 0.00000000000000000 0.00000000000000000 -0.00000000000000000 -0.00000000000000000 -0.00000000000000000 -0.00000000000000000 0.00000000000000000 0.00000000000000000 0.00000000000000000 0.00000000000000000 0.00000000000000000 0.00000000000000000 1.00000000000000000 
0.28914641079172648 1.15433717816490899 1.00000000000000000 0.24543692606093750 1.18999998645691707 -0.00000000000162223 0.00000000000000000 0.00000000000000000 -0.00000000000000000 -0.00000000000000000 -0.00000000000000000 -0.00000000000000000 0.00000000000000000 0.00000000000000000 0.00000000000000000 0.00000000000000000 0.00000000000000000 0.00000000000000000 1.00000000000000000 
0.29858052779832800 1.15193299986936593 1.00000000000000000 0.25361815692963541 1.18999998645729610 -0.00000000000201422 0.00000000000000000 0.00000000000000000 -0.00000000000000000 -0.00000000000000000 -0.00000000000000000 -0.00000000000000000 0.00000000000000000 0.00000000000000000 0.00000000000000000 0.00000000000000000 0.00000000000000000 0.00000000000000000 1.00000000000000000 
0.30799466016318394 1.14945172020494857 1.00000000000000000 0.26179938779833334 1.18999998645846650 -0.00000000000317925 0.00000000000000000 0.00000000000000000 -0.00000000000000000 -0.00000000000000000 -0.00000000000000000 -0.00000000000000000 0.00000000000000000 0.00000000000000000 0.00000000000000000 0.00000000000000000 0.00000000000000000 0.00000000000000000 1.00000000000000000 
ZONE I=5
0.30799466016318394 1.14945172020494857 1.00000000000000000 0.26179938779833334 1.18999998645846650 -0.00000000000317925 0.00000000000000000 0.00000000000000000 -0.00000000000000000 -0.00000000000000000 -0.00000000000000000 -0.00000000000000000 0.00000000000000000 0.00000000000000000 0.00000000000000000 0.00000000000000000 0.00000000000000000 0.00000000000000000 1.00000000000000000 
0.31738817778017814 1.14689350524527822 1.00000000000000000 0.26998061866703127 1.18999998645732052 -0.00000000000205478 0.00000000000000000 0.00000000000000000 -0.00000000000000000 -0.00000000000000000 -0.00000000000000000 -0.00000000000000000 0.00000000000000000 0.00000000000000000 0.00000000000000000 0.00000000000000000 0.00000000000000000 0.00000000000000000 1.00000000000000000 
0.32676045191868081 1.14425852622097346 1.00000000000000000 0.27816184953572920 1.18999998645693061 -0.00000000000168872 0.00000000000000000 0.00000000000000000 -0.00000000000000000 -0.00000000000000000 -0.00000000000000000 -0.00000000000000000 0.00000000000000000 0.00000000000000000 0.00000000000000000 0.00000000000000000 0.00000000000000000 0.00000000000000000 1.00000000000000000 
0.33611085527211387 1.14154695949689877 1.00000000000000000 0.28634308040442713 1.18999998645729654 -0.00000000000208108 0.00000000000000000 0.00000000000000000 -0.00000000000000000 -0.00000000000000000 -0.00000000000000000 -0.00000000000000000 0.00000000000000000 0.00000000000000000 0.00000000000000000 0.00000000000000000 0.00000000000000000 0.00000000000000000 1.00000000000000000 
0.34543876199775841 1.13875898656409835 1.00000000000000000 0.29452431127312501 1.18999998645841853 -0.00000000000323185 0.00000000000000000 0.00000000000000000 -0.00000000000000000 -0.00000000000000000 -0.00000000000000000 -0.00000000000000000 0.00000000000000000 0.00000000000000000 0.00000000000000000 0.00000000000000000 0.00000000000000000 0.00000000000000000 1.00000000000000000 
ZONE I=5
0.34543876199775841 1.13875898656409835 1.00000000000000000 0.29452431127312501 1.18999998645841853 -0.00000000000323185 0.00000000000000000 0.00000000000000000 -0.00000000000000000 -0.00000000000000000 -0.00000000000000000 -0.00000000000000000 0.00000000000000000 0.00000000000000000 0.00000000000000000 0.00000000000000000 0.00000000000000000 0.00000000000000000 1.00000000000000000 
0.35474354776063055 1.13589479402391103 1.00000000000000000 0.30270554214182288 1.18999998645732008 -0.00000000000213014 0.00000000000000000 0.00000000000000000 -0.00000000000000000 -0.00000000000000000 -0.00000000000000000 -0.00000000000000000 0.00000000000000000 0.00000000000000000 0.00000000000000000 0.00000000000000000 0.00000000000000000 0.00000000000000000 1.00000000000000000 
0.36402458976925001 1.13295457358663199 1.00000000000000000 0.31088677301052081 1.18999998645694860 -0.00000000000177538 0.00000000000000000 0.00000000000000000 -0.00000000000000000 -0.00000000000000000 -0.00000000000000000 -0.00000000000000000 0.00000000000000000 0.00000000000000000 0.00000000000000000 0.00000000000000000 0.00000000000000000 0.00000000000000000 1.00000000000000000 
0.37328126682340240 1.12993852204759349 1.00000000000000000 0.31906800387921874 1.18999998645730409 -0.00000000000216757 0.00000000000000000 0.00000000000000000 -0.00000000000000000 -0.00000000000000000 -0.00000000000000000 -0.00000000000000000 0.00000000000000000 0.00000000000000000 0.00000000000000000 0.00000000000000000 0.00000000000000000 0.00000000000000000 1.00000000000000000 
0.38251295935367247 1.12684684127766688 1.00000000000000000 0.32724923474791667 1.18999998645838634 -0.00000000000330671 0.00000000000000000 0.00000000000000000 -0.00000000000000000 -0.00000000000000000 -0.00000000000000000 -0.00000000000000000 0.00000000000000000 0.00000000000000000 0.00000000000000000 0.00000000000000000 0.00000000000000000 0.00000000000000000 1.00000000000000000 
ZONE I=5
0.38251295935367247 1.12684684127766688 1.00000000000000000 0.32724923474791667 1.18999998645838634 -0.00000000000330671 0.00000000000000000 0.00000000000000000 -0.00000000000000000 -0.00000000000000000 -0.00000000000000000 -0.00000000000000000 0.00000000000000000 0.00000000000000000 0.00000000000000000 0.00000000000000000 0.00000000000000000 0.00000000000000000 1.00000000000000000 
0.39171904946477343 1.12367973820606593 1.00000000000000000 0.33543046561661455 1.18999998645732696 -0.00000000000222323 0.00000000000000000 0.00000000000000000 -0.00000000000000000 -0.00000000000000000 -0.00000000000000000 -0.00000000000000000 0.00000000000000000 0.00000000000000000 0.00000000000000000 0.00000000000000000 0.00000000000000000 0.00000000000000000 1.00000000000000000 
0.40089892097126495 1.12043742481749731 1.00000000000000000 0.34361169648531253 1.18999998645697036 -0.00000000000187735 0.00000000000000000 0.00000000000000000 -0.00000000000000000 -0.00000000000000000 -0.00000000000000000 -0.00000000000000000 0.00000000000000000 0.00000000000000000 0.00000000000000000 0.00000000000000000 0.00000000000000000 0.00000000000000000 1.00000000000000000 
0.41005195944449269 1.11712011812702849 1.00000000000000000 0.35179292735401041 1.18999998645731675 -0.00000000000226908 0.00000000000000000 0.00000000000000000 -0.00000000000000000 -0.00000000000000000 -0.00000000000000000 -0.00000000000000000 0.00000000000000000 0.00000000000000000 0.00000000000000000 0.00000000000000000 0.00000000000000000 0.00000000000000000 1.00000000000000000 
0.41917755225179637 1.11372804016918980 1.00000000000000000 0.35997415822270834 1.18999998645836635 -0.00000000000339841 0.00000000000000000 0.00000000000000000 -0.00000000000000000 -0.00000000000000000 -0.00000000000000000 -0.00000000000000000 0.00000000000000000 0.00000000000000000 0.00000000000000000 0.00000000000000000 0.00000000000000000 0.00000000000000000 1.00000000000000000 
ZONE I=5
0.41917755225179637 1.11372804016918980 1.00000000000000000 0.35997415822270834 1.18999998645836635 -0.00000000000339841 0.00000000000000000 0.00000000000000000 -0.00000000000000000 -0.00000000000000000 -0.00000000000000000 -0.00000000000000000 0.00000000000000000 0.00000000000000000 0.00000000000000000 0.00000000000000000 0.00000000000000000 0.00000000000000000 1.00000000000000000 
0.42827508859925184 1.11026141797946520 1.00000000000000000 0.36815538909140622 1.18999998645734029 -0.00000000000232996 0.00000000000000000 0.00000000000000000 -0.00000000000000000 -0.00000000000000000 -0.00000000000000000 -0.00000000000000000 0.00000000000000000 0.00000000000000000 0.00000000000000000 0.00000000000000000 0.00000000000000000 0.00000000000000000 1.00000000000000000 
0.43734395956727740 1.10672048358999309 1.00000000000000000 0.37633661996010415 1.18999998645699678 -0.00000000000199131 0.00000000000000000 0.00000000000000000 -0.00000000000000000 -0.00000000000000000 -0.00000000000000000 -0.00000000000000000 0.00000000000000000 0.00000000000000000 0.00000000000000000 0.00000000000000000 0.00000000000000000 0.00000000000000000 1.00000000000000000 
0.44638355815672537 1.10310547400318937 1.00000000000000000 0.38451785082880208 1.18999998645733585 -0.00000000000238248 0.00000000000000000 0.00000000000000000 -0.00000000000000000 -0.00000000000000000 -0.00000000000000000 -0.00000000000000000 0.00000000000000000 0.00000000000000000 0.00000000000000000 0.00000000000000000 0.00000000000000000 0.00000000000000000 1.00000000000000000 
0.45539327932771195 1.09941663117948307 1.00000000000000000 0.39269908169750001 1.18999998645835747 -0.00000000000350346 0.00000000000000000 0.00000000000000000 -0.00000000000000000 -0.00000000000000000 -0.00000000000000000 -0.00000000000000000 0.00000000000000000 0.00000000000000000 0.00000000000000000 0.00000000000000000 0.00000000000000000 0.00000000000000000 1.00000000000000000 
ZONE I=5
0.45539327932771195 1.09941663117948307 1.00000000000000000 0.39269908169750001 1.18999998645835747 -0.00000000000350346 0.00000000000000000 0.00000000000000000 -0.00000000000000000 -0.00000000000000000 -0.00000000000000000 -0.00000000000000000 0.00000000000000000 0.00000000000000000 0.00000000000000000 0.00000000000000000 0.00000000000000000 0.00000000000000000 1.00000000000000000 
0.46437252004173546 1.09565420201749952 1.00000000000000000 0.40088031256619794 1.18999998645735960 -0.00000000000244757 0.00000000000000000 0.00000000000000000 -0.00000000000000000 -0.00000000000000000 -0.00000000000000000 -0.00000000000000000 0.00000000000000000 0.00000000000000000 0.00000000000000000 0.00000000000000000 0.00000000000000000 0.00000000000000000 1.00000000000000000 
0.47332067929711352 1.09181843834835601 1.00000000000000000 0.40906154343489587 1.18999998645702676 -0.00000000000211494 0.00000000000000000 0.00000000000000000 -0.00000000000000000 -0.00000000000000000 -0.00000000000000000 -0.00000000000000000 0.00000000000000000 0.00000000000000000 0.00000000000000000 0.00000000000000000 0.00000000000000000 0.00000000000000000 1.00000000000000000 
0.48223715817419499 1.08790959690803013 1.00000000000000000 0.41724277430359374 1.18999998645735960 -0.00000000000250558 0.00000000000000000 0.00000000000000000 -0.00000000000000000 -0.00000000000000000 -0.00000000000000000 -0.00000000000000000 0.00000000000000000 0.00000000000000000 0.00000000000000000 0.00000000000000000 0.00000000000000000 0.00000000000000000 1.00000000000000000 
0.49112135987376443 1.08392793932375220 1.00000000000000000 0.42542400517229167 1.18999998645835769 -0.00000000000361947 0.00000000000000000 0.00000000000000000 -0.00000000000000000 -0.00000000000000000 -0.00000000000000000 -0.00000000000000000 0.00000000000000000 0.00000000000000000 0.00000000000000000 0.00000000000000000 0.00000000000000000 0.00000000000000000 1.00000000000000000 
ZONE I=5
0.49112135987376443 1.08392793932375220 1.00000000000000000 0.42542400517229167 1.18999998645835769 -0.00000000000361947 0.00000000000000000 0.00000000000000000 -0.00000000000000000 -0.00000000000000000 -0.00000000000000000 -0.00000000000000000 0.00000000000000000 0.00000000000000000 0.00000000000000000 0.00000000000000000 0.00000000000000000 0.00000000000000000 1.00000000000000000 
0.49997268975849601 1.07987373209289128 1.00000000000000000 0.43360523604098961 1.18999998645738425 -0.00000000000257460 0.00000000000000000 0.00000000000000000 -0.00000000000000000 -0.00000000000000000 -0.00000000000000000 -0.00000000000000000 0.00000000000000000 0.00000000000000000 0.00000000000000000 0.00000000000000000 0.00000000000000000 0.00000000000000000 1.00000000000000000 
0.50879055538817020 1.07574724657588749 1.00000000000000000 0.44178646690968748 1.18999998645706118 -0.00000000000224728 0.00000000000000000 0.00000000000000000 -0.00000000000000000 -0.00000000000000000 -0.00000000000000000 -0.00000000000000000 0.00000000000000000 0.00000000000000000 0.00000000000000000 0.00000000000000000 0.00000000000000000 0.00000000000000000 1.00000000000000000 
0.51757436656397005 1.07154875896736024 1.00000000000000000 0.44996769777838547 1.18999998645738847 -0.00000000000263751 0.00000000000000000 0.00000000000000000 -0.00000000000000000 -0.00000000000000000 -0.00000000000000000 -0.00000000000000000 0.00000000000000000 0.00000000000000000 0.00000000000000000 0.00000000000000000 0.00000000000000000 0.00000000000000000 1.00000000000000000 
0.52632353536641652 1.06727855028118479 1.00000000000000000 0.45814892864708334 1.18999998645836591 -0.00000000000374529 0.00000000000000000 0.00000000000000000 -0.00000000000000000 -0.00000000000000000 -0.00000000000000000 -0.00000000000000000 0.00000000000000000 0.00000000000000000 0.00000000000000000 0.00000000000000000 0.00000000000000000 0.00000000000000000 1.00000000000000000 
ZONE I=5
0.52632353536641652 1.06727855028118479 1.00000000000000000 0.45814892864708334 1.18999998645836591 -0.00000000000374529 0.00000000000000000 0.00000000000000000 -0.00000000000000000 -0.00000000000000000 -0.00000000000000000 -0.00000000000000000 0.00000000000000000 0.00000000000000000 0.00000000000000000 0.00000000000000000 0.00000000000000000 0.00000000000000000 1.00000000000000000 
0.53503747619611641 1.06293690632809290 1.00000000000000000 0.46633015951578127 1.18999998645741445 -0.00000000000270971 0.00000000000000000 0.00000000000000000 -0.00000000000000000 -0.00000000000000000 -0.00000000000000000 -0.00000000000000000 0.00000000000000000 0.00000000000000000 0.00000000000000000 0.00000000000000000 0.00000000000000000 0.00000000000000000 1.00000000000000000 
0.54371560580870837 1.05852411770727617 1.00000000000000000 0.47451139038447920 1.18999998645710003 -0.00000000000238680 0.00000000000000000 0.00000000000000000 -0.00000000000000000 -0.00000000000000000 -0.00000000000000000 -0.00000000000000000 0.00000000000000000 0.00000000000000000 0.00000000000000000 0.00000000000000000 0.00000000000000000 0.00000000000000000 1.00000000000000000 
0.55235734335820919 1.05404047977624060 1.00000000000000000 0.48269262125317713 1.18999998645742266 -0.00000000000277658 0.00000000000000000 0.00000000000000000 -0.00000000000000000 -0.00000000000000000 -0.00000000000000000 -0.00000000000000000 0.00000000000000000 0.00000000000000000 0.00000000000000000 0.00000000000000000 0.00000000000000000 0.00000000000000000 1.00000000000000000 
0.56096211043443589 1.04948629263458892 1.00000000000000000 0.49087385212187501 1.18999998645838234 -0.00000000000387904 0.00000000000000000 0.00000000000000000 -0.00000000000000000 -0.00000000000000000 -0.00000000000000000 -0.00000000000000000 0.00000000000000000 0.00000000000000000 0.00000000000000000 0.00000000000000000 0.00000000000000000 0.00000000000000000 1.00000000000000000 
ZONE I=5
0.56096211043443589 1.04948629263458892 1.00000000000000000 0.49087385212187501 1.18999998645838234 -0.00000000000387904 0.00000000000000000 0.00000000000000000 -0.00000000000000000 -0.00000000000000000 -0.00000000000000000 -0.00000000000000000 0.00000000000000000 0.00000000000000000 0.00000000000000000 0.00000000000000000 0.00000000000000000 0.00000000000000000 1.00000000000000000 
0.56952933110300452 1.04486186110035462 1.00000000000000000 0.49905508299057288 1.18999998645745064 -0.00000000000285191 0.00000000000000000 0.00000000000000000 -0.00000000000000000 -0.00000000000000000 -0.00000000000000000 -0.00000000000000000 0.00000000000000000 0.00000000000000000 0.00000000000000000 0.00000000000000000 0.00000000000000000 0.00000000000000000 1.00000000000000000 
0.57805843193996209 1.04016749470030812 1.00000000000000000 0.50723631385927082 1.18999998645714400 -0.00000000000253311 0.00000000000000000 0.00000000000000000 -0.00000000000000000 -0.00000000000000000 -0.00000000000000000 -0.00000000000000000 0.00000000000000000 0.00000000000000000 0.00000000000000000 0.00000000000000000 0.00000000000000000 0.00000000000000000 1.00000000000000000 
0.58654884207414426 1.03540350763856415 1.00000000000000000 0.51541754472796875 1.18999998645746263 -0.00000000000292264 0.00000000000000000 0.00000000000000000 -0.00000000000000000 -0.00000000000000000 -0.00000000000000000 -0.00000000000000000 0.00000000000000000 0.00000000000000000 0.00000000000000000 0.00000000000000000 0.00000000000000000 0.00000000000000000 1.00000000000000000 
0.59499999322403907 1.03057021877909905 1.00000000000000000 0.52359877559666668 1.18999998645840610 -0.00000000000402051 0.00000000000000000 0.00000000000000000 -0.00000000000000000 -0.00000000000000000 -0.00000000000000000 -0.00000000000000000 0.00000000000000000 0.00000000000000000 0.00000000000000000 0.00000000000000000 0.00000000000000000 0.00000000000000000 1.00000000000000000 
ZONE I=5
0.59499999322403907 1.03057021877909905 1.00000000000000000 0.52359877559666668 1.18999998645840610 -0.00000000000402051 0.00000000000000000 0.00000000000000000 -0.00000000000000000 -0.00000000000000000 -0.00000000000000000 -0.00000000000000000 0.00000000000000000 0.00000000000000000 0.00000000000000000 0.00000000000000000 0.00000000000000000 0.00000000000000000 1.00000000000000000 
0.60341131973700068 1.02566795162083646 1.00000000000000000 0.53178000646536461 1.18999998645749216 -0.00000000000300075 0.00000000000000000 0.00000000000000000 -0.00000000000000000 -0.00000000000000000 -0.00000000000000000 -0.00000000000000000 0.00000000000000000 0.00000000000000000 0.00000000000000000 0.00000000000000000 0.00000000000000000 0.00000000000000000 1.00000000000000000 
0.61178225862351809 1.02069703428668079 1.00000000000000000 0.53996123733406254 1.18999998645719263 -0.00000000000268550 0.00000000000000000 0.00000000000000000 -0.00000000000000000 -0.00000000000000000 -0.00000000000000000 -0.00000000000000000 0.00000000000000000 0.00000000000000000 0.00000000000000000 0.00000000000000000 0.00000000000000000 0.00000000000000000 1.00000000000000000 
0.62011224959854838 1.01565779949089952 1.00000000000000000 0.54814246820276047 1.18999998645750771 -0.00000000000307476 0.00000000000000000 0.00000000000000000 -0.00000000000000000 -0.00000000000000000 -0.00000000000000000 -0.00000000000000000 0.00000000000000000 0.00000000000000000 0.00000000000000000 0.00000000000000000 0.00000000000000000 0.00000000000000000 1.00000000000000000 
0.62840073511778161 1.01055058452039526 1.00000000000000000 0.55632369907145840 1.18999998645843719 -0.00000000000416854 0.00000000000000000 0.00000000000000000 -0.00000000000000000 -0.00000000000000000 -0.00000000000000000 -0.00000000000000000 0.00000000000000000 0.00000000000000000 0.00000000000000000 0.00000000000000000 0.00000000000000000 0.00000000000000000 1.00000000000000000 
ZONE I=5
0.62840073511778161 1.01055058452039526 1.00000000000000000 0.55632369907145840 1.18999998645843719 -0.00000000000416854 0.00000000000000000 0.00000000000000000 -0.00000000000000000 -0.00000000000000000 -0.00000000000000000 -0.00000000000000000 0.00000000000000000 0.00000000000000000 0.00000000000000000 0.00000000000000000 0.00000000000000000 0.00000000000000000 1.00000000000000000 
0.63664716041602587 1.00537573120856338 1.00000000000000000 0.56450492994015622 1.18999998645753879 -0.00000000000315562 0.00000000000000000 0.00000000000000000 -0.00000000000000000 -0.00000000000000000 -0.00000000000000000 -0.00000000000000000 0.00000000000000000 0.00000000000000000 0.00000000000000000 0.00000000000000000 0.00000000000000000 0.00000000000000000 1.00000000000000000 
0.64485097354107446 1.00013358592308732 1.00000000000000000 0.57268616080885415 1.18999998645724592 -0.00000000000284377 0.00000000000000000 0.00000000000000000 -0.00000000000000000 -0.00000000000000000 -0.00000000000000000 -0.00000000000000000 0.00000000000000000 0.00000000000000000 0.00000000000000000 0.00000000000000000 0.00000000000000000 0.00000000000000000 1.00000000000000000 
0.65301162539397362 0.99482449953210816 1.00000000000000000 0.58086739167755197 1.18999998645755811 -0.00000000000323301 0.00000000000000000 0.00000000000000000 -0.00000000000000000 -0.00000000000000000 -0.00000000000000000 -0.00000000000000000 0.00000000000000000 0.00000000000000000 0.00000000000000000 0.00000000000000000 0.00000000000000000 0.00000000000000000 1.00000000000000000 
0.66112856976464718 0.98944882738427853 1.00000000000000000 0.58904862254625001 1.18999998645847538 -0.00000000000432332 0.00000000000000000 0.00000000000000000 -0.00000000000000000 -0.00000000000000000 -0.00000000000000000 -0.00000000000000000 0.00000000000000000 0.00000000000000000 0.00000000000000000 0.00000000000000000 0.00000000000000000 0.00000000000000000 1.00000000000000000 
ZONE I=5
0.66112856976464718 0.98944882738427853 1.00000000000000000 0.58904862254625001 1.18999998645847538 -0.00000000000432332 0.00000000000000000 0.00000000000000000 -0.00000000000000000 -0.00000000000000000 -0.00000000000000000 -0.00000000000000000 0.00000000000000000 0.00000000000000000 0.00000000000000000 0.00000000000000000 0.00000000000000000 0.00000000000000000 1.00000000000000000 
0.66920126336941577 0.98400692928141797 1.00000000000000000 0.59722985341494794 1.18999998645759142 -0.00000000000331669 0.00000000000000000 0.00000000000000000 -0.00000000000000000 -0.00000000000000000 -0.00000000000000000 -0.00000000000000000 0.00000000000000000 0.00000000000000000 0.00000000000000000 0.00000000000000000 0.00000000000000000 0.00000000000000000 1.00000000000000000 
0.67722916588441873 0.97849916946509408 1.00000000000000000 0.60541108428364587 1.18999998645730432 -0.00000000000300805 0.00000000000000000 0.00000000000000000 -0.00000000000000000 -0.00000000000000000 -0.00000000000000000 -0.00000000000000000 0.00000000000000000 0.00000000000000000 0.00000000000000000 0.00000000000000000 0.00000000000000000 0.00000000000000000 1.00000000000000000 
0.68521173998478047 0.97292591658160221 1.00000000000000000 0.61359231515234369 1.18999998645761385 -0.00000000000339742 0.00000000000000000 0.00000000000000000 -0.00000000000000000 -0.00000000000000000 -0.00000000000000000 -0.00000000000000000 0.00000000000000000 0.00000000000000000 0.00000000000000000 0.00000000000000000 0.00000000000000000 0.00000000000000000 1.00000000000000000 
0.69314845137955416 0.96728754366083081 1.00000000000000000 0.62177354602104162 1.18999998645852001 -0.00000000000448478 0.00000000000000000 0.00000000000000000 -0.00000000000000000 -0.00000000000000000 -0.00000000000000000 -0.00000000000000000 0.00000000000000000 0.00000000000000000 0.00000000000000000 0.00000000000000000 0.00000000000000000 0.00000000000000000 1.00000000000000000 
ZONE I=5
0.69314845137955416 0.96728754366083081 1.00000000000000000 0.62177354602104162 1.18999998645852001 -0.00000000000448478 0.00000000000000000 0.00000000000000000 -0.00000000000000000 -0.00000000000000000 -0.00000000000000000 -0.00000000000000000 0.00000000000000000 0.00000000000000000 0.00000000000000000 0.00000000000000000 0.00000000000000000 0.00000000000000000 1.00000000000000000 
0.70103876884833727 0.96158442808773359 1.00000000000000000 0.62995477688973955 1.18999998645764959 -0.00000000000348389 0.00000000000000000 0.00000000000000000 -0.00000000000000000 -0.00000000000000000 -0.00000000000000000 -0.00000000000000000 0.00000000000000000 0.00000000000000000 0.00000000000000000 0.00000000000000000 0.00000000000000000 0.00000000000000000 1.00000000000000000 
0.70888216427420514 0.95581695158772684 1.00000000000000000 0.63813600775843748 1.18999998645736804 -0.00000000000317823 0.00000000000000000 0.00000000000000000 -0.00000000000000000 -0.00000000000000000 -0.00000000000000000 -0.00000000000000000 0.00000000000000000 0.00000000000000000 0.00000000000000000 0.00000000000000000 0.00000000000000000 0.00000000000000000 1.00000000000000000 
0.71667811268174142 0.94998550019050543 1.00000000000000000 0.64631723862713542 1.18999998645767535 -0.00000000000356778 0.00000000000000000 0.00000000000000000 -0.00000000000000000 -0.00000000000000000 -0.00000000000000000 -0.00000000000000000 0.00000000000000000 0.00000000000000000 0.00000000000000000 0.00000000000000000 0.00000000000000000 0.00000000000000000 1.00000000000000000 
0.72442609227126076 0.94409046420774256 1.00000000000000000 0.65449846949583335 1.18999998645857152 -0.00000000000465256 0.00000000000000000 0.00000000000000000 -0.00000000000000000 -0.00000000000000000 -0.00000000000000000 -0.00000000000000000 0.00000000000000000 0.00000000000000000 0.00000000000000000 0.00000000000000000 0.00000000000000000 0.00000000000000000 1.00000000000000000 
ZONE I=5
0.72442609227126076 0.94409046420774256 1.00000000000000000 0.65449846949583335 1.18999998645857152 -0.00000000000465256 0.00000000000000000 0.00000000000000000 -0.00000000000000000 -0.00000000000000000 -0.00000000000000000 -0.00000000000000000 0.00000000000000000 0.00000000000000000 0.00000000000000000 0.00000000000000000 0.00000000000000000 0.00000000000000000 1.00000000000000000 
0.73212558445448228 0.93813223820341085 1.00000000000000000 0.66267970036453117 1.18999998645771354 -0.00000000000365722 0.00000000000000000 0.00000000000000000 -0.00000000000000000 -0.00000000000000000 -0.00000000000000000 -0.00000000000000000 0.00000000000000000 0.00000000000000000 0.00000000000000000 0.00000000000000000 0.00000000000000000 0.00000000000000000 1.00000000000000000 
0.73977607388693800 0.93211122097801646 1.00000000000000000 0.67086093123322921 1.18999998645743732 -0.00000000000335448 0.00000000000000000 0.00000000000000000 -0.00000000000000000 -0.00000000000000000 -0.00000000000000000 -0.00000000000000000 0.00000000000000000 0.00000000000000000 0.00000000000000000 0.00000000000000000 0.00000000000000000 0.00000000000000000 1.00000000000000000 
0.74737704850482689 0.92602781553128399 1.00000000000000000 0.67904216210192703 1.18999998645774285 -0.00000000000374433 0.00000000000000000 0.00000000000000000 -0.00000000000000000 -0.00000000000000000 -0.00000000000000000 -0.00000000000000000 0.00000000000000000 0.00000000000000000 0.00000000000000000 0.00000000000000000 0.00000000000000000 0.00000000000000000 1.00000000000000000 
0.75492799955848222 0.91988242903871564 1.00000000000000000 0.68722339297062507 1.18999998645862992 -0.00000000000482678 0.00000000000000000 0.00000000000000000 -0.00000000000000000 -0.00000000000000000 -0.00000000000000000 -0.00000000000000000 0.00000000000000000 0.00000000000000000 0.00000000000000000 0.00000000000000000 0.00000000000000000 0.00000000000000000 1.00000000000000000 
ZONE I=5
0.75492799955848222 0.91988242903871564 1.00000000000000000 0.68722339297062507 1.18999998645862992 -0.00000000000482678 0.00000000000000000 0.00000000000000000 -0.00000000000000000 -0.00000000000000000 -0.00000000000000000 -0.00000000000000000 0.00000000000000000 0.00000000000000000 0.00000000000000000 0.00000000000000000 0.00000000000000000 0.00000000000000000 1.00000000000000000 
0.76242842164706215 0.91367547282079087 1.00000000000000000 0.69540462383932289 1.18999998645778393 -0.00000000000383669 0.00000000000000000 0.00000000000000000 -0.00000000000000000 -0.00000000000000000 -0.00000000000000000 -0.00000000000000000 0.00000000000000000 0.00000000000000000 0.00000000000000000 0.00000000000000000 0.00000000000000000 0.00000000000000000 1.00000000000000000 
0.76987781275039768 0.90740736232606345 1.00000000000000000 0.70358585470802082 1.18999998645751259 -0.00000000000353677 0.00000000000000000 0.00000000000000000 -0.00000000000000000 -0.00000000000000000 -0.00000000000000000 -0.00000000000000000 0.00000000000000000 0.00000000000000000 0.00000000000000000 0.00000000000000000 0.00000000000000000 0.00000000000000000 1.00000000000000000 
0.77727567426463484 0.90107851709274500 1.00000000000000000 0.71176708557671875 1.18999998645781635 -0.00000000000392702 0.00000000000000000 0.00000000000000000 -0.00000000000000000 -0.00000000000000000 -0.00000000000000000 -0.00000000000000000 0.00000000000000000 0.00000000000000000 0.00000000000000000 0.00000000000000000 0.00000000000000000 0.00000000000000000 1.00000000000000000 
0.78462151103490640 0.89468936072415362 1.00000000000000000 0.71994831644541668 1.18999998645869498 -0.00000000000500744 0.00000000000000000 0.00000000000000000 -0.00000000000000000 -0.00000000000000000 -0.00000000000000000 -0.00000000000000000 0.00000000000000000 0.00000000000000000 0.00000000000000000 0.00000000000000000 0.00000000000000000 0.00000000000000000 1.00000000000000000 
ZONE I=5
0.78462151103490640 0.89468936072415362 1.00000000000000000 0.71994831644541668 1.18999998645869498 -0.00000000000500744 0.00000000000000000 0.00000000000000000 -0.00000000000000000 -0.00000000000000000 -0.00000000000000000 -0.00000000000000000 0.00000000000000000 0.00000000000000000 0.00000000000000000 0.00000000000000000 0.00000000000000000 0.00000000000000000 1.00000000000000000 
0.79191483138900798 0.88824032085681959 1.00000000000000000 0.72812954731411472 1.18999998645785987 -0.00000000000402227 0.00000000000000000 0.00000000000000000 -0.00000000000000000 -0.00000000000000000 -0.00000000000000000 -0.00000000000000000 0.00000000000000000 0.00000000000000000 0.00000000000000000 0.00000000000000000 0.00000000000000000 0.00000000000000000 1.00000000000000000 
0.79915514716864355 0.88173182914247594 1.00000000000000000 0.73631077818281254 1.18999998645759342 -0.00000000000372509 0.00000000000000000 0.00000000000000000 -0.00000000000000000 -0.00000000000000000 -0.00000000000000000 -0.00000000000000000 0.00000000000000000 0.00000000000000000 0.00000000000000000 0.00000000000000000 0.00000000000000000 0.00000000000000000 1.00000000000000000 
0.80634197376382377 0.87516432120856813 1.00000000000000000 0.74449200905151047 1.18999998645789606 -0.00000000000411592 0.00000000000000000 0.00000000000000000 -0.00000000000000000 -0.00000000000000000 -0.00000000000000000 -0.00000000000000000 0.00000000000000000 0.00000000000000000 0.00000000000000000 0.00000000000000000 0.00000000000000000 0.00000000000000000 1.00000000000000000 
0.81347483014470490 0.86853823663262486 1.00000000000000000 0.75267323992020829 1.18999998645876714 -0.00000000000519474 0.00000000000000000 0.00000000000000000 -0.00000000000000000 -0.00000000000000000 -0.00000000000000000 -0.00000000000000000 0.00000000000000000 0.00000000000000000 0.00000000000000000 0.00000000000000000 0.00000000000000000 0.00000000000000000 1.00000000000000000 
ZONE I=5
0.81347483014470490 0.86853823663262486 1.00000000000000000 0.75267323992020829 1.18999998645876714 -0.00000000000519474 0.00000000000000000 0.00000000000000000 -0.00000000000000000 -0.00000000000000000 -0.00000000000000000 -0.00000000000000000 0.00000000000000000 0.00000000000000000 0.00000000000000000 0.00000000000000000 0.00000000000000000 0.00000000000000000 1.00000000000000000 
0.82055323889421550 0.86185401890930213 1.00000000000000000 0.76085447078890622 1.18999998645794247 -0.00000000000421441 0.00000000000000000 0.00000000000000000 -0.00000000000000000 -0.00000000000000000 -0.00000000000000000 -0.00000000000000000 0.00000000000000000 0.00000000000000000 0.00000000000000000 0.00000000000000000 0.00000000000000000 0.00000000000000000 1.00000000000000000 
0.82757672623866474 0.85511211543128907 1.00000000000000000 0.76903570165760415 1.18999998645768068 -0.00000000000392004 0.00000000000000000 0.00000000000000000 -0.00000000000000000 -0.00000000000000000 -0.00000000000000000 -0.00000000000000000 0.00000000000000000 0.00000000000000000 0.00000000000000000 0.00000000000000000 0.00000000000000000 0.00000000000000000 1.00000000000000000 
0.83454482208085934 0.84831297744878542 1.00000000000000000 0.77721693252630208 1.18999998645798177 -0.00000000000431164 0.00000000000000000 0.00000000000000000 -0.00000000000000000 -0.00000000000000000 -0.00000000000000000 -0.00000000000000000 0.00000000000000000 0.00000000000000000 0.00000000000000000 0.00000000000000000 0.00000000000000000 0.00000000000000000 1.00000000000000000 
0.84145706003107879 0.84145706004282061 1.00000000000000000 0.78539816339500002 1.18999998645884597 -0.00000000000538919 0.00000000000000000 0.00000000000000000 -0.00000000000000000 -0.00000000000000000 -0.00000000000000000 -0.00000000000000000 0.00000000000000000 0.00000000000000000 0.00000000000000000 0.00000000000000000 0.00000000000000000 0.00000000000000000 1.00000000000000000 
ZONE I=5
0.84145706003107879 0.84145706004282061 1.00000000000000000 0.78539816339500002 1.18999998645884597 -0.00000000000538919 0.00000000000000000 0.00000000000000000 -0.00000000000000000 -0.00000000000000000 -0.00000000000000000 -0.00000000000000000 0.00000000000000000 0.00000000000000000 0.00000000000000000 0.00000000000000000 0.00000000000000000 0.00000000000000000 1.00000000000000000 
0.84831297743861533 0.83454482209126768 1.00000000000000000 0.79357939426369795 1.18999998645803107 -0.00000000000441356 0.00000000000000000 0.00000000000000000 -0.00000000000000000 -0.00000000000000000 -0.00000000000000000 -0.00000000000000000 0.00000000000000000 0.00000000000000000 0.00000000000000000 0.00000000000000000 0.00000000000000000 0.00000000000000000 1.00000000000000000 
0.85511211542171095 0.82757672624869560 1.00000000000000000 0.80176062513239588 1.18999998645777394 -0.00000000000412197 0.00000000000000000 0.00000000000000000 -0.00000000000000000 -0.00000000000000000 -0.00000000000000000 -0.00000000000000000 0.00000000000000000 0.00000000000000000 0.00000000000000000 0.00000000000000000 0.00000000000000000 0.00000000000000000 1.00000000000000000 
0.86185401889936075 0.82055323890484833 1.00000000000000000 0.80994185600109381 1.18999998645807414 -0.00000000000451442 0.00000000000000000 0.00000000000000000 -0.00000000000000000 -0.00000000000000000 -0.00000000000000000 -0.00000000000000000 0.00000000000000000 0.00000000000000000 0.00000000000000000 0.00000000000000000 0.00000000000000000 0.00000000000000000 1.00000000000000000 
0.86853823662138896 0.81347483015694266 1.00000000000000000 0.81812308686979174 1.18999998645893212 -0.00000000000559092 0.00000000000000000 0.00000000000000000 -0.00000000000000000 -0.00000000000000000 -0.00000000000000000 -0.00000000000000000 0.00000000000000000 0.00000000000000000 0.00000000000000000 0.00000000000000000 0.00000000000000000 0.00000000000000000 1.00000000000000000 
ZONE I=5
0.86853823662138896 0.81347483015694266 1.00000000000000000 0.81812308686979174 1.18999998645893212 -0.00000000000559092 0.00000000000000000 0.00000000000000000 -0.00000000000000000 -0.00000000000000000 -0.00000000000000000 -0.00000000000000000 0.00000000000000000 0.00000000000000000 0.00000000000000000 0.00000000000000000 0.00000000000000000 0.00000000000000000 1.00000000000000000 
0.87516432119887022 0.80634197377468997 1.00000000000000000 0.82630431773848967 1.18999998645812677 -0.00000000000461967 0.00000000000000000 0.00000000000000000 -0.00000000000000000 -0.00000000000000000 -0.00000000000000000 -0.00000000000000000 0.00000000000000000 0.00000000000000000 0.00000000000000000 0.00000000000000000 0.00000000000000000 0.00000000000000000 1.00000000000000000 
0.88173182913336057 0.79915514717911840 1.00000000000000000 0.83448554860718749 1.18999998645787386 -0.00000000000433074 0.00000000000000000 0.00000000000000000 -0.00000000000000000 -0.00000000000000000 -0.00000000000000000 -0.00000000000000000 0.00000000000000000 0.00000000000000000 0.00000000000000000 0.00000000000000000 0.00000000000000000 0.00000000000000000 1.00000000000000000 
0.88824032084735549 0.79191483140009433 1.00000000000000000 0.84266677947588542 1.18999998645817340 -0.00000000000472413 0.00000000000000000 0.00000000000000000 -0.00000000000000000 -0.00000000000000000 -0.00000000000000000 -0.00000000000000000 0.00000000000000000 0.00000000000000000 0.00000000000000000 0.00000000000000000 0.00000000000000000 0.00000000000000000 1.00000000000000000 
0.89468936071343419 0.78462151104763056 1.00000000000000000 0.85084801034458335 1.18999998645902538 -0.00000000000579982 0.00000000000000000 0.00000000000000000 -0.00000000000000000 -0.00000000000000000 -0.00000000000000000 -0.00000000000000000 0.00000000000000000 0.00000000000000000 0.00000000000000000 0.00000000000000000 0.00000000000000000 0.00000000000000000 1.00000000000000000 
ZONE I=5
0.89468936071343419 0.78462151104763056 1.00000000000000000 0.85084801034458335 1.18999998645902538 -0.00000000000579982 0.00000000000000000 0.00000000000000000 -0.00000000000000000 -0.00000000000000000 -0.00000000000000000 -0.00000000000000000 0.00000000000000000 0.00000000000000000 0.00000000000000000 0.00000000000000000 0.00000000000000000 0.00000000000000000 1.00000000000000000 
0.90107851708352982 0.77727567427595023 1.00000000000000000 0.85902924121328128 1.18999998645822935 -0.00000000000483315 0.00000000000000000 0.00000000000000000 -0.00000000000000000 -0.00000000000000000 -0.00000000000000000 -0.00000000000000000 0.00000000000000000 0.00000000000000000 0.00000000000000000 0.00000000000000000 0.00000000000000000 0.00000000000000000 1.00000000000000000 
0.90740736231742070 0.76987781276130784 1.00000000000000000 0.86721047208197921 1.18999998645798066 -0.00000000000454708 0.00000000000000000 0.00000000000000000 -0.00000000000000000 -0.00000000000000000 -0.00000000000000000 -0.00000000000000000 0.00000000000000000 0.00000000000000000 0.00000000000000000 0.00000000000000000 0.00000000000000000 0.00000000000000000 1.00000000000000000 
0.91367547281181416 0.76242842165859348 1.00000000000000000 0.87539170295067714 1.18999998645827976 -0.00000000000494160 0.00000000000000000 0.00000000000000000 -0.00000000000000000 -0.00000000000000000 -0.00000000000000000 -0.00000000000000000 0.00000000000000000 0.00000000000000000 0.00000000000000000 0.00000000000000000 0.00000000000000000 0.00000000000000000 1.00000000000000000 
0.91988242902852391 0.75492799957168355 1.00000000000000000 0.88357293381937496 1.18999998645912641 -0.00000000000601671 0.00000000000000000 0.00000000000000000 -0.00000000000000000 -0.00000000000000000 -0.00000000000000000 -0.00000000000000000 0.00000000000000000 0.00000000000000000 0.00000000000000000 0.00000000000000000 0.00000000000000000 0.00000000000000000 1.00000000000000000 
ZONE I=5
0.91988242902852391 0.75492799957168355 1.00000000000000000 0.88357293381937496 1.18999998645912641 -0.00000000000601671 0.00000000000000000 0.00000000000000000 -0.00000000000000000 -0.00000000000000000 -0.00000000000000000 -0.00000000000000000 0.00000000000000000 0.00000000000000000 0.00000000000000000 0.00000000000000000 0.00000000000000000 0.00000000000000000 1.00000000000000000 
0.92602781552256241 0.74737704851658304 1.00000000000000000 0.89175416468807289 1.18999998645833927 -0.00000000000505455 0.00000000000000000 0.00000000000000000 -0.00000000000000000 -0.00000000000000000 -0.00000000000000000 -0.00000000000000000 0.00000000000000000 0.00000000000000000 0.00000000000000000 0.00000000000000000 0.00000000000000000 0.00000000000000000 1.00000000000000000 
0.93211122096985743 0.73977607389827571 1.00000000000000000 0.89993539555677082 1.18999998645809479 -0.00000000000477139 0.00000000000000000 0.00000000000000000 -0.00000000000000000 -0.00000000000000000 -0.00000000000000000 -0.00000000000000000 0.00000000000000000 0.00000000000000000 0.00000000000000000 0.00000000000000000 0.00000000000000000 0.00000000000000000 1.00000000000000000 
0.93813223819493285 0.73212558446645093 1.00000000000000000 0.90811662642546886 1.18999998645839344 -0.00000000000516723 0.00000000000000000 0.00000000000000000 -0.00000000000000000 -0.00000000000000000 -0.00000000000000000 -0.00000000000000000 0.00000000000000000 0.00000000000000000 0.00000000000000000 0.00000000000000000 0.00000000000000000 0.00000000000000000 1.00000000000000000 
0.94409046419808940 0.72442609228493082 1.00000000000000000 0.91629785729416668 1.18999998645923477 -0.00000000000624206 0.00000000000000000 0.00000000000000000 -0.00000000000000000 -0.00000000000000000 -0.00000000000000000 -0.00000000000000000 0.00000000000000000 0.00000000000000000 0.00000000000000000 0.00000000000000000 0.00000000000000000 0.00000000000000000 1.00000000000000000 
ZONE I=5
0.94409046419808940 0.72442609228493082 1.00000000000000000 0.91629785729416668 1.18999998645923477 -0.00000000000624206 0.00000000000000000 0.00000000000000000 -0.00000000000000000 -0.00000000000000000 -0.00000000000000000 -0.00000000000000000 0.00000000000000000 0.00000000000000000 0.00000000000000000 0.00000000000000000 0.00000000000000000 0.00000000000000000 1.00000000000000000 
0.94998550018228789 0.71667811269392945 1.00000000000000000 0.92447908816286462 1.18999998645845562 -0.00000000000528423 0.00000000000000000 0.00000000000000000 -0.00000000000000000 -0.00000000000000000 -0.00000000000000000 -0.00000000000000000 0.00000000000000000 0.00000000000000000 0.00000000000000000 0.00000000000000000 0.00000000000000000 0.00000000000000000 1.00000000000000000 
0.95581695158006241 0.70888216428596218 1.00000000000000000 0.93266031903156255 1.18999998645821559 -0.00000000000500397 0.00000000000000000 0.00000000000000000 -0.00000000000000000 -0.00000000000000000 -0.00000000000000000 -0.00000000000000000 0.00000000000000000 0.00000000000000000 0.00000000000000000 0.00000000000000000 0.00000000000000000 0.00000000000000000 1.00000000000000000 
0.96158442807976530 0.70103876886073457 1.00000000000000000 0.94084154990026059 1.18999998645851401 -0.00000000000540126 0.00000000000000000 0.00000000000000000 -0.00000000000000000 -0.00000000000000000 -0.00000000000000000 -0.00000000000000000 0.00000000000000000 0.00000000000000000 0.00000000000000000 0.00000000000000000 0.00000000000000000 0.00000000000000000 1.00000000000000000 
0.96728754365172798 0.69314845139368431 1.00000000000000000 0.94902278076895841 1.18999998645935134 -0.00000000000647611 0.00000000000000000 0.00000000000000000 -0.00000000000000000 -0.00000000000000000 -0.00000000000000000 -0.00000000000000000 0.00000000000000000 0.00000000000000000 0.00000000000000000 0.00000000000000000 0.00000000000000000 0.00000000000000000 1.00000000000000000 
ZONE I=5
0.96728754365172798 0.69314845139368431 1.00000000000000000 0.94902278076895841 1.18999998645935134 -0.00000000000647611 0.00000000000000000 0.00000000000000000 -0.00000000000000000 -0.00000000000000000 -0.00000000000000000 -0.00000000000000000 0.00000000000000000 0.00000000000000000 0.00000000000000000 0.00000000000000000 0.00000000000000000 0.00000000000000000 1.00000000000000000 
0.97292591657390148 0.68521173999739426 1.00000000000000000 0.95720401163765634 1.18999998645858085 -0.00000000000552278 0.00000000000000000 0.00000000000000000 -0.00000000000000000 -0.00000000000000000 -0.00000000000000000 -0.00000000000000000 0.00000000000000000 0.00000000000000000 0.00000000000000000 0.00000000000000000 0.00000000000000000 0.00000000000000000 1.00000000000000000 
0.97849916945793636 0.67722916589658888 1.00000000000000000 0.96538524250635416 1.18999998645834482 -0.00000000000524554 0.00000000000000000 0.00000000000000000 -0.00000000000000000 -0.00000000000000000 -0.00000000000000000 -0.00000000000000000 0.00000000000000000 0.00000000000000000 0.00000000000000000 0.00000000000000000 0.00000000000000000 0.00000000000000000 1.00000000000000000 
0.98400692927397182 0.66920126338223529 1.00000000000000000 0.97356647337505220 1.18999998645864324 -0.00000000000564438 0.00000000000000000 0.00000000000000000 -0.00000000000000000 -0.00000000000000000 -0.00000000000000000 -0.00000000000000000 0.00000000000000000 0.00000000000000000 0.00000000000000000 0.00000000000000000 0.00000000000000000 0.00000000000000000 1.00000000000000000 
0.98944882737573847 0.66112856977922951 1.00000000000000000 0.98174770424375002 1.18999998645947613 -0.00000000000671929 0.00000000000000000 0.00000000000000000 -0.00000000000000000 -0.00000000000000000 -0.00000000000000000 -0.00000000000000000 0.00000000000000000 0.00000000000000000 0.00000000000000000 0.00000000000000000 0.00000000000000000 0.00000000000000000 1.00000000000000000 
ZONE I=5
0.98944882737573847 0.66112856977922951 1.00000000000000000 0.98174770424375002 1.18999998645947613 -0.00000000000671929 0.00000000000000000 0.00000000000000000 -0.00000000000000000 -0.00000000000000000 -0.00000000000000000 -0.00000000000000000 0.00000000000000000 0.00000000000000000 0.00000000000000000 0.00000000000000000 0.00000000000000000 0.00000000000000000 1.00000000000000000 
0.99482449952493557 0.65301162540700552 1.00000000000000000 0.98992893511244806 1.18999998645871341 -0.00000000000577045 0.00000000000000000 0.00000000000000000 -0.00000000000000000 -0.00000000000000000 -0.00000000000000000 -0.00000000000000000 0.00000000000000000 0.00000000000000000 0.00000000000000000 0.00000000000000000 0.00000000000000000 0.00000000000000000 1.00000000000000000 
1.00013358591644863 0.64485097355365073 1.00000000000000000 0.99811016598114588 1.18999998645848137 -0.00000000000549633 0.00000000000000000 0.00000000000000000 -0.00000000000000000 -0.00000000000000000 -0.00000000000000000 -0.00000000000000000 0.00000000000000000 0.00000000000000000 0.00000000000000000 0.00000000000000000 0.00000000000000000 0.00000000000000000 1.00000000000000000 
1.00537573120165136 0.63664716042926095 1.00000000000000000 1.00629139684984370 1.18999998645877980 -0.00000000000589693 0.00000000000000000 0.00000000000000000 -0.00000000000000000 -0.00000000000000000 -0.00000000000000000 -0.00000000000000000 0.00000000000000000 0.00000000000000000 0.00000000000000000 0.00000000000000000 0.00000000000000000 0.00000000000000000 1.00000000000000000 
1.01055058451243029 0.62840073513280936 1.00000000000000000 1.01447262771854163 1.18999998645960914 -0.00000000000697225 0.00000000000000000 0.00000000000000000 -0.00000000000000000 -0.00000000000000000 -0.00000000000000000 -0.00000000000000000 0.00000000000000000 0.00000000000000000 0.00000000000000000 0.00000000000000000 0.00000000000000000 0.00000000000000000 1.00000000000000000 
ZONE I=5
1.01055058451243029 0.62840073513280936 1.00000000000000000 1.01447262771854163 1.18999998645960914 -0.00000000000697225 0.00000000000000000 0.00000000000000000 -0.00000000000000000 -0.00000000000000000 -0.00000000000000000 -0.00000000000000000 0.00000000000000000 0.00000000000000000 0.00000000000000000 0.00000000000000000 0.00000000000000000 0.00000000000000000 1.00000000000000000 
1.01565779948426904 0.62011224961199252 1.00000000000000000 1.02265385858723956 1.18999998645885441 -0.00000000000602798 0.00000000000000000 0.00000000000000000 -0.00000000000000000 -0.00000000000000000 -0.00000000000000000 -0.00000000000000000 0.00000000000000000 0.00000000000000000 0.00000000000000000 0.00000000000000000 0.00000000000000000 0.00000000000000000 1.00000000000000000 
1.02069703428057457 0.61178225863649460 1.00000000000000000 1.03083508945593749 1.18999998645862659 -0.00000000000575712 0.00000000000000000 0.00000000000000000 -0.00000000000000000 -0.00000000000000000 -0.00000000000000000 -0.00000000000000000 0.00000000000000000 0.00000000000000000 0.00000000000000000 0.00000000000000000 0.00000000000000000 0.00000000000000000 1.00000000000000000 
1.02566795161447222 0.60341131975064510 1.00000000000000000 1.03901632032463542 1.18999998645892524 -0.00000000000615969 0.00000000000000000 0.00000000000000000 -0.00000000000000000 -0.00000000000000000 -0.00000000000000000 -0.00000000000000000 0.00000000000000000 0.00000000000000000 0.00000000000000000 0.00000000000000000 0.00000000000000000 0.00000000000000000 1.00000000000000000 
1.03057021877172184 0.59499999323950581 1.00000000000000000 1.04719755119333335 1.18999998645975058 -0.00000000000723567 0.00000000000000000 0.00000000000000000 -0.00000000000000000 -0.00000000000000000 -0.00000000000000000 -0.00000000000000000 0.00000000000000000 0.00000000000000000 0.00000000000000000 0.00000000000000000 0.00000000000000000 0.00000000000000000 1.00000000000000000 
ZONE I=5
1.03057021877172184 0.59499999323950581 1.00000000000000000 1.04719755119333335 1.18999998645975058 -0.00000000000723567 0.00000000000000000 0.00000000000000000 -0.00000000000000000 -0.00000000000000000 -0.00000000000000000 -0.00000000000000000 0.00000000000000000 0.00000000000000000 0.00000000000000000 0.00000000000000000 0.00000000000000000 0.00000000000000000 1.00000000000000000 
1.03540350763248901 0.58654884208799485 1.00000000000000000 1.05537878206203128 1.18999998645900384 -0.00000000000629598 0.00000000000000000 0.00000000000000000 -0.00000000000000000 -0.00000000000000000 -0.00000000000000000 -0.00000000000000000 0.00000000000000000 0.00000000000000000 0.00000000000000000 0.00000000000000000 0.00000000000000000 0.00000000000000000 1.00000000000000000 
1.04016749469474856 0.57805843195333373 1.00000000000000000 1.06356001293072921 1.18999998645878002 -0.00000000000602844 0.00000000000000000 0.00000000000000000 -0.00000000000000000 -0.00000000000000000 -0.00000000000000000 -0.00000000000000000 0.00000000000000000 0.00000000000000000 0.00000000000000000 0.00000000000000000 0.00000000000000000 0.00000000000000000 1.00000000000000000 
1.04486186109455215 0.56952933111705273 1.00000000000000000 1.07174124379942715 1.18999998645907912 -0.00000000000643305 0.00000000000000000 0.00000000000000000 -0.00000000000000000 -0.00000000000000000 -0.00000000000000000 -0.00000000000000000 0.00000000000000000 0.00000000000000000 0.00000000000000000 0.00000000000000000 0.00000000000000000 0.00000000000000000 1.00000000000000000 
1.04948629262781279 0.56096211045033473 1.00000000000000000 1.07992247466812508 1.18999998645990113 -0.00000000000750981 0.00000000000000000 0.00000000000000000 -0.00000000000000000 -0.00000000000000000 -0.00000000000000000 -0.00000000000000000 0.00000000000000000 0.00000000000000000 0.00000000000000000 0.00000000000000000 0.00000000000000000 0.00000000000000000 1.00000000000000000 
ZONE I=5
1.04948629262781279 0.56096211045033473 1.00000000000000000 1.07992247466812508 1.18999998645990113 -0.00000000000750981 0.00000000000000000 0.00000000000000000 -0.00000000000000000 -0.00000000000000000 -0.00000000000000000 -0.00000000000000000 0.00000000000000000 0.00000000000000000 0.00000000000000000 0.00000000000000000 0.00000000000000000 0.00000000000000000 1.00000000000000000 
1.05404047977073589 0.55235734337246056 1.00000000000000000 1.08810370553682301 1.18999998645916172 -0.00000000000657486 0.00000000000000000 0.00000000000000000 -0.00000000000000000 -0.00000000000000000 -0.00000000000000000 -0.00000000000000000 0.00000000000000000 0.00000000000000000 0.00000000000000000 0.00000000000000000 0.00000000000000000 0.00000000000000000 1.00000000000000000 
1.05852411770227839 0.54371560582246969 1.00000000000000000 1.09628493640552094 1.18999998645894189 -0.00000000000631085 0.00000000000000000 0.00000000000000000 -0.00000000000000000 -0.00000000000000000 -0.00000000000000000 -0.00000000000000000 0.00000000000000000 0.00000000000000000 0.00000000000000000 0.00000000000000000 0.00000000000000000 0.00000000000000000 1.00000000000000000 
1.06293690632286619 0.53503747621056352 1.00000000000000000 1.10446616727421887 1.18999998645924165 -0.00000000000671779 0.00000000000000000 0.00000000000000000 -0.00000000000000000 -0.00000000000000000 -0.00000000000000000 -0.00000000000000000 0.00000000000000000 0.00000000000000000 0.00000000000000000 0.00000000000000000 0.00000000000000000 0.00000000000000000 1.00000000000000000 
1.06727855027502327 0.52632353538274290 1.00000000000000000 1.11264739814291680 1.18999998646006078 -0.00000000000779568 0.00000000000000000 0.00000000000000000 -0.00000000000000000 -0.00000000000000000 -0.00000000000000000 -0.00000000000000000 0.00000000000000000 0.00000000000000000 0.00000000000000000 0.00000000000000000 0.00000000000000000 0.00000000000000000 1.00000000000000000 
ZONE I=5
1.06727855027502327 0.52632353538274290 1.00000000000000000 1.11264739814291680 1.18999998646006078 -0.00000000000779568 0.00000000000000000 0.00000000000000000 -0.00000000000000000 -0.00000000000000000 -0.00000000000000000 -0.00000000000000000 0.00000000000000000 0.00000000000000000 0.00000000000000000 0.00000000000000000 0.00000000000000000 0.00000000000000000 1.00000000000000000 
1.07154875896244017 0.51757436657861811 1.00000000000000000 1.12082862901161451 1.18999998645932914 -0.00000000000686546 0.00000000000000000 0.00000000000000000 -0.00000000000000000 -0.00000000000000000 -0.00000000000000000 -0.00000000000000000 0.00000000000000000 0.00000000000000000 0.00000000000000000 0.00000000000000000 0.00000000000000000 0.00000000000000000 1.00000000000000000 
1.07574724657146636 0.50879055540231766 1.00000000000000000 1.12900985988031244 1.18999998645911331 -0.00000000000660505 0.00000000000000000 0.00000000000000000 -0.00000000000000000 -0.00000000000000000 -0.00000000000000000 -0.00000000000000000 0.00000000000000000 0.00000000000000000 0.00000000000000000 0.00000000000000000 0.00000000000000000 0.00000000000000000 1.00000000000000000 
1.07987373208825566 0.49997268977333825 1.00000000000000000 1.13719109074901015 1.18999998645941352 -0.00000000000701445 0.00000000000000000 0.00000000000000000 -0.00000000000000000 -0.00000000000000000 -0.00000000000000000 -0.00000000000000000 0.00000000000000000 0.00000000000000000 0.00000000000000000 0.00000000000000000 0.00000000000000000 0.00000000000000000 1.00000000000000000 
1.08392793931821863 0.49112135989051370 1.00000000000000000 1.14537232161770830 1.18999998646022975 -0.00000000000809366 0.00000000000000000 0.00000000000000000 -0.00000000000000000 -0.00000000000000000 -0.00000000000000000 -0.00000000000000000 0.00000000000000000 0.00000000000000000 0.00000000000000000 0.00000000000000000 0.00000000000000000 0.00000000000000000 1.00000000000000000 
ZONE I=5
1.08392793931821863 0.49112135989051370 1.00000000000000000 1.14537232161770830 1.18999998646022975 -0.00000000000809366 0.00000000000000000 0.00000000000000000 -0.00000000000000000 -0.00000000000000000 -0.00000000000000000 -0.00000000000000000 0.00000000000000000 0.00000000000000000 0.00000000000000000 0.00000000000000000 0.00000000000000000 0.00000000000000000 1.00000000000000000 
1.08790959690371003 0.48223715818923568 1.00000000000000000 1.15355355248640623 1.18999998645950544 -0.00000000000716840 0.00000000000000000 0.00000000000000000 -0.00000000000000000 -0.00000000000000000 -0.00000000000000000 -0.00000000000000000 0.00000000000000000 0.00000000000000000 0.00000000000000000 0.00000000000000000 0.00000000000000000 0.00000000000000000 1.00000000000000000 
1.09181843834452796 0.47332067931164346 1.00000000000000000 1.16173478335510416 1.18999998645929383 -0.00000000000691179 0.00000000000000000 0.00000000000000000 -0.00000000000000000 -0.00000000000000000 -0.00000000000000000 -0.00000000000000000 0.00000000000000000 0.00000000000000000 0.00000000000000000 0.00000000000000000 0.00000000000000000 0.00000000000000000 1.00000000000000000 
1.09565420201347075 0.46437252005696966 1.00000000000000000 1.16991601422380187 1.18999998645959493 -0.00000000000732382 0.00000000000000000 0.00000000000000000 -0.00000000000000000 -0.00000000000000000 -0.00000000000000000 -0.00000000000000000 0.00000000000000000 0.00000000000000000 0.00000000000000000 0.00000000000000000 0.00000000000000000 0.00000000000000000 1.00000000000000000 
1.09941663117459121 0.45539327934488188 1.00000000000000000 1.17809724509250002 1.18999998646040872 -0.00000000000840449 0.00000000000000000 0.00000000000000000 -0.00000000000000000 -0.00000000000000000 -0.00000000000000000 -0.00000000000000000 0.00000000000000000 0.00000000000000000 0.00000000000000000 0.00000000000000000 0.00000000000000000 0.00000000000000000 1.00000000000000000 
ZONE I=5
1.09941663117459121 0.45539327934488188 1.00000000000000000 1.17809724509250002 1.18999998646040872 -0.00000000000840449 0.00000000000000000 0.00000000000000000 -0.00000000000000000 -0.00000000000000000 -0.00000000000000000 -0.00000000000000000 0.00000000000000000 0.00000000000000000 0.00000000000000000 0.00000000000000000 0.00000000000000000 0.00000000000000000 1.00000000000000000 
1.10310547399948633 0.44638355817215697 1.00000000000000000 1.18627847596119795 1.18999998645969196 -0.00000000000748427 0.00000000000000000 0.00000000000000000 -0.00000000000000000 -0.00000000000000000 -0.00000000000000000 -0.00000000000000000 0.00000000000000000 0.00000000000000000 0.00000000000000000 0.00000000000000000 0.00000000000000000 0.00000000000000000 1.00000000000000000 
1.10672048358677566 0.43734395958218830 1.00000000000000000 1.19445970682989588 1.18999998645948435 -0.00000000000723163 0.00000000000000000 0.00000000000000000 -0.00000000000000000 -0.00000000000000000 -0.00000000000000000 -0.00000000000000000 0.00000000000000000 0.00000000000000000 0.00000000000000000 0.00000000000000000 0.00000000000000000 0.00000000000000000 1.00000000000000000 
1.11026141797605971 0.42827508861487690 1.00000000000000000 1.20264093769859359 1.18999998645978633 -0.00000000000764656 0.00000000000000000 0.00000000000000000 -0.00000000000000000 -0.00000000000000000 -0.00000000000000000 -0.00000000000000000 0.00000000000000000 0.00000000000000000 0.00000000000000000 0.00000000000000000 0.00000000000000000 0.00000000000000000 1.00000000000000000 
1.11372804016495341 0.41917755226938591 1.00000000000000000 1.21082216856729175 1.18999998646059746 -0.00000000000872907 0.00000000000000000 0.00000000000000000 -0.00000000000000000 -0.00000000000000000 -0.00000000000000000 -0.00000000000000000 0.00000000000000000 0.00000000000000000 0.00000000000000000 0.00000000000000000 0.00000000000000000 0.00000000000000000 1.00000000000000000 
ZONE I=5
1.11372804016495341 0.41917755226938591 1.00000000000000000 1.21082216856729175 1.18999998646059746 -0.00000000000872907 0.00000000000000000 0.00000000000000000 -0.00000000000000000 -0.00000000000000000 -0.00000000000000000 -0.00000000000000000 0.00000000000000000 0.00000000000000000 0.00000000000000000 0.00000000000000000 0.00000000000000000 0.00000000000000000 1.00000000000000000 
1.11712011812396006 0.41005195946031425 1.00000000000000000 1.21900339943598968 1.18999998645988803 -0.00000000000781395 0.00000000000000000 0.00000000000000000 -0.00000000000000000 -0.00000000000000000 -0.00000000000000000 -0.00000000000000000 0.00000000000000000 0.00000000000000000 0.00000000000000000 0.00000000000000000 0.00000000000000000 0.00000000000000000 1.00000000000000000 
1.12043742481490893 0.40089892098655622 1.00000000000000000 1.22718463030468761 1.18999998645968463 -0.00000000000756533 0.00000000000000000 0.00000000000000000 -0.00000000000000000 -0.00000000000000000 -0.00000000000000000 -0.00000000000000000 0.00000000000000000 0.00000000000000000 0.00000000000000000 0.00000000000000000 0.00000000000000000 0.00000000000000000 1.00000000000000000 
1.12367973820330036 0.39171904948078917 1.00000000000000000 1.23536586117338532 1.18999998645998750 -0.00000000000798318 0.00000000000000000 0.00000000000000000 -0.00000000000000000 -0.00000000000000000 -0.00000000000000000 -0.00000000000000000 0.00000000000000000 0.00000000000000000 0.00000000000000000 0.00000000000000000 0.00000000000000000 0.00000000000000000 1.00000000000000000 
1.12684684127409862 0.38251295937168250 1.00000000000000000 1.24354709204208325 1.18999998646079641 -0.00000000000906753 0.00000000000000000 0.00000000000000000 -0.00000000000000000 -0.00000000000000000 -0.00000000000000000 -0.00000000000000000 0.00000000000000000 0.00000000000000000 0.00000000000000000 0.00000000000000000 0.00000000000000000 0.00000000000000000 1.00000000000000000 
ZONE I=5
1.12684684127409862 0.38251295937168250 1.00000000000000000 1.24354709204208325 1.18999998646079641 -0.00000000000906753 0.00000000000000000 0.00000000000000000 -0.00000000000000000 -0.00000000000000000 -0.00000000000000000 -0.00000000000000000 0.00000000000000000 0.00000000000000000 0.00000000000000000 0.00000000000000000 0.00000000000000000 0.00000000000000000 1.00000000000000000 
1.12993852204517609 0.37328126683961471 1.00000000000000000 1.25172832291078118 1.18999998646009431 -0.00000000000815764 0.00000000000000000 0.00000000000000000 -0.00000000000000000 -0.00000000000000000 -0.00000000000000000 -0.00000000000000000 0.00000000000000000 0.00000000000000000 0.00000000000000000 0.00000000000000000 0.00000000000000000 0.00000000000000000 1.00000000000000000 
1.13295457358469087 0.36402458978492319 1.00000000000000000 1.25990955377947911 1.18999998645989513 -0.00000000000791315 0.00000000000000000 0.00000000000000000 -0.00000000000000000 -0.00000000000000000 -0.00000000000000000 -0.00000000000000000 0.00000000000000000 0.00000000000000000 0.00000000000000000 0.00000000000000000 0.00000000000000000 0.00000000000000000 1.00000000000000000 
1.13589479402180249 0.35474354777703937 1.00000000000000000 1.26809078464817704 1.18999998646019911 -0.00000000000833406 0.00000000000000000 0.00000000000000000 -0.00000000000000000 -0.00000000000000000 -0.00000000000000000 -0.00000000000000000 0.00000000000000000 0.00000000000000000 0.00000000000000000 0.00000000000000000 0.00000000000000000 0.00000000000000000 1.00000000000000000 
1.13875898656120977 0.34543876201619295 1.00000000000000000 1.27627201551687497 1.18999998646100580 -0.00000000000942038 0.00000000000000000 0.00000000000000000 -0.00000000000000000 -0.00000000000000000 -0.00000000000000000 -0.00000000000000000 0.00000000000000000 0.00000000000000000 0.00000000000000000 0.00000000000000000 0.00000000000000000 0.00000000000000000 1.00000000000000000 
ZONE I=5
1.13875898656120977 0.34543876201619295 1.00000000000000000 1.27627201551687497 1.18999998646100580 -0.00000000000942038 0.00000000000000000 0.00000000000000000 -0.00000000000000000 -0.00000000000000000 -0.00000000000000000 -0.00000000000000000 0.00000000000000000 0.00000000000000000 0.00000000000000000 0.00000000000000000 0.00000000000000000 0.00000000000000000 1.00000000000000000 
1.14154695949515128 0.33611085528872026 1.00000000000000000 1.28445324638557290 1.18999998646031058 -0.00000000000851580 0.00000000000000000 0.00000000000000000 -0.00000000000000000 -0.00000000000000000 -0.00000000000000000 -0.00000000000000000 0.00000000000000000 0.00000000000000000 0.00000000000000000 0.00000000000000000 0.00000000000000000 0.00000000000000000 1.00000000000000000 
1.14425852621969959 0.32676045193473940 1.00000000000000000 1.29263447725427083 1.18999998646011518 -0.00000000000827544 0.00000000000000000 0.00000000000000000 -0.00000000000000000 -0.00000000000000000 -0.00000000000000000 -0.00000000000000000 0.00000000000000000 0.00000000000000000 0.00000000000000000 0.00000000000000000 0.00000000000000000 0.00000000000000000 1.00000000000000000 
1.14689350524384293 0.31738817779698519 1.00000000000000000 1.30081570812296876 1.18999998646041982 -0.00000000000869930 0.00000000000000000 0.00000000000000000 -0.00000000000000000 -0.00000000000000000 -0.00000000000000000 -0.00000000000000000 0.00000000000000000 0.00000000000000000 0.00000000000000000 0.00000000000000000 0.00000000000000000 0.00000000000000000 1.00000000000000000 
1.14945172020274855 0.30799466018205096 1.00000000000000000 1.30899693899166669 1.18999998646122451 -0.00000000000978738 0.00000000000000000 0.00000000000000000 -0.00000000000000000 -0.00000000000000000 -0.00000000000000000 -0.00000000000000000 0.00000000000000000 0.00000000000000000 0.00000000000000000 0.00000000000000000 0.00000000000000000 0.00000000000000000 1.00000000000000000 
ZONE I=5
1.14945172020274855 0.30799466018205096 1.00000000000000000 1.30899693899166669 1.18999998646122451 -0.00000000000978738 0.00000000000000000 0.00000000000000000 -0.00000000000000000 -0.00000000000000000 -0.00000000000000000 -0.00000000000000000 0.00000000000000000 0.00000000000000000 0.00000000000000000 0.00000000000000000 0.00000000000000000 0.00000000000000000 1.00000000000000000 
1.15193299986830522 0.29858052781533506 1.00000000000000000 1.31717816986036462 1.18999998646053640 -0.00000000000888800 0.00000000000000000 0.00000000000000000 -0.00000000000000000 -0.00000000000000000 -0.00000000000000000 -0.00000000000000000 0.00000000000000000 0.00000000000000000 0.00000000000000000 0.00000000000000000 0.00000000000000000 0.00000000000000000 1.00000000000000000 
1.15433717816432191 0.28914641080817755 1.00000000000000000 1.32535940072906255 1.18999998646034477 -0.00000000000865156 0.00000000000000000 0.00000000000000000 -0.00000000000000000 -0.00000000000000000 -0.00000000000000000 -0.00000000000000000 0.00000000000000000 0.00000000000000000 0.00000000000000000 0.00000000000000000 0.00000000000000000 0.00000000000000000 1.00000000000000000 
1.15666409417395899 0.27969294060644895 1.00000000000000000 1.33354063159776048 1.18999998646065008 -0.00000000000907806 0.00000000000000000 0.00000000000000000 -0.00000000000000000 -0.00000000000000000 -0.00000000000000000 -0.00000000000000000 0.00000000000000000 0.00000000000000000 0.00000000000000000 0.00000000000000000 0.00000000000000000 0.00000000000000000 1.00000000000000000 
1.15891359215170797 0.27022074995137024 1.00000000000000000 1.34172186246645841 1.18999998646145211 -0.00000000001016750 0.00000000000000000 0.00000000000000000 -0.00000000000000000 -0.00000000000000000 -0.00000000000000000 -0.00000000000000000 0.00000000000000000 0.00000000000000000 0.00000000000000000 0.00000000000000000 0.00000000000000000 0.00000000000000000 1.00000000000000000 
ZONE I=5
1.15891359215170797 0.27022074995137024 1.00000000000000000 1.34172186246645841 1.18999998646145211 -0.00000000001016750 0.00000000000000000 0.00000000000000000 -0.00000000000000000 -0.00000000000000000 -0.00000000000000000 -0.00000000000000000 0.00000000000000000 0.00000000000000000 0.00000000000000000 0.00000000000000000 0.00000000000000000 0.00000000000000000 1.00000000000000000 
1.16108552153246491 0.26073047283414663 1.00000000000000000 1.34990309333515612 1.18999998646077043 -0.00000000000927288 0.00000000000000000 0.00000000000000000 -0.00000000000000000 -0.00000000000000000 -0.00000000000000000 -0.00000000000000000 0.00000000000000000 0.00000000000000000 0.00000000000000000 0.00000000000000000 0.00000000000000000 0.00000000000000000 1.00000000000000000 
1.16317973694561250 0.25122274446260112 1.00000000000000000 1.35808432420385428 1.18999998646058214 -0.00000000000903963 0.00000000000000000 0.00000000000000000 -0.00000000000000000 -0.00000000000000000 -0.00000000000000000 -0.00000000000000000 0.00000000000000000 0.00000000000000000 0.00000000000000000 0.00000000000000000 0.00000000000000000 0.00000000000000000 1.00000000000000000 
1.16519609822079717 0.24169820120957250 1.00000000000000000 1.36626555507255198 1.18999998646088745 -0.00000000000946777 0.00000000000000000 0.00000000000000000 -0.00000000000000000 -0.00000000000000000 -0.00000000000000000 -0.00000000000000000 0.00000000000000000 0.00000000000000000 0.00000000000000000 0.00000000000000000 0.00000000000000000 0.00000000000000000 1.00000000000000000 
1.16713447039861107 0.23215748057335356 1.00000000000000000 1.37444678594125014 1.18999998646168614 -0.00000000001055729 0.00000000000000000 0.00000000000000000 -0.00000000000000000 -0.00000000000000000 -0.00000000000000000 -0.00000000000000000 0.00000000000000000 0.00000000000000000 0.00000000000000000 0.00000000000000000 0.00000000000000000 0.00000000000000000 1.00000000000000000 
ZONE I=5
1.16713447039861107 0.23215748057335356 1.00000000000000000 1.37444678594125014 1.18999998646168614 -0.00000000001055729 0.00000000000000000 0.00000000000000000 -0.00000000000000000 -0.00000000000000000 -0.00000000000000000 -0.00000000000000000 0.00000000000000000 0.00000000000000000 0.00000000000000000 0.00000000000000000 0.00000000000000000 0.00000000000000000 1.00000000000000000 
1.16899472373818614 0.22260122113206274 1.00000000000000000 1.38262801680994785 1.18999998646100980 -0.00000000000966629 0.00000000000000000 0.00000000000000000 -0.00000000000000000 -0.00000000000000000 -0.00000000000000000 -0.00000000000000000 0.00000000000000000 0.00000000000000000 0.00000000000000000 0.00000000000000000 0.00000000000000000 0.00000000000000000 1.00000000000000000 
1.17077673373014512 0.21303006250981013 1.00000000000000000 1.39080924767864578 1.18999998646082372 -0.00000000000943446 0.00000000000000000 0.00000000000000000 -0.00000000000000000 -0.00000000000000000 -0.00000000000000000 -0.00000000000000000 0.00000000000000000 0.00000000000000000 0.00000000000000000 0.00000000000000000 0.00000000000000000 0.00000000000000000 1.00000000000000000 
1.17248038110071873 0.20344464532495718 1.00000000000000000 1.39899047854734371 1.18999998646112770 -0.00000000000986179 0.00000000000000000 0.00000000000000000 -0.00000000000000000 -0.00000000000000000 -0.00000000000000000 -0.00000000000000000 0.00000000000000000 0.00000000000000000 0.00000000000000000 0.00000000000000000 0.00000000000000000 0.00000000000000000 1.00000000000000000 
1.17410555182111787 0.19384561115022134 1.00000000000000000 1.40717170941604164 1.18999998646192195 -0.00000000001094829 0.00000000000000000 0.00000000000000000 -0.00000000000000000 -0.00000000000000000 -0.00000000000000000 -0.00000000000000000 0.00000000000000000 0.00000000000000000 0.00000000000000000 0.00000000000000000 0.00000000000000000 0.00000000000000000 1.00000000000000000 
ZONE I=5
1.17410555182111787 0.19384561115022134 1.00000000000000000 1.40717170941604164 1.18999998646192195 -0.00000000001094829 0.00000000000000000 0.00000000000000000 -0.00000000000000000 -0.00000000000000000 -0.00000000000000000 -0.00000000000000000 0.00000000000000000 0.00000000000000000 0.00000000000000000 0.00000000000000000 0.00000000000000000 0.00000000000000000 1.00000000000000000 
1.17565213711364036 0.18423360246682755 1.00000000000000000 1.41535294028473957 1.18999998646124983 -0.00000000001005827 0.00000000000000000 0.00000000000000000 -0.00000000000000000 -0.00000000000000000 -0.00000000000000000 -0.00000000000000000 0.00000000000000000 0.00000000000000000 0.00000000000000000 0.00000000000000000 0.00000000000000000 0.00000000000000000 1.00000000000000000 
1.17712003346347571 0.17460926263024665 1.00000000000000000 1.42353417115343750 1.18999998646106397 -0.00000000000982343 0.00000000000000000 0.00000000000000000 -0.00000000000000000 -0.00000000000000000 -0.00000000000000000 -0.00000000000000000 0.00000000000000000 0.00000000000000000 0.00000000000000000 0.00000000000000000 0.00000000000000000 0.00000000000000000 1.00000000000000000 
1.17850914262116069 0.16497323581837281 1.00000000000000000 1.43171540202213565 1.18999998646136462 -0.00000000001024376 0.00000000000000000 0.00000000000000000 -0.00000000000000000 -0.00000000000000000 -0.00000000000000000 -0.00000000000000000 0.00000000000000000 0.00000000000000000 0.00000000000000000 0.00000000000000000 0.00000000000000000 0.00000000000000000 1.00000000000000000 
1.17981937161062977 0.15532616699133572 1.00000000000000000 1.43989663289083336 1.18999998646215199 -0.00000000001131926 0.00000000000000000 0.00000000000000000 -0.00000000000000000 -0.00000000000000000 -0.00000000000000000 -0.00000000000000000 0.00000000000000000 0.00000000000000000 0.00000000000000000 0.00000000000000000 0.00000000000000000 0.00000000000000000 1.00000000000000000 
ZONE I=5
1.17981937161062977 0.15532616699133572 1.00000000000000000 1.43989663289083336 1.18999998646215199 -0.00000000001131926 0.00000000000000000 0.00000000000000000 -0.00000000000000000 -0.00000000000000000 -0.00000000000000000 -0.00000000000000000 0.00000000000000000 0.00000000000000000 0.00000000000000000 0.00000000000000000 0.00000000000000000 0.00000000000000000 1.00000000000000000 
1.18105063273382904 0.14566870184548317 1.00000000000000000 1.44807786375953129 1.18999998646148164 -0.00000000001042217 0.00000000000000000 0.00000000000000000 -0.00000000000000000 -0.00000000000000000 -0.00000000000000000 -0.00000000000000000 0.00000000000000000 0.00000000000000000 0.00000000000000000 0.00000000000000000 0.00000000000000000 0.00000000000000000 1.00000000000000000 
1.18220284358136030 0.13600148677871954 1.00000000000000000 1.45625909462822922 1.18999998646129268 -0.00000000001017011 0.00000000000000000 0.00000000000000000 -0.00000000000000000 -0.00000000000000000 -0.00000000000000000 -0.00000000000000000 0.00000000000000000 0.00000000000000000 0.00000000000000000 0.00000000000000000 0.00000000000000000 0.00000000000000000 1.00000000000000000 
1.18327592703327400 0.12632516883867054 1.00000000000000000 1.46444032549692738 1.18999998646158511 -0.00000000001056307 0.00000000000000000 0.00000000000000000 -0.00000000000000000 -0.00000000000000000 -0.00000000000000000 -0.00000000000000000 0.00000000000000000 0.00000000000000000 0.00000000000000000 0.00000000000000000 0.00000000000000000 0.00000000000000000 1.00000000000000000 
1.18426981126578834 0.11664039568223784 1.00000000000000000 1.47262155636562508 1.18999998646235916 -0.00000000001160105 0.00000000000000000 0.00000000000000000 -0.00000000000000000 -0.00000000000000000 -0.00000000000000000 -0.00000000000000000 0.00000000000000000 0.00000000000000000 0.00000000000000000 0.00000000000000000 0.00000000000000000 0.00000000000000000 1.00000000000000000 
ZONE I=5
1.18426981126578834 0.11664039568223784 1.00000000000000000 1.47262155636562508 1.18999998646235916 -0.00000000001160105 0.00000000000000000 0.00000000000000000 -0.00000000000000000 -0.00000000000000000 -0.00000000000000000 -0.00000000000000000 0.00000000000000000 0.00000000000000000 0.00000000000000000 0.00000000000000000 0.00000000000000000 0.00000000000000000 1.00000000000000000 
1.18518442975441118 0.10694781552946736 1.00000000000000000 1.48080278723432324 1.18999998646168637 -0.00000000001066727 0.00000000000000000 0.00000000000000000 -0.00000000000000000 -0.00000000000000000 -0.00000000000000000 -0.00000000000000000 0.00000000000000000 0.00000000000000000 0.00000000000000000 0.00000000000000000 0.00000000000000000 0.00000000000000000 1.00000000000000000 
1.18601972128338295 0.09724807712849465 1.00000000000000000 1.48898401810302095 1.18999998646147165 -0.00000000001034225 0.00000000000000000 0.00000000000000000 -0.00000000000000000 -0.00000000000000000 -0.00000000000000000 -0.00000000000000000 0.00000000000000000 0.00000000000000000 0.00000000000000000 0.00000000000000000 0.00000000000000000 0.00000000000000000 1.00000000000000000 
1.18677562994484842 0.08754182970380203 1.00000000000000000 1.49716524897171888 1.18999998646171457 -0.00000000001062601 0.00000000000000000 0.00000000000000000 -0.00000000000000000 -0.00000000000000000 -0.00000000000000000 -0.00000000000000000 0.00000000000000000 0.00000000000000000 0.00000000000000000 0.00000000000000000 0.00000000000000000 0.00000000000000000 1.00000000000000000 
1.18745210514422017 0.07782972291553607 1.00000000000000000 1.50534647984041658 1.18999998646241556 -0.00000000001151854 0.00000000000000000 0.00000000000000000 -0.00000000000000000 -0.00000000000000000 -0.00000000000000000 -0.00000000000000000 0.00000000000000000 0.00000000000000000 0.00000000000000000 0.00000000000000000 0.00000000000000000 0.00000000000000000 1.00000000000000000 
ZONE I=5
1.18745210514422017 0.07782972291553607 1.00000000000000000 1.50534647984041658 1.18999998646241556 -0.00000000001151854 0.00000000000000000 0.00000000000000000 -0.00000000000000000 -0.00000000000000000 -0.00000000000000000 -0.00000000000000000 0.00000000000000000 0.00000000000000000 0.00000000000000000 0.00000000000000000 0.00000000000000000 0.00000000000000000 1.00000000000000000 
1.18804910160182287 0.06811240681330646 1.00000000000000000 1.51352771070911452 1.18999998646168037 -0.00000000001040855 0.00000000000000000 0.00000000000000000 -0.00000000000000000 -0.00000000000000000 -0.00000000000000000 -0.00000000000000000 0.00000000000000000 0.00000000000000000 0.00000000000000000 0.00000000000000000 0.00000000000000000 0.00000000000000000 1.00000000000000000 
1.18856657936083754 0.05839053180068417 1.00000000000000000 1.52170894157781245 1.18999998646112970 -0.00000000000975121 0.00000000000000000 0.00000000000000000 -0.00000000000000000 -0.00000000000000000 -0.00000000000000000 -0.00000000000000000 0.00000000000000000 0.00000000000000000 0.00000000000000000 0.00000000000000000 0.00000000000000000 0.00000000000000000 1.00000000000000000 
1.18900450378536848 0.04866474858380971 1.00000000000000000 1.52989017244651038 1.18999998646076288 -0.00000000000954653 0.00000000000000000 0.00000000000000000 -0.00000000000000000 -0.00000000000000000 -0.00000000000000000 -0.00000000000000000 0.00000000000000000 0.00000000000000000 0.00000000000000000 0.00000000000000000 0.00000000000000000 0.00000000000000000 1.00000000000000000 
1.18936284556419758 0.03893570813040804 1.00000000000000000 1.53807140331520831 1.18999998646058036 -0.00000000000979452 0.00000000000000000 0.00000000000000000 -0.00000000000000000 -0.00000000000000000 -0.00000000000000000 -0.00000000000000000 0.00000000000000000 0.00000000000000000 0.00000000000000000 0.00000000000000000 0.00000000000000000 0.00000000000000000 1.00000000000000000 
ZONE I=5
1.18936284556419758 0.03893570813040804 1.00000000000000000 1.53807140331520831 1.18999998646058036 -0.00000000000979452 0.00000000000000000 0.00000000000000000 -0.00000000000000000 -0.00000000000000000 -0.00000000000000000 -0.00000000000000000 0.00000000000000000 0.00000000000000000 0.00000000000000000 0.00000000000000000 0.00000000000000000 0.00000000000000000 1.00000000000000000 
1.18964158071109316 0.02920406162345420 1.00000000000000000 1.54625263418390624 1.18999998645886329 -0.00000000000777283 0.00000000000000000 0.00000000000000000 -0.00000000000000000 -0.00000000000000000 -0.00000000000000000 -0.00000000000000000 0.00000000000000000 0.00000000000000000 0.00000000000000000 0.00000000000000000 0.00000000000000000 0.00000000000000000 1.00000000000000000 
1.18984069056786423 0.01947046042511219 1.00000000000000000 1.55443386505260417 1.18999998645385618 -0.00000000000546651 0.00000000000000000 0.00000000000000000 -0.00000000000000000 -0.00000000000000000 -0.00000000000000000 -0.00000000000000000 0.00000000000000000 0.00000000000000000 0.00000000000000000 0.00000000000000000 0.00000000000000000 0.00000000000000000 1.00000000000000000 
1.18996016180764896 0.00973555602646630 1.00000000000000000 1.56261509592130210 1.18999998644555904 -0.00000000000287557 0.00000000000000000 0.00000000000000000 -0.00000000000000000 -0.00000000000000000 -0.00000000000000000 -0.00000000000000000 0.00000000000000000 0.00000000000000000 0.00000000000000000 0.00000000000000000 0.00000000000000000 0.00000000000000000 1.00000000000000000 
1.18999998643397165 0.00000000000582694 1.00000000000000000 1.57079632679000003 1.18999998643397165 0.00000000000000000 0.00000000000000000 0.00000000000000000 -0.00000000000000000 -0.00000000000000000 -0.00000000000000000 -0.00000000000000000 0.00000000000000000 0.00000000000000000 0.00000000000000000 0.00000000000000000 0.00000000000000000 0.00000000000000000 1.00000000000000000 
