ZONE I=2, J=2
0.00000000000000000 0.67636399342973230 2.19614485647054858 0.67636399342973230 0.00000000000000000 0.90000000000000002 0.00000000000000000 
0.00000000000000000 0.73000000047751934 1.13086613861618268 0.73000000047751934 0.00000000000000000 1.00000000000000000 0.00000000000000000 
0.04247161720023019 0.67636676663817930 2.19648364024277631 0.67739426376149814 0.02031877710901976 0.90000000000000002 0.03272492347479167 
0.04246508051356790 0.73000000047751934 1.13120492238841042 0.73099856782136541 0.01855741370219779 1.00000000000000000 0.03272492347479167 

ZONE I=2, J=2
0.04247161720023019 0.67636676663817930 2.19672394088717349 0.67739426376149814 0.02031877710901976 0.90000000000000002 0.03272492347479167 
0.04246508051356790 0.73000000047751934 1.13123325799035657 0.73099856782136541 0.01855741370219779 1.00000000000000000 0.03272492347479167 
0.08493556026301791 0.67637583971099891 2.19741372758837317 0.68048271854273223 0.04051661025609640 0.90000000000000002 0.06544984694958333 
0.08492240521447383 0.73000000047751923 1.13192304469155625 0.73399120548344676 0.03699629545706128 1.00000000000000000 0.06544984694958333 

ZONE I=2, J=2
0.08493556026301791 0.67637583971099891 2.19776422998328114 0.68048271854273223 0.04051661025609640 0.90000000000000002 0.06544984694958333 
0.08492240521447383 0.73000000047751923 1.13184287140911355 0.73399120548344676 0.03699629545706128 1.00000000000000000 0.06544984694958333 
0.12738391079217121 0.67639098920994467 2.19907459828926521 0.68561978838026161 0.06047261193731079 0.90000000000000002 0.09817477042437500 
0.12736420348901184 0.73000000055128644 1.13315323971509718 0.73896872602566388 0.05519839754264570 1.00000000000000000 0.09817477042437500 

ZONE I=2, J=2
0.12738391079217121 0.67639098920994467 2.19950016455040132 0.68561978838026161 0.06047261193731079 0.90000000000000002 0.09817477042437500 
0.12736420348901184 0.73000000055128644 1.13293245263423370 0.73896872602566388 0.05519839754264570 1.00000000000000000 0.09817477042437500 
0.16980893059900137 0.67641218220711852 2.20140093636865952 0.69278989533590718 0.08006668514329367 0.90000000000000002 0.13089969389916667 
0.16978267675199610 0.73000000083025718 1.13483322445249235 0.74591583592737198 0.07304604198735364 1.00000000000000000 0.13089969389916667 

ZONE I=2, J=2
0.16980893059900137 0.67641218220711852 2.20192060458731298 0.69278989533590718 0.08006668514329367 0.90000000000000002 0.13089969389916667 
0.16978267675199610 0.73000000083025718 1.13449053908144659 0.74591583592737198 0.07304604198735364 1.00000000000000000 0.13089969389916667 
0.21220283496259701 0.67643941093981075 2.20440021994245239 0.70197131562004311 0.09917959409791519 0.90000000000000002 0.16362461737395834 
0.21217004210320300 0.73000000076354077 1.13697015443658600 0.75481117262380903 0.09042246160725115 1.00000000000000000 0.16362461737395834 

ZONE I=2, J=2
0.21220283496259701 0.67643941093981075 2.20502252571525403 0.70197131562004311 0.09917959409791519 0.90000000000000002 0.16362461737395834 
0.21217004210320300 0.73000000076354077 1.13651317184881950 0.75481117262380903 0.09042246160725115 1.00000000000000000 0.16362461737395834 
0.25455782992311871 0.67647266365184966 2.20807555434124936 0.71313620011625556 0.11769330281347297 0.90000000000000002 0.19634954084875000 
0.25451851012962512 0.73000000054301473 1.13956620047481527 0.76562735332712717 0.10721207314805486 1.00000000000000000 0.19634954084875000 

ZONE I=2, J=2
0.25455782992311871 0.67647266365184966 2.20880509784690870 0.71313620011625556 0.11769330281347297 0.90000000000000002 0.19634954084875000 
0.25451851012962512 0.73000000054301473 1.13899858614119132 0.76562735332712717 0.10721207314805486 1.00000000000000000 0.19634954084875000 
0.29686611205308494 0.67651192547455141 2.21242862441854848 0.72625063777271004 0.13549127252163390 0.90000000000000002 0.22907446432354167 
0.29682027990807608 0.73000000147168487 1.14262211271283154 0.77833103625994804 0.12330076523640843 1.00000000000000000 0.22907446432354167 

ZONE I=2, J=2
0.29686611205308494 0.67651192547455141 2.21326842292365988 0.72625063777271004 0.13549127252163390 0.90000000000000002 0.22907446432354167 
0.29682027990807608 0.73000000147168487 1.14194567824771775 0.77833103625994804 0.12330076523640843 1.00000000000000000 0.22907446432354167 
0.33911986763975316 0.67655717833264217 2.21746074814525773 0.74127473183044768 0.15245875550826271 0.90000000000000002 0.26179938779833334 
0.33906753657349281 0.73000000183114666 1.14613800346931560 0.79288299100087412 0.13857618703442121 1.00000000000000000 0.26179938779833334 

ZONE I=2, J=2
0.33911986763975316 0.67655717833264217 2.21841326353906210 0.74127473183044768 0.15245875550826271 0.90000000000000002 0.26179938779833334 
0.33906753657349281 0.73000000183114666 1.14535336560353596 0.79288299100087412 0.13857618703442121 1.00000000000000000 0.26179938779833334 
0.38131127049702396 0.67660840222344165 2.22317339070824227 0.75816269067249653 0.16848308354150410 0.90000000000000002 0.29452431127312501 
0.38125245272132596 0.73000000384289421 1.15011349277271657 0.80923819395247487 0.15292803459532586 1.00000000000000000 0.29452431127312501 

ZONE I=2, J=2
0.38131127049702396 0.67660840222344165 2.22424085847031971 0.75816269067249653 0.16848308354150410 0.90000000000000002 0.29452431127312501 
0.38125245272132596 0.73000000384289421 1.14922059660745424 0.80923819395247487 0.15292803459532586 1.00000000000000000 0.29452431127312501 
0.42343248436587522 0.67666557733047683 2.22956816547302150 0.77686293413279806 0.18345395588764138 0.90000000000000002 0.32724923474791667 
0.42336718483103702 0.73000000306970103 1.15454790361015602 0.82734591895704324 0.16624833249884521 1.00000000000000000 0.32724923474791667 

ZONE I=2, J=2
0.42343248436587522 0.67666557733047683 2.23075288638529878 0.77686293413279806 0.18345395588764138 0.90000000000000002 0.32724923474791667 
0.42336718483103702 0.73000000306970103 1.15354606291458173 0.82734591895704324 0.16624833249884521 1.00000000000000000 0.32724923474791667 
0.46547566265987583 0.67672869280325387 2.23664704703231143 0.79731821887919063 0.19726371697594627 0.90000000000000002 0.35997415822270834 
0.46540388482962569 0.73000000254343811 1.15944022356159393 0.84714986964703021 0.17843171827045451 1.00000000000000000 0.35997415822270834 

ZONE I=2, J=2
0.46547566265987583 0.67672869280325387 2.23795041248511106 0.79731821887919063 0.19726371697594627 0.90000000000000002 0.35997415822270834 
0.46540388482962569 0.73000000254343811 1.15832921861410676 0.84714986964703021 0.17843171827045451 1.00000000000000000 0.35997415822270834 
0.50743294466615663 0.67679776877511966 2.24441114124341778 0.81946578718035212 0.20980761852810040 0.90000000000000002 0.39269908169750001 
0.50735474005406234 0.73000000381268737 1.16478994737241348 0.86858831560605776 0.18937575297402801 1.00000000000000000 0.39269908169750001 

ZONE I=2, J=2
0.50743294466615663 0.67679776877511966 2.24582910456121354 0.81946578718035212 0.20980761852810040 0.90000000000000002 0.39269908169750001 
0.50735474005406234 0.73000000381268737 1.16357425641448553 0.86858831560605776 0.18937575297402801 1.00000000000000000 0.39269908169750001 
0.54929642181186877 0.67687291821266804 2.25285576424994716 0.84323754999661427 0.22098402815760934 0.90000000000000002 0.42542400517229167 
0.54921212226033567 0.73000000279132993 1.17060091610321915 0.89159429844534710 0.19898132146709854 1.00000000000000000 0.42542400517229167 

ZONE I=2, J=2
0.54929642181186877 0.67687291821266804 2.25436021762178873 0.84323754999661427 0.22098402815760934 0.90000000000000002 0.42542400517229167 
0.54921212226033567 0.73000000279132993 1.16930626743482846 0.89159429844534710 0.19898132146709854 1.00000000000000000 0.42542400517229167 
0.59105796670818878 0.67695450332830764 2.26195099935927812 0.86856029523150002 0.23069445839261840 0.90000000000000002 0.45814892864708334 
0.59096906089543633 0.73000000209538407 1.17689704917231830 0.91609603510125515 0.20715329702096097 1.00000000000000000 0.45814892864708334 

ZONE I=2, J=2
0.59105796670818878 0.67695450332830764 2.26342646135144321 0.86856029523150002 0.23069445839261840 0.90000000000000002 0.45814892864708334 
0.59096906089543633 0.73000000209538407 1.17562668075190424 0.91609603510125515 0.20715329702096097 1.00000000000000000 0.45814892864708334 
0.63270859344375519 0.67704346733166820 2.27157642556640127 0.89535579703872648 0.23884308150584865 0.90000000000000002 0.49087385212187501 
0.63262056717125847 0.73000000345029692 1.18377664496686275 0.94201779703040533 0.21380191094445419 1.00000000000000000 0.49087385212187501 

ZONE I=2, J=2
0.63270859344375519 0.67704346733166820 2.27262941607110491 0.89535579703872648 0.23884308150584865 0.90000000000000002 0.49087385212187501 
0.63262056717125847 0.73000000345029692 1.18287998849260489 0.94201779703040533 0.21380191094445419 1.00000000000000000 0.49087385212187501 
0.67423634966725454 0.67714187326585029 2.28132757653683615 0.92354023904763605 0.24533487033531237 0.90000000000000002 0.52359877559666668 
0.67416702547193452 0.73000000462615144 1.19157814895833614 0.96928206150461504 0.21884576814099233 1.00000000000000000 0.52359877559666668 

ZONE I=2, J=2
0.67423634966725454 0.67714187326585029 2.28076134448425716 0.92354023904763605 0.24533487033531237 0.90000000000000002 0.52359877559666668 
0.67416702547193452 0.73000000462615144 1.19211420717469752 0.96928206150461504 0.21884576814099233 1.00000000000000000 0.52359877559666668 
0.71562007483246126 0.67725311786596576 2.28999172783737492 0.95302077993605505 0.25007053039585153 0.90000000000000002 0.55632369907145840 
0.71562182899205462 0.73000000241025376 1.20134459052781528 0.99781447567512949 0.22221808608227736 1.00000000000000000 0.55632369907145840 

ZONE I=2, J=2
0.71562007483246126 0.67725311786596576 2.28450421043560059 0.95302077993605505 0.25007053039585153 0.90000000000000002 0.55632369907145840 
0.71562182899205462 0.73000000241025376 1.20622768897273036 0.99781447567512949 0.22221808608227736 1.00000000000000000 0.55632369907145840 
0.75681282310953746 0.67737866149957560 2.29428136620263423 0.98368244954579342 0.25293544380646260 0.90000000000000002 0.58904862254625001 
0.75702536956532840 0.73000000334837190 1.21600484473976445 1.02755358073567638 0.22387731857299609 1.00000000000000000 0.58904862254625001 

ZONE I=2, J=2
0.75681282310953746 0.67737866149957560 2.27568790202387428 0.98368244954579342 0.25293544380646260 0.90000000000000002 0.58904862254625001 
0.75702536956532840 0.73000000334837190 1.23244604090859600 1.02755358073567638 0.22387731857299609 1.00000000000000000 0.58904862254625001 
0.79770382178642163 0.67749864521580194 2.28625146458201334 1.01534721247528226 0.25378305633076492 0.90000000000000002 0.62177354602104162 
0.79845994143142951 0.73000000550117550 1.24300960346673506 1.05846319194923688 0.22381679425599671 1.00000000000000000 0.62177354602104162 

ZONE I=2, J=2
0.79770382178642163 0.67749864521580194 2.23713338102865533 1.01534721247528226 0.25378305633076492 0.90000000000000002 0.62177354602104162 
0.79845994143142951 0.73000000550117550 1.28637053949307556 1.05846319194923688 0.22381679425599671 1.00000000000000000 0.62177354602104162 
0.83805451449088619 0.67749523077594875 2.24963574962713730 1.04766836819564668 0.25244038358587195 0.90000000000000002 0.65449846949583335 
0.84002086422471434 0.73000000431281409 1.29887290809155753 1.09052024353631172 0.22203751274739134 1.00000000000000000 0.65449846949583335 

ZONE I=2, J=2
0.83805451449088619 0.67749523077594875 2.14278149314258659 1.04766836819564668 0.25244038358587195 0.90000000000000002 0.65449846949583335 
0.84002086422471434 0.73000000431281409 1.39317774970193908 1.09052024353631172 0.22203751274739134 1.00000000000000000 0.65449846949583335 
0.87751055949263013 0.67692348714664841 2.16088331662108679 1.07995573741539008 0.24888912128783083 0.90000000000000002 0.68722339297062507 
0.88155463084847696 0.73000000415079513 1.41127957318043973 1.12354997159657377 0.21834384478591043 1.00000000000000000 0.68722339297062507 

ZONE I=2, J=2
0.87751055949263013 0.67692348714664841 2.00905407141182879 1.07995573741539008 0.24888912128783083 0.90000000000000002 0.68722339297062507 
0.88155463084847696 0.73000000415079513 1.54975312816228139 1.12354997159657377 0.21834384478591043 1.00000000000000000 0.68722339297062507 
0.91608551812843775 0.67478191550182176 2.02622562358147951 1.11134505809240181 0.24383492749512362 0.90000000000000002 0.71994831644541668 
0.92228649103626148 0.72830461995578910 1.56692468033193211 1.15567414344121788 0.21320709457786244 1.00000000000000000 0.71994831644541668 

ZONE I=2, J=2
0.91608551812843775 0.67478191550182176 1.93724174370840752 1.11134505809240181 0.24383492749512362 0.90000000000000002 0.71994831644541668 
0.92228649103626148 0.72830461995578910 1.64364639003381141 1.15567414344121788 0.21320709457786244 1.00000000000000000 0.71994831644541668 
0.95363296311741075 0.67019878151860079 1.94947815831919291 1.14105016473805754 0.23787971045123199 0.90000000000000002 0.75267323992020829 
0.96278915903672357 0.72313690338005010 1.65588280464459681 1.18594690300715389 0.20837439630739096 1.00000000000000000 0.75267323992020829 

ZONE I=2, J=2
0.95363296311741075 0.67019878151860079 1.91392511639882423 1.14105016473805754 0.23787971045123199 0.90000000000000002 0.75267323992020829 
0.96278915903672357 0.72313690338005010 1.68759133288015617 1.18594690300715389 0.20837439630739096 1.00000000000000000 0.75267323992020829 
0.99039288295340899 0.66298964163597796 1.92633527381204450 1.16911799503192237 0.23150905212087361 0.90000000000000002 0.78539816339500002 
1.00291424712968347 0.71508389527170035 1.70000149029337644 1.21480813655741215 0.20352679363306411 1.00000000000000000 0.78539816339500002 

ZONE I=2, J=2
0.99039288295340899 0.66298964163597796 1.91211138617176690 1.16911799503192237 0.23150905212087361 0.90000000000000002 0.78539816339500002 
1.00291424712968347 0.71508389527170035 1.71269477137967474 1.21480813655741215 0.20352679363306411 1.00000000000000000 0.78539816339500002 
1.02637967876677072 0.65323003029840632 1.92434540059385473 1.19566067264059561 0.22485611703859576 0.90000000000000002 0.81812308686979174 
1.04231629180617591 0.70423809951816618 1.72492878580176257 1.24216095739829013 0.19852130589158207 1.00000000000000000 0.81812308686979174 

ZONE I=2, J=2
1.02637967876677072 0.65323003029840632 1.91969994210670003 1.19566067264059561 0.22485611703859576 0.90000000000000002 0.81812308686979174 
1.04231629180617591 0.70423809951816618 1.72906861012845536 1.24216095739829013 0.19852130589158207 1.00000000000000000 0.81812308686979174 
1.06151170207260015 0.64103824335614912 1.93162562884386957 1.22075263679834367 0.21794522897300880 0.90000000000000002 0.85084801034458335 
1.08076254299441255 0.69074762915964616 1.74099429686562490 1.26800186083160349 0.19326469531968898 1.00000000000000000 0.85084801034458335 

ZONE I=2, J=2
1.06151170207260015 0.64103824335614912 1.93123769206109008 1.22075263679834367 0.21794522897300880 0.90000000000000002 0.85084801034458335 
1.08076254299441255 0.69074762915964616 1.74133087434632561 1.26800186083160349 0.19326469531968898 1.00000000000000000 0.85084801034458335 
1.09568502399707568 0.62654563936890162 1.94277538708329134 1.24445232297980879 0.21076889204485463 0.90000000000000002 0.88357293381937496 
1.11808816427356605 0.67477571799261649 1.75286856936852686 1.29236702257532055 0.18769893883793001 1.00000000000000000 0.88357293381937496 

ZONE I=2, J=2
1.09568502399707568 0.62654563936890162 1.94423936688034438 1.24445232297980879 0.21076889204485463 0.90000000000000002 0.88357293381937496 
1.11808816427356605 0.67477571799261649 1.75155144145146169 1.29236702257532055 0.18769893883793001 1.00000000000000000 0.88357293381937496 
1.12879622314093742 0.60988693269328043 1.95533015275721933 1.26680989481651918 0.20331176661035244 0.90000000000000002 0.91629785729416668 
1.15416864046924283 0.65648463218769837 1.76264222732833664 1.31530606898799585 0.18178907509689213 1.00000000000000000 0.91629785729416668 

ZONE I=2, J=2
1.12879622314093742 0.60988693269328043 1.95755579580432237 1.26680989481651918 0.20331176661035244 0.90000000000000002 0.91629785729416668 
1.15416864046924283 0.65648463218769837 1.76064579545430333 1.31530606898799585 0.18178907509689213 1.00000000000000000 0.91629785729416668 
1.16074984355783273 0.59119542474127085 1.96815570545128327 1.28786981137771939 0.19555965457236424 0.90000000000000002 0.94902278076895841 
1.18890465332139672 0.63603011940633847 1.77124570510126422 1.33687056483767908 0.17551547040616347 1.00000000000000000 0.94902278076895841 

ZONE I=2, J=2
1.16074984355783273 0.59119542474127085 1.97064660178815365 1.28786981137771939 0.19555965457236424 0.90000000000000002 0.94902278076895841 
1.18890465332139672 0.63603011940633847 1.76901356007955335 1.33687056483767908 0.17551547040616347 1.00000000000000000 0.94902278076895841 
1.19146022750654623 0.57060079051457413 1.98072410970282742 1.30767178758554770 0.18750261816472324 0.90000000000000002 0.98174770424375002 
1.22221382077622454 0.61355999346743006 1.77909106799422712 1.35710932025330866 0.16886912731986234 1.00000000000000000 0.98174770424375002 

ZONE I=2, J=2
1.19146022750654623 0.57060079051457413 1.98325285012636754 1.30767178758554770 0.18750261816472324 0.90000000000000002 0.98174770424375002 
1.22221382077622454 0.61355999346743006 1.77682632228173332 1.35710932025330866 0.16886912731986234 1.00000000000000000 0.98174770424375002 
1.22085127211703837 0.54822823926274966 1.99278652302643500 1.32625127157403733 0.17913569047840386 0.90000000000000002 1.01447262771854163 
1.25402597843924979 0.58921427015753580 1.78635999518180077 1.37606670979571688 0.16184875949412070 1.00000000000000000 1.01447262771854163 

ZONE I=2, J=2
1.22085127211703837 0.54822823926274966 1.99524822820321601 1.32625127157403733 0.17913569047840386 0.90000000000000002 1.01447262771854163 
1.25402597843924979 0.58921427015753580 1.78415623014463964 1.37606670979571688 0.16184875949412070 1.00000000000000000 1.01447262771854163 
1.24885551514975157 0.52419838103496375 2.00422451039096128 1.34363979229291219 0.17045864298030844 0.90000000000000002 1.04719755119333335 
1.28428030683995820 0.56312583538748484 1.79313251233238491 1.39378228899671575 0.15445887445163303 1.00000000000000000 1.04719755119333335 

ZONE I=2, J=2
1.24885551514975157 0.52419838103496375 2.00657057428579844 1.34363979229291219 0.17045864298030844 0.90000000000000002 1.04719755119333335 
1.28428030683995820 0.56312583538748484 1.79103301600501541 1.39378228899671575 0.15445887445163303 1.00000000000000000 1.04719755119333335 
1.27541310038809508 0.49862743471022403 2.01498187714036714 1.35986527967449855 0.16147543597423675 0.90000000000000002 1.07992247466812508 
1.31292346229615409 0.53542124997602725 1.79944431885958411 1.41029094992634607 0.14670845009561070 1.00000000000000000 1.07992247466812508 

ZONE I=2, J=2
1.27541310038809508 0.49862743471022403 2.01718984705289461 1.35986527967449855 0.16147543597423675 0.90000000000000002 1.07992247466812508 
1.31292346229615409 0.53542124997602725 1.79746901410184923 1.41029094992634607 0.14670845009561070 1.00000000000000000 1.07992247466812508 
1.30047082222537957 0.47162758541378635 2.02503299165841888 1.37495237863583131 0.15219361112235483 0.90000000000000002 1.11264739814291680 
1.33990828746973523 0.50622154211582249 1.80531215870737305 1.42562328200792043 0.13860997918319584 1.00000000000000000 1.11264739814291680 

ZONE I=2, J=2
1.30047082222537957 0.47162758541378635 2.02709277282575773 1.37495237863583131 0.15219361112235483 0.90000000000000002 1.11264739814291680 
1.33990828746973523 0.50622154211582249 1.80346993568140546 1.42562328200792043 0.13860997918319584 1.00000000000000000 1.11264739814291680 
1.32398130703450989 0.44330739295578059 2.03436775918049406 1.38892275488619199 0.14262372518417513 0.90000000000000002 1.14537232161770830 
1.36519288029840613 0.47564293591157963 1.81074492203614135 1.43980599203080839 0.13017875484204344 1.00000000000000000 1.14537232161770830 

ZONE I=2, J=2
1.32398130703450989 0.44330739295578059 2.03627522270634165 1.38892275488619199 0.14262372518417513 0.90000000000000002 1.14537232161770830 
1.36519288029840613 0.47564293591157963 1.80903935175796571 1.43980599203080839 0.13017875484204344 1.00000000000000000 1.14537232161770830 
1.34590233436608964 0.41377220258409519 2.04298427293336227 1.40179538618164967 0.13277885585899063 0.90000000000000002 1.17809724509250002 
1.38873989941449905 0.44379750244670152 1.81574840198498633 1.45286232056175080 0.12143232228549025 1.00000000000000000 1.17809724509250002 

ZONE I=2, J=2
1.34590233436608964 0.41377220258409519 2.04473824043764818 1.40179538618164967 0.13277885585899063 0.90000000000000002 1.17809724509250002 
1.38873989941449905 0.44379750244670152 1.81418043108143823 1.45286232056175080 0.12143232228549025 1.00000000000000000 1.17809724509250002 
1.36619628249477065 0.38312453522072992 2.05088506148199734 1.41358683379152095 0.12267418278470260 0.90000000000000002 1.21082216856729175 
1.41051603444649665 0.41079373441026834 1.82032725212578694 1.46481242905605180 0.11239005002363064 1.00000000000000000 1.21082216856729175 

ZONE I=2, J=2
1.36619628249477065 0.38312453522072992 2.05248584347667817 1.41358683379152095 0.12267418278470260 0.90000000000000002 1.21082216856729175 
1.41051603444649665 0.41079373441026834 1.81889650859946173 1.46481242905605180 0.11239005002363064 1.00000000000000000 1.21082216856729175 
1.38482967861659612 0.35146444768300217 2.05807506162746945 1.42431149103693877 0.11232663647859821 0.90000000000000002 1.24354709204208325 
1.43049159621509503 0.37673705057454038 1.82448572675025344 1.47567374854179123 0.10307278972761315 1.00000000000000000 1.24354709204208325 

ZONE I=2, J=2
1.38482967861659612 0.35146444768300217 2.05952372070042733 1.42431149103693877 0.11232663647859821 0.90000000000000002 1.24354709204208325 
1.43049159621509503 0.37673705057454038 1.82319117779271789 1.47567374854179123 0.10307278972761315 1.00000000000000000 1.24354709204208325 
1.40177283505336114 0.31888986018242743 2.06456044910201930 1.43398180753862525 0.10175460514867347 0.90000000000000002 1.27627201551687497 
1.44864019677853229 0.34173023797366520 1.82822790619430986 1.48546128809832578 0.09350260332924024 1.00000000000000000 1.27627201551687497 

ZONE I=2, J=2
1.40177283505336114 0.31888986018242743 2.06585840853162717 1.43398180753862525 0.10175460514867347 0.90000000000000002 1.27627201551687497 
1.44864019677853229 0.34173023797366520 1.82706820720732299 1.48546128809832578 0.09350260332924024 1.00000000000000000 1.27627201551687497 
1.41699955548035117 0.28549685179097994 2.07034791707425159 1.44260848903854688 0.09097768939687743 0.90000000000000002 1.30899693899166669 
1.46493849824869371 0.30587383973651266 1.83155771574994741 1.49418790450564032 0.08370254186904362 1.00000000000000000 1.30899693899166669 

ZONE I=2, J=2
1.41699955548035117 0.28549685179097994 2.07149673946125557 1.44260848903854688 0.09097768939687743 0.90000000000000002 1.30899693899166669 
1.46493849824869371 0.30587383973651266 1.83053140740459308 1.49418790450564032 0.08370254186904362 1.00000000000000000 1.30899693899166669 
1.43048689805076301 0.25137992620069566 2.07544420332145130 1.45020067341265602 0.08001649595577248 0.90000000000000002 1.34172186246645841 
1.47936601504762422 0.26926649607410186 1.83447887126478926 1.50186453566868527 0.07369646454610992 1.00000000000000000 1.34172186246645841 

ZONE I=2, J=2
1.43048689805076301 0.25137992620069566 2.07644545681880066 1.45020067341265602 0.08001649595577248 0.90000000000000002 1.34172186246645841 
1.47936601504762422 0.26926649607410186 1.83358449829809511 1.50186453566868527 0.07369646454610992 1.00000000000000000 1.34172186246645841 
1.44221498485870869 0.21663225082619331 2.07985576540981265 1.45676608389885476 0.06889246294786147 0.90000000000000002 1.37444678594125014 
1.49190495817981938 0.23200524528675470 1.83699480688910755 1.50850040075551561 0.06350888916163239 1.00000000000000000 1.37444678594125014 

ZONE I=2, J=2
1.44221498485870869 0.21663225082619331 2.08071093785463113 1.45676608389885476 0.06889246294786147 0.90000000000000002 1.37444678594125014 
1.49190495817981938 0.23200524528675470 1.83623099414245772 1.50850040075551561 0.06350888916163239 1.00000000000000000 1.37444678594125014 
1.45216684934481743 0.18134587255336773 2.08358855023646772 1.46231116073825396 0.05762771042247249 0.90000000000000002 1.40717170941604164 
1.50254011287705413 0.19418579099463262 1.83910860652429431 1.51410316991054694 0.05316486711762605 1.00000000000000000 1.40717170941604164 

ZONE I=2, J=2
1.45216684934481743 0.18134587255336773 2.08429899135921692 1.46231116073825396 0.05762771042247249 0.90000000000000002 1.40717170941604164 
1.50254011287705413 0.19418579099463262 1.83847410995971061 1.51410316991054694 0.05316486711762605 1.00000000000000000 1.40717170941604164 
1.46032831502111815 0.14561191345483313 2.08664782748206568 1.46684117245129020 0.04624491100781222 0.90000000000000002 1.43989663289083336 
1.51125874302614616 0.15590274117488423 1.84082294608255936 1.51867910614155077 0.04268987758135086 1.00000000000000000 1.43989663289083336 

ZONE I=2, J=2
1.46032831502111815 0.14561191345483313 2.08721470879468374 1.46684117245129020 0.04624491100781222 0.90000000000000002 1.43989663289083336 
1.51125874302614616 0.15590274117488423 1.84031668808122584 1.51867910614155077 0.04268987758135086 1.00000000000000000 1.43989663289083336 
1.46668790033429741 0.10952074969869845 2.08903806852506424 1.47036030789966254 0.03476717639965181 0.90000000000000002 1.47262155636562508 
1.51805051734989060 0.11724982403772019 1.84214004781160590 1.52223318163961197 0.03210973650609233 1.00000000000000000 1.47262155636562508 

ZONE I=2, J=2
1.46668790033429741 0.10952074969869845 2.08946235510643419 1.47036030789966254 0.03476717639965181 0.90000000000000002 1.47262155636562508 
1.51805051734989060 0.11724982403772019 1.84176114192847340 1.52223318163961197 0.03210973650609233 1.00000000000000000 1.47262155636562508 
1.47123674566408713 0.07316217673962938 2.09076285899164915 1.47287175015738470 0.02321795610851614 0.90000000000000002 1.50534647984041658 
1.52290745352508905 0.07832008530304331 1.84306164581368837 1.52476917042687909 0.02145051700715436 1.00000000000000000 1.50534647984041658 

ZONE I=2, J=2
1.47123674566408713 0.07316217673962938 2.09104528976831627 1.47287175015738470 0.02321795610851614 0.90000000000000002 1.50534647984041658 
1.52290745352508905 0.07832008530304331 1.84280941403896326 1.52476917042687909 0.02145051700715436 1.00000000000000000 1.50534647984041658 
1.47396855942719562 0.03662556373671350 2.09182483706181443 1.47437773305427511 0.01162094542845788 0.90000000000000002 1.53807140331520831 
1.52582387738729830 0.03920607105097723 1.84358896133246186 1.52628971886026643 0.01073847819346256 1.00000000000000000 1.53807140331520831 

ZONE I=2, J=2
1.47396855942719562 0.03662556373671350 2.09196591167998669 1.47437773305427511 0.01162094542845788 0.90000000000000002 1.53807140331520831 
1.52582387738729830 0.03920607105097723 1.84346294569669422 1.52628971886026643 0.01073847819346256 1.00000000000000000 1.53807140331520831 
1.47487958109773154 0.00000000000722188 2.09222565210277800 1.47487958109773154 0.00000000000000000 0.90000000000000002 1.57079632679000003 
1.52679639513724097 0.00000000000747609 1.84372268611948553 1.52679639513724097 0.00000000000000000 1.00000000000000000 1.57079632679000003 

