ZONE I=2, J=2
0.00000000000000000 0.65771067544612583 2.33612562149731318 0.65771067544612583 0.00000000000000000 0.90000000000000002 0.00000000000000000 
0.00000000000000000 0.71000000079586578 1.22130261836892440 0.71000000079586578 0.00000000000000000 1.00000000000000000 0.00000000000000000 
0.04301463826560573 0.65771323381942259 2.33646258486560221 0.65876848542903454 0.02147183391933002 0.90000000000000002 0.03272492347479167 
0.04300862749955400 0.71000000079586567 1.22163958173721299 0.71102706074886601 0.01975505131233789 1.00000000000000000 0.03272492347479167 

ZONE I=2, J=2
0.04301463826560573 0.65771323381942259 2.33670870263943797 0.65876848542903454 0.02147183391933002 0.90000000000000002 0.03272492347479167 
0.04300862749955400 0.71000000079586567 1.22167288386752171 0.71102706074886601 0.01975505131233789 1.00000000000000000 0.03272492347479167 
0.08602132293313239 0.65772162278533786 2.33738660184265790 0.66193945400365894 0.04282009238526188 0.90000000000000002 0.06544984694958333 
0.08600921468483697 0.71000000079586578 1.22235078307074119 0.71410510807657779 0.03938884054870131 1.00000000000000000 0.06544984694958333 

ZONE I=2, J=2
0.08602132293313239 0.65772162278533786 2.33774208069005640 0.66193945400365894 0.04282009238526188 0.90000000000000002 0.06544984694958333 
0.08600921468483697 0.71000000079586578 1.22227505138156278 0.71410510807657779 0.03938884054870131 1.00000000000000000 0.06544984694958333 
0.12901184062759852 0.65773563373951682 2.33903843484045870 0.66721382857257583 0.06392124744065916 0.90000000000000002 0.09817477042437500 
0.12899370273715638 0.71000000079586578 1.22357140553196464 0.71922475059209279 0.05878039308913517 1.00000000000000000 0.09817477042437500 

ZONE I=2, J=2
0.12901184062759852 0.65773563373951682 2.33946784732771862 0.66721382857257583 0.06392124744065916 0.90000000000000002 0.09817477042437500 
0.12899370273715638 0.71000000079586578 1.22335372913305362 0.71922475059209279 0.05878039308913517 1.00000000000000000 0.09817477042437500 
0.17197817000973920 0.65775523511196932 2.34135137201015597 0.67457570356979391 0.08465258667293259 0.90000000000000002 0.13089969389916667 
0.17195400604201197 0.71000000079586578 1.22523725381549053 0.72637035401007821 0.07780931910317235 1.00000000000000000 0.13089969389916667 

ZONE I=2, J=2
0.17197817000973920 0.65775523511196932 2.34187445231407532 0.67457570356979391 0.08465258667293259 0.90000000000000002 0.13089969389916667 
0.17195400604201197 0.71000000079586578 1.22489701678607088 0.72637035401007821 0.07780931910317235 1.00000000000000000 0.13089969389916667 
0.21491224199922809 0.65778042081202914 2.34433320656097122 0.68400289756887744 0.10489227751443188 0.90000000000000002 0.16362461737395834 
0.21488205761552284 0.71000000080632530 1.22735577103296678 0.73552008107505429 0.09635616308990481 1.00000000000000000 0.16362461737395834 

ZONE I=2, J=2
0.21491224199922809 0.65778042081202914 2.34495876052106533 0.68400289756887744 0.10489227751443188 0.90000000000000002 0.16362461737395834 
0.21488205761552284 0.71000000080632530 1.22690087826427141 0.73552008107505429 0.09635616308990481 1.00000000000000000 0.16362461737395834 
0.25780597969155961 0.65781118137445072 2.34798715310826056 0.69546697557235448 0.12451971488169013 0.90000000000000002 0.19634954084875000 
0.25776978484940211 0.71000000088183779 1.22992927085146708 0.74664594028341502 0.11430268190996917 1.00000000000000000 0.19634954084875000 

ZONE I=2, J=2
0.25780597969155961 0.65781118137445072 2.34871990252883167 0.69546697557235448 0.12451971488169013 0.90000000000000002 0.19634954084875000 
0.25776978484940211 0.71000000088183779 1.22936355544485587 0.74664594028341502 0.11430268190996917 1.00000000000000000 0.19634954084875000 
0.30065129807546520 0.65784750470148079 2.35231495110891364 0.70893331394711734 0.14341582497194999 0.90000000000000002 0.22907446432354167 
0.30060910555260945 0.71000000212204850 1.23295860402493740 0.75971384967641920 0.13153214042310710 1.00000000000000000 0.22907446432354167 

ZONE I=2, J=2
0.30065129807546520 0.65784750470148079 2.35315794288422442 0.70893331394711734 0.14341582497194999 0.90000000000000002 0.22907446432354167 
0.30060910555260945 0.71000000212204850 1.23228401033014912 0.75971384967641920 0.13153214042310710 1.00000000000000000 0.22907446432354167 
0.34344010374283818 0.65788937574021100 2.35731793475219131 0.72436117856916293 0.16146336597702052 0.90000000000000002 0.26179938779833334 
0.34339192554789688 0.71000000164201560 1.23644400219811645 0.77468370851740564 0.14792960697870403 1.00000000000000000 0.26179938779833334 

ZONE I=2, J=2
0.34344010374283818 0.65788937574021100 2.35827358281268262 0.72436117856916293 0.16146336597702052 0.90000000000000002 0.26179938779833334 
0.34339192554789688 0.71000000164201560 1.23566128531720931 0.77468370851740564 0.14792960697870403 1.00000000000000000 0.26179938779833334 
0.38616429203151126 0.65793677785782989 2.36299754511651505 0.74170381797324081 0.17854722205080503 0.90000000000000002 0.29452431127312501 
0.38611014147957440 0.71000000266058105 1.24038524762104219 0.79150949871980869 0.16338224679480706 1.00000000000000000 0.29452431127312501 

ZONE I=2, J=2
0.38616429203151126 0.65793677785782989 2.36406784934783420 0.74170381797324081 0.17854722205080503 0.90000000000000002 0.29452431127312501 
0.38611014147957440 0.71000000266058105 1.23949460550669577 0.79150949871980869 0.16338224679480706 1.00000000000000000 0.29452431127312501 
0.42881574778299292 0.65798969336297275 2.36935522276711730 0.76090857022338687 0.19455469636888112 0.90000000000000002 0.32724923474791667 
0.42875563610590417 0.71000000275118169 1.24478197892597842 0.81013937696211924 0.17777960877076363 1.00000000000000000 0.32724923474791667 

ZONE I=2, J=2
0.42881574778299292 0.65798969336297275 2.37054214463102442 0.76090857022338687 0.19455469636888112 0.90000000000000002 0.32724923474791667 
0.42875563610590417 0.71000000275118169 1.24378308681904537 0.81013937696211924 0.17777960877076363 1.00000000000000000 0.32724923474791667 
0.47138634554878001 0.65804810633120114 2.37639269463208391 0.78191698561554401 0.20937579760281474 0.90000000000000002 0.35997415822270834 
0.47132028025296502 0.71000000222023352 1.24963363682010531 0.83051580138077274 0.19101390888445247 1.00000000000000000 0.35997415822270834 

ZONE I=2, J=2
0.47138634554878001 0.65804810633120114 2.37769806139248852 0.78191698561554401 0.20937579760281474 0.90000000000000002 0.35997415822270834 
0.47132028025296502 0.71000000222023352 1.24852590764632043 0.83051580138077274 0.19101390888445247 1.00000000000000000 0.35997415822270834 
0.51386794832326099 0.65811201047088397 2.38411176286673632 0.80466496682038258 0.22290351682272563 0.90000000000000002 0.39269908169750001 
0.51379594632370440 0.71000000222055570 1.25493960912056868 0.85257566640871574 0.20298032086779821 1.00000000000000000 0.39269908169750001 

ZONE I=2, J=2
0.51386794832326099 0.65811201047088397 2.38553582237822503 0.80466496682038258 0.22290351682272563 0.90000000000000002 0.39269908169750001 
0.51379594632370440 0.71000000222055570 1.25372364082250365 0.85257566640871574 0.20298032086779821 1.00000000000000000 0.39269908169750001 
0.55625240119823816 0.65818143202137891 2.39251274622274668 0.82908293298286584 0.23503408589616862 0.90000000000000002 0.42542400517229167 
0.55617455512158664 0.71000000431948451 1.26070056466702485 0.87625046832522435 0.21357728965924191 1.00000000000000000 0.42542400517229167 

ZONE I=2, J=2
0.55625240119823816 0.65818143202137891 2.39404816650528751 0.82908293298286584 0.23503408589616862 0.90000000000000002 0.42542400517229167 
0.55617455512158664 0.71000000431948451 1.25938353056559738 0.87625046832522435 0.21357728965924191 1.00000000000000000 0.42542400517229167 
0.59853148055109562 0.65825649523652374 2.40158816923281826 0.85509601210191288 0.24566716675038894 0.90000000000000002 0.45814892864708334 
0.59844825698834758 0.71000000268856844 1.26692353329312768 0.90146654464641485 0.22270695766727119 1.00000000000000000 0.45814892864708334 

ZONE I=2, J=2
0.59853148055109562 0.65825649523652374 2.40319577038054177 0.85509601210191288 0.24566716675038894 0.90000000000000002 0.45814892864708334 
0.59844825698834758 0.71000000268856844 1.26554073938175415 0.90146654464641485 0.22270695766727119 1.00000000000000000 0.45814892864708334 
0.64069668265097879 0.65833758590318203 2.41129800461948651 0.88262424162430153 0.25470583870403368 0.90000000000000002 0.49087385212187501 
0.64060996511634927 0.71000000571107702 1.27364297362069889 0.92814554985776321 0.23027586455234508 1.00000000000000000 0.49087385212187501 

ZONE I=2, J=2
0.64069668265097879 0.65833758590318203 2.41282909346552099 0.88262424162430153 0.25470583870403368 0.90000000000000002 0.49087385212187501 
0.64060996511634927 0.71000000571107702 1.27232653073395907 0.92814554985776321 0.23027586455234508 1.00000000000000000 0.49087385212187501 
0.68273845356253826 0.65842569386888805 2.42149065499984051 0.91158260417569437 0.26205599799270435 0.90000000000000002 0.52359877559666668 
0.68265487321702767 0.71000000490517257 1.28098809226827859 0.95620547754308383 0.23619645977216566 1.00000000000000000 0.52359877559666668 

ZONE I=2, J=2
0.68273845356253826 0.65842569386888805 2.42245360130430232 0.91158260417569437 0.26205599799270435 0.90000000000000002 0.52359877559666668 
0.68265487321702767 0.71000000490517257 1.28017277227853987 0.95620547754308383 0.23619645977216566 1.00000000000000000 0.52359877559666668 
0.72464369842240028 0.65852295691617702 2.43166841505836206 0.94188017191133722 0.26762420706877343 0.90000000000000002 0.55632369907145840 
0.72458431696719372 0.71000000512446737 1.28938758603259962 0.98556323611099406 0.24039040600236838 1.00000000000000000 0.55632369907145840 

ZONE I=2, J=2
0.72464369842240028 0.65852295691617702 2.43059001030469135 0.94188017191133722 0.26762420706877343 0.90000000000000002 0.55632369907145840 
0.72458431696719372 0.71000000512446737 1.29037282098853012 0.98556323611099406 0.24039040600236838 1.00000000000000000 0.55632369907145840 
0.76638847965985624 0.65863271742972940 2.44035365692951833 0.97341571643873570 0.27131199976093656 0.90000000000000002 0.58904862254625001 
0.76641437884041730 0.71000000528842144 1.30013646761335666 1.01614044417346738 0.24279539805739656 1.00000000000000000 0.58904862254625001 

ZONE I=2, J=2
0.76638847965985624 0.65863271742972940 2.43321154167209164 0.97341571643873570 0.27131199976093656 0.90000000000000002 0.58904862254625001 
0.76641437884041730 0.71000000528842144 1.30646302470455100 1.01614044417346738 0.24279539805739656 1.00000000000000000 0.58904862254625001 
0.80791874658591301 0.65875521081199917 2.44356665963240927 1.00606163983313901 0.27300385659028603 0.90000000000000002 0.62177354602104162 
0.80819125006793946 0.71000000508167838 1.31681814266486819 1.04787452815848381 0.24337641039960478 1.00000000000000000 0.62177354602104162 

ZONE I=2, J=2
0.80791874658591301 0.65875521081199917 2.42050920756268351 1.00606163983313901 0.27300385659028603 0.90000000000000002 0.62177354602104162 
0.80819125006793946 0.71000000508167838 1.33715020856521938 1.04787452815848381 0.24337641039960478 1.00000000000000000 0.62177354602104162 
0.84910686065812946 0.65886328244011461 2.43176415965726633 1.03961489179390787 0.27255121082983202 0.90000000000000002 0.65449846949583335 
0.85000482868046512 0.71000000398249341 1.34840516065980265 1.08073102893764017 0.24213355307895104 1.00000000000000000 0.65449846949583335 

ZONE I=2, J=2
0.84910686065812946 0.65886328244011461 2.37238433354731493 1.03961489179390787 0.27255121082983202 0.90000000000000002 0.65449846949583335 
0.85000482868046512 0.71000000398249341 1.40073146997535969 1.08073102893764017 0.24213355307895104 1.00000000000000000 0.65449846949583335 
0.88968437924152100 0.65880709512583013 2.38580537077763966 1.07367456649735060 0.26979252864234671 0.90000000000000002 0.68722339297062507 
0.89193919948715661 0.71000000474000302 1.41415250720568486 1.11467766358805331 0.23905909020673699 1.00000000000000000 0.68722339297062507 

ZONE I=2, J=2
0.88968437924152100 0.65880709512583013 2.26112599766793521 1.07367456649735060 0.26979252864234671 0.90000000000000002 0.68722339297062507 
0.89193919948715661 0.71000000474000302 1.52388594471714511 1.11467766358805331 0.23905909020673699 1.00000000000000000 0.68722339297062507 
0.92931765700270830 0.65804412547592195 2.28047473443020232 1.10748547665323183 0.26481936804648232 0.90000000000000002 0.71994831644541668 
0.93370335919619640 0.71000000487573178 1.54323468147941223 1.14943966940620679 0.23385982188728024 1.00000000000000000 0.71994831644541668 

ZONE I=2, J=2
0.92931765700270830 0.65804412547592195 2.12707987544651456 1.10748547665323183 0.26481936804648232 0.90000000000000002 0.71994831644541668 
0.93370335919619640 0.71000000487573178 1.68069146379232515 1.14943966940620679 0.23385982188728024 1.00000000000000000 0.71994831644541668 
0.96801908964666716 0.65544768914876861 2.14216720557588403 1.14011811773554816 0.25846336054066493 0.90000000000000002 0.75267323992020829 
0.97463249795856555 0.70752110670133161 1.69577879392169417 1.18264550936197677 0.22769326228674572 1.00000000000000000 0.75267323992020829 

ZONE I=2, J=2
0.96801908964666716 0.65544768914876861 2.06255319857672914 1.14011811773554816 0.25846336054066493 0.90000000000000002 0.75267323992020829 
0.97463249795856555 0.70752110670133161 1.76493576188789048 1.18264550936197677 0.22769326228674572 1.00000000000000000 0.75267323992020829 
1.00569712906020459 0.65026917769662695 2.07543165509395999 1.17094500492358278 0.25132551463529501 0.90000000000000002 0.78539816339500002 
1.01536185120606737 0.70171661424953202 1.77781421840512177 1.21415782675250239 0.22178067394180037 1.00000000000000000 0.78539816339500002 

ZONE I=2, J=2
1.00569712906020459 0.65026917769662695 2.04325338906181120 1.17094500492358278 0.25132551463529501 0.90000000000000002 0.78539816339500002 
1.01536185120606737 0.70171661424953202 1.80640693781362272 1.21415782675250239 0.22178067394180037 1.00000000000000000 0.78539816339500002 
1.04256571660406827 0.64239522406651384 2.05610276512710222 1.20006769000328739 0.24382870370773557 0.90000000000000002 0.81812308686979174 
1.05560727753099881 0.69294809166083082 1.81925631387891373 1.24414380790848167 0.21584709253491721 1.00000000000000000 0.81812308686979174 

ZONE I=2, J=2
1.04256571660406827 0.64239522406651384 2.04366598685087508 1.20006769000328739 0.24382870370773557 0.90000000000000002 0.81812308686979174 
1.05560727753099881 0.69294809166083082 1.83032037419308469 1.24414380790848167 0.21584709253491721 1.00000000000000000 0.81812308686979174 
1.07860557962133807 0.63191974499936476 2.05627076029638500 1.22759225067206534 0.23607165564768254 0.90000000000000002 0.85084801034458335 
1.09503834031024239 0.68133446201778669 1.84292514763859461 1.27252844117527975 0.20975457630881320 1.00000000000000000 0.85084801034458335 

ZONE I=2, J=2
1.07860557962133807 0.63191974499936476 2.05255071946010048 1.22759225067206534 0.23607165564768254 0.90000000000000002 0.85084801034458335 
1.09503834031024239 0.68133446201778669 1.84622797228687086 1.27252844117527975 0.20975457630881320 1.00000000000000000 0.85084801034458335 
1.11372162163913724 0.61897074096164517 2.06480684723198671 1.25358933682238716 0.22806666411013557 0.90000000000000002 0.88357293381937496 
1.13342834040402818 0.66703576115863217 1.85848410005875708 1.29931496244535394 0.20341371109424805 1.00000000000000000 0.88357293381937496 

ZONE I=2, J=2
1.11372162163913724 0.61897074096164517 2.06490001272997281 1.25358933682238716 0.22806666411013557 0.90000000000000002 0.88357293381937496 
1.13342834040402818 0.66703576115863217 1.85839031437082003 1.29931496244535394 0.20341371109424805 1.00000000000000000 0.88357293381937496 
1.14780286011903443 0.60368724131293861 2.07673503658825576 1.27811474076663822 0.21980081996318995 0.90000000000000002 0.91629785729416668 
1.17061422362090428 0.65022295558864451 1.87022533822910342 1.32454136011993051 0.19676823384288855 1.00000000000000000 0.91629785729416668 

ZONE I=2, J=2
1.14780286011903443 0.60368724131293861 2.07845391866666018 1.27811474076663822 0.21980081996318995 0.90000000000000002 0.91629785729416668 
1.17061422362090428 0.65022295558864451 1.86868408683231579 1.32454136011993051 0.19676823384288855 1.00000000000000000 0.91629785729416668 
1.18074166901002453 0.58621062743493191 2.08981066898400814 1.30121656716107226 0.21125632298179831 0.90000000000000002 0.94902278076895841 
1.20647106780891300 0.63106454770204867 1.88004083714966419 1.34825703184402990 0.18978376355604465 1.00000000000000000 0.94902278076895841 

ZONE I=2, J=2
1.18074166901002453 0.58621062743493191 2.09217590862261282 1.30121656716107226 0.21125632298179831 0.90000000000000002 0.94902278076895841 
1.20647106780891300 0.63106454770204867 1.87792495418313243 1.34825703184402990 0.18978376355604465 1.00000000000000000 0.94902278076895841 
1.21243983021675117 0.56668035660428073 2.10301040832252184 1.32293761333613791 0.20241798259458665 0.90000000000000002 0.98174770424375002 
1.24089821855661775 0.60972205210047492 1.88875945388304101 1.37051258325228265 0.18244075416900943 1.00000000000000000 0.98174770424375002 

ZONE I=2, J=2
1.21243983021675117 0.56668035660428073 2.10558101296987488 1.32293761333613791 0.20241798259458665 0.90000000000000002 0.98174770424375002 
1.24089821855661775 0.60972205210047492 1.88646189644601314 1.37051258325228265 0.18244075416900943 1.00000000000000000 0.98174770424375002 
1.24280973852882459 0.54523201311884395 2.11586103841848150 1.34331623845398496 0.19327565241785988 0.90000000000000002 1.01447262771854163 
1.27381169825779406 0.58634896271059322 1.89674192189462021 1.39135570948369813 0.17473018736700605 1.00000000000000000 1.01447262771854163 

ZONE I=2, J=2
1.24280973852882459 0.54523201311884395 2.11843687328049946 1.34331623845398496 0.19327565241785988 0.90000000000000002 1.01447262771854163 
1.27381169825779406 0.58634896271059322 1.89444092909427209 1.39135570948369813 0.17473018736700605 1.00000000000000000 1.01447262771854163 
1.27177386774747414 0.52199660263302028 2.12813999794580422 1.36238677865441371 0.18382461530881797 0.90000000000000002 1.04719755119333335 
1.30513981505930188 0.56109101034571196 1.90414405375957729 1.41082974050419141 0.16665083873979256 1.00000000000000000 1.04719755119333335 

ZONE I=2, J=2
1.27177386774747414 0.52199660263302028 2.13062937315152201 1.36238677865441371 0.18382461530881797 0.90000000000000002 1.04719755119333335 
1.30513981505930188 0.56109101034571196 1.90192119463612719 1.41082974050419141 0.16665083873979256 1.00000000000000000 1.04719755119333335 
1.29926371779595540 0.49710048108542748 2.13974093041674251 1.38017984537827143 0.17406519206303767 0.90000000000000002 1.07992247466812508 
1.33482043740163281 0.53408685319938998 1.91103275190134769 1.42897332761059781 0.15820744559915065 1.00000000000000000 1.07992247466812508 

ZONE I=2, J=2
1.29926371779595540 0.49710048108542748 2.14210145481799241 1.38017984537827143 0.17406519206303767 0.90000000000000002 1.07992247466812508 
1.33482043740163281 0.53408685319938998 1.90892565838128347 1.42897332761059781 0.15820744559915065 1.00000000000000000 1.07992247466812508 
1.32521871013059767 0.47066558894860588 2.15061271689308153 1.39672260455190700 0.16400211045678714 0.90000000000000002 1.11264739814291680 
1.36279918175459391 0.50546887106119109 1.91743692045637304 1.44582060322636030 0.14940941298669722 1.00000000000000000 1.11264739814291680 

ZONE I=2, J=2
1.32521871013059767 0.47066558894860588 2.15282473144065811 1.39672260455190700 0.16400211045678714 0.90000000000000002 1.11264739814291680 
1.36279918175459391 0.50546887106119109 1.91546297278645650 1.44582060322636030 0.14940941298669722 1.00000000000000000 1.11264739814291680 
1.34958519344986860 0.44280981810405240 2.16073139785088841 1.41203905616013148 0.15364385203081912 0.90000000000000002 1.14537232161770830 
1.38902813654959556 0.47536394036031615 1.92336963919668635 1.46140152128241652 0.14026985960913549 1.00000000000000000 1.14537232161770830 

ZONE I=2, J=2
1.34958519344986860 0.44280981810405240 2.16278593951251397 1.41203905616013148 0.15364385203081912 0.90000000000000002 1.14537232161770830 
1.38902813654959556 0.47536394036031615 1.92153669607359801 1.46140152128241652 0.14026985960913549 1.00000000000000000 1.14537232161770830 
1.37231560055546864 0.41364742308003222 2.17008692820023041 1.42615031115184809 0.14300205645428504 0.90000000000000002 1.17809724509250002 
1.41346492477458185 0.44389414765548091 1.92883768476131490 1.47574224995293690 0.13080489132537820 1.00000000000000000 1.17809724509250002 

ZONE I=2, J=2
1.37231560055546864 0.41364742308003222 2.17198020231628197 1.42615031115184809 0.14300205645428504 0.90000000000000002 1.17809724509250002 
1.41346492477458185 0.44389414765548091 1.92714901077028444 1.47574224995293690 0.13080489132537820 1.00000000000000000 1.17809724509250002 
1.39336775209772656 0.38328943289572109 2.17867670098521193 1.43907485844551597 0.13209100554319758 0.90000000000000002 1.21082216856729175 
1.43607199513287442 0.41117743057176459 1.93384550943921485 1.48886556111765156 0.12103303488855281 1.00000000000000000 1.21082216856729175 

ZONE I=2, J=2
1.39336775209772656 0.38328943289572109 2.18040748770591497 1.43907485844551597 0.13209100554319758 0.90000000000000002 1.21082216856729175 
1.43607199513287442 0.41117743057176459 1.93230208662239011 1.48886556111765156 0.12103303488855281 1.00000000000000000 1.21082216856729175 
1.41270428859681751 0.35184404292635274 2.18650221675085676 1.45082881596715607 0.12092718603333576 0.90000000000000002 1.24354709204208325 
1.45681607586677431 0.37732814731356318 1.93839681566733146 1.50079119328695043 0.11097478907970326 1.00000000000000000 1.24354709204208325 

ZONE I=2, J=2
1.41270428859681751 0.35184404292635274 2.18807061368291444 1.45082881596715607 0.12092718603333576 0.90000000000000002 1.24354709204208325 
1.45681607586677431 0.37732814731356318 1.93699846378685092 1.50079119328695043 0.11097478907970326 1.00000000000000000 1.24354709204208325 
1.43029220973293181 0.31941697818909448 2.19356725658153051 1.46142616179977591 0.10952892214087051 0.90000000000000002 1.27627201551687497 
1.47566774892460706 0.34245758039875990 1.94249510668546699 1.51153617928410400 0.10065226427658303 1.00000000000000000 1.27627201551687497 

ZONE I=2, J=2
1.43029220973293181 0.31941697818909448 2.19497403991256190 1.46142616179977591 0.10952892214087051 0.90000000000000002 1.27627201551687497 
1.47566774892460706 0.34245758039875990 1.94124105206079856 1.51153617928410400 0.10065226427658303 1.00000000000000000 1.27627201551687497 
1.44610250172395749 0.28611182561481785 2.19987680444043976 1.47087894337416891 0.09791606705449624 0.90000000000000002 1.30899693899166669 
1.49260111560077591 0.30667438172142841 1.94614381658867641 1.52111513654084307 0.09008888989899701 1.00000000000000000 1.30899693899166669 

ZONE I=2, J=2
1.44610250172395749 0.28611182561481785 2.20112308376338550 1.47087894337416891 0.09791606705449624 0.90000000000000002 1.30899693899166669 
1.49260111560077591 0.30667438172142841 1.94503299907298843 1.52111513654084307 0.09008888989899701 1.00000000000000000 1.30899693899166669 
1.46010983659166693 0.25203033600859087 2.20543636481061078 1.47919746394478180 0.08610974300085376 0.90000000000000002 1.34172186246645841 
1.50759353303044641 0.27008496626900846 1.94934628012021327 1.52954052076753366 0.07930917456345633 1.00000000000000000 1.34172186246645841 

ZONE I=2, J=2
1.46010983659166693 0.25203033600859087 2.20652338294497508 1.47919746394478180 0.08610974300085376 0.90000000000000002 1.34172186246645841 
1.50759353303044641 0.27008496626900846 1.94837753081535281 1.52954052076753366 0.07930917456345633 1.00000000000000000 1.34172186246645841 
1.47229233011096516 0.21727269795697279 2.21025150409631443 1.48639044643282969 0.07413212079989637 0.90000000000000002 1.37444678594125014 
1.52062540634222287 0.23279386153368997 1.95210565196669172 1.53682284495732602 0.06833850743532362 1.00000000000000000 1.37444678594125014 

ZONE I=2, J=2
1.47229233011096516 0.21727269795697279 2.21118051253436354 1.48639044643282969 0.07413212079989637 0.90000000000000002 1.37444678594125014 
1.52062540634222287 0.23279386153368997 1.95127780355123948 1.53682284495732602 0.06833850743532362 1.00000000000000000 1.37444678594125014 
1.48263134787093942 0.18193778666441648 2.21432752876270955 1.49246517520367084 0.06200623122091296 0.90000000000000002 1.40717170941604164 
1.53168002504538148 0.19490401918133976 1.95442481977958593 1.54297086606942768 0.05720299185375916 1.00000000000000000 1.40717170941604164 

ZONE I=2, J=2
1.48263134787093942 0.18193778666441648 2.21509970542853418 1.49246517520367084 0.06200623122091296 0.90000000000000002 1.40717170941604164 
1.53168002504538148 0.19490401918133976 1.95373677917210076 1.54297086606942768 0.05720299185375916 1.00000000000000000 1.40717170941604164 
1.49111135108124127 0.14612339098945831 2.21766925336337417 1.49742761658556889 0.04975580171643763 0.90000000000000002 1.43989663289083336 
1.54074343497416577 0.15651709501622535 1.95630632710694075 1.54799174173017584 0.04592930419117568 1.00000000000000000 1.43989663289083336 

ZONE I=2, J=2
1.49111135108124127 0.14612339098945831 2.21828564600608935 1.49742761658556889 0.04975580171643763 0.90000000000000002 1.43989663289083336 
1.54074343497416577 0.15651709501622535 1.95575712535132928 1.54799174173017584 0.04592930419117568 1.00000000000000000 1.43989663289083336 
1.49771977556960323 0.10992642201520722 2.22028083146947530 1.50128251901419896 0.03740511317599886 0.90000000000000002 1.47262155636562508 
1.54780433917960725 0.11773370277319134 1.95775231081471568 1.55189115909457787 0.03454457230875022 1.00000000000000000 1.47262155636562508 

ZONE I=2, J=2
1.49771977556960323 0.10992642201520722 2.22074231787300302 1.50128251901419896 0.03740511317599886 0.90000000000000002 1.47262155636562508 
1.54780433917960725 0.11773370277319134 1.95734113806034582 1.55189115909457787 0.03454457230875022 1.00000000000000000 1.47262155636562508 
1.50244693890316694 0.07344310644315007 2.22216563291691926 1.50403349365869743 0.02497887219891477 0.90000000000000002 1.50534647984041658 
1.55285402276057760 0.07865364681360627 1.95876445310426206 1.55467343772546784 0.02307626901523857 1.00000000000000000 1.50534647984041658 

ZONE I=2, J=2
1.50244693890316694 0.07344310644315007 2.22247289298189932 1.50403349365869743 0.02497887219891477 0.90000000000000002 1.50534647984041658 
1.55285402276057760 0.07865364681360627 1.95849068310214069 1.55467343772546784 0.02307626901523857 1.00000000000000000 1.50534647984041658 
1.50528597179801715 0.03676916800821550 2.22332615666583555 1.50568307629035392 0.01250209505375602 0.90000000000000002 1.53807140331520831 
1.55588629789647492 0.03937613841293743 1.95934394678607737 1.55634160802110921 0.01155211671430473 1.00000000000000000 1.53807140331520831 

ZONE I=2, J=2
1.50528597179801715 0.03676916800821550 2.22347965363045486 1.50568307629035392 0.01250209505375602 0.90000000000000002 1.53807140331520831 
1.55588629789647492 0.03937613841293743 1.95920715345642904 1.55634160802110921 0.01155211671430473 1.00000000000000000 1.53807140331520831 
1.50623277104053144 0.00000000000737540 2.22376397214166577 1.50623277104053144 0.00000000000000000 0.90000000000000002 1.57079632679000003 
1.55689746635600601 0.00000000000762349 1.95949147196763995 1.55689746635600601 0.00000000000000000 1.00000000000000000 1.57079632679000003 

