ZONE I=2, J=2
0.00000000000000000 0.79968981395894834 1.63563996418972435 0.79968981395894834 0.00000000000000000 0.90000000000000002 0.00000000000000000 
0.00000000000000000 0.86000000079586592 0.76698223827559331 0.86000000079586592 0.00000000000000000 1.00000000000000000 0.00000000000000000 
0.04005506366199292 0.79969377486207016 1.63598422253111897 0.80057617374532331 0.01386837082758412 0.90000000000000002 0.03272492347479167 
0.04004542828210376 0.86000000079586592 0.76732649661698771 0.86084979570970865 0.01188557620560756 1.00000000000000000 0.03272492347479167 

ZONE I=2, J=2
0.04005506366199292 0.79969377486207016 1.63619849006640283 0.80057617374532331 0.01386837082758412 0.90000000000000002 0.03272492347479167 
0.04004542828210376 0.86000000079586592 0.76733568015309794 0.86084979570970865 0.01188557620560756 1.00000000000000000 0.03272492347479167 
0.08010372912729906 0.79970657558478908 1.63693155756867581 0.80323337696779196 0.02762890838536015 0.90000000000000002 0.06544984694958333 
0.08008439489836530 0.86000000079586592 0.76806874765537092 0.86339644480821176 0.02366623687169890 1.00000000000000000 0.06544984694958333 

ZONE I=2, J=2
0.08010372912729906 0.79970657558478908 1.63725727084788142 0.80323337696779196 0.02762890838536015 0.90000000000000002 0.06544984694958333 
0.08008439489836530 0.86000000079586592 0.76797308332292158 0.86339644480821176 0.02366623687169890 1.00000000000000000 0.06544984694958333 
0.12013942022963711 0.79972792953823846 1.63861549418415864 0.80765274338138160 0.04117387138901630 0.90000000000000002 0.09817477042437500 
0.12011043539798870 0.86000000079586603 0.76933130665919858 0.86763174713156144 0.03523733006086086 1.00000000000000000 0.09817477042437500 

ZONE I=2, J=2
0.12013942022963711 0.79972792953823846 1.63901951507491894 0.80765274338138160 0.04117387138901630 0.90000000000000002 0.09817477042437500 
0.12011043539798870 0.86000000079586603 0.76910175081954257 0.86763174713156144 0.03523733006086086 1.00000000000000000 0.09817477042437500 
0.16015569941797175 0.79975779785362944 1.64097736876868794 0.81382027263296031 0.05439620515588071 0.90000000000000002 0.13089969389916667 
0.16011704303612456 0.86000000079586580 0.77105960451331157 0.87354204950755454 0.04649469412376569 1.00000000000000000 0.13089969389916667 

ZONE I=2, J=2
0.16015569941797175 0.79975779785362944 1.64147754568405979 0.81382027263296031 0.05439620515588071 0.90000000000000002 0.13089969389916667 
0.16011704303612456 0.86000000079586580 0.77071046907142193 0.87354204950755454 0.04649469412376569 1.00000000000000000 0.13089969389916667 
0.20014609877349104 0.79979617128620883 1.64402500374533211 0.82171645293430740 0.06718963785723904 0.90000000000000002 0.16362461737395834 
0.20009771821196085 0.86000000089040529 0.77325792713269448 0.88110827900479349 0.05733497217529033 1.00000000000000000 0.16362461737395834 

ZONE I=2, J=2
0.20014609877349104 0.79979617128620883 1.64463130288889414 0.82171645293430740 0.06718963785723904 0.90000000000000002 0.16362461737395834 
0.20009771821196085 0.86000000089040529 0.77279330476793295 0.88110827900479349 0.05733497217529033 1.00000000000000000 0.16362461737395834 
0.24010416174566379 0.79984306114019710 1.64776322788850105 0.83131629923129191 0.07944898724400545 0.90000000000000002 0.19634954084875000 
0.24004596291392405 0.86000000103865759 0.77592522976753964 0.89030598636898584 0.06765586991023902 1.00000000000000000 0.19634954084875000 

ZONE I=2, J=2
0.24010416174566379 0.79984306114019710 1.64848274760751790 0.83131629923129191 0.07944898724400545 0.90000000000000002 0.19634954084875000 
0.24004596291392405 0.86000000103865759 0.77534553912732351 0.89030598636898584 0.06765586991023902 1.00000000000000000 0.19634954084875000 
0.28002344727877287 0.79989855419705236 1.65219520916670937 0.84258946565973336 0.09107041446961403 0.90000000000000002 0.22907446432354167 
0.27995535375297903 0.86000000181254588 0.77905800068651521 0.90110541949034084 0.07735648762496493 1.00000000000000000 0.22907446432354167 

ZONE I=2, J=2
0.28002344727877287 0.79989855419705236 1.65302834297041623 0.84258946565973336 0.09107041446961403 0.90000000000000002 0.22907446432354167 
0.27995535375297903 0.86000000181254588 0.77836711989880869 0.90110541949034084 0.07735648762496493 1.00000000000000000 0.22907446432354167 
0.31989748273952556 0.79996294368313003 1.65731594797151183 0.85550042839102369 0.10195159514219805 0.90000000000000002 0.26179938779833334 
0.31981979712828679 0.86000000243055230 0.78265472489990429 0.91347166745388664 0.08633782238824703 1.00000000000000000 0.26179938779833334 

ZONE I=2, J=2
0.31989748273952556 0.79996294368313003 1.65823388774210856 0.85550042839102369 0.10195159514219805 0.90000000000000002 0.26179938779833334 
0.31981979712828679 0.86000000243055230 0.78188167603341763 0.91347166745388664 0.08633782238824703 1.00000000000000000 0.26179938779833334 
0.35971949553449500 0.80003700815693035 1.66308579804608736 0.87000874084715085 0.11199161012253900 0.90000000000000002 0.29452431127312501 
0.35963427562467942 0.86000000280958289 0.78673358633739643 0.92736501104756852 0.09450372120352532 1.00000000000000000 0.29452431127312501 

ZONE I=2, J=2
0.35971949553449500 0.80003700815693035 1.66395466835072714 0.87000874084715085 0.11199161012253900 0.90000000000000002 0.29452431127312501 
0.35963427562467942 0.86000000280958289 0.78600162897326664 0.92736501104756852 0.09450372120352532 1.00000000000000000 0.29452431127312501 
0.39948142840537060 0.80012249908595878 1.66934766067559348 0.88606919841645648 0.12109005244847129 0.90000000000000002 0.32724923474791667 
0.39939674470710612 0.86000000273076849 0.79139462129813298 0.94274179001400960 0.10176287014788965 1.00000000000000000 0.32724923474791667 

ZONE I=2, J=2
0.39948142840537060 0.80012249908595878 1.66971441217694894 0.88606919841645648 0.12109005244847129 0.90000000000000002 0.32724923474791667 
0.39939674470710612 0.86000000273076849 0.79111303009350920 0.94274179001400960 0.10176287014788965 1.00000000000000000 0.32724923474791667 
0.43917089391360276 0.80022265972515061 1.67560398985576198 0.90363109838881173 0.12914417223822638 0.90000000000000002 0.35997415822270834 
0.43911245928335557 0.86000000223024309 0.79700260777232201 0.95955648392384929 0.10803291115949010 1.00000000000000000 0.35997415822270834 

ZONE I=2, J=2
0.43917089391360276 0.80022265972515061 1.67415505166071088 0.90363109838881173 0.12914417223822638 0.90000000000000002 0.35997415822270834 
0.43911245928335557 0.86000000223024309 0.79834873544819884 0.95955648392384929 0.10803291115949010 1.00000000000000000 0.35997415822270834 
0.47876294464275360 0.80034149588434078 1.68047949136867580 0.92263377401194846 0.13604185477217384 0.90000000000000002 0.39269908169750001 
0.47880241348538188 0.86000000238468943 0.80467317515616377 0.97776615118000865 0.11324799719078907 1.00000000000000000 0.39269908169750001 

ZONE I=2, J=2
0.47876294464275360 0.80034149588434078 1.67383160875946357 0.92263377401194846 0.13604185477217384 0.90000000000000002 0.39269908169750001 
0.47880241348538188 0.86000000238468943 0.81066288600006720 0.97776615118000865 0.11324799719078907 1.00000000000000000 0.39269908169750001 
0.51820054276518579 0.80047675749311076 1.68059794493920878 0.94299032793813264 0.14164774344814252 0.90000000000000002 0.42542400517229167 
0.51851591728747592 0.86000000253528497 0.81742922217981262 0.99733805587137037 0.11736934502619560 1.00000000000000000 0.42542400517229167 

ZONE I=2, J=2
0.51820054276518579 0.80047675749311076 1.66103697620930224 0.94299032793813264 0.14164774344814252 0.90000000000000002 0.42542400517229167 
0.51851591728747592 0.86000000253528497 0.83490873075545724 0.99733805587137037 0.11736934502619560 1.00000000000000000 0.42542400517229167 
0.55735609570410705 0.80059086350082509 1.66872005350687247 0.96454042014834496 0.14578520514639623 0.90000000000000002 0.45814892864708334 
0.55833682290130549 0.86000000271245847 0.84259180805302747 1.01825662225272695 0.12038880226756844 1.00000000000000000 0.45814892864708334 

ZONE I=2, J=2
0.55735609570410705 0.80059086350082509 1.62140335835107496 0.96454042014834496 0.14578520514639623 0.90000000000000002 0.45814892864708334 
0.55833682290130549 0.86000000271245847 0.88469744974252373 1.01825662225272695 0.12038880226756844 1.00000000000000000 0.45814892864708334 
0.59598392369976638 0.80051927016076241 1.63220327834700640 0.98693984370799936 0.14824872380198903 0.90000000000000002 0.49087385212187501 
0.59833439560005985 0.86000000576395697 0.89549736973845517 1.04050517403937826 0.12228263028483727 1.00000000000000000 0.49087385212187501 

ZONE I=2, J=2
0.59598392369976638 0.80051927016076241 1.53665043940544033 0.98693984370799936 0.14824872380198903 0.90000000000000002 0.49087385212187501 
0.59833439560005985 0.86000000576395697 0.98032017906175584 1.04050517403937826 0.12228263028483727 1.00000000000000000 0.49087385212187501 
0.63382032392394816 0.79978525216949259 1.55716630939979384 1.00954450791265482 0.14901187586992237 0.90000000000000002 0.52359877559666668 
0.63829020609595388 0.86000000353434813 1.00083604905610946 1.06392695336322918 0.12277553170046349 1.00000000000000000 0.52359877559666668 

ZONE I=2, J=2
0.63382032392394816 0.79978525216949259 1.44031445272571879 1.00954450791265482 0.14901187586992237 0.90000000000000002 0.52359877559666668 
0.63829020609595388 0.86000000353434813 1.11027542272127566 1.06392695336322918 0.12277553170046349 1.00000000000000000 0.52359877559666668 
0.67091993083877932 0.79753831079200810 1.45520320406363912 1.03156251921186604 0.14859232730848076 0.90000000000000002 0.55632369907145840 
0.67769790541963160 0.85792760922723998 1.12516417405919600 1.08642447365264339 0.12245855108199082 1.00000000000000000 0.55632369907145840 

ZONE I=2, J=2
0.67091993083877932 0.79753831079200810 1.39366877589644234 1.03156251921186604 0.14859232730848076 0.90000000000000002 0.55632369907145840 
0.67769790541963160 0.85792760922723998 1.17815971259271657 1.08642447365264339 0.12245855108199082 1.00000000000000000 0.55632369907145840 
0.70720107695383505 0.79320012398730244 1.40300441598714953 1.05242166668473836 0.14733782756187708 0.90000000000000002 0.58904862254625001 
0.71703080448703882 0.85301984596484148 1.18749535268342377 1.10762105174163605 0.12227689042482189 1.00000000000000000 0.58904862254625001 

ZONE I=2, J=2
0.70720107695383505 0.79320012398730244 1.37678826874798221 1.05242166668473836 0.14733782756187708 0.90000000000000002 0.58904862254625001 
0.71703080448703882 0.85301984596484148 1.21110964136705967 1.10762105174163605 0.12227689042482189 1.00000000000000000 0.58904862254625001 
0.74288302781235738 0.78661993191665136 1.38622196477719384 1.07211419877417113 0.14566143994561501 0.90000000000000002 0.62177354602104162 
0.75608007745380057 0.84563224446856111 1.22054333739627130 1.12776914846271881 0.12201526209108170 1.00000000000000000 0.62177354602104162 

ZONE I=2, J=2
0.74288302781235738 0.78661993191665136 1.37504283393623994 1.07211419877417113 0.14566143994561501 0.90000000000000002 0.62177354602104162 
0.75608007745380057 0.84563224446856111 1.23064961739092715 1.12776914846271881 0.12201526209108170 1.00000000000000000 0.62177354602104162 
0.77799037683179573 0.77785048075067442 1.38439858285495609 1.09072081070555460 0.14369589395926644 0.90000000000000002 0.65449846949583335 
0.79458136518271516 0.83584888197631635 1.24000536630964331 1.14683398982668683 0.12155122037597296 1.00000000000000000 0.65449846949583335 

ZONE I=2, J=2
0.77799037683179573 0.77785048075067442 1.38039799212548209 1.09072081070555460 0.14369589395926644 0.90000000000000002 0.65449846949583335 
0.79458136518271516 0.83584888197631635 1.24361835615601146 1.14683398982668683 0.12155122037597296 1.00000000000000000 0.65449846949583335 
0.81247024625445685 0.76698420656661359 1.38952679623666553 1.10831247704642477 0.14147836369782457 0.90000000000000002 0.68722339297062507 
0.83235495818209215 0.82378980774836641 1.25274716026719490 1.16483852827393908 0.12081236198753199 1.00000000000000000 0.68722339297062507 

ZONE I=2, J=2
0.81247024625445685 0.76698420656661359 1.38892767086845992 1.10831247704642477 0.14147836369782457 0.90000000000000002 0.68722339297062507 
0.83235495818209215 0.82378980774836641 1.25328147889410224 1.16483852827393908 0.12081236198753199 1.00000000000000000 0.68722339297062507 
0.84624856242020785 0.75412403473999046 1.39774952157444932 1.12495091726008556 0.13901482987970348 0.90000000000000002 0.71994831644541668 
0.86927532075862135 0.80958567381775959 1.26210332960009164 1.18183178205258077 0.11975886381133133 1.00000000000000000 0.71994831644541668 

ZONE I=2, J=2
0.84624856242020785 0.75412403473999046 1.39872941943770468 1.12495091726008556 0.13901482987970348 0.90000000000000002 0.71994831644541668 
0.86927532075862135 0.80958567381775959 1.26120924945791679 1.18183178205258077 0.11975886381133133 1.00000000000000000 0.71994831644541668 
0.87924875581477835 0.73937469535383549 1.40719805980277957 1.14069070743852174 0.13630122778176793 0.90000000000000002 0.75267323992020829 
0.90524923168928562 0.79336474486356767 1.26967788982299168 1.19786983001563940 0.11837085876506513 1.00000000000000000 0.75267323992020829 

ZONE I=2, J=2
0.87924875581477835 0.73937469535383549 1.40887642175442251 1.14069070743852174 0.13630122778176793 0.90000000000000002 0.75267323992020829 
0.90524923168928562 0.79336474486356767 1.26815277469189458 1.19786983001563940 0.11837085876506513 1.00000000000000000 0.75267323992020829 
0.91139836303206623 0.72283872024463180 1.41696485412747619 1.15558012365115137 0.13333180207593712 0.90000000000000002 0.78539816339500002 
0.94020305634493606 0.77524832400696209 1.27624120706494826 1.21300730384236499 0.11664060982796309 1.00000000000000000 0.78539816339500002 

ZONE I=2, J=2
0.91139836303206623 0.72283872024463180 1.41891596753706817 1.15558012365115137 0.13333180207593712 0.90000000000000002 0.78539816339500002 
0.94020305634493606 0.77524832400696209 1.27447041314746978 1.21300730384236499 0.11664060982796309 1.00000000000000000 0.78539816339500002 
0.94263099437433251 0.70461472253782853 1.42660976299053410 1.16966169682377008 0.13010232033112612 0.90000000000000002 0.81812308686979174 
0.97407563276654452 0.75534979078542208 1.28216420860093572 1.22729411076192019 0.11456792953629079 1.00000000000000000 0.81812308686979174 

ZONE I=2, J=2
0.94263099437433251 0.70461472253782853 1.42862811001330514 1.16966169682377008 0.13010232033112612 0.90000000000000002 0.81812308686979174 
0.97407563276654452 0.75534979078542208 1.28033365692300349 1.22729411076192019 0.11456792953629079 1.00000000000000000 0.81812308686979174 
0.97288649189117549 0.68479687398404221 1.43592140353450470 1.18297274581701073 0.12661108710060348 0.90000000000000002 0.85084801034458335 
1.00681424458418300 0.73377501771071840 1.28762695044420306 1.24077451496750779 0.11215749070449947 1.00000000000000000 0.85084801034458335 

ZONE I=2, J=2
0.97288649189117549 0.68479687398404221 1.43790841212220699 1.18297274581701073 0.12661108710060348 0.90000000000000002 0.85084801034458335 
1.00681424458418300 0.73377501771071840 1.28582572081686730 1.24077451496750779 0.11215749070449947 1.00000000000000000 0.85084801034458335 
1.00211044120617232 0.66347497745941231 1.44480118454830442 1.19554591638685448 0.12285904077402440 0.90000000000000002 0.88357293381937496 
1.03837226444414554 0.71062323148380568 1.29271849324296473 1.25348722052095329 0.10941720468922569 1.00000000000000000 0.88357293381937496 

ZONE I=2, J=2
1.00211044120617232 0.66347497745941231 1.44671042439432673 1.19554591638685448 0.12285904077402440 0.90000000000000002 0.88357293381937496 
1.03837226444414554 0.71062323148380568 1.29098846654368993 1.25348722052095329 0.10941720468922569 1.00000000000000000 0.88357293381937496 
1.03025351739101345 0.64073480767906588 1.45320658703951056 1.20740970650695112 0.11884950357861376 0.90000000000000002 0.91629785729416668 
1.06870771587031710 0.68598794587187939 1.29748462918887375 1.26546583839215065 0.10635720805249607 1.00000000000000000 0.91629785729416668 

ZONE I=2, J=2
1.03025351739101345 0.64073480767906588 1.45501715237138129 1.20740970650695112 0.11884950357861376 0.90000000000000002 0.91629785729416668 
1.06870771587031710 0.68598794587187939 1.29584459350839576 1.26546583839215065 0.10635720805249607 1.00000000000000000 0.91629785729416668 
1.05727085213095795 0.61665854981495150 1.46112318534031194 1.21858895871971384 0.11458783317614722 0.90000000000000002 0.94902278076895841 
1.09778235591852713 0.65995782863928232 1.30195062647732640 1.27673946446692743 0.10298920536158852 1.00000000000000000 0.94902278076895841 

ZONE I=2, J=2
1.05727085213095795 0.61665854981495150 1.46282670648115709 1.21858895871971384 0.11458783317614722 0.90000000000000002 0.94902278076895841 
1.09778235591852713 0.65995782863928232 1.30040803757537149 1.27673946446692743 0.10298920536158852 1.00000000000000000 0.94902278076895841 
1.08312148449615231 0.59132525147199744 1.46855068909523001 1.22910530854090871 0.11008107794769952 0.90000000000000002 0.98174770424375002 
1.12556106517034604 0.63261746141555841 1.30613202018944441 1.28733325293063450 0.09932602787940574 1.00000000000000000 0.98174770424375002 

ZONE I=2, J=2
1.08312148449615231 0.59132525147199744 1.47014495524075772 1.22910530854090871 0.11008107794769952 0.90000000000000002 0.98174770424375002 
1.12556106517034604 0.63261746141555841 1.30468877404280303 1.28733325293063450 0.09932602787940574 1.00000000000000000 0.98174770424375002 
1.10776790650681711 0.56481124897077284 1.47549587593111364 1.23897758509753331 0.10533767263569893 0.90000000000000002 1.01447262771854163 
1.15201142737482631 0.60404798918073488 1.31003969473315895 1.29726894060629627 0.09538132822356619 1.00000000000000000 1.01447262771854163 

ZONE I=2, J=2
1.10776790650681711 0.56481124897077284 1.47698167846530981 1.23897758509753331 0.10533767263569893 0.90000000000000002 1.01447262771854163 
1.15201142737482631 0.60404798918073488 1.30869498368664350 1.29726894060629627 0.09538132822356619 1.00000000000000000 1.01447262771854163 
1.13117569563537712 0.53719055229523571 1.48196894439868232 1.24822216471106096 0.10036718286109615 0.90000000000000002 1.04719755119333335 
1.17710343149317476 0.57432766941964641 1.31368224962001601 1.30656530926445069 0.09116936393712767 1.00000000000000000 1.04719755119333335 

ZONE I=2, J=2
1.13117569563537712 0.53719055229523571 1.48334849783141087 1.24822216471106096 0.10036718286109615 0.90000000000000002 1.04719755119333335 
1.17710343149317476 0.57432766941964641 1.31243399019016915 1.30656530926445069 0.09116936393712767 1.00000000000000000 1.04719755119333335 
1.15331322086049770 0.50853518468023051 1.48798158764600541 1.25685328055011025 0.09518009581733765 0.90000000000000002 1.07992247466812508 
1.20080925607600064 0.54353233450185323 1.31706708000476369 1.31523858620305267 0.08670484121102071 1.00000000000000000 1.07992247466812508 

ZONE I=2, J=2
1.15331322086049770 0.50853518468023051 1.48925772927084643 1.25685328055011025 0.09518009581733765 0.90000000000000002 1.07992247466812508 
1.20080925607600064 0.54353233450185323 1.31591263582068030 1.31523858620305267 0.08670484121102071 1.00000000000000000 1.07992247466812508 
1.17415140870884338 0.47891547827138542 1.49354594859716161 1.26488329251311460 0.08978765072132058 0.90000000000000002 1.11264739814291680 
1.22310311099497993 0.51173578059369540 1.32020085514699548 1.32330278847192706 0.08200280048790720 1.00000000000000000 1.11264739814291680 

ZONE I=2, J=2
1.17415140870884338 0.47891547827138542 1.49472172654259494 1.26488329251311460 0.08978765072132058 0.90000000000000002 1.11264739814291680 
1.22310311099497993 0.51173578059369540 1.31913740845381677 1.32330278847192706 0.08200280048790720 1.00000000000000000 1.11264739814291680 
1.19366355738421115 0.44840032960580350 1.49867403747392314 1.27232292174262218 0.08420170203767018 0.90000000000000002 1.14537232161770830 
1.24396112025354855 0.47901009491731616 1.32308971938514497 1.33077001756674940 0.07707853190449886 1.00000000000000000 1.14537232161770830 

ZONE I=2, J=2
1.19366355738421115 0.44840032960580350 1.49975249519346687 1.27232292174262218 0.08420170203767018 0.90000000000000002 1.14537232161770830 
1.24396112025354855 0.47901009491731616 1.32211446489002893 1.33077001756674940 0.07707853190449886 1.00000000000000000 1.14537232161770830 
1.21182518915184478 0.41705741941974300 1.50337739898437239 1.27918145399559391 0.07843460913192399 0.90000000000000002 1.17809724509250002 
1.26336123483710594 0.44542593143205639 1.32573936868093445 1.33765071133875946 0.07194751236952156 1.00000000000000000 1.17809724509250002 

ZONE I=2, J=2
1.21182518915184478 0.41705741941974300 1.50436146091995404 1.27918145399559391 0.07843460913192399 0.90000000000000002 1.17809724509250002 
1.26336123483710594 0.44542593143205639 1.32484961597224826 1.33765071133875946 0.07194751236952156 1.00000000000000000 1.17809724509250002 
1.22861393307807121 0.38495340130817024 1.50766691894525584 1.28546691572236615 0.07249914699858978 0.90000000000000002 1.21082216856729175 
1.28128316785520791 0.41105274338945907 1.32815507399755006 1.34395385920693045 0.06662535853468664 1.00000000000000000 1.21082216856729175 

ZONE I=2, J=2
1.22861393307807121 0.38495340130817024 1.50855932947435689 1.28546691572236615 0.07249914699858978 0.90000000000000002 1.21082216856729175 
1.28128316785520791 0.41105274338945907 1.32734830187430242 1.34395385920693045 0.06662535853468664 1.00000000000000000 1.21082216856729175 
1.24400943185944945 0.35215406345669586 1.51155271158462878 1.29118622626539992 0.06640843370272000 0.90000000000000002 1.24354709204208325 
1.29770834638747123 0.37595897981202309 1.33034168398457431 1.34968718593802928 0.06112779154922400 1.00000000000000000 1.24354709204208325 

ZONE I=2, J=2
1.24400943185944945 0.35215406345669586 1.51235600274955728 1.29118622626539992 0.06640843370272000 0.90000000000000002 1.24354709204208325 
1.29770834638747123 0.37595897981202309 1.32961556886117038 1.34968718593802928 0.06112779154922400 1.00000000000000000 1.24354709204208325 
1.25799326779801857 0.31872446724574394 1.51504405510294604 1.29634532914278622 0.06017587104398016 0.90000000000000002 1.27627201551687497 
1.31261987591574458 0.34021225177777792 1.33230362121455914 1.35485730845268826 0.05547061060694702 1.00000000000000000 1.27627201551687497 

ZONE I=2, J=2
1.25799326779801857 0.31872446724574394 1.51576053028766222 1.29634532914278622 0.06017587104398016 0.90000000000000002 1.27627201551687497 
1.31261987591574458 0.34021225177777792 1.33165605120476438 1.35485730845268826 0.05547061060694702 1.00000000000000000 1.27627201551687497 
1.27054890402825671 0.28472906608916715 1.51814935686260344 1.30094930496207528 0.05381509567126271 0.90000000000000002 1.30899693899166669 
1.32600251425971671 0.30387947343403887 1.33404487777970560 1.35946986938795100 0.04966967308072785 1.00000000000000000 1.30899693899166669 

ZONE I=2, J=2
1.27054890402825671 0.28472906608916715 1.51878108348966001 1.30094930496207528 0.05381509567126271 0.90000000000000002 1.30899693899166669 
1.32600251425971671 0.30387947343403887 1.33347395871781971 1.35946986938795100 0.04966967308072785 1.00000000000000000 1.30899693899166669 
1.28166163792701515 0.25023180745977081 1.52087613702569802 1.30500246813010490 0.04733993845240969 0.90000000000000002 1.34172186246645841 
1.33784265268023494 0.26702698188267793 1.33556901225385771 1.36352965051568509 0.04374087960287783 1.00000000000000000 1.34172186246645841 

ZONE I=2, J=2
1.28166163792701515 0.25023180745977081 1.52142494439726739 1.30500246813010490 0.04733993845240969 0.90000000000000002 1.34172186246645841 
1.33784265268023494 0.26702698188267793 1.33507306915004009 1.36352965051568509 0.04374087960287783 1.00000000000000000 1.34172186246645841 
1.29131856428689584 0.21529622069009915 1.52323102363657781 1.30850844918713238 0.04076439035844648 0.90000000000000002 1.37444678594125014 
1.34812830236582593 0.22972063944551230 1.33687914838935051 1.36704066857841200 0.03770016286048611 1.00000000000000000 1.37444678594125014 

ZONE I=2, J=2
1.29131856428689584 0.21529622069009915 1.52369850366284898 1.30850844918713238 0.04076439035844648 0.90000000000000002 1.37444678594125014 
1.34812830236582593 0.22972063944551230 1.33645672435151153 1.36704066857841200 0.03770016286048611 1.00000000000000000 1.37444678594125014 
1.29950854634581203 0.17998549282301346 1.52521975459147785 1.31147026429682279 0.03410257347723070 0.90000000000000002 1.40717170941604164 
1.35684908493194589 0.19202592130577520 1.33797797528014040 1.37000625564857192 0.03156347917721475 1.00000000000000000 1.40717170941604164 

ZONE I=2, J=2
1.29950854634581203 0.17998549282301346 1.52560726403847013 1.31147026429682279 0.03410257347723070 0.90000000000000002 1.40717170941604164 
1.35684908493194589 0.19202592130577520 1.33762782913158906 1.37000625564857192 0.03156347917721475 1.00000000000000000 1.40717170941604164 
1.30622219317233923 0.14436253452171807 1.52684718343456227 1.31389037316337731 0.02736871604755086 0.90000000000000002 1.43989663289083336 
1.36399622587843772 0.15400799110857108 1.33886774852768120 1.37242912573119580 0.02534680217749779 1.00000000000000000 1.43989663289083336 

ZONE I=2, J=2
1.30622219317233923 0.14436253452171807 1.52715584683083794 1.31389037316337731 0.02736871604755086 0.90000000000000002 1.43989663289083336 
1.36399622587843772 0.15400799110857108 1.33858885189182120 1.37242912573119580 0.02534680217749779 1.00000000000000000 1.43989663289083336 
1.31145184223280031 0.10849003782922671 1.52811728687941484 1.31577072641837067 0.02057713061789791 0.90000000000000002 1.47262155636562508 
1.36956255019554929 0.11573176677242797 1.33955029194039810 1.37431142900106829 0.01906611799622765 1.00000000000000000 1.47262155636562508 

ZONE I=2, J=2
1.31145184223280031 0.10849003782922671 1.52834799952411871 1.31577072641837067 0.02057713061789791 0.90000000000000002 1.47262155636562508 
1.36956255019554929 0.11573176677242797 1.33934182629125909 1.37431142900106829 0.01906611799622765 1.00000000000000000 1.47262155636562508 
1.31519154623119494 0.07243052738830794 1.52903317259378113 1.31711280331769442 0.01374219459743016 0.90000000000000002 1.50534647984041658 
1.37354247950169683 0.07726197850176877 1.34002699936092151 1.37565479478251262 0.01273742162133697 1.00000000000000000 1.50534647984041658 

ZONE I=2, J=2
1.31519154623119494 0.07243052738830794 1.52918660330694478 1.31711280331769442 0.01374219459743016 0.90000000000000002 1.50534647984041658 
1.37354247950169683 0.07726197850176877 1.33988835337046308 1.37565479478251262 0.01273742162133697 1.00000000000000000 1.50534647984041658 
1.31743706353340562 0.03624640659011361 1.52959708621080037 1.31791764040967041 0.00687833259045746 0.90000000000000002 1.53807140331520831 
1.37593203024981414 0.03866322078526824 1.34029883627431867 1.37646036413214801 0.00637671404882212 1.00000000000000000 1.53807140331520831 

ZONE I=2, J=2
1.31743706353340562 0.03624640659011361 1.52967367975523127 1.31791764040967041 0.00687833259045746 0.90000000000000002 1.53807140331520831 
1.37593203024981414 0.03866322078526824 1.34022960368158528 1.37646036413214801 0.00637671404882212 1.00000000000000000 1.53807140331520831 
1.31818585169065217 0.00000000000645461 1.52981041658589967 1.31818585169065217 0.00000000000000000 0.90000000000000002 1.57079632679000003 
1.37672881264623737 0.00000000000674127 1.34036634051225367 1.37672881264623737 0.00000000000000000 1.00000000000000000 1.57079632679000003 

