ZONE I=2, J=2
0.00000000000000000 0.62067782441465558 2.68580466900281989 0.62067782441465558 0.00000000000000000 0.90000000000000002 0.00000000000000000 
0.00000000000000000 0.67000000079586575 1.44654601310824416 0.67000000079586575 0.00000000000000000 1.00000000000000000 0.00000000000000000 
0.04428874770932388 0.62067994217608702 2.68613672315146301 0.62179670956624888 0.02395695652533304 0.90000000000000002 0.03272492347479167 
0.04428378719160611 0.67000000079586575 1.44687806725688772 0.67109019930538638 0.02233829158078822 1.00000000000000000 0.03272492347479167 

ZONE I=2, J=2
0.04428874770932388 0.62067994217608702 2.68639680700078376 0.62179670956624888 0.02395695652533304 0.90000000000000002 0.03272492347479167 
0.04428378719160611 0.67000000079586575 1.44692429490664320 0.67109019930538638 0.02233829158078822 1.00000000000000000 0.03272492347479167 
0.08856889885029329 0.62068691608948212 2.68704379843276886 0.62515066089460758 0.04778439945485063 0.90000000000000002 0.06544984694958333 
0.08855888151441144 0.67000000079586575 1.44757128633862830 0.67435750733618094 0.04454917351507530 1.00000000000000000 0.06544984694958333 

ZONE I=2, J=2
0.08856889885029329 0.62068691608948212 2.68741022704011367 0.62515066089460758 0.04778439945485063 0.90000000000000002 0.06544984694958333 
0.08855888151441144 0.67000000079586575 1.44750778322971407 0.67435750733618094 0.04454917351507530 1.00000000000000000 0.06544984694958333 
0.13283156167450411 0.62069857177923182 2.68866959685379836 0.63072950832276053 0.07135284238623263 0.90000000000000002 0.09817477042437500 
0.13281655718290336 0.67000000079586575 1.44876715304339876 0.67979206678587067 0.06650552505900385 1.00000000000000000 0.09817477042437500 

ZONE I=2, J=2
0.13283156167450411 0.62069857177923182 2.68910650197785461 0.63072950832276053 0.07135284238623263 0.90000000000000002 0.09817477042437500 
0.13281655718290336 0.67000000079586575 1.44855878804411731 0.67979206678587067 0.06650552505900385 1.00000000000000000 0.09817477042437500 
0.17706806209610326 0.62071487996352248 2.69094417885397785 0.63851659802724536 0.09453367054289591 0.90000000000000002 0.13089969389916667 
0.17704807151608815 0.67000000079586575 1.45039646492024055 0.68737746852437243 0.08808085182973308 1.00000000000000000 0.13089969389916667 

ZONE I=2, J=2
0.17706806209610326 0.62071487996352248 2.69147296473179143 0.63851659802724536 0.09453367054289591 0.90000000000000002 0.13089969389916667 
0.17704807151608815 0.67000000079586575 1.45006440770603273 0.68737746852437243 0.08808085182973308 1.00000000000000000 0.13089969389916667 
0.22126967740435707 0.62073583752143724 2.69387604190832430 0.64848870392523972 0.11719919369787087 0.90000000000000002 0.16362461737395834 
0.22124470255219433 0.67000000078527056 1.45246748488256516 0.69709079382987982 0.10914964323028904 1.00000000000000000 0.16362461737395834 

ZONE I=2, J=2
0.22126967740435707 0.62073583752143724 2.69450625253251097 0.64848870392523972 0.11719919369787087 0.90000000000000002 0.16362461737395834 
0.22124470255219433 0.67000000078527056 1.45202034296588134 0.69709079382987982 0.10914964323028904 1.00000000000000000 0.16362461737395834 
0.26542767953058327 0.62076143928986993 2.69746873517552110 0.66061605376895793 0.13922301200933027 0.90000000000000002 0.19634954084875000 
0.26539772610110579 0.67000000077886512 1.45498282560889192 0.70890266648139744 0.12958766731013169 1.00000000000000000 0.19634954084875000 

ZONE I=2, J=2
0.26542767953058327 0.62076143928986993 2.69820542970398902 0.66061605376895793 0.13922301200933027 0.90000000000000002 0.19634954084875000 
0.26539772610110579 0.67000000077886512 1.45442481548102198 0.70890266648139744 0.12958766731013169 1.00000000000000000 0.19634954084875000 
0.30953333601397803 0.62079167865338813 2.70172416872205856 0.67486239799396941 0.16048033575196391 0.90000000000000002 0.22907446432354167 
0.30949841165878067 0.67000000217306277 1.45794355449909196 0.72277732096655278 0.14927228151142111 1.00000000000000000 0.22907446432354167 

ZONE I=2, J=2
0.30953333601397803 0.62079167865338813 2.70257057859561201 0.67486239799396941 0.16048033575196391 0.90000000000000002 0.22907446432354167 
0.30949841165878067 0.67000000217306277 1.45727683363397875 0.72277732096655278 0.14927228151142111 1.00000000000000000 0.22907446432354167 
0.35357791017708767 0.62082654680546434 2.70664383191010938 0.69118509228648817 0.18084830102744376 0.90000000000000002 0.26179938779833334 
0.35353802157155823 0.67000000178746499 1.46135008694847657 0.73867267849068230 0.16808274493039380 1.00000000000000000 0.26179938779833334 

ZONE I=2, J=2
0.35357791017708767 0.62082654680546434 2.70760245227355467 0.69118509228648817 0.18084830102744376 0.90000000000000002 0.26179938779833334 
0.35353802157155823 0.67000000178746499 1.46057561064505714 0.73867267849068230 0.16808274493039380 1.00000000000000000 0.26179938779833334 
0.39755265820806596 0.62086603453174782 2.71222926344025295 0.70953519660893416 0.20020627776520386 0.90000000000000002 0.29452431127312501 
0.39750781596999774 0.67000000175163998 1.46520242181175542 0.75654045468160125 0.18590052860223724 1.00000000000000000 0.29452431127312501 

ZONE I=2, J=2
0.39755265820806596 0.62086603453174782 2.71330188034261299 0.70953519660893416 0.20020627776520386 0.90000000000000002 0.29452431127312501 
0.39750781596999774 0.67000000175163998 1.46432073135405405 0.75654045468160125 0.18590052860223724 1.00000000000000000 0.29452431127312501 
0.44144883154183479 0.62091013147054319 2.71848180398199579 0.72985758756751451 0.21843617855691005 0.90000000000000002 0.32724923474791667 
0.44139904316175499 0.67000000239417645 1.46950065499343685 0.77632626144787364 0.20260961057826729 1.00000000000000000 0.32724923474791667 

ZONE I=2, J=2
0.44144883154183479 0.62091013147054319 2.71967031631664291 0.72985758756751451 0.21843617855691005 0.90000000000000002 0.32724923474791667 
0.44139904316175499 0.67000000239417645 1.46851157778818187 0.77632626144787364 0.20260961057826729 1.00000000000000000 0.32724923474791667 
0.48525767345907123 0.62095882645391876 2.72540325583586807 0.75209108468033614 0.23542275622015393 0.90000000000000002 0.35997415822270834 
0.48520294918060075 0.67000000217497757 1.47424451730740702 0.79796973506312829 0.21809678294579080 1.00000000000000000 0.35997415822270834 

ZONE I=2, J=2
0.48525767345907123 0.62095882645391876 2.72670923054632963 0.75209108468033614 0.23542275622015393 0.90000000000000002 0.35997415822270834 
0.48520294918060075 0.67000000217497757 1.47314778285409997 0.79796973506312829 0.21809678294579080 1.00000000000000000 0.35997415822270834 
0.52897042084590629 0.62101210935428319 2.73299537493698308 0.77616859354269330 0.25105389957638308 0.90000000000000002 0.39269908169750001 
0.52891077096477734 0.67000000378549052 1.47943392724475387 0.82140467952728191 0.23225193468687358 1.00000000000000000 0.39269908169750001 

ZONE I=2, J=2
0.52897042084590629 0.62101210935428319 2.73442031750010139 0.77616859354269330 0.25105389957638308 0.90000000000000002 0.39269908169750001 
0.52891077096477734 0.67000000378549052 1.47822905694182416 0.82140467952728191 0.23225193468687358 1.00000000000000000 0.39269908169750001 
0.57257830359894124 0.62106997175400802 2.74126010254232577 0.80201726102394866 0.26522092034077743 0.90000000000000002 0.42542400517229167 
0.57251374228987251 0.67000000302915552 1.48506884198404809 0.84655921155866309 0.24496834590411409 1.00000000000000000 0.42542400517229167 

ZONE I=2, J=2
0.57257830359894124 0.62106997175400802 2.74280493476189147 0.80201726102394866 0.26522092034077743 0.90000000000000002 0.42542400517229167 
0.57251374228987251 0.67000000302915552 1.48375568214335196 0.84655921155866309 0.24496834590411409 1.00000000000000000 0.42542400517229167 
0.61607254021270075 0.62113241647820727 2.75019904385753833 0.82955865011180496 0.27781882518804757 0.90000000000000002 0.45814892864708334 
0.61600311616282744 0.67000000296767770 1.49114979123899882 0.87335595090664486 0.25614297982758027 1.00000000000000000 0.45814892864708334 

ZONE I=2, J=2
0.61607254021270075 0.62113241647820727 2.75186106697875310 0.82955865011180496 0.27781882518804757 0.90000000000000002 0.45814892864708334 
0.61600311616282744 0.67000000296767770 1.48973124590607764 0.87335595090664486 0.25614297982758027 1.00000000000000000 0.45814892864708334 
0.65944431943278281 0.62119948126136249 2.75981043668975179 0.85870893222517586 0.28874655957820561 0.90000000000000002 0.49087385212187501 
0.65937022960499214 0.67000000276897353 1.49768061561707633 0.90171222415101016 0.26567681158957612 1.00000000000000000 0.49087385212187501 

ZONE I=2, J=2
0.65944431943278281 0.62119948126136249 2.76157301302998048 0.85870893222517586 0.28874655957820561 0.90000000000000002 0.49087385212187501 
0.65937022960499214 0.67000000276897353 1.49617175997052931 0.90171222415101016 0.26567681158957612 1.00000000000000000 0.49087385212187501 
0.70268471821724465 0.62127130527640495 2.77007894422841838 0.88937909211981991 0.29790716419049301 0.90000000000000002 0.52359877559666668 
0.70260672841670979 0.67000000228692225 1.50467769116896677 0.93154038672401518 0.27347527453680393 1.00000000000000000 0.52359877559666668 

ZONE I=2, J=2
0.70268471821724465 0.62127130527640495 2.77187533023218968 0.88937909211981991 0.29790716419049301 0.90000000000000002 0.52359877559666668 
0.70260672841670979 0.67000000228692225 1.50313753909342895 0.93154038672401518 0.27347527453680393 1.00000000000000000 0.52359877559666668 
0.74578439563161014 0.62134829541698389 2.78093982147661833 0.92147509080516277 0.30520767685432587 0.90000000000000002 0.55632369907145840 
0.74570524053104725 0.67000000629479151 1.51220203033785761 0.96274843055381976 0.27944905377661344 1.00000000000000000 0.55632369907145840 

ZONE I=2, J=2
0.74578439563161014 0.62134829541698389 2.78253919673006989 0.92147509080516277 0.30520767685432587 0.90000000000000002 0.55632369907145840 
0.74570524053104725 0.67000000629479151 1.51083357366829873 0.96274843055381976 0.27944905377661344 1.00000000000000000 0.55632369907145840 
0.78873255038789014 0.62143148305383245 2.79216598363728297 0.95489772109594073 0.31055831403723544 0.90000000000000002 0.58904862254625001 
0.78866127003239539 0.67000000552827443 1.52046036057551226 0.99524137040421023 0.28351582123921798 1.00000000000000000 0.58904862254625001 

ZONE I=2, J=2
0.78873255038789014 0.62143148305383245 2.79283625756542264 0.95489772109594073 0.31055831403723544 0.90000000000000002 0.58904862254625001 
0.78866127003239539 0.67000000552827443 1.51990612088225130 0.99524137040421023 0.28351582123921798 1.00000000000000000 0.58904862254625001 
0.83151363054866057 0.62152306309304906 2.80303459198925609 0.98954110566797027 0.31386977544547312 0.90000000000000002 0.62177354602104162 
0.83147801977562008 0.67000000528211312 1.53010445530608474 1.02892468492448086 0.28560409170926809 1.00000000000000000 0.62177354602104162 

ZONE I=2, J=2
0.83151363054866057 0.62152306309304906 2.80062659104060785 0.98954110566797027 0.31386977544547312 0.90000000000000002 0.62177354602104162 
0.83147801977562008 0.67000000528211312 1.53224847714515167 1.02892468492448086 0.28560409170926809 1.00000000000000000 0.62177354602104162 
0.87409776366892700 0.62162615194249715 2.81142573433482834 1.02528618775974723 0.31504635598422714 0.90000000000000002 0.65449846949583335 
0.87417708762188240 0.67000000406037108 1.54304762043937260 1.06371203428323247 0.28566115256541424 1.00000000000000000 0.65449846949583335 

ZONE I=2, J=2
0.87409776366892700 0.62162615194249715 2.80014348557724491 1.02528618775974723 0.31504635598422714 0.90000000000000002 0.65449846949583335 
0.87417708762188240 0.67000000406037108 1.55296823319848110 1.06371203428323247 0.28566115256541424 1.00000000000000000 0.65449846949583335 
0.91641561318790077 0.62173828320691771 2.81165218984759013 1.06197810268319004 0.31397225724744143 0.90000000000000002 0.68722339297062507 
0.91681663937119739 0.67000000460536080 1.56447693746882632 1.09953932613898875 0.28366534274193311 1.00000000000000000 0.68722339297062507 

ZONE I=2, J=2
0.91641561318790077 0.62173828320691771 2.77755657166196146 1.06197810268319004 0.31397225724744143 0.90000000000000002 0.68722339297062507 
0.91681663937119739 0.67000000460536080 1.59440789341351263 1.09953932613898875 0.28366534274193311 1.00000000000000000 0.68722339297062507 
0.95830298128212932 0.62181558198763154 2.79016644876097830 1.09935876775460395 0.31049882720859490 0.90000000000000002 0.71994831644541668 
0.95950020615530940 0.67000000478095800 1.60701777051252992 1.13637512012095843 0.27962875100504647 1.00000000000000000 0.71994831644541668 

ZONE I=2, J=2
0.95830298128212932 0.62181558198763154 2.70599044591535298 1.09935876775460395 0.31049882720859490 0.90000000000000002 0.71994831644541668 
0.95950020615530940 0.67000000478095800 1.68109004416325947 1.13637512012095843 0.27962875100504647 1.00000000000000000 0.71994831644541668 
0.99942767596258486 0.62162607156045779 2.72065570890309116 1.13690360200018903 0.30450755669220519 0.90000000000000002 0.75267323992020829 
1.00226806814977665 0.67000000472776122 1.69575530715099765 1.17415166810805305 0.27351260857035797 1.00000000000000000 0.75267323992020829 

ZONE I=2, J=2
0.99942767596258486 0.62162607156045779 2.56225912789234034 1.13690360200018903 0.30450755669220519 0.90000000000000002 0.75267323992020829 
1.00226806814977665 0.67000000472776122 1.83584464122461899 1.17415166810805305 0.27351260857035797 1.00000000000000000 0.75267323992020829 
1.03955842241440921 0.62038406461891094 2.57905095413584906 1.17375658896019774 0.29640103089958675 0.90000000000000002 0.78539816339500002 
1.04449517865009134 0.66958390145687618 1.85263646746812771 1.21203694103298720 0.26510230644959937 1.00000000000000000 0.78539816339500002 

ZONE I=2, J=2
1.03955842241440921 0.62038406461891094 2.43048746077967648 1.17375658896019774 0.29640103089958675 0.90000000000000002 0.78539816339500002 
1.04449517865009134 0.66958390145687618 1.98249292329350646 1.21203694103298720 0.26510230644959937 1.00000000000000000 0.78539816339500002 
1.07862033218754849 0.61682969082614303 2.44446898518760625 1.20890625685226327 0.28713472558452779 0.90000000000000002 0.81812308686979174 
1.08599435861880811 0.66577144769148067 1.99647444770143667 1.24774450205626208 0.25645472329722663 1.00000000000000000 0.81812308686979174 

ZONE I=2, J=2
1.07862033218754849 0.61682969082614303 2.37727588157762382 1.20890625685226327 0.28713472558452779 0.90000000000000002 0.81812308686979174 
1.08599435861880811 0.66577144769148067 2.05541147733932617 1.24774450205626208 0.25645472329722663 1.00000000000000000 0.81812308686979174 
1.11666772821706251 0.61042533524781595 2.39117356497168965 1.24203664002667180 0.27732812692750747 0.90000000000000002 0.85084801034458335 
1.12720552708501920 0.65865259302783397 2.06930916073339199 1.28175781728989335 0.24801700830699849 1.00000000000000000 0.85084801034458335 

ZONE I=2, J=2
1.11666772821706251 0.61042533524781595 2.36438718159123118 1.24203664002667180 0.27732812692750747 0.90000000000000002 0.85084801034458335 
1.12720552708501920 0.65865259302783397 2.09296520995366864 1.28175781728989335 0.24801700830699849 1.00000000000000000 0.85084801034458335 
1.15382243516071914 0.60117447630523302 2.37802893549528038 1.27329785408158491 0.26726304950799651 0.90000000000000002 0.88357293381937496 
1.16772683551700562 0.64841113565746977 2.10660696385771784 1.31401272036419603 0.23956947625324557 1.00000000000000000 0.88357293381937496 

ZONE I=2, J=2
1.15382243516071914 0.60117447630523302 2.36842064377092587 1.27329785408158491 0.26726304950799651 0.90000000000000002 0.88357293381937496 
1.16772683551700562 0.64841113565746977 2.11509507904047744 1.31401272036419603 0.23956947625324557 1.00000000000000000 0.88357293381937496 
1.19001316887852493 0.58920245370583235 2.38170095960408101 1.30278465021300849 0.25698838247409406 0.90000000000000002 0.91629785729416668 
1.20724267644337946 0.63520337423884077 2.12837539487363259 1.34445732371062410 0.23098205815917672 1.00000000000000000 0.91629785729416668 

ZONE I=2, J=2
1.19001316887852493 0.58920245370583235 2.37944539806428956 1.30278465021300849 0.25698838247409406 0.90000000000000002 0.91629785729416668 
1.20724267644337946 0.63520337423884077 2.13035809294043510 1.34445732371062410 0.23098205815917672 1.00000000000000000 0.91629785729416668 
1.22512029829749558 0.57465817987935219 2.39229646713918420 1.33056054579864913 0.24649625345387272 0.90000000000000002 0.94902278076895841 
1.24553200968571409 0.61921277668404062 2.14320916201532974 1.37310419665914374 0.22216956379653113 1.00000000000000000 0.94902278076895841 

ZONE I=2, J=2
1.22512029829749558 0.57465817987935219 2.39314777249816846 1.33056054579864913 0.24649625345387272 0.90000000000000002 0.94902278076895841 
1.24553200968571409 0.61921277668404062 2.14244234641404230 1.37310419665914374 0.22216956379653113 1.00000000000000000 0.94902278076895841 
1.25901873607773762 0.55769830979600543 2.40550629485051282 1.35667640029548053 0.23576413515503628 0.90000000000000002 0.98174770424375002 
1.28243119468334532 0.60062774214484393 2.15480086876638666 1.39999346290884730 0.21307688176679079 1.00000000000000000 0.98174770424375002 

ZONE I=2, J=2
1.25901873607773762 0.55769830979600543 2.40762207488998925 1.35667640029548053 0.23576413515503628 0.90000000000000002 0.98174770424375002 
1.28243119468334532 0.60062774214484393 2.15291577574467752 1.39999346290884730 0.21307688176679079 1.00000000000000000 0.98174770424375002 
1.29159175803062376 0.53848017265264647 2.41943210096010741 1.38117660595116609 0.22476954625989329 0.90000000000000002 1.01447262771854163 
1.31781176937559263 0.57963199458775938 2.16472580181479568 1.42517365094465376 0.20366927433390719 1.00000000000000000 1.01447262771854163 

ZONE I=2, J=2
1.29159175803062376 0.53848017265264647 2.42200856913689266 1.38117660595116609 0.22476954625989329 0.90000000000000002 1.01447262771854163 
1.31781176937559263 0.57963199458775938 2.16243422398315888 1.42517365094465376 0.20366927433390719 1.00000000000000000 1.01447262771854163 
1.32273478104665343 0.51715829085586584 2.43322475408048566 1.40410106828288517 0.21349517286898895 0.90000000000000002 1.04719755119333335 
1.35156858376244071 0.55640157316892513 2.17365040892675188 1.44869351507905897 0.19392639481603424 1.00000000000000000 1.04719755119333335 

ZONE I=2, J=2
1.32273478104665343 0.51715829085586584 2.43590822994375378 1.40410106828288517 0.21349517286898895 0.90000000000000002 1.04719755119333335 
1.35156858376244071 0.55640157316892513 2.17126548228597693 1.44869351507905897 0.19392639481603424 1.00000000000000000 1.04719755119333335 
1.35235552255445857 0.49388285106125018 2.44649603461232479 1.42548585666362215 0.20193019191767927 0.90000000000000002 1.07992247466812508 
1.38361322223359218 0.53110434397506845 2.18185328695454794 1.47059877698469177 0.18383854345577377 1.00000000000000000 1.07992247466812508 

ZONE I=2, J=2
1.35235552255445857 0.49388285106125018 2.44912892189408771 1.42548585666362215 0.20193019191767927 0.90000000000000002 1.07992247466812508 
1.38361322223359218 0.53110434397506845 2.17951445326191040 1.47059877698469177 0.18383854345577377 1.00000000000000000 1.07992247466812508 
1.38037296283029853 0.46879920964275423 2.45906326320875523 1.44536347191914705 0.19007011736829346 0.90000000000000002 1.11264739814291680 
1.41387007371780804 0.50390041873142255 2.18944879457657793 1.49093098538724056 0.17340419304254259 1.00000000000000000 1.11264739814291680 

ZONE I=2, J=2
1.38037296283029853 0.46879920964275423 2.46157410718689906 1.44536347191914705 0.19007011736829346 0.90000000000000002 1.11264739814291680 
1.41387007371780804 0.50390041873142255 2.18721919299848278 1.49093098538724056 0.17340419304254259 1.00000000000000000 1.11264739814291680 
1.40671603516209842 0.44204792260193948 2.47083758452693925 1.46376303353331427 0.17791613507552798 0.90000000000000002 1.14537232161770830 
1.44227378653514693 0.47494286813439157 2.19648267033852296 1.50972727822089570 0.16262825312312301 1.00000000000000000 1.14537232161770830 

ZONE I=2, J=2
1.40671603516209842 0.44204792260193948 2.47319327508991504 1.46376303353331427 0.17791613507552798 0.90000000000000002 1.14537232161770830 
1.44227378653514693 0.47494286813439157 2.19439148170111276 1.50972727822089570 0.16262825312312301 1.00000000000000000 1.14537232161770830 
1.43132237849112021 0.41376502701848594 2.48177447305188315 1.48071047064477979 0.16547432089602515 0.90000000000000002 1.17809724509250002 
1.46876750163212710 0.44437849860288114 2.20297267966308086 1.52702052188969950 0.15152078932919055 1.00000000000000000 1.17809724509250002 

ZONE I=2, J=2
1.43132237849112021 0.41376502701848594 2.48395931839001882 1.48071047064477979 0.16547432089602515 0.90000000000000002 1.17809724509250002 
1.46876750163212710 0.44437849860288114 2.20103366600539285 1.52702052188969950 0.15152078932919055 1.00000000000000000 1.17809724509250002 
1.45413725466395549 0.38408243159228994 2.49185135222927556 1.49622872989213418 0.15275489355448735 0.90000000000000002 1.21082216856729175 
1.49330156157841132 0.41234860605063489 2.20892569984464959 1.54283959815826588 0.14009604233976061 1.00000000000000000 1.21082216856729175 

ZONE I=2, J=2
1.45413725466395549 0.38408243159228994 2.49385781181466948 1.49622872989213418 0.15275489355448735 0.90000000000000002 1.21082216856729175 
1.49330156157841132 0.41234860605063489 2.20714541456498869 1.54283959815826588 0.14009604233976061 1.00000000000000000 1.21082216856729175 
1.47511264435713563 0.35312834328438991 2.50105714026001236 1.51033799318915385 0.13977155183526585 0.90000000000000002 1.24354709204208325 
1.51583253441090693 0.37898967605520312 2.21434474301033157 1.55720973692871967 0.12837165633195319 1.00000000000000000 1.24354709204208325 

ZONE I=2, J=2
1.47511264435713563 0.35312834328438991 2.50288164340471742 1.51033799318915385 0.13977155183526585 0.90000000000000002 1.24354709204208325 
1.51583253441090693 0.37898967605520312 2.21272623536698188 1.55720973692871967 0.12837165633195319 1.00000000000000000 1.24354709204208325 
1.49420650548333156 0.32102769350703508 2.50938712250103180 1.52305589540940045 0.12654090439784760 0.90000000000000002 1.27627201551687497 
1.53632245970088577 0.34443402183145488 2.21923171446329626 1.57015284924143583 0.11636806089031283 1.00000000000000000 1.27627201551687497 

ZONE I=2, J=2
1.49420650548333156 0.32102769350703508 2.51102812367231820 1.52305589540940045 0.12654090439784760 0.90000000000000002 1.27627201551687497 
1.53632245970088577 0.34443402183145488 2.21777625226604780 1.57015284924143583 0.11636806089031283 1.00000000000000000 1.27627201551687497 
1.51138217014104304 0.28790254638808460 2.51684026199724187 1.53439773367033894 0.11308198505650396 0.90000000000000002 1.30899693899166669 
1.55473825894809847 0.30881036042256704 2.22358839059097146 1.58168784003957885 0.10410796901396352 1.00000000000000000 1.30899693899166669 

ZONE I=2, J=2
1.51138217014104304 0.28790254638808460 2.51829729352707510 1.53439773367033894 0.11308198505650396 0.90000000000000002 1.30899693899166669 
1.55473825894809847 0.30881036042256704 2.22229629908846871 1.58168784003957885 0.10410796901396352 1.00000000000000000 1.30899693899166669 
1.52660785666829213 0.25387248167080362 2.52341767006493356 1.54437666241781391 0.09941584164640664 0.90000000000000002 1.34172186246645841 
1.57105127140685630 0.27224433130761050 2.22741667562632717 1.59183089187276439 0.09161596475389408 1.00000000000000000 1.34172186246645841 

ZONE I=2, J=2
1.52660785666829213 0.25387248167080362 2.52469084990784953 1.54437666241781391 0.09941584164640664 0.90000000000000002 1.34172186246645841 
1.57105127140685630 0.27224433130761050 2.22628777311613302 1.59183089187276439 0.09161596475389408 1.00000000000000000 1.34172186246645841 
1.53985627646691192 0.21905495013278919 2.52912166133947203 1.55300387065554069 0.08556518615143646 0.90000000000000002 1.37444678594125014 
1.58523688775819527 0.23485896319699023 2.23071858454775551 1.60059571622360264 0.07891816083707689 1.00000000000000000 1.37444678594125014 

ZONE I=2, J=2
1.53985627646691192 0.21905495013278919 2.53021141629880741 1.55300387065554069 0.08556518615143646 0.90000000000000002 1.37444678594125014 
1.58523688775819527 0.23485896319699023 2.22975242701787746 1.60059571622360264 0.07891816083707689 1.00000000000000000 1.37444678594125014 
1.55110431883938626 0.18356560224606844 2.53395512670779688 1.56028873922746092 0.07155409485234880 0.90000000000000002 1.40717170941604164 
1.59727426135092854 0.19677509535358242 2.23349613742686692 1.60799377178229141 0.06604191119982680 1.00000000000000000 1.40717170941604164 

ZONE I=2, J=2
1.55110431883938626 0.18356560224606844 2.53486202364896451 1.56028873922746092 0.07155409485234880 0.90000000000000002 1.40717170941604164 
1.59727426135092854 0.19677509535358242 2.23269216750482480 1.60799377178229141 0.06604191119982680 1.00000000000000000 1.40717170941604164 
1.56033280038581901 0.14751859230838738 2.53792109533631516 1.56623897711094595 0.05740774873619214 0.90000000000000002 1.43989663289083336 
1.60714608179900287 0.15811175986168097 2.23575123919217544 1.61403445023639347 0.05301556656821060 1.00000000000000000 1.43989663289083336 

ZONE I=2, J=2
1.56033280038581901 0.14751859230838738 2.53864573095503365 1.56623897711094595 0.05740774873619214 0.90000000000000002 1.43989663289083336 
1.60714608179900287 0.15811175986168097 2.23510888324048329 1.61403445023639347 0.05301556656821060 1.00000000000000000 1.43989663289083336 
1.56752626834927766 0.11102686106043774 2.54102241985421040 1.57086073633937806 0.04315220584457093 0.90000000000000002 1.47262155636562508 
1.61483839942609775 0.11898653111786732 2.23748557213966004 1.61872523067035345 0.03986826356533395 1.00000000000000000 1.47262155636562508 

ZONE I=2, J=2
1.56752626834927766 0.11102686106043774 2.54156534539775913 1.57086073633937806 0.04315220584457093 0.90000000000000002 1.47262155636562508 
1.61483839942609775 0.11898653111786732 2.23700430644156922 1.61872523067035345 0.03986826356533395 1.00000000000000000 1.47262155636562508 
1.57267284967843057 0.07420240019193031 2.54326154851282338 1.57415870555550930 0.02881419847440325 0.90000000000000002 1.50534647984041658 
1.62034049186889351 0.07951584856936714 2.23870050955663347 1.62207180381590499 0.02662973956031412 1.00000000000000000 1.50534647984041658 

ZONE I=2, J=2
1.57267284967843057 0.07420240019193031 2.54362321760632248 1.57415870555550930 0.02881419847440325 0.90000000000000002 1.50534647984041658 
1.62034049186889351 0.07951584856936714 2.23837990611408699 1.62207180381590499 0.02662973956031412 1.00000000000000000 1.50534647984041658 
1.57576413956777261 0.03715650231148963 2.54464036308898933 1.57613618238958209 0.01442094914284215 0.90000000000000002 1.53807140331520831 
1.62364476636973865 0.03981531845093970 2.23939705159675384 1.62407816732979859 0.01333016676097312 1.00000000000000000 1.53807140331520831 

ZONE I=2, J=2
1.57576413956777261 0.03715650231148963 2.54482109655221711 1.57613618238958209 0.01442094914284215 0.90000000000000002 1.53807140331520831 
1.62364476636973865 0.03981531845093970 2.23923680902131439 1.62407816732979859 0.01333016676097312 1.00000000000000000 1.53807140331520831 
1.57679512494400664 0.00000000000772092 2.54516006956017771 1.57679512494400664 0.00000000000000000 0.90000000000000002 1.57079632679000003 
1.62474669306428599 0.00000000000795572 2.23957578202927499 1.62474669306428599 0.00000000000000000 1.00000000000000000 1.57079632679000003 

