ZONE I=2, J=2
0.00000000000000000 0.41297532255103492 288.68099909697428984 0.41297532255103492 0.00000000000000000 0.84999999999999998 0.00000000000000000 
0.00000000000000000 0.43573874469007862 116.94803785435055943 0.43573874469007862 0.00000000000000000 0.92499999999999993 0.00000000000000000 
0.04018623055891430 0.41298372265039285 288.78961150308720107 0.41385723040220029 0.02987777007293068 0.84999999999999998 0.02493327502841270 
0.04018388665727019 0.43574029585777213 117.05665026046347066 0.43660667202193770 0.02930808978816710 0.92499999999999993 0.02493327502841270 

ZONE I=2, J=2
0.00000000000000000 0.43573874469007862 121.08179075523662505 0.43573874469007862 0.00000000000000000 0.92499999999999993 0.00000000000000000 
0.00000000000000000 0.46250004409227990 34.24810096250237024 0.46250004409227990 0.00000000000000000 1.00000000000000000 0.00000000000000000 
0.04018388665727019 0.43574029585777213 121.12607010447661082 0.43660667202193770 0.02930808978816710 0.92499999999999993 0.02493327502841270 
0.04018349080172207 0.46250004409227990 34.29238031174237022 0.46335809297608793 0.02864055502143712 1.00000000000000000 0.02493327502841270 

ZONE I=2, J=2
0.04018623055891430 0.41298372265039285 288.82501845005089081 0.41385723040220029 0.02987777007293068 0.84999999999999998 0.02493327502841270 
0.04018388665727019 0.43574029585777213 116.99072932266160763 0.43660667202193770 0.02930808978816710 0.92499999999999993 0.02493327502841270 
0.08037143352761665 0.41299615028040659 289.08968043582018481 0.41648894881532089 0.05968536661887316 0.84999999999999998 0.04986655005682540 
0.08036667178371783 0.43574694140338277 117.25539130843093005 0.43921122155925763 0.05854657746119440 0.92499999999999993 0.04986655005682540 

ZONE I=2, J=2
0.04018388665727019 0.43574029585777213 121.16376575187227616 0.43660667202193770 0.02930808978816710 0.92499999999999993 0.02493327502841270 
0.04018349080172207 0.46250004409227990 34.27612962750963277 0.46335809297608793 0.02864055502143712 1.00000000000000000 0.02493327502841270 
0.08036667178371783 0.43574694140338277 121.28804649025384776 0.43921122155925763 0.05854657746119440 0.92499999999999993 0.04986655005682540 
0.08036577309654261 0.46250004409228018 34.40041036589120438 0.46593102323801650 0.05721214779346262 1.00000000000000000 0.04986655005682540 

ZONE I=2, J=2
0.08037143352761665 0.41299615028040659 289.18217526674607143 0.41648894881532089 0.05968536661887316 0.84999999999999998 0.04986655005682540 
0.08036667178371783 0.43574694140338277 117.14228460212055438 0.43921122155925763 0.05854657746119440 0.92499999999999993 0.04986655005682540 
0.12055409862181121 0.41301666412712051 289.61482225343036134 0.42087080483888284 0.08935223094855027 0.84999999999999998 0.07479982508523811 
0.12054695040572624 0.43575805065204648 117.57493158880481587 0.44354806764784732 0.08764563677703981 0.92499999999999993 0.07479982508523811 

ZONE I=2, J=2
0.08036667178371783 0.43574694140338277 121.35921440811367233 0.43921122155925763 0.05854657746119440 0.92499999999999993 0.04986655005682540 
0.08036577309654261 0.46250004409228018 34.36321428879818995 0.46593102323801650 0.05721214779346262 1.00000000000000000 0.04986655005682540 
0.12054695040572624 0.43575805065204648 121.57258674994207581 0.44354806764784732 0.08764563677703981 0.92499999999999993 0.07479982508523811 
0.12054558514848004 0.46250004409228018 34.57658663062660764 0.47021518302484122 0.08564584366485976 1.00000000000000000 0.07479982508523811 

ZONE I=2, J=2
0.12055409862181121 0.41301666412712051 289.76081399054970689 0.42087080483888284 0.08935223094855027 0.84999999999999998 0.07479982508523811 
0.12054695040572624 0.43575805065204648 117.41175077548341221 0.44354806764784732 0.08764563677703981 0.92499999999999993 0.07479982508523811 
0.16073297913033466 0.41304537359885041 290.36295601452144410 0.42699669496205683 0.11880822245537841 0.84999999999999998 0.09973310011365080 
0.16072347469792800 0.43577359706047741 118.01389279945514943 0.44961103043989054 0.11653576498561571 0.92499999999999993 0.09973310011365080 

ZONE I=2, J=2
0.12054695040572624 0.43575805065204648 121.67581274106795775 0.44354806764784732 0.08764563677703981 0.92499999999999993 0.07479982508523811 
0.12054558514848004 0.46250004409228018 34.51706878127285449 0.47021518302484122 0.08564584366485976 1.00000000000000000 0.07479982508523811 
0.16072347469792800 0.43577359706047741 121.97787665020324255 0.44961103043989054 0.11653576498561571 0.92499999999999993 0.09973310011365080 
0.16072166876606217 0.46250004409227974 34.81913269040812509 0.47620448793996101 0.11387287324972556 1.00000000000000000 0.09973310011365080 

ZONE I=2, J=2
0.16073297913033466 0.41304537359885041 290.56199153265760060 0.42699669496205683 0.11880822245537841 0.84999999999999998 0.09973310011365080 
0.16072347469792800 0.43577359706047741 117.79957759241743531 0.44961103043989054 0.11653576498561571 0.92499999999999993 0.09973310011365080 
0.20090681197651583 0.41308226427234424 291.33588393528071947 0.43485791545221170 0.14798343665252223 0.84999999999999998 0.12466637514206350 
0.20089498682283372 0.43579356575280165 118.57346999504055418 0.45739148883062231 0.14514769590797755 0.92499999999999993 0.12466637514206350 

ZONE I=2, J=2
0.16072347469792800 0.43577359706047741 122.11402300278507482 0.44961103043989054 0.11653576498561571 0.92499999999999993 0.09973310011365080 
0.16072166876606217 0.46250004409227974 34.73768551219031764 0.47620448793996101 0.11387287324972556 1.00000000000000000 0.09973310011365080 
0.20089498682283372 0.43579356575280165 122.50518608912165064 0.45739148883062231 0.14514769590797755 0.92499999999999993 0.12466637514206350 
0.20089277052438309 0.46250004409228029 35.12884859852689345 0.48389042812651262 0.14182471435495300 1.00000000000000000 0.12466637514206350 

ZONE I=2, J=2
0.20090681197651583 0.41308226427234424 291.58784430818019473 0.43485791545221170 0.14798343665252223 0.84999999999999998 0.12466637514206350 
0.20089498682283372 0.43579356575280165 118.30689725698339032 0.45739148883062231 0.14514769590797755 0.92499999999999993 0.12466637514206350 
0.24107431875241564 0.41312730763032335 292.53592515071767366 0.44444327972391051 0.17680828764533346 0.84999999999999998 0.14959965017047622 
0.24106021658845109 0.43581794275196678 119.25497809952092609 0.46687837738034443 0.17341247931139286 0.92499999999999993 0.14959965017047622 

ZONE I=2, J=2
0.20089498682283372 0.43579356575280165 122.67487432403267178 0.45739148883062231 0.14514769590797755 0.92499999999999993 0.12466637514206350 
0.20089277052438309 0.46250004409228029 35.02554095975428083 0.48389042812651262 0.14182471435495300 1.00000000000000000 0.12466637514206350 
0.24106021658845109 0.43581794275196678 123.15597418620556880 0.46687837738034443 0.17341247931139286 0.92499999999999993 0.14959965017047622 
0.24105762669033887 0.46250004409227979 35.50664082192716364 0.49326207568982683 0.16943315749021243 1.00000000000000000 0.14959965017047622 

ZONE I=2, J=2
0.24107431875241564 0.41312730763032335 292.84106026251799904 0.44444327972391051 0.17680828764533346 0.84999999999999998 0.14959965017047622 
0.24106021658845109 0.43581794275196678 118.93514150868307411 0.46687837738034443 0.17341247931139286 0.92499999999999993 0.14959965017047622 
0.28123420515003600 0.41318047020334775 293.96603031910876780 0.45573913767128621 0.20521358994585254 0.84999999999999998 0.17453292519888891 
0.28121787901638429 0.43584671170981848 120.06011156527387129 0.47805819303515090 0.20126156031071052 0.92499999999999993 0.17453292519888891 

ZONE I=2, J=2
0.24106021658845109 0.43581794275196678 123.35978253677858163 0.46687837738034443 0.17341247931139286 0.92499999999999993 0.14959965017047622 
0.24105762669033887 0.46250004409227979 35.38136791897370159 0.49326207568982683 0.16943315749021243 1.00000000000000000 0.14959965017047622 
0.28121787901638429 0.43584671170981848 123.93199249115026817 0.47805819303515090 0.20126156031071052 0.92499999999999993 0.17453292519888891 
0.28121495993546741 0.46250004409228229 35.95357787334538813 0.50430609451593345 0.19663038298024044 1.00000000000000000 0.17453292519888891 

ZONE I=2, J=2
0.28123420515003600 0.41318047020334775 294.32486729514255330 0.45573913767128621 0.20521358994585254 0.84999999999999998 0.17453292519888891 
0.28121787901638429 0.43584671170981848 119.68602402237446825 0.47805819303515090 0.20126156031071052 0.92499999999999993 0.17453292519888891 
0.32138515888951213 0.41324171385623365 295.62978713184861590 0.46872938846859807 0.23313063893690236 0.84999999999999998 0.19946620022730160 
0.32136667207655906 0.43587985331789686 120.99094385908058769 0.49091500685431488 0.22862685864793289 0.92499999999999993 0.19946620022730160 

ZONE I=2, J=2
0.28121787901638429 0.43584671170981848 124.17052056147372241 0.47805819303515090 0.20126156031071052 0.92499999999999993 0.17453292519888891 
0.28121495993546741 0.46250004409228229 35.80611603722536529 0.50430609451593345 0.19663038298024044 1.00000000000000000 0.17453292519888891 
0.32136667207655906 0.43587985331789686 124.83531483143752894 0.49091500685431488 0.22862685864793289 0.92499999999999993 0.19946620022730160 
0.32136347694911938 0.46250004409228213 36.47091030718918603 0.51700675237047100 0.22334903873876097 1.00000000000000000 0.19946620022730160 

ZONE I=2, J=2
0.32138515888951213 0.41324171385623365 296.04306683763235242 0.46872938846859807 0.23313063893690236 0.84999999999999998 0.19946620022730160 
0.32136667207655906 0.43587985331789686 120.56156581819784890 0.49091500685431488 0.22862685864793289 0.92499999999999993 0.19946620022730160 
0.36152584706847024 0.41331099543748090 297.53142142264567838 0.48339549500249596 0.26049129056340481 0.84999999999999998 0.22439947525571430 
0.36150527418443473 0.43591734530318310 122.04992040321114644 0.50543047858175061 0.25544084739908068 0.92499999999999993 0.22439947525571430 

ZONE I=2, J=2
0.32136667207655906 0.43587985331789686 125.10921638668443734 0.49091500685431488 0.22862685864793289 0.92499999999999993 0.19946620022730160 
0.32136347694911938 0.46250004409228213 36.30094362591316326 0.51700675237047100 0.22334903873876097 1.00000000000000000 0.19946620022730160 
0.36150527418443473 0.43591734530318310 125.86835871197703796 0.50543047858175061 0.25544084739908068 0.92499999999999993 0.22439947525571430 
0.36150186606299139 0.46250004409228179 37.06008595120574967 0.53134593523400242 0.24952231776474595 1.00000000000000000 0.22439947525571430 

ZONE I=2, J=2
0.36152584706847024 0.41331099543748090 298.00006513131802421 0.48339549500249596 0.26049129056340481 0.84999999999999998 0.22439947525571430 
0.36150527418443473 0.43591734530318310 121.56411882726618501 0.50543047858175061 0.25544084739908068 0.92499999999999993 0.22439947525571430 
0.40165491323272140 0.41338826657494093 299.67580780158846210 0.49971650068999024 0.28722804042079603 0.84999999999999998 0.24933275028412699 
0.40163234155246241 0.43595916252442163 123.23986149753665131 0.52158387355539404 0.28163663117012971 0.92499999999999993 0.24933275028412699 

ZONE I=2, J=2
0.36150527418443473 0.43591734530318310 126.17835982613509316 0.50543047858175061 0.25544084739908068 0.92499999999999993 0.22439947525571430 
0.36150186606299139 0.46250004409228179 36.86721934096463826 0.53134593523400242 0.24952231776474595 1.00000000000000000 0.22439947525571430 
0.40163234155246241 0.43595916252442163 127.03390398633031566 0.52158387355539404 0.28163663117012971 0.92499999999999993 0.24933275028412699 
0.40162879486318603 0.46250004409228174 37.72276350115986077 0.54730316386749212 0.27508403528603925 1.00000000000000000 0.24933275028412699 

ZONE I=2, J=2
0.40165491323272140 0.41338826657494093 300.20090135707556556 0.49971650068999024 0.28722804042079603 0.84999999999999998 0.24933275028412699 
0.40163234155246241 0.43595916252442163 122.69638609672870189 0.52158387355539404 0.28163663117012971 0.92499999999999993 0.24933275028412699 
0.44177097426382927 0.41347347361012737 302.06848807968270876 0.51766904864909369 0.31327410226825303 0.84999999999999998 0.27426602531253969 
0.44174650546896632 0.43600527708224279 124.56397281933587351 0.53935208185901418 0.30714802381254891 0.92499999999999993 0.27426602531253969 

ZONE I=2, J=2
0.40163234155246241 0.43595916252442163 127.38081429801680144 0.52158387355539404 0.28163663117012971 0.92499999999999993 0.24933275028412699 
0.40162879486318603 0.46250004409228174 37.50652861874682742 0.54730316386749212 0.27508403528603925 1.00000000000000000 0.24933275028412699 
0.44174650546896632 0.43600527708224279 128.33511160813480956 0.53935208185901418 0.30714802381254891 0.92499999999999993 0.27426602531253969 
0.44174290785282599 0.46250004409228107 38.46082592886482132 0.56485561262013473 0.29996870555970423 1.00000000000000000 0.27426602531253969 

ZONE I=2, J=2
0.44177097426382927 0.41347347361012737 302.65127521792726384 0.51766904864909369 0.31327410226825303 0.84999999999999998 0.27426602531253969 
0.44174650546896632 0.43600527708224279 123.96144106123875872 0.53935208185901418 0.30714802381254891 0.92499999999999993 0.27426602531253969 
0.48187261710562695 0.41356655761460515 304.71569524281278518 0.53722740313759598 0.33856348593942542 0.84999999999999998 0.29919930034095243 
0.48184636954289878 0.43605565843786298 126.02586108612428006 0.55870963970596033 0.33190962564678045 0.92499999999999993 0.29919930034095243 

ZONE I=2, J=2
0.44174650546896632 0.43600527708224279 128.71983232140388509 0.53935208185901418 0.30714802381254891 0.92499999999999993 0.27426602531253969 
0.44174290785282599 0.46250004409228107 38.22068326488105328 0.56485561262013473 0.29996870555970423 1.00000000000000000 0.27426602531253969 
0.48184636954289878 0.43605565843786298 129.77554389921181155 0.55870963970596033 0.33190962564678045 0.92499999999999993 0.29919930034095243 
0.48184282421693181 0.46250004409228179 39.27639484268900816 0.58397813049987757 0.32411161832396496 1.00000000000000000 0.29919930034095243 

ZONE I=2, J=2
0.48187261710562695 0.41356655761460515 305.35757561603406884 0.53722740313759598 0.33856348593942542 0.84999999999999998 0.29919930034095243 
0.48184636954289878 0.43605565843786298 125.36274764568719320 0.55870963970596033 0.33190962564678045 0.92499999999999993 0.29919930034095243 
0.52195839531888555 0.41366745445638164 307.62438162979572098 0.55836347319404023 0.36303107459689582 0.84999999999999998 0.32413257536936513 
0.52193050693512566 0.43611027354948406 127.62955365944884534 0.57962875305955641 0.35585690016014415 0.92499999999999993 0.32413257536936513 

ZONE I=2, J=2
0.48184636954289878 0.43605565843786298 130.19907426073456236 0.55870963970596033 0.33190962564678045 0.92499999999999993 0.29919930034095243 
0.48184282421693181 0.46250004409228179 39.01173367569450079 0.58397813049987757 0.32411161832396496 1.00000000000000000 0.29919930034095243 
0.52193050693512566 0.43611027354948406 131.35918716603833900 0.57962875305955641 0.35585690016014415 0.92499999999999993 0.32413257536936513 
0.52192713573777394 0.46250004409228140 40.17184658099824901 0.60464326453480655 0.34744891488892421 1.00000000000000000 0.32413257536936513 

ZONE I=2, J=2
0.52195839531888555 0.41366745445638164 308.32691119178116423 0.55836347319404023 0.36303107459689582 0.84999999999999998 0.32413257536936513 
0.52193050693512566 0.43611027354948406 126.90418225673964514 0.57962875305955641 0.35585690016014415 0.92499999999999993 0.32413257536936513 
0.56202682543395377 0.41377609490098038 310.80225054875074875 0.58104683842343174 0.38661270126187969 0.84999999999999998 0.34906585039777782 
0.56199745759005282 0.43616908703535390 129.37952161370927229 0.60207932349524762 0.37892625013641140 0.92499999999999993 0.34906585039777782 

ZONE I=2, J=2
0.52193050693512566 0.43611027354948406 131.82263024641005700 0.57962875305955641 0.35585690016014415 0.92499999999999993 0.32413257536936513 
0.52192713573777394 0.46250004409228140 39.88198364598495971 0.60464326453480655 0.34744891488892421 1.00000000000000000 0.32413257536936513 
0.56199745759005282 0.43616908703535390 133.09047724486018183 0.60207932349524762 0.37892625013641140 0.92499999999999993 0.34906585039777782 
0.56199440491611286 0.46250004409228063 41.14983064443508454 0.62682128546390370 0.36991766385475117 1.00000000000000000 0.34906585039777782 

ZONE I=2, J=2
0.56202682543395377 0.41377609490098038 311.56714295960279060 0.58104683842343174 0.38661270126187969 0.84999999999999998 0.34906585039777782 
0.56199745759005282 0.43616908703535390 128.59005834945602942 0.60207932349524762 0.37892625013641140 0.92499999999999993 0.34906585039777782 
0.60207638305588473 0.41389240474351163 314.25779080120804565 0.60524477687093081 0.40924522453961576 0.84999999999999998 0.37399912542619052 
0.60204572548059887 0.43623206137434833 131.28070619106134131 0.62602897631235210 0.40105509317010585 0.92499999999999993 0.37399912542619052 

ZONE I=2, J=2
0.56199745759005282 0.43616908703535390 133.59504540121545801 0.60207932349524762 0.37892625013641140 0.92499999999999993 0.34906585039777782 
0.56199440491611286 0.46250004409228063 40.83400797732335263 0.62682128546390370 0.36991766385475117 1.00000000000000000 0.34906585039777782 
0.60204572548059887 0.43623206137434833 134.97432848207697020 0.62602897631235210 0.40105509317010585 0.92499999999999993 0.37399912542619052 
0.60204316336923602 0.46250004409228129 42.21329105818485061 0.65048021580993698 0.39145593645371729 1.00000000000000000 0.37399912542619052 

ZONE I=2, J=2
0.60207638305588473 0.41389240474351163 315.08691894663638777 0.60524477687093081 0.40924522453961576 0.84999999999999998 0.37399912542619052 
0.60204572548059887 0.43623206137434833 130.42515410887506278 0.62602897631235210 0.40105509317010585 0.92499999999999993 0.37399912542619052 
0.64210549865971656 0.41401630497163022 318.00031360180241791 0.63092229491605367 0.43086660345084221 0.84999999999999998 0.39893240045460321 
0.64207377588077752 0.43629915715466361 133.33854876404103607 0.65144309090417984 0.42218193651656527 0.92499999999999993 0.39893240045460321 

ZONE I=2, J=2
0.60204572548059887 0.43623206137434833 135.52134866315040540 0.62602897631235210 0.40105509317010585 0.92499999999999993 0.37399912542619052 
0.60204316336923602 0.46250004409228129 41.87067326657239619 0.65048021580993698 0.39145593645371729 1.00000000000000000 0.37399912542619052 
0.64207377588077752 0.43629915715466361 137.01616668418691347 0.65144309090417984 0.42218193651656527 0.92499999999999993 0.39893240045460321 
0.64207191059517543 0.46250004409228040 43.36549128760889005 0.67558586040527968 0.41200288152045522 1.00000000000000000 0.39893240045460321 

ZONE I=2, J=2
0.64210549865971656 0.41401630497163022 318.89571045224681711 0.63092229491605367 0.43086660345084221 0.84999999999999998 0.39893240045460321 
0.64207377588077752 0.43629915715466361 132.41474375131480201 0.65144309090417984 0.42218193651656527 0.92499999999999993 0.39893240045460321 
0.68211255299403684 0.41414771196401978 322.03999126939083908 0.65804215910603991 0.45141597126833777 0.84999999999999998 0.42386567548301590 
0.68208003268417716 0.43637033338517933 135.55902456845882398 0.67828483340111057 0.44224645122733131 0.92499999999999993 0.42386567548301590 

ZONE I=2, J=2
0.64207377588077752 0.43629915715466361 137.60708558405420376 0.65144309090417984 0.42218193651656527 0.92499999999999993 0.39893240045460321 
0.64207191059517543 0.46250004409228040 42.99516242657981735 0.67558586040527968 0.41200288152045522 1.00000000000000000 0.39893240045460321 
0.68208003268417716 0.43637033338517933 139.22196664599860583 0.67828483340111057 0.44224645122733131 0.92499999999999993 0.42386567548301590 
0.68207911322097603 0.46250004409227974 44.61004348852420520 0.70210183946650140 0.43149880010890984 1.00000000000000000 0.42386567548301590 

ZONE I=2, J=2
0.68211255299403684 0.41414771196401978 323.00384926505995509 0.65804215910603991 0.45141597126833777 0.84999999999999998 0.42386567548301590 
0.68208003268417716 0.43637033338517933 134.56463299934011957 0.67828483340111057 0.44224645122733131 0.92499999999999993 0.42386567548301590 
0.72209587198622427 0.41428653773101076 326.38789681584574964 0.68656492982479955 0.47083370824460091 0.84999999999999998 0.44879895051142860 
0.72206287579226647 0.43644554788699874 137.94868055012591412 0.70651519160688059 0.46118954551948960 0.92499999999999993 0.44879895051142860 

ZONE I=2, J=2
0.68208003268417716 0.43637033338517933 139.85835560688343548 0.67828483340111057 0.44224645122733131 0.92499999999999993 0.42386567548301590 
0.68207911322097603 0.46250004409227974 44.21100368280442439 0.70210183946650140 0.43149880010890984 1.00000000000000000 0.42386567548301590 
0.72206287579226647 0.43644554788699874 141.59829497392269104 0.70651519160688059 0.46118954551948960 0.92499999999999993 0.44879895051142860 
0.72206320488813203 0.46250004409228046 45.95094304984369415 0.72998962434608172 0.44988521979027996 1.00000000000000000 0.44879895051142860 

ZONE I=2, J=2
0.72209587198622427 0.41428653773101076 327.42256480170857458 0.68656492982479955 0.47083370824460091 0.84999999999999998 0.44879895051142860 
0.72206287579226647 0.43644554788699874 136.88119936288583744 0.70651519160688059 0.46118954551948960 0.92499999999999993 0.44879895051142860 
0.76205372100990521 0.41443269020645124 331.05604319737614105 0.71644899666424822 0.48906151309992774 0.84999999999999998 0.47373222553984129 
0.76202063860376001 0.43652475778774402 140.51467775855334708 0.73609301225695911 0.47895343732580847 0.92499999999999993 0.47373222553984129 

ZONE I=2, J=2
0.72206287579226647 0.43644554788699874 142.28185444311156971 0.70651519160688059 0.46118954551948960 0.92499999999999993 0.44879895051142860 
0.72206320488813203 0.46250004409228046 45.52210499884973416 0.72998962434608172 0.44988521979027996 1.00000000000000000 0.44879895051142860 
0.76202063860376001 0.43652475778774402 144.15235910008209430 0.73609301225695911 0.47895343732580847 0.92499999999999993 0.47373222553984129 
0.76202258697510850 0.46250004409228074 47.39260965582027296 0.75920857613296400 0.46710496868664930 1.00000000000000000 0.47373222553984129 

ZONE I=2, J=2
0.76205372100990521 0.41443269020645124 332.16401965395209572 0.71644899666424822 0.48906151309992774 0.84999999999999998 0.47373222553984129 
0.76202063860376001 0.43652475778774402 139.37143799176035941 0.73609301225695911 0.47895343732580847 0.92499999999999993 0.47373222553984129 
0.80198429833328699 0.41458607360328814 336.05742046845625737 0.74765061532619925 0.50604247311987705 0.84999999999999998 0.49866550056825398 
0.80195160564677082 0.43660792014813532 143.26483880626446421 0.76697504063995081 0.49548172597065582 0.92499999999999993 0.49866550056825398 

ZONE I=2, J=2
0.76202063860376001 0.43652475778774402 144.88492231818690925 0.73609301225695911 0.47895343732580847 0.92499999999999993 0.47373222553984129 
0.76202258697510850 0.46250004409228074 46.93279519105329456 0.75920857613296400 0.46710496868664930 1.00000000000000000 0.47373222553984129 
0.80195160564677082 0.43660792014813532 146.89206357925337443 0.76697504063995081 0.49548172597065582 0.92499999999999993 0.49866550056825398 
0.80195563041837725 0.46250004409227952 48.93993645211975974 0.78971598733112713 0.48310224932070056 1.00000000000000000 0.49866550056825398 

ZONE I=2, J=2
0.80198429833328699 0.41458607360328814 337.24134137784494669 0.74765061532619925 0.50604247311987705 0.84999999999999998 0.49866550056825398 
0.80195160564677082 0.43660792014813532 142.04301403605279575 0.76697504063995081 0.49548172597065582 0.92499999999999993 0.49866550056825398 
0.84188572751080848 0.41474658884819871 341.40602834568608159 0.78012394583003253 0.52172113268507780 0.84999999999999998 0.52359877559666668 
0.84185401040837238 0.43669499275849183 146.20770100389387380 0.79911596263766804 0.51071946291351811 0.92499999999999993 0.52359877559666668 

ZONE I=2, J=2
0.80195160564677082 0.43660792014813532 147.67559904342434152 0.76697504063995081 0.49548172597065582 0.92499999999999993 0.49866550056825398 
0.80195563041837725 0.46250004409227952 48.44787335222619618 0.78971598733112713 0.48310224932070056 1.00000000000000000 0.49866550056825398 
0.84185401040837238 0.43669499275849183 149.82607506019607513 0.79911596263766804 0.51071946291351811 0.92499999999999993 0.52359877559666668 
0.84186067897275052 0.46250004409228040 50.59834936899791558 0.82146712692090051 0.49782271239281856 1.00000000000000000 0.52359877559666668 

ZONE I=2, J=2
0.84188572751080848 0.41474658884819871 342.66864746409908093 0.78012394583003253 0.52172113268507780 0.84999999999999998 0.52359877559666668 
0.84185401040837238 0.43669499275849183 144.90432268076847322 0.79911596263766804 0.51071946291351811 0.92499999999999993 0.52359877559666668 
0.88175604840736321 0.41491413411552724 347.11690068123550645 0.81382109173256023 0.53604356002383791 0.84999999999999998 0.54853205062507937 
0.88172603343395028 0.43678593515454267 149.35257589790495558 0.83246844926027830 0.52461322149768930 0.92499999999999993 0.54853205062507937 

ZONE I=2, J=2
0.84185401040837238 0.43669499275849183 150.66268710161145350 0.79911596263766804 0.51071946291351811 0.92499999999999993 0.52359877559666668 
0.84186067897275052 0.46250004409228040 50.07266871806421449 0.82146712692090051 0.49782271239281856 1.00000000000000000 0.52359877559666668 
0.88172603343395028 0.43678593515454267 152.96389767662137160 0.83246844926027830 0.52461322149768930 0.92499999999999993 0.54853205062507937 
0.88173605435748370 0.46250004409228218 52.37387929307416101 0.85441528920847087 0.51121353063673047 1.00000000000000000 0.54853205062507937 

ZONE I=2, J=2
0.88175604840736321 0.41491413411552724 348.46105920732463801 0.81382109173256023 0.53604356002383791 0.84999999999999998 0.54853205062507937 
0.88172603343395028 0.43678593515454267 147.96455833093190790 0.83246844926027830 0.52461322149768930 0.92499999999999993 0.54853205062507937 
0.92159320644691967 0.41508860548537252 353.20611695282457276 0.84869213997307691 0.54895741193723324 0.84999999999999998 0.57346532565349206 
0.92156580079142747 0.43688070991593630 152.70961607643178581 0.86698320377878435 0.53711116563563677 0.92499999999999993 0.57346532565349206 

ZONE I=2, J=2
0.88172603343395028 0.43678593515454267 153.85582423948881114 0.83246844926027830 0.52461322149768930 0.92499999999999993 0.54853205062507937 
0.88173605435748370 0.46250004409228218 51.81311376895388321 0.85441528920847087 0.51121353063673047 1.00000000000000000 0.54853205062507937 
0.92156580079142747 0.43688070991593630 156.31596109722636356 0.86698320377878435 0.53711116563563677 0.92499999999999993 0.57346532565349206 
0.92158006387205993 0.46250004409228329 54.27325062669146405 0.88851184700191155 0.52322347295304517 1.00000000000000000 0.57346532565349206 

ZONE I=2, J=2
0.92159320644691967 0.41508860548537252 354.63469853126912312 0.84869213997307691 0.54895741193723324 0.84999999999999998 0.57346532565349206 
0.92156580079142747 0.43688070991593630 151.23379481169249061 0.86698320377878435 0.53711116563563677 0.92499999999999993 0.57346532565349206 
0.96139503954897898 0.41526989775764789 359.69079398446899631 0.88468520083337121 0.56041199619516346 0.84999999999999998 0.59839860068190487 
0.96137138302545266 0.43697928432982441 156.28989026489230696 0.90260901159173490 0.54816311735382983 0.92499999999999993 0.59839860068190487 

ZONE I=2, J=2
0.92156580079142747 0.43688070991593630 157.26556746103184992 0.86698320377878435 0.53711116563563677 0.92499999999999993 0.57346532565349206 
0.92158006387205993 0.46250004409228329 53.67583423242889751 0.88851184700191155 0.52322347295304517 1.00000000000000000 0.57346532565349206 
0.96137138302545266 0.43697928432982441 159.89372412508126331 0.90260901159173490 0.54816311735382983 0.92499999999999993 0.59839860068190487 
0.96139101124523851 0.46250004409228329 56.30399089647831090 0.92370630982741808 0.53380297907891094 1.00000000000000000 0.59839860068190487 

ZONE I=2, J=2
0.96139503954897898 0.41526989775764789 361.20665953384178692 0.88468520083337121 0.56041199619516346 0.84999999999999998 0.59839860068190487 
0.96137138302545266 0.43697928432982441 154.72307899712714629 0.90260901159173490 0.54816311735382983 0.92499999999999993 0.59839860068190487 
1.00115926204553674 0.41545790546125266 366.58904848652088049 0.92174644733632205 0.57035833123807689 0.84999999999999998 0.62333187571031756 
1.00114079476577067 0.43708163252581878 160.10546794980629670 0.93929279300758750 0.55772062310773396 0.92499999999999993 0.62333187571031756 

ZONE I=2, J=2
0.96137138302545266 0.43697928432982441 160.90349082872029385 0.90260901159173490 0.54816311735382983 0.92499999999999993 0.59839860068190487 
0.96139101124523851 0.46250004409228329 55.66826085023069481 0.92370630982741808 0.53380297907891094 1.00000000000000000 0.59839860068190487 
1.00114079476577067 0.43708163252581878 163.70979758772148216 0.93929279300758750 0.55772062310773396 0.92499999999999993 0.62333187571031756 
1.00116721171903755 0.46250004409228179 58.47456760923186891 0.95994638813266442 0.54290423512594432 1.00000000000000000 0.62333187571031756 

ZONE I=2, J=2
1.00115926204553674 0.41545790546125266 368.19494340463973003 0.92174644733632205 0.57035833123807689 0.84999999999999998 0.62333187571031756 
1.00114079476577067 0.43708163252581878 158.44454098526412622 0.93929279300758750 0.55772062310773396 0.92499999999999993 0.62333187571031756 
1.04088344464454097 0.41565252410731701 373.91991743691755801 0.95982015318518110 0.57874920273935981 0.84999999999999998 0.64826515073873026 
1.04087199520493301 0.43718773821987977 164.16951501754189735 0.97697965918220586 0.56573701876042448 0.92499999999999993 0.64826515073873026 

ZONE I=2, J=2
1.00114079476577067 0.43708163252581878 164.78230015863880453 0.93929279300758750 0.55772062310773396 0.92499999999999993 0.62333187571031756 
1.00116721171903755 0.46250004409228179 57.79876935608331223 0.95994638813266442 0.54290423512594432 1.00000000000000000 0.62333187571031756 
1.04087199520493301 0.43718773821987977 167.77809142647168983 0.97697965918220586 0.56573701876042448 0.92499999999999993 0.64826515073873026 
1.04090701268017760 0.46250004409228235 60.79456062391618332 0.99717806473188964 0.55048125040703966 1.00000000000000000 0.64826515073873026 

ZONE I=2, J=2
1.04088344464454097 0.41565252410731701 375.61834110537898823 0.95982015318518110 0.57874920273935981 0.84999999999999998 0.64826515073873026 
1.04087199520493301 0.43718773821987977 162.41152490941610154 0.97697965918220586 0.56573701876042448 0.92499999999999993 0.64826515073873026 
1.08056498920447441 0.41585365174564981 381.70321840595073581 0.99884872804739866 0.58553921648575491 0.84999999999999998 0.67319842576714295 
1.08056288972670544 0.43729759824321424 168.49640220998784912 1.01561297152460450 0.57216749309513792 0.92499999999999993 0.67319842576714295 

ZONE I=2, J=2
1.04087199520493301 0.43718773821987977 168.91596860940444458 0.97697965918220586 0.56573701876042448 0.92499999999999993 0.64826515073873026 
1.04090701268017760 0.46250004409228235 60.07685728350345755 0.99717806473188964 0.55048125040703966 1.00000000000000000 0.64826515073873026 
1.08056288972670544 0.43729759824321424 172.11399242559855338 1.01561297152460450 0.57216749309513792 0.92499999999999993 0.67319842576714295 
1.08060882156309068 0.46250004409228673 63.27488109969756636 1.03534567515620490 0.55648993608211916 1.00000000000000000 0.67319842576714295 

ZONE I=2, J=2
1.08056498920447441 0.41585365174564981 383.49624239993096353 0.99884872804739866 0.58553921648575491 0.84999999999999998 0.67319842576714295 
1.08056288972670544 0.43729759824321424 166.63874576139667738 1.01561297152460450 0.57216749309513792 0.92499999999999993 0.67319842576714295 
1.12020109668267498 0.41606119089553056 389.95932521006915294 1.03877274858659674 0.59068484691273582 0.84999999999999998 0.69813170079555564 
1.12021133305011089 0.43741122708178826 173.10182857153492364 1.05513440497765432 0.57696914969827773 0.92499999999999993 0.69813170079555564 

ZONE I=2, J=2
1.08056288972670544 0.43729759824321424 173.31989836262658855 1.01561297152460450 0.57216749309513792 0.92499999999999993 0.67319842576714295 
1.08060882156309068 0.46250004409228673 62.51336910964619875 1.03534567515620490 0.55648993608211916 1.00000000000000000 0.67319842576714295 
1.12021133305011089 0.43741122708178826 176.73458115214646114 1.05513440497765432 0.57696914969827773 0.92499999999999993 0.69813170079555564 
1.12027114328776545 0.46250004409228751 65.92805189916605002 1.07439199911270777 0.56088818628247461 1.00000000000000000 0.69813170079555564 

ZONE I=2, J=2
1.12020109668267498 0.41606119089553056 391.84834190698575185 1.03877274858659674 0.59068484691273582 0.84999999999999998 0.69813170079555564 
1.12021133305011089 0.43741122708178826 171.14247935425305513 1.05513440497765432 0.57696914969827773 0.92499999999999993 0.69813170079555564 
1.15978872608441019 0.41627505093401418 398.70882505608869906 1.07953098310797824 0.59414448048646962 0.84999999999999998 0.72306497582396834 
1.15981513436037487 0.43752866271259566 178.00296250335594550 1.09548401569696519 0.58010106700375752 0.92499999999999993 0.72306497582396834 

ZONE I=2, J=2
1.12021133305011089 0.43741122708178826 178.01111515828537790 1.05513440497765432 0.57696914969827773 0.92499999999999993 0.69813170079555564 
1.12027114328776545 0.46250004409228751 65.12078527095503944 1.07439199911270777 0.56088818628247461 1.00000000000000000 0.69813170079555564 
1.15981513436037487 0.43752866271259566 181.65889949048428775 1.09548401569696519 0.58010106700375752 0.92499999999999993 0.72306497582396834 
1.15989263021238243 0.46250004409228712 68.76856960315397771 1.11425836597537931 0.56363596253277126 1.00000000000000000 0.72306497582396834 

ZONE I=2, J=2
1.15978872608441019 0.41627505093401418 400.69420212237753276 1.07953098310797824 0.59414448048646962 0.84999999999999998 0.72306497582396834 
1.15981513436037487 0.43752866271259566 175.94079490790662135 1.09548401569696519 0.58010106700375752 0.92499999999999993 0.72306497582396834 
1.19932454152534973 0.41649515103631102 407.97201069934487805 1.12106040695897446 0.59587845295053965 0.84999999999999998 0.74799825085238103 
1.19937206502587923 0.43764997409598766 183.21860348487396664 1.13660031379059623 0.58152435622403531 0.92499999999999993 0.74799825085238103 

ZONE I=2, J=2
1.15981513436037487 0.43752866271259566 183.00850454742089823 1.09548401569696519 0.58010106700375752 0.92499999999999993 0.72306497582396834 
1.15989263021238243 0.46250004409228712 67.91359606411239724 1.11425836597537931 0.56363596253277126 1.00000000000000000 0.72306497582396834 
1.19937206502587923 0.43764997409598766 186.90828400935629361 1.13660031379059623 0.58152435622403531 0.92499999999999993 0.74799825085238103 
1.19947214852667172 0.46250004409228557 71.81337552604779262 1.15488477818526358 0.56469538247849216 1.00000000000000000 0.74799825085238103 

ZONE I=2, J=2
1.19932454152534973 0.41649515103631102 410.05261883794247524 1.12106040695897446 0.59587845295053965 0.84999999999999998 0.74799825085238103 
1.19937206502587923 0.43764997409598766 181.05384284300723152 1.13660031379059623 0.58152435622403531 0.92499999999999993 0.74799825085238103 
1.23880484356746967 0.41672142376749066 417.76814389252939463 1.16329620485218710 0.59584907925541508 0.84999999999999998 0.77293152588079372 
1.23887986964633856 0.43777527076670752 188.76936789759409407 1.17842034193893075 0.58120221680093953 0.92499999999999993 0.77293152588079372 

ZONE I=2, J=2
1.19937206502587923 0.43764997409598766 188.33310140163425217 1.13660031379059623 0.58152435622403531 0.92499999999999993 0.74799825085238103 
1.19947214852667172 0.46250004409228557 70.90878904445102648 1.15488477818526358 0.56469538247849216 1.00000000000000000 0.74799825085238103 
1.23887986964633856 0.43777527076670752 192.50678560895730129 1.17842034193893075 0.58120221680093953 0.92499999999999993 0.77293152588079372 
1.23900886627002293 0.46250004409228729 75.08247325177407561 1.19621005771028099 0.56403081415279233 1.00000000000000000 0.77293152588079372 

ZONE I=2, J=2
1.23880484356746967 0.41672142376749066 419.94071493328704037 1.16329620485218710 0.59584907925541508 0.84999999999999998 0.77293152588079372 
1.23887986964633856 0.43777527076670752 186.50421444247692193 1.17842034193893075 0.58120221680093953 0.92499999999999993 0.77293152588079372 
1.27822547972201783 0.41695381942302967 428.11440287671803162 1.20617175497338680 0.59402067476347575 0.84999999999999998 0.79786480090920642 
1.27833628132580435 0.43790471505851075 194.67790238590797003 1.22087976087299110 0.57909998887503800 0.92499999999999993 0.79786480090920642 

ZONE I=2, J=2
1.23887986964633856 0.43777527076670752 194.00844762151342593 1.17842034193893075 0.58120221680093953 0.92499999999999993 0.77293152588079372 
1.23900886627002293 0.46250004409228729 74.12648924024392727 1.19621005771028099 0.56403081415279233 1.00000000000000000 0.77293152588079372 
1.27833628132580435 0.43790471505851075 198.48170286783653182 1.22087976087299110 0.57909998887503800 0.92499999999999993 0.79786480090920642 
1.27850236984246535 0.46250004409228779 78.59974448656703316 1.23817202242047952 0.56160897729055914 1.00000000000000000 0.79786480090920642 

ZONE I=2, J=2
1.27822547972201783 0.41695381942302967 430.37266263194049998 1.20617175497338680 0.59402067476347575 0.84999999999999998 0.79786480090920642 
1.27833628132580435 0.43790471505851075 192.31739509786649478 1.22087976087299110 0.57909998887503800 0.92499999999999993 0.79786480090920642 
1.31758172733529344 0.41719231119092515 439.02439486549957337 1.24961858799010739 0.59035956609026941 0.84999999999999998 0.82279807593761911 
1.31773904216910154 0.43803853758285832 200.96912733142562502 1.26391294280072963 0.57518520207431445 0.92499999999999993 0.82279807593761911 

ZONE I=2, J=2
1.27833628132580435 0.43790471505851075 200.06103705650050983 1.22087976087299110 0.57909998887503800 0.92499999999999993 0.79786480090920642 
1.27850236984246535 0.46250004409228779 77.59080671115717109 1.23817202242047952 0.56160897729055914 1.00000000000000000 0.79786480090920642 
1.31773904216910154 0.43803853758285832 204.86426575587060483 1.26391294280072963 0.57518520207431445 0.92499999999999993 0.82279807593761911 
1.31795281814536347 0.46250004409229062 82.39403541052726609 1.28070770153284808 0.55739905353088448 1.00000000000000000 0.82279807593761911 

ZONE I=2, J=2
1.31758172733529344 0.41719231119092515 441.35790055088114059 1.24961858799010739 0.59035956609026941 0.84999999999999998 0.82279807593761911 
1.31773904216910154 0.43803853758285832 198.52233867253173116 1.26391294280072963 0.57518520207431445 0.92499999999999993 0.82279807593761911 
1.35686813986663424 0.41743690114551191 450.50607196732357806 1.29356631175455683 0.58483408973555984 0.84999999999999998 0.84773135096603180 
1.35708592996297872 0.43817705663893614 207.67051008897422548 1.30745307383458464 0.56942761962231903 0.92499999999999993 0.84773135096603180 

ZONE I=2, J=2
1.31773904216910154 0.43803853758285832 206.52087106564621877 1.26391294280072963 0.57518520207431445 0.92499999999999993 0.82279807593761911 
1.31795281814536347 0.46250004409229062 81.33096807681639007 1.28070770153284808 0.55739905353088448 1.00000000000000000 0.82279807593761911 
1.35708592996297872 0.43817705663893614 211.69051834874656493 1.30745307383458464 0.56942761962231903 0.92499999999999993 0.84773135096603180 
1.35736114659301466 0.46250004409228734 86.50061535991673622 1.32375360241650597 0.55137280777618525 1.00000000000000000 0.84773135096603180 

ZONE I=2, J=2
1.35686813986663424 0.41743690114551191 452.89866870991988890 1.29356631175455683 0.58483408973555984 0.84999999999999998 0.84773135096603180 
1.35708592996297872 0.43817705663893614 205.15219602255245945 1.30745307383458464 0.56942761962231903 0.92499999999999993 0.84773135096603180 
1.39607834469220982 0.41768762694605427 462.55883325950196650 1.33794248942893512 0.57741457654190820 0.84999999999999998 0.87266462599444450 
1.39637479160427724 0.43832070221417108 214.81236057213448021 1.35143226607072187 0.56179927629035509 0.92499999999999993 0.87266462599444450 

ZONE I=2, J=2
1.35708592996297872 0.43817705663893614 213.42215174554786472 1.30745307383458464 0.56942761962231903 0.92499999999999993 0.84773135096603180 
1.35736114659301466 0.46250004409228734 85.38284160178811533 1.32375360241650597 0.55137280777618525 1.00000000000000000 0.84773135096603180 
1.39637479160427724 0.43832070221417108 219.00246385125456072 1.35143226607072187 0.56179927629035509 0.92499999999999993 0.87266462599444450 
1.39672933756742590 0.46250004409228906 90.96315370749483975 1.36724604540530104 0.54350472355856816 1.00000000000000000 0.87266462599444450 

ZONE I=2, J=2
1.39607834469220982 0.41768762694605427 464.98663157859590456 1.33794248942893512 0.57741457654190820 0.84999999999999998 0.87266462599444450 
1.39637479160427724 0.43832070221417108 212.24523296808604300 1.35143226607072187 0.56179927629035509 0.92499999999999993 0.87266462599444450 
1.43520477687060311 0.41794456880365433 475.16952525003972596 1.38267245473567635 0.56807332014440637 0.84999999999999998 0.89759790102285719 
1.43560358263054644 0.43847004503675779 222.42812663952980756 1.39578167874386772 0.55227450795700062 0.92499999999999993 0.89759790102285719 

ZONE I=2, J=2
1.39637479160427724 0.43832070221417108 220.80413949528991679 1.35143226607072187 0.56179927629035509 0.92499999999999993 0.87266462599444450 
1.39672933756742590 0.46250004409228906 89.79101621340868178 1.36724604540530104 0.54350472355856816 1.00000000000000000 0.87266462599444450 
1.43560358263054644 0.43847004503675779 226.84955135960507278 1.39578167874386772 0.55227450795700062 0.92499999999999993 0.89759790102285719 
1.43606078014256688 0.46250004409229095 95.83642807772386618 1.41112158950232303 0.53377215615793061 1.00000000000000000 0.89759790102285719 

ZONE I=2, J=2
1.43520477687060311 0.41794456880365433 477.59829744818830477 1.38267245473567635 0.56807332014440637 0.84999999999999998 0.89759790102285719 
1.43560358263054644 0.43847004503675779 219.84596526216137136 1.39578167874386772 0.55227450795700062 0.92499999999999993 0.89759790102285719 
1.47423832857834514 0.41820785555452572 488.30696923757818695 1.42767904271876844 0.55678452823206981 0.84999999999999998 0.92253117605126989 
1.47477040927601766 0.43862583054046744 230.55463705155125353 1.44043164488582187 0.54082996931105165 0.92499999999999993 0.92253117605126989 

ZONE I=2, J=2
1.43560358263054644 0.43847004503675779 228.71218937925226555 1.39578167874386772 0.55227450795700062 0.92499999999999993 0.89759790102285719 
1.43606078014256688 0.46250004409229095 94.61167626485723758 1.41112158950232303 0.53377215615793061 1.00000000000000000 0.89759790102285719 
1.47477040927601766 0.43862583054046744 235.29059649303786728 1.44043164488582187 0.54082996931105165 0.92499999999999993 0.92253117605126989 
1.47536075140202305 0.46250004409228995 101.19008337864283931 1.45531758122054011 0.52215550878383754 1.00000000000000000 0.92253117605126989 

ZONE I=2, J=2
1.47423832857834514 0.41820785555452572 490.68887630555269652 1.42767904271876844 0.55678452823206981 0.84999999999999998 0.92253117605126989 
1.47477040927601766 0.43862583054046744 228.00650704466360708 1.44043164488582187 0.54082996931105165 0.92499999999999993 0.92253117605126989 
1.51316788772948940 0.41847766677226367 501.91455625256168105 1.47288220702463923 0.54352425729962595 0.84999999999999998 0.94746445107968258 
1.51387356299320164 0.43878901595247044 239.23218699167253476 1.48531179314948525 0.52744463442273193 0.92499999999999993 0.94746445107968258 

ZONE I=2, J=2
1.47477040927601766 0.43862583054046744 237.19893618654572265 1.44043164488582187 0.54082996931105165 0.92499999999999993 0.92253117605126989 
1.47536075140202305 0.46250004409228995 99.91665121728152599 1.45531758122054011 0.52215550878383754 1.00000000000000000 0.92253117605126989 
1.51387356299320164 0.43878901595247044 244.39622267148922674 1.48531179314948525 0.52744463442273193 0.92499999999999993 0.94746445107968258 
1.51463706728804604 0.46250004409229045 107.11393770222503008 1.49977287394285330 0.50863844032229610 1.00000000000000000 0.94746445107968258 

ZONE I=2, J=2
1.51316788772948940 0.41847766677226367 504.18415487993530633 1.47288220702463923 0.54352425729962595 0.84999999999999998 0.94746445107968258 
1.51387356299320164 0.43878901595247044 236.78805372492575998 1.48531179314948525 0.52744463442273193 0.92499999999999993 0.94746445107968258 
1.55197973003525225 0.41875422229732584 515.90038268343550953 1.51819848272491065 0.52827033627103448 0.84999999999999998 0.97239772610809527 
1.55291152372504215 0.43896080393276643 248.50428152842596319 1.53035113954127078 0.51209977310292465 0.92499999999999993 0.97239772610809527 

ZONE I=2, J=2
1.51387356299320164 0.43878901595247044 246.32546665810374975 1.48531179314948525 0.52744463442273193 0.92499999999999993 0.94746445107968258 
1.51463706728804604 0.46250004409229045 105.79926465959107418 1.49977287394285330 0.50863844032229610 1.00000000000000000 0.94746445107968258 
1.55291152372504215 0.43896080393276643 254.25184585165825979 1.53035113954127078 0.51209977310292465 0.92499999999999993 0.97239772610809527 
1.55390097960150841 0.46250004409228429 113.72564385314555579 1.54442879248537235 0.49320812050701979 1.00000000000000000 0.97239772610809527 

ZONE I=2, J=2
1.55197973003525225 0.41875422229732584 517.96990091009627122 1.51819848272491065 0.52827033627103448 0.84999999999999998 0.97239772610809527 
1.55291152372504215 0.43896080393276643 246.26228765674588317 1.53035113954127078 0.51209977310292465 0.92499999999999993 0.97239772610809527 
1.59065670984924301 0.41903773298776797 530.12439867756063450 1.56354022755678157 0.51100229653851270 0.84999999999999998 0.99733100113650797 
1.59188288020729685 0.43914265102485334 258.41678542421027487 1.57547809061014443 0.49477889835120176 0.92499999999999993 0.99733100113650797 

ZONE I=2, J=2
1.55291152372504215 0.43896080393276643 256.16194491246210418 1.53035113954127078 0.51209977310292465 0.92499999999999993 0.97239772610809527 
1.55390097960150841 0.46250004409228429 112.38307632044198670 1.54442879248537235 0.49320812050701979 1.00000000000000000 0.97239772610809527 
1.59188288020729685 0.43914265102485334 264.96098929127106203 1.57547809061014443 0.49477889835120176 0.92499999999999993 0.99733100113650797 
1.59316845611065960 0.46250004409228423 121.18212069925091612 1.58923047403758444 0.47585556708066568 1.00000000000000000 0.99733100113650797 

ZONE I=2, J=2
1.59065670984924301 0.41903773298776797 531.87813599232038086 1.56354022755678157 0.51100229653851270 0.84999999999999998 0.99733100113650797 
1.59188288020729685 0.43914265102485334 256.51240722094837565 1.57547809061014443 0.49477889835120176 0.92499999999999993 0.99733100113650797 
1.62917713995256874 0.41932822777408074 544.38215732192418272 1.60881449781565666 0.49170136014692861 0.84999999999999998 1.02226427616492077 
1.63078605811968202 0.43933617795050706 269.01642855055217751 1.62062022258645033 0.47546770527296089 0.92499999999999993 1.02226427616492077 

ZONE I=2, J=2
1.59188288020729685 0.43914265102485334 266.78608409387788925 1.57547809061014443 0.49477889835120176 0.92499999999999993 0.99733100113650797 
1.59316845611065960 0.46250004409228423 119.83559667377001290 1.58923047403758444 0.47585556708066568 1.00000000000000000 0.99733100113650797 
1.63078605811968202 0.43933617795050706 276.64797102366424042 1.62062022258645033 0.47546770527296089 0.92499999999999993 1.02226427616492077 
1.63246212451614636 0.46250004409227985 129.69748360355637828 1.63412885001231434 0.45657614953319930 1.00000000000000000 1.02226427616492077 

ZONE I=2, J=2
1.62917713995256874 0.41932822777408074 545.66873668128062036 1.60881449781565666 0.49170136014692861 0.84999999999999998 1.02226427616492077 
1.63078605811968202 0.43933617795050706 267.63417150768816555 1.62062022258645033 0.47546770527296089 0.92499999999999993 1.02226427616492077 
1.66751305603583955 0.41962496694146406 558.38489163428801021 1.65392115113845772 0.47035064658980563 0.84999999999999998 1.04719755119333335 
1.66961861793613853 0.43954272851197135 280.35032646069555540 1.66570350201866391 0.45415414003341287 0.92499999999999993 1.04719755119333335 

ZONE I=2, J=2
1.63078605811968202 0.43933617795050706 278.27466493040594742 1.62062022258645033 0.47546770527296089 0.92499999999999993 1.02226427616492077 
1.63246212451614636 0.46250004409227985 128.39146048990707527 1.63412885001231434 0.45657614953319930 1.00000000000000000 1.02226427616492077 
1.66961861793613853 0.43954272851197135 289.45671517648077042 1.66570350201866391 0.45415414003341287 0.92499999999999993 1.04719755119333335 
1.67181451681731752 0.46250004409228418 139.57351073598195512 1.67908386402412435 0.43537047097879883 1.00000000000000000 1.04719755119333335 

ZONE I=2, J=2
1.66751305603583955 0.41962496694146406 559.00028454865537242 1.65392115113845772 0.47035064658980563 0.84999999999999998 1.04719755119333335 
1.66961861793613853 0.43954272851197135 279.74259685614254067 1.66570350201866391 0.45415414003341287 0.92499999999999993 1.04719755119333335 
1.70562685366347555 0.41992438443525276 571.73500465416532279 1.69874880658162408 0.44693617521834295 0.84999999999999998 1.07213082622174616 
1.70837547640158105 0.43976163674379926 292.47731696165249105 1.71064995120881536 0.43082921204485680 0.92499999999999993 1.07213082622174616 

ZONE I=2, J=2
1.66961861793613853 0.43954272851197135 290.67355684912530478 1.66570350201866391 0.45415414003341287 0.92499999999999993 1.04719755119333335 
1.67181451681731752 0.46250004409228418 138.39705127922212569 1.67908386402412435 0.43537047097879883 1.00000000000000000 1.04719755119333335 
1.70837547640158105 0.43976163674379926 303.53556195541858642 1.71064995120881536 0.43082921204485680 0.92499999999999993 1.07213082622174616 
1.71127390411847569 0.46250004409228451 151.25905638551540733 1.72407014674063386 0.41224603675473298 1.00000000000000000 1.07213082622174616 

ZONE I=2, J=2
1.70562685366347555 0.41992438443525276 571.36166678589972889 1.69874880658162408 0.44693617521834295 0.84999999999999998 1.07213082622174616 
1.70837547640158105 0.43976163674379926 293.01804579446763910 1.71064995120881536 0.43082921204485680 0.92499999999999993 1.07213082622174616 
1.74346291891469618 0.42021224656413747 583.89255402045216670 1.74316380648177671 0.42145133238013932 0.84999999999999998 1.09706410125015874 
1.74704321216670677 0.43998306609807170 305.54893302902007690 1.75536946709006036 0.40549120537785066 0.92499999999999993 1.09706410125015874 

ZONE I=2, J=2
1.70837547640158105 0.43976163674379926 303.90044444092569620 1.71064995120881536 0.43082921204485680 0.92499999999999993 1.07213082622174616 
1.71127390411847569 0.46250004409228451 150.42119316011809360 1.72407014674063386 0.41224603675473298 1.00000000000000000 1.07213082622174616 
1.74704321216670677 0.43998306609807170 318.98271820942107979 1.75536946709006036 0.40549120537785066 0.92499999999999993 1.09706410125015874 
1.75091191961114934 0.46250004409228290 165.50346692861353404 1.76908460611381702 0.38721892700755695 1.00000000000000000 1.09706410125015874 

ZONE I=2, J=2
1.74346291891469618 0.42021224656413747 581.81353858339934959 1.74316380648177671 0.42145133238013932 0.84999999999999998 1.09706410125015874 
1.74704321216670677 0.43998306609807170 307.96309737384240179 1.75536946709006036 0.40549120537785066 0.92499999999999993 1.09706410125015874 
1.78092566592529433 0.42042668291587770 594.15729989709689107 1.78697488225402967 0.39392333448565614 0.84999999999999998 1.12199737627857155 
1.78556696267060655 0.44015038604673390 320.30685868754005696 1.79971434019196841 0.37816667519126002 0.92499999999999993 1.12199737627857155 

ZONE I=2, J=2
1.74704321216670677 0.43998306609807170 317.50176022407327991 1.75536946709006036 0.40549120537785066 0.92499999999999993 1.09706410125015874 
1.75091191961114934 0.46250004409228290 165.61313600363263276 1.76908460611381702 0.38721892700755695 1.00000000000000000 1.09706410125015874 
1.78556696267060655 0.44015038604673390 335.79547226789298975 1.79971434019196841 0.37816667519126002 0.92499999999999993 1.12199737627857155 
1.79080334993452039 0.46250004409228268 183.90684804745228575 1.81412931529789967 0.36030231236954069 1.00000000000000000 1.12199737627857155 

ZONE I=2, J=2
1.78092566592529433 0.42042668291587770 587.81086941059550099 1.78697488225402967 0.39392333448565614 0.84999999999999998 1.12199737627857155 
1.78556696267060655 0.44015038604673390 326.66061680550728852 1.79971434019196841 0.37816667519126002 0.92499999999999993 1.12199737627857155 
1.81789914498112459 0.42030295886291225 601.92882004931664142 1.82989089594933030 0.36456986638198791 0.84999999999999998 1.14693065130698413 
1.82369550491201138 0.43995805635661850 340.77856744422842894 1.84325820005843011 0.34903809807344272 0.92499999999999993 1.14693065130698413 

ZONE I=2, J=2
1.78556696267060655 0.44015038604673390 328.40233582033715720 1.79971434019196841 0.37816667519126002 0.92499999999999993 1.12199737627857155 
1.79080334993452039 0.46250004409228268 188.69105224957681344 1.81412931529789967 0.36030231236954069 1.00000000000000000 1.12199737627857155 
1.82369550491201138 0.43995805635661850 354.36790351751255912 1.84325820005843011 0.34903809807344272 0.92499999999999993 1.14693065130698413 
1.83028435023525482 0.46250004409228879 214.65661994675221536 1.85853519996521621 0.33120085143566835 1.00000000000000000 1.14693065130698413 

ZONE I=2, J=2
1.81789914498112459 0.42030295886291225 593.49556673050472000 1.82989089594933030 0.36456986638198791 0.84999999999999998 1.14693065130698413 
1.82369550491201138 0.43995805635661850 350.57179408313425029 1.84325820005843011 0.34903809807344272 0.92499999999999993 1.14693065130698413 
1.85424648200752840 0.41754946549565397 607.83862033123034507 1.87083476567751372 0.33549195475504900 0.84999999999999998 1.17186392633539693 
1.86095000605782124 0.43664599088015749 364.91484768385998905 1.88442965857289857 0.32049884288269731 0.92499999999999993 1.17186392633539693 

ZONE I=2, J=2
1.82369550491201138 0.43995805635661850 348.02314402224271817 1.84325820005843011 0.34903809807344272 0.92499999999999993 1.14693065130698413 
1.83028435023525482 0.46250004409228879 222.02469222834869811 1.85853519996521621 0.33120085143566835 1.00000000000000000 1.14693065130698413 
1.86095000605782124 0.43664599088015749 367.37402555613709865 1.88442965857289857 0.32049884288269731 0.92499999999999993 1.17186392633539693 
1.86840712672781151 0.45839909609129076 241.37557376224313543 1.89975088087043287 0.30335047904462320 1.00000000000000000 1.17186392633539693 

ZONE I=2, J=2
1.85424648200752840 0.41754946549565397 604.37429803298357456 1.87083476567751372 0.33549195475504900 0.84999999999999998 1.17186392633539693 
1.86095000605782124 0.43664599088015749 368.04273959251992210 1.88442965857289857 0.32049884288269731 0.92499999999999993 1.17186392633539693 
1.88956075192571582 0.41042358175815380 619.89087062873443301 1.90888707221855114 0.30828152263500413 0.84999999999999998 1.19679720136380974 
1.89730659316159134 0.42881574648199744 383.55931218827078055 1.92281688478677126 0.29399061288458433 0.92499999999999993 1.19679720136380974 

ZONE I=2, J=2
1.86095000605782124 0.43664599088015749 365.94234016208190496 1.88442965857289857 0.32049884288269731 0.92499999999999993 1.17186392633539693 
1.86840712672781151 0.45839909609129076 241.31487325856869575 1.89975088087043287 0.30335047904462320 1.00000000000000000 1.17186392633539693 
1.89730659316159134 0.42881574648199744 382.45605078482321915 1.92281688478677126 0.29399061288458433 0.92499999999999993 1.19679720136380974 
1.90602580400447175 0.44962611876340514 257.82858388131000993 1.93853625199609825 0.27780426904937205 1.00000000000000000 1.19679720136380974 

ZONE I=2, J=2
1.88956075192571582 0.41042358175815380 620.15735733041424282 1.90888707221855114 0.30828152263500413 0.84999999999999998 1.19679720136380974 
1.89730659316159134 0.42881574648199744 383.15363563020417814 1.92281688478677126 0.29399061288458433 0.92499999999999993 1.19679720136380974 
1.92351282242535704 0.39919427858382933 637.53262882823469226 1.94404328959513473 0.28276021337690732 0.84999999999999998 1.22173047639222232 
1.93247099710285641 0.41681703492289307 400.52890712802474127 1.95848855788422349 0.26926411547437079 0.92499999999999993 1.22173047639222232 

ZONE I=2, J=2
1.89730659316159134 0.42881574648199744 383.26016938446497306 1.92281688478677126 0.29399061288458433 0.92499999999999993 1.19679720136380974 
1.90602580400447175 0.44962611876340514 257.22353843903084680 1.93853625199609825 0.27780426904937205 1.00000000000000000 1.19679720136380974 
1.93247099710285641 0.41681703492289307 398.90628405899695963 1.95848855788422349 0.26926411547437079 0.92499999999999993 1.22173047639222232 
1.94257303399123771 0.43663856588139405 272.86965311356283337 1.97476073026256072 0.25409306920449526 1.00000000000000000 1.22173047639222232 

ZONE I=2, J=2
1.92351282242535704 0.39919427858382933 639.50016593700286194 1.94404328959513473 0.28276021337690732 0.84999999999999998 1.22173047639222232 
1.93247099710285641 0.41681703492289307 398.37644037896768623 1.95848855788422349 0.26926411547437079 0.92499999999999993 1.22173047639222232 
1.95582348823341179 0.38426988643801807 658.03415501337860860 1.97636339769567493 0.25864373759556863 0.84999999999999998 1.24666375142063512 
1.96604885772900717 0.40101693858193843 416.91042945534331920 1.99139001760416945 0.24602539257895592 0.92499999999999993 1.24666375142063512 

ZONE I=2, J=2
1.93247099710285641 0.41681703492289307 400.70456391162167620 1.95848855788422349 0.26926411547437079 0.92499999999999993 1.22173047639222232 
1.94257303399123771 0.43663856588139405 271.63867851952534238 1.97476073026256072 0.25409306920449526 1.00000000000000000 1.22173047639222232 
1.96604885772900717 0.40101693858193843 415.50674029643766971 1.99139001760416945 0.24602539257895592 0.92499999999999993 1.24666375142063512 
1.97756384676797792 0.41977088531273243 286.44085490434133590 2.00827827227836853 0.23191538391104694 1.00000000000000000 1.24666375142063512 

ZONE I=2, J=2
1.95582348823341179 0.38426988643801807 660.99927008149506946 1.97636339769567493 0.25864373759556863 0.84999999999999998 1.24666375142063512 
1.96604885772900717 0.40101693858193843 413.70788866835295039 1.99139001760416945 0.24602539257895592 0.92499999999999993 1.24666375142063512 
1.98626007037401520 0.36603143320572284 680.06535593444777987 2.00590576740176685 0.23569074984214386 0.84999999999999998 1.27159702644904771 
1.99773436537881754 0.38179144568069046 432.77397452130577449 2.02151563689974711 0.22401301832765910 0.92499999999999993 1.27159702644904771 

ZONE I=2, J=2
1.96604885772900717 0.40101693858193843 417.87763973345454360 1.99139001760416945 0.24602539257895592 0.92499999999999993 1.24666375142063512 
1.97756384676797792 0.41977088531273243 284.82918356409629723 2.00827827227836853 0.23191538391104694 1.00000000000000000 1.24666375142063512 
1.99773436537881754 0.38179144568069046 431.81438875796709453 2.02151563689974711 0.22401301832765910 0.92499999999999993 1.27159702644904771 
2.01063145696407464 0.39938688989155058 298.76593258860884816 2.03902609511961286 0.21100077481370913 1.00000000000000000 1.27159702644904771 

ZONE I=2, J=2
1.98626007037401520 0.36603143320572284 683.62110087474127340 2.00590576740176685 0.23569074984214386 0.84999999999999998 1.27159702644904771 
1.99773436537881754 0.38179144568069046 428.93479512317173885 2.02151563689974711 0.22401301832765910 0.92499999999999993 1.27159702644904771 
2.01463832828242140 0.34484171928249963 702.68235421858287282 2.03273679632434456 0.21369258763780399 0.84999999999999998 1.29653030147746051 
2.02729741681838638 0.35951380279141809 447.99604846701333827 2.04889653585958342 0.20299747776425339 0.92499999999999993 1.29653030147746051 

ZONE I=2, J=2
1.99773436537881754 0.38179144568069046 434.52949889746389545 2.02151563689974711 0.22401301832765910 0.92499999999999993 1.27159702644904771 
2.01063145696407464 0.39938688989155058 296.92522498433902456 2.03902609511961286 0.21100077481370913 1.00000000000000000 1.27159702644904771 
2.02729741681838638 0.35951380279141809 447.56597192597280355 2.04889653585958342 0.20299747776425339 0.92499999999999993 1.29653030147746051 
2.04150449115518073 0.37586191475488473 309.96169801284793266 2.06700034039189040 0.19110823946075986 1.00000000000000000 1.29653030147746051 

ZONE I=2, J=2
2.01463832828242140 0.34484171928249963 706.55127630438585129 2.03273679632434456 0.21369258763780399 0.84999999999999998 1.29653030147746051 
2.02729741681838638 0.35951380279141809 443.80818515214639319 2.04889653585958342 0.20299747776425339 0.92499999999999993 1.29653030147746051 
2.04081628442387597 0.32104185811494051 725.15085673828400559 2.05692816005890622 0.19247214288891562 0.84999999999999998 1.32146357650587309 
2.05456850459488916 0.33454147105568433 462.40776558604454749 2.07358625362098081 0.18278343667708866 0.92499999999999993 1.32146357650587309 

ZONE I=2, J=2
2.02729741681838638 0.35951380279141809 450.45559265616270750 2.04889653585958342 0.20299747776425339 0.92499999999999993 1.29653030147746051 
2.04150449115518073 0.37586191475488473 308.00541262726653713 2.06700034039189040 0.19110823946075986 1.00000000000000000 1.29653030147746051 
2.05456850459488916 0.33454147105568433 462.54883602283211985 2.07358625362098081 0.18278343667708866 0.92499999999999993 1.32146357650587309 
2.06998624460581127 0.34956387633804997 320.09865599393594948 2.09223412490511995 0.17203000633685767 1.00000000000000000 1.32146357650587309 

ZONE I=2, J=2
2.04081628442387597 0.32104185811494051 729.12825790119700287 2.05692816005890622 0.19247214288891562 0.84999999999999998 1.32146357650587309 
2.05456850459488916 0.33454147105568433 458.09170993944417205 2.07358625362098081 0.18278343667708866 0.92499999999999993 1.32146357650587309 
2.06468685794955942 0.29495033718075897 746.88162823862398909 2.07855347222948428 0.17188073154202543 0.84999999999999998 1.34639685153428590 
2.07942535915054982 0.30721048772513587 475.84508027687115828 2.09565058858367159 0.16320759362119372 0.92499999999999993 1.34639685153428590 

ZONE I=2, J=2
2.05456850459488916 0.33454147105568433 465.47954551122523981 2.07358625362098081 0.18278343667708866 0.92499999999999993 1.32146357650587309 
2.06998624460581127 0.34956387633804997 318.11703878701581516 2.09223412490511995 0.17203000633685767 1.00000000000000000 1.32146357650587309 
2.07942535915054982 0.30721048772513587 476.58286766731026773 2.09565058858367159 0.16320759362119372 0.92499999999999993 1.34639685153428590 
2.09593820929415431 0.32084280425150852 329.22036094310084309 2.11478290290382409 0.15359152256825126 1.00000000000000000 1.34639685153428590 

ZONE I=2, J=2
2.06468685794955942 0.29495033718075897 750.80845075285924395 2.07855347222948428 0.17188073154202543 0.84999999999999998 1.34639685153428590 
2.07942535915054982 0.30721048772513587 471.57617956773430024 2.09565058858367159 0.16320759362119372 0.92499999999999993 1.34639685153428590 
2.08617075571178701 0.26686343777330102 767.39532706989507460 2.09768514065796241 0.15179448959055883 0.84999999999999998 1.37133012656269848 
2.10178181210279380 0.27783351454488792 488.16305588477001720 2.11516034704160294 0.14413519276468387 0.92499999999999993 1.37133012656269848 

ZONE I=2, J=2
2.07942535915054982 0.30721048772513587 479.44793948648595006 2.09565058858367159 0.16320759362119372 0.92499999999999993 1.34639685153428590 
2.09593820929415431 0.32084280425150852 327.28604449816890565 2.11478290290382409 0.15359152256825126 1.00000000000000000 1.34639685153428590 
2.10178181210279380 0.27783351454488792 489.51473848035828951 2.11516034704160294 0.14413519276468387 0.92499999999999993 1.37133012656269848 
2.11926614035148564 0.29002578858494976 337.35284349204124510 2.13471385663738866 0.13564911339529942 1.00000000000000000 1.37133012656269848 

ZONE I=2, J=2
2.08617075571178701 0.26686343777330102 771.14458378742494915 2.09768514065796241 0.15179448959055883 0.84999999999999998 1.37133012656269848 
2.10178181210279380 0.27783351454488792 484.08261255689961899 2.11516034704160294 0.14413519276468387 0.92499999999999993 1.37133012656269848 
2.10521031377754486 0.23705660063311568 786.30092045558501468 2.11439188543267198 0.13211075639608882 0.84999999999999998 1.39626340159111129 
2.12157875756172576 0.24670008499722529 499.23894922505957084 2.13218622926229395 0.12545612866270572 0.92499999999999993 1.39626340159111129 

ZONE I=2, J=2
2.10178181210279380 0.27783351454488792 492.22884715199859329 2.11516034704160294 0.14413519276468387 0.92499999999999993 1.37133012656269848 
2.11926614035148564 0.29002578858494976 335.52378819151101652 2.13471385663738866 0.13564911339529942 1.00000000000000000 1.37133012656269848 
2.12157875756172576 0.24670008499722529 501.21530550684929040 2.13218622926229395 0.12545612866270572 0.92499999999999993 1.39626340159111129 
2.13990855903224864 0.25741547745881310 344.51024654636171363 2.15209826823561245 0.11808646371240517 1.00000000000000000 1.39626340159111129 

ZONE I=2, J=2
2.10521031377754486 0.23705660063311568 789.77023418504472829 2.11439188543267198 0.13211075639608882 0.84999999999999998 1.39626340159111129 
2.12157875756172576 0.24670008499722529 495.46093242652972322 2.13218622926229395 0.12545612866270572 0.92499999999999993 1.39626340159111129 
2.12176439519747717 0.20578635202465057 803.28074433454389691 2.12873690421156381 0.11274468526319255 0.84999999999999998 1.42119667661952387 
2.13877695237869681 0.21407813921960006 508.97144257602889184 2.14679527193948250 0.10708110055614849 0.92499999999999993 1.42119667661952387 

ZONE I=2, J=2
2.12157875756172576 0.24670008499722529 503.71055619436901907 2.13218622926229395 0.12545612866270572 0.92499999999999993 1.39626340159111129 
2.13990855903224864 0.25741547745881310 342.83211145326208680 2.15209826823561245 0.11808646371240517 1.00000000000000000 1.39626340159111129 
2.13877695237869681 0.21407813921960006 511.57726844537455690 2.14679527193948250 0.10708110055614849 0.92499999999999993 1.42119667661952387 
2.15782752261062871 0.22329080162522413 350.69882370426762463 2.16700613912446149 0.10081067613726705 1.00000000000000000 1.42119667661952387 

ZONE I=2, J=2
2.12176439519747717 0.20578635202465057 806.38773133351332945 2.12873690421156381 0.11274468526319255 0.84999999999999998 1.42119667661952387 
2.13877695237869681 0.21407813921960006 505.58718939810069060 2.14679527193948250 0.10708110055614849 0.92499999999999993 1.42119667661952387 
2.13580427116987170 0.17329253865305386 818.07920466936639059 2.14077657172231861 0.09362616442599837 0.84999999999999998 1.44612995164793667 
2.15335137494263185 0.18021628964679889 517.27866273395375174 2.15904842089657301 0.08893801912228885 0.92499999999999993 1.44612995164793667 

ZONE I=2, J=2
2.13877695237869681 0.21407813921960006 513.80001866276666078 2.14679527193948250 0.10708110055614849 0.92499999999999993 1.42119667661952387 
2.15782752261062871 0.22329080162522413 349.20709927998950661 2.16700613912446149 0.10081067613726705 1.00000000000000000 1.42119667661952387 
2.15335137494263185 0.18021628964679889 520.51282032523704402 2.15904842089657301 0.08893801912228885 0.92499999999999993 1.44612995164793667 
2.17300140218235693 0.18790901906616869 355.91990094245988985 2.17950249080946845 0.08374834857012720 1.00000000000000000 1.44612995164793667 

ZONE I=2, J=2
2.13580427116987170 0.17329253865305386 820.75826421602948813 2.14077657172231861 0.09362616442599837 0.84999999999999998 1.44612995164793667 
2.15335137494263185 0.18021628964679889 514.36046872909798822 2.15904842089657301 0.08893801912228885 0.92499999999999993 1.44612995164793667 
2.14731035999207576 0.13980071124605495 830.49378186510568867 2.15055954822406514 0.07469705841936394 0.84999999999999998 1.47106322667634926 
2.16528687609598780 0.14534646611061225 524.09598637817418876 2.16899891385093913 0.07096874465434322 0.92499999999999993 1.47106322667634926 

ZONE I=2, J=2
2.15335137494263185 0.18021628964679889 522.42113467954379757 2.15904842089657301 0.08893801912228885 0.92499999999999993 1.44612995164793667 
2.17300140218235693 0.18790901906616869 354.64178194973806058 2.17950249080946845 0.08374834857012720 1.00000000000000000 1.44612995164793667 
2.16528687609598780 0.14534646611061225 527.95141021870074383 2.16899891385093913 0.07096874465434322 0.92499999999999993 1.47106322667634926 
2.18541935912322671 0.15150847824249300 360.17205748889500683 2.18964489232625059 0.06684190092669054 1.00000000000000000 1.47106322667634926 

ZONE I=2, J=2
2.14731035999207576 0.13980071124605495 832.69367106328411410 2.15055954822406514 0.07469705841936394 0.84999999999999998 1.47106322667634926 
2.16528687609598780 0.14534646611061225 521.69996259870242739 2.16899891385093913 0.07096874465434322 0.92499999999999993 1.47106322667634926 
2.15626969487934694 0.10552455953942877 840.36774265380961424 2.15812618769017650 0.05590874463737813 0.84999999999999998 1.49599650170476206 
2.17457488599908144 0.10968672405882235 529.37403418922792753 2.17669123272697229 0.05312616701972781 0.92499999999999993 1.49599650170476206 

ZONE I=2, J=2
2.16528687609598780 0.14534646611061225 529.51305264246138904 2.16899891385093913 0.07096874465434322 0.92499999999999993 1.47106322667634926 
2.18541935912322671 0.15150847824249300 359.12800994395576026 2.18964489232625059 0.06684190092669054 1.00000000000000000 1.47106322667634926 
2.17457488599908144 0.10968672405882235 533.83774116263452925 2.17669123272697229 0.05312616701972781 0.92499999999999993 1.49599650170476206 
2.19507721300451264 0.11431172069400222 363.45269846412890047 2.19748185749923719 0.05004624362912858 1.00000000000000000 1.49599650170476206 

ZONE I=2, J=2
2.15626969487934694 0.10552455953942877 842.04967581362780038 2.15812618769017650 0.05590874463737813 0.84999999999999998 1.49599650170476206 
2.17457488599908144 0.10968672405882235 527.54239607482759311 2.17669123272697229 0.05312616701972781 0.92499999999999993 1.49599650170476206 
2.16267400632696516 0.07066834408320485 847.58429437830659481 2.16350815835813748 0.03721990348681209 0.84999999999999998 1.52092977673317464 
2.18121097841127565 0.07344409089034670 533.07701463950638754 2.18216044708376522 0.03537159894272635 0.92499999999999993 1.52092977673317464 

ZONE I=2, J=2
2.17457488599908144 0.10968672405882235 535.02862214846572897 2.17669123272697229 0.05312616701972781 0.92499999999999993 1.49599650170476206 
2.19507721300451264 0.11431172069400222 362.65771011772267229 2.19748185749923719 0.05004624362912858 1.00000000000000000 1.49599650170476206 
2.18121097841127565 0.07344409089034670 538.13007452196643499 2.18216044708376522 0.03537159894272635 0.92499999999999993 1.52092977673317464 
2.20197442796601983 0.07652869983890564 365.75916249122349200 2.20305184109991359 0.03332579693862579 1.00000000000000000 1.52092977673317464 

ZONE I=2, J=2
2.16267400632696516 0.07066834408320485 848.72046264173400232 2.16350815835813748 0.03721990348681209 0.84999999999999998 1.52092977673317464 
2.18121097841127565 0.07344409089034670 531.83987557754926456 2.18216044708376522 0.03537159894272635 0.92499999999999993 1.52092977673317464 
2.16651832533639288 0.03542929912516771 852.06206231164787823 2.16672820938021315 0.01859451346298727 0.84999999999999998 1.54586305176158745 
2.18519313366386836 0.03681738713343388 535.18147524746314048 2.18543181923537277 0.01767243278722853 0.92499999999999993 1.54586305176158745 

ZONE I=2, J=2
2.18121097841127565 0.07344409089034670 538.93308475585217820 2.18216044708376522 0.03537159894272635 0.92499999999999993 1.52092977673317464 
2.20197442796601983 0.07652869983890564 365.22369377679535773 2.20305184109991359 0.03332579693862579 1.00000000000000000 1.52092977673317464 
2.18519313366386836 0.03681738713343388 540.79887373925930660 2.18543181923537277 0.01767243278722853 0.92499999999999993 1.54586305176158745 
2.20611199356732079 0.03835999886658993 367.08948276020248613 2.20638263555824077 0.01665182217343077 1.00000000000000000 1.54586305176158745 

ZONE I=2, J=2
2.16651832533639288 0.03542929912516771 852.63453495062265119 2.16672820938021315 0.01859451346298727 0.84999999999999998 1.54586305176158745 
2.18519313366386836 0.03681738713343388 534.55817696838141728 2.18543181923537277 0.01767243278722853 0.92499999999999993 1.54586305176158745 
2.16780003569158319 0.00000000001061483 853.75183371730292947 2.16780003569158319 0.00000000000000000 0.84999999999999998 1.57079632679000003 
2.18652058042788777 0.00000000001070649 535.67547573506169556 2.18652058042788777 0.00000000000000000 0.92499999999999993 1.57079632679000003 

ZONE I=2, J=2
2.18519313366386836 0.03681738713343388 541.20305180933098654 2.18543181923537277 0.01767243278722853 0.92499999999999993 1.54586305176158745 
2.20611199356732079 0.03835999886658993 366.82014630408156108 2.20638263555824077 0.01665182217343077 1.00000000000000000 1.54586305176158745 
2.18652058042788777 0.00000000001070649 541.82579919997567686 2.18652058042788777 0.00000000000000000 0.92499999999999993 1.57079632679000003 
2.20749102916208617 0.00000000001080918 367.44289369472613771 2.20749102916208617 0.00000000000000000 1.00000000000000000 1.57079632679000003 

