ZONE I=2, J=2
0.00000000000000000 0.78369677098102286 13.95267467648886317 0.78369677098102286 0.00000000000000000 0.84999999999999998 0.00000000000000000 
0.00000000000000000 0.83252235758544024 5.04847750148201957 0.83252235758544024 0.00000000000000000 0.92499999999999993 0.00000000000000000 
0.02744933602311868 0.78371000579062788 13.95812023088650555 0.78415074554949427 0.00790237170906855 0.84999999999999998 0.02493327502841270 
0.02742420507642051 0.83253005700692806 5.05392305587966195 0.83295499608327028 0.00666013092601423 0.92499999999999993 0.02493327502841270 

ZONE I=2, J=2
0.00000000000000000 0.83252235758544024 5.32682381206631117 0.83252235758544024 0.00000000000000000 0.92499999999999993 0.00000000000000000 
0.00000000000000000 0.89000000003713164 0.56125331165410963 0.89000000003713164 0.00000000000000000 1.00000000000000000 0.00000000000000000 
0.02742420507642051 0.83253005700692806 5.33044351186725596 0.83295499608327028 0.00666013092601423 0.92499999999999993 0.02493327502841270 
0.02741852797177061 0.89000000556172321 0.56487301145505486 0.89040694040949653 0.00522169001429260 1.00000000000000000 0.02493327502841270 

ZONE I=2, J=2
0.02744933602311868 0.78371000579062788 13.96005584576798775 0.78415074554949427 0.00790237170906855 0.84999999999999998 0.02493327502841270 
0.02742420507642051 0.83253005700692806 5.05171191017320087 0.83295499608327028 0.00666013092601423 0.92499999999999993 0.02493327502841270 
0.05489795351967347 0.78374677443746110 13.97374652040429943 0.78550895256656539 0.01576315893310078 0.84999999999999998 0.04986655005682540 
0.05484884373022021 0.83255294131292645 5.06540258480951255 0.83425200161065260 0.01328132357738097 0.92499999999999993 0.04986655005682540 

ZONE I=2, J=2
0.02742420507642051 0.83253005700692806 5.33179836234470539 0.83295499608327028 0.00666013092601423 0.92499999999999993 0.02493327502841270 
0.02741852797177061 0.89000000556172321 0.56394995631386236 0.89040694040949653 0.00522169001429260 1.00000000000000000 0.02493327502841270 
0.05484884373022021 0.83255294131292645 5.34088305541404740 0.83425200161065260 0.01328132357738097 0.92499999999999993 0.04986655005682540 
0.05483859248456665 0.89000000631197562 0.57303464938320525 0.89162714439974800 0.01040758524135703 1.00000000000000000 0.04986655005682540 

ZONE I=2, J=2
0.05489795351967347 0.78374677443746110 13.97807754155243920 0.78550895256656539 0.01576315893310078 0.84999999999999998 0.04986655005682540 
0.05484884373022021 0.83255294131292645 5.06120579952455252 0.83425200161065260 0.01328132357738097 0.92499999999999993 0.04986655005682540 
0.08234481855382830 0.78380846852566544 14.00085341119521054 0.78777041707343831 0.02354048553350170 0.84999999999999998 0.07479982508523811 
0.08227444114689837 0.83259163463926977 5.08398166916732386 0.83641191625023947 0.01982473434697502 0.92499999999999993 0.07479982508523811 

ZONE I=2, J=2
0.05484884373022021 0.83255294131292645 5.34372437851069293 0.83425200161065260 0.01328132357738097 0.92499999999999993 0.04986655005682540 
0.05483859248456665 0.89000000631197562 0.57133218966547872 0.89162714439974800 0.01040758524135703 1.00000000000000000 0.04986655005682540 
0.08227444114689837 0.83259163463926977 5.35910500723459293 0.83641191625023947 0.01982473434697502 0.92499999999999993 0.07479982508523811 
0.08226196529947996 0.89000000236772525 0.58671281838937894 0.89365882621778459 0.01552216069157835 1.00000000000000000 0.07479982508523811 

ZONE I=2, J=2
0.08234481855382830 0.78380846852566544 14.00682092855675087 0.78777041707343831 0.02354048553350170 0.84999999999999998 0.07479982508523811 
0.08227444114689837 0.83259163463926977 5.07798945619950537 0.83641191625023947 0.01982473434697502 0.92499999999999993 0.07479982508523811 
0.10978882903813576 0.78389559867794745 14.03834469891983439 0.79093168264563729 0.03119246696821990 0.84999999999999998 0.09973310011365080 
0.10970157855915222 0.83264693494960562 5.10951322656258711 0.83943207523381946 0.02625158448524344 0.92499999999999993 0.09973310011365080 

ZONE I=2, J=2
0.08227444114689837 0.83259163463926977 5.36322822924580311 0.83641191625023947 0.01982473434697502 0.92499999999999993 0.07479982508523811 
0.08226196529947996 0.89000000236772525 0.58408061147101631 0.89365882621778459 0.01552216069157835 1.00000000000000000 0.07479982508523811 
0.10970157855915222 0.83264693494960562 5.38510295849215392 0.83943207523381946 0.02625158448524344 0.92499999999999993 0.09973310011365080 
0.10969073582929013 0.89000000241789923 0.60595534071736779 0.89649906283911796 0.02053027421187685 1.00000000000000000 0.09973310011365080 

ZONE I=2, J=2
0.10978882903813576 0.78389559867794745 14.04542542197814470 0.79093168264563729 0.03119246696821990 0.84999999999999998 0.09973310011365080 
0.10970157855915222 0.83264693494960562 5.10225000140033380 0.83943207523381946 0.02625158448524344 0.92499999999999993 0.09973310011365080 
0.13722850940369052 0.78400896019100985 14.08518076633184535 0.79498792986984557 0.03867692870697820 0.84999999999999998 0.12466637514206350 
0.13713101107354328 0.83272006074487503 5.14200534575403623 0.84330887033246904 0.03252326834092306 0.92499999999999993 0.12466637514206350 

ZONE I=2, J=2
0.10970157855915222 0.83264693494960562 5.39043010255732380 0.83943207523381946 0.02625158448524344 0.92499999999999993 0.09973310011365080 
0.10969073582929013 0.89000000241789923 0.60242821162260440 0.89649906283911796 0.02053027421187685 1.00000000000000000 0.09973310011365080 
0.13713101107354328 0.83272006074487503 5.41911599220986862 0.84330887033246904 0.03252326834092306 0.92499999999999993 0.12466637514206350 
0.13712755358711423 0.89000000118611444 0.63111410127514944 0.90014384307332096 0.02539743769090294 1.00000000000000000 0.12466637514206350 

ZONE I=2, J=2
0.13722850940369052 0.78400896019100985 14.09255150037894389 0.79498792986984557 0.03867692870697820 0.84999999999999998 0.12466637514206350 
0.13713101107354328 0.83272006074487503 5.13427964444093909 0.84330887033246904 0.03252326834092306 0.92499999999999993 0.12466637514206350 
0.16466185732846339 0.78414959990864452 14.13980017358405483 0.79993287313075956 0.04595128703871682 0.84999999999999998 0.14959965017047622 
0.16456371109781798 0.83281268280339460 5.18152831764605004 0.84803780165960863 0.03860138086664668 0.92499999999999993 0.14959965017047622 

ZONE I=2, J=2
0.13713101107354328 0.83272006074487503 5.42552544691966521 0.84330887033246904 0.03252326834092306 0.92499999999999993 0.12466637514206350 
0.13712755358711423 0.89000000118611444 0.62671495823917311 0.90014384307332096 0.02539743769090294 1.00000000000000000 0.12466637514206350 
0.16456371109781798 0.83281268280339460 5.46152352824642673 0.84803780165960863 0.03860138086664668 0.92499999999999993 0.14959965017047622 
0.16457588283459898 0.89000000382021549 0.66271303956593375 0.90458820165351050 0.03009008873431943 1.00000000000000000 0.14959965017047622 

ZONE I=2, J=2
0.16466185732846339 0.78414959990864452 14.14624696220456634 0.79993287313075956 0.04595128703871682 0.84999999999999998 0.14959965017047622 
0.16456371109781798 0.83281268280339460 5.17452400093787368 0.84803780165960863 0.03860138086664668 0.92499999999999993 0.14959965017047622 
0.19208611683465754 0.78431881155033956 14.19995350927241340 0.80575865059152196 0.05297236476960891 0.84999999999999998 0.17453292519888891 
0.19200094290795749 0.83292698700884271 5.22823054800572073 0.85361356834568203 0.04444776373818277 0.92499999999999993 0.17453292519888891 

ZONE I=2, J=2
0.16456371109781798 0.83281268280339460 5.46880723777673783 0.84803780165960863 0.03860138086664668 0.92499999999999993 0.14959965017047622 
0.16457588283459898 0.89000000382021549 0.65750258741003820 0.90458820165351050 0.03009008873431943 1.00000000000000000 0.14959965017047622 
0.19200094290795749 0.83292698700884271 5.51286475021740241 0.85361356834568203 0.04444776373818277 0.92499999999999993 0.17453292519888891 
0.19204028005306026 0.89000000057974304 0.70156009985070322 0.90982634542164276 0.03457587846314506 1.00000000000000000 0.17453292519888891 

ZONE I=2, J=2
0.19208611683465754 0.78431881155033956 14.20373586101933405 0.80575865059152196 0.05297236476960891 0.84999999999999998 0.17453292519888891 
0.19200094290795749 0.83292698700884271 5.22363962043097541 0.85361356834568203 0.04444776373818277 0.92499999999999993 0.17453292519888891 
0.21949747113658280 0.78451809625404056 14.26248025720387425 0.81245563151522415 0.05969614731804156 0.84999999999999998 0.19946620022730160 
0.21944432714211951 0.83306573982571286 5.28238401661551560 0.86003016581652347 0.05002452870165795 0.92499999999999993 0.19946620022730160 

ZONE I=2, J=2
0.19200094290795749 0.83292698700884271 5.52071586483432952 0.85361356834568203 0.04444776373818277 0.92499999999999993 0.17453292519888891 
0.19204028005306026 0.89000000057974304 0.69560999225098752 0.90982634542164276 0.03457587846314506 1.00000000000000000 0.17453292519888891 
0.21944432714211951 0.83306573982571286 5.57394741244250547 0.86003016581652347 0.05002452870165795 0.92499999999999993 0.19946620022730160 
0.21952675034222910 0.89000000206251495 0.74884153985916302 0.91585189511621001 0.03882401317667507 1.00000000000000000 0.19946620022730160 

ZONE I=2, J=2
0.21949747113658280 0.78451809625404056 14.26114647950726599 0.81245563151522415 0.05969614731804156 0.84999999999999998 0.19946620022730160 
0.21944432714211951 0.83306573982571286 5.28260130853478582 0.86003016581652347 0.05002452870165795 0.92499999999999993 0.19946620022730160 
0.24689063960775653 0.78474904140404322 14.32300921557988893 0.82001208023327488 0.06607748619604857 0.84999999999999998 0.22439947525571430 
0.24689590407770498 0.83323230418517324 5.34446404460740876 0.86728093784702198 0.05529407775947074 0.92499999999999993 0.22439947525571430 

ZONE I=2, J=2
0.21944432714211951 0.83306573982571286 5.58189337980122602 0.86003016581652347 0.05002452870165795 0.92499999999999993 0.19946620022730160 
0.21952675034222910 0.89000000206251495 0.74228589752770469 0.91585189511621001 0.03882401317667507 1.00000000000000000 0.19946620022730160 
0.24689590407770498 0.83323230418517324 5.64592812368009334 0.86728093784702198 0.05529407775947074 0.92499999999999993 0.22439947525571430 
0.24704314030188659 0.89000000151316627 0.80632064140657156 0.92265811362449768 0.04280562143617402 1.00000000000000000 0.22439947525571430 

ZONE I=2, J=2
0.24689063960775653 0.78474904140404322 14.31316555508873911 0.82001208023327488 0.06607748619604857 0.84999999999999998 0.22439947525571430 
0.24689590407770498 0.83323230418517324 5.35282884123894043 0.86728093784702198 0.05529407775947074 0.92499999999999993 0.22439947525571430 
0.27425834397351562 0.78501307646051766 14.37559952395196028 0.82841361704439631 0.07206974780393054 0.84999999999999998 0.24933275028412699 
0.27435815547724268 0.83343059436993416 5.41526281010215982 0.87535856313292981 0.06021909214318252 0.92499999999999993 0.24933275028412699 

ZONE I=2, J=2
0.24689590407770498 0.83323230418517324 5.65326591004660894 0.86728093784702198 0.05529407775947074 0.92499999999999993 0.22439947525571430 
0.24704314030188659 0.89000000151316627 0.79937128871304619 0.92265811362449768 0.04280562143617402 1.00000000000000000 0.22439947525571430 
0.27435815547724268 0.83343059436993416 5.73048780795084323 0.87535856313292981 0.06021909214318252 0.92499999999999993 0.24933275028412699 
0.27459959306272325 0.89000000209772789 0.87659318661728047 0.93023826776767493 0.04649414398356477 1.00000000000000000 0.24933275028412699 

ZONE I=2, J=2
0.27425834397351562 0.78501307646051766 14.35262879074044662 0.82841361704439631 0.07206974780393054 0.84999999999999998 0.24933275028412699 
0.27435815547724268 0.83343059436993416 5.43636982951148173 0.87535856313292981 0.06021909214318252 0.92499999999999993 0.24933275028412699 
0.30159061922098190 0.78531100277647370 14.41231382362430935 0.83764235716654500 0.07762444308566878 0.84999999999999998 0.27426602531253969 
0.30183394399800006 0.83366487119415345 5.49605486239534446 0.88425486553576327 0.06476248905718038 0.92499999999999993 0.27426602531253969 

ZONE I=2, J=2
0.27435815547724268 0.83343059436993416 5.73615135691348854 0.87535856313292981 0.06021909214318252 0.92499999999999993 0.24933275028412699 
0.27459959306272325 0.89000000209772789 0.86960916397377097 0.93023826776767493 0.04649414398356477 1.00000000000000000 0.24933275028412699 
0.30183394399800006 0.83366487119415345 5.83002998305251907 0.88425486553576327 0.06476248905718038 0.92499999999999993 0.27426602531253969 
0.30220901513831672 0.89000000233674070 0.96348779011280172 0.93858601317196955 0.04986570833967089 1.00000000000000000 0.27426602531253969 

ZONE I=2, J=2
0.30159061922098190 0.78531100277647370 14.37007111455018737 0.83764235716654500 0.07762444308566878 0.84999999999999998 0.27426602531253969 
0.30183394399800006 0.83366487119415345 5.53611782526814000 0.88425486553576327 0.06476248905718038 0.92499999999999993 0.27426602531253969 
0.32887394121835201 0.78564216383425922 14.42277465124657532 0.84767558274193755 0.08269090173523028 0.84999999999999998 0.29919930034095243 
0.32932626938096854 0.83393926735390633 5.58882136196452795 0.89396030753002642 0.06888731305528593 0.92499999999999993 0.29919930034095243 

ZONE I=2, J=2
0.30183394399800006 0.83366487119415345 5.83239168122384921 0.88425486553576327 0.06476248905718038 0.92499999999999993 0.27426602531253969 
0.30220901513831672 0.89000000233674070 0.95708037766083498 0.93858601317196955 0.04986570833967089 1.00000000000000000 0.27426602531253969 
0.32932626938096854 0.83393926735390633 5.94797429679066081 0.89396030753002642 0.06888731305528593 0.92499999999999993 0.29919930034095243 
0.32988750735660893 0.89000000235195276 1.07266299322764747 0.94769584916395366 0.05289942508047980 1.00000000000000000 0.29919930034095243 

ZONE I=2, J=2
0.32887394121835201 0.78564216383425922 14.35331004276253175 0.84767558274193755 0.08269090173523028 0.84999999999999998 0.29919930034095243 
0.32932626938096854 0.83393926735390633 5.65606071141133082 0.89396030753002642 0.06888731305528593 0.92499999999999993 0.29919930034095243 
0.35609016524758819 0.78600303116160120 14.39379247393825700 0.85848373132552291 0.08721613285790032 0.84999999999999998 0.32413257536936513 
0.35683766809836343 0.83425682088637199 5.69654314258705430 0.90446288784084361 0.07255652340014315 0.92499999999999993 0.32413257536936513 

ZONE I=2, J=2
0.32932626938096854 0.83393926735390633 5.94448860094095544 0.89396030753002642 0.06888731305528593 0.92499999999999993 0.29919930034095243 
0.32988750735660893 0.89000000235195276 1.06791775487060825 0.94769584916395366 0.05289942508047980 1.00000000000000000 0.29919930034095243 
0.35683766809836343 0.83425682088637199 6.08912572668570284 0.90446288784084361 0.07255652340014315 0.92499999999999993 0.32413257536936513 
0.35765462159384509 0.89000000222164621 1.21255488061535477 0.95756356257310782 0.05557747686126692 1.00000000000000000 0.32413257536936513 

ZONE I=2, J=2
0.35609016524758819 0.78600303116160120 14.28722017354523466 0.85848373132552291 0.08721613285790032 0.84999999999999998 0.32413257536936513 
0.35683766809836343 0.83425682088637199 5.80149771982365525 0.90446288784084361 0.07255652340014315 0.92499999999999993 0.32413257536936513 
0.38321530724696551 0.78638486187477341 14.30927652515692294 0.87002740611056850 0.09114513322557857 0.84999999999999998 0.34906585039777782 
0.38436892785966231 0.83461764330991139 5.82355407143534531 0.91574595639246203 0.07573259918312449 0.92499999999999993 0.34906585039777782 

ZONE I=2, J=2
0.35683766809836343 0.83425682088637199 6.07570507531044601 0.90446288784084361 0.07255652340014315 0.92499999999999993 0.32413257536936513 
0.35765462159384509 0.89000000222164621 1.21145406906565789 0.95756356257310782 0.05557747686126692 1.00000000000000000 0.32413257536936513 
0.38436892785966231 0.83461764330991139 6.26014871272836171 0.91574595639246203 0.07573259918312449 0.92499999999999993 0.34906585039777782 
0.38553320248482587 0.89000000206450913 1.39589770648357359 0.96818655561006373 0.05788477717805489 1.00000000000000000 0.34906585039777782 

ZONE I=2, J=2
0.38321530724696551 0.78638486187477341 14.15400761302305987 0.87002740611056850 0.09114513322557857 0.84999999999999998 0.34906585039777782 
0.38436892785966231 0.83461764330991139 5.97911116110847285 0.91574595639246203 0.07573259918312449 0.92499999999999993 0.34906585039777782 
0.41021828136057503 0.78676987251861263 14.15083606011477180 0.88225298767770810 0.09442211816696199 0.84999999999999998 0.37399912542619052 
0.41191652350775604 0.83501553537273399 5.97593960820018477 0.92778404624024058 0.07837684731230654 0.92499999999999993 0.37399912542619052 

ZONE I=2, J=2
0.38436892785966231 0.83461764330991139 6.23001103074155438 0.91574595639246203 0.07573259918312449 0.92499999999999993 0.34906585039777782 
0.38553320248482587 0.89000000206450913 1.40218170652801533 0.96818655561006373 0.05788477717805489 1.00000000000000000 0.34906585039777782 
0.41191652350775604 0.83501553537273399 6.47011924870728095 0.92778404624024058 0.07837684731230654 0.92499999999999993 0.37399912542619052 
0.41354833880562308 0.89000000153610825 1.64228992449374278 0.97956381144746230 0.05980778014342084 1.00000000000000000 0.37399912542619052 

ZONE I=2, J=2
0.41021828136057503 0.78676987251861263 13.93452935095663747 0.88225298767770810 0.09442211816696199 0.84999999999999998 0.37399912542619052 
0.41191652350775604 0.83501553537273399 6.19671010385158016 0.92778404624024058 0.07837684731230654 0.92499999999999993 0.37399912542619052 
0.43705983976686164 0.78712507780072583 13.89979411438583057 0.89508628477958374 0.09699347627193991 0.84999999999999998 0.39893240045460321 
0.43946768445288098 0.83543178934954943 6.16197486728077148 0.94053506100560580 0.08044824021287413 0.92499999999999993 0.39893240045460321 

ZONE I=2, J=2
0.41191652350775604 0.83501553537273399 6.41160618089334555 0.92778404624024058 0.07837684731230654 0.92499999999999993 0.37399912542619052 
0.41354833880562308 0.89000000153610825 1.66322826051068517 0.97956381144746230 0.05980778014342084 1.00000000000000000 0.37399912542619052 
0.43946768445288098 0.83543178934954943 6.73102663893599562 0.94053506100560580 0.08044824021287413 0.92499999999999993 0.39893240045460321 
0.44172457473431509 0.89000000216627972 1.98264871855333435 0.99169502575721158 0.06133171829153994 1.00000000000000000 0.39893240045460321 

ZONE I=2, J=2
0.43705983976686164 0.78712507780072583 13.61168210123603473 0.89508628477958374 0.09699347627193991 0.84999999999999998 0.39893240045460321 
0.43946768445288098 0.83543178934954943 6.46230997445416477 0.94053506100560580 0.08044824021287413 0.92499999999999993 0.39893240045460321 
0.46369189095876828 0.78739211466724757 13.54185835411022509 0.90842301516071677 0.09881365041020525 0.84999999999999998 0.42386567548301590 
0.46699119106270287 0.83582333090037353 6.39248622732835514 0.95392531177391138 0.08190184713791962 0.92499999999999993 0.42386567548301590 

ZONE I=2, J=2
0.43946768445288098 0.83543178934954943 6.62333837358437627 0.94053506100560580 0.08044824021287413 0.92499999999999993 0.39893240045460321 
0.44172457473431509 0.89000000216627972 2.03269069509819467 0.99169502575721158 0.06133171829153994 1.00000000000000000 0.39893240045460321 
0.46699119106270287 0.83582333090037353 7.05782233296683792 0.95392531177391138 0.08190184713791962 0.92499999999999993 0.42386567548301590 
0.47008017189594054 0.89000000275777202 2.46717465448065543 1.00457812320925322 0.06243530481967410 1.00000000000000000 0.42386567548301590 

ZONE I=2, J=2
0.46369189095876828 0.78739211466724757 13.17648535576486779 0.90842301516071677 0.09881365041020525 0.84999999999999998 0.42386567548301590 
0.46699119106270287 0.83582333090037353 6.78389434410554060 0.95392531177391138 0.08190184713791962 0.92499999999999993 0.42386567548301590 
0.49005768969914393 0.78747339266342831 13.07428715070841818 0.92211707388108310 0.09985482183200541 0.84999999999999998 0.44879895051142860 
0.49442127023199339 0.83610067793018550 6.68169613904909099 0.96782203067459871 0.08268768369007501 0.92499999999999993 0.44879895051142860 

ZONE I=2, J=2
0.46699119106270287 0.83582333090037353 6.86131746347930438 0.95392531177391138 0.08190184713791962 0.92499999999999993 0.42386567548301590 
0.47008017189594054 0.89000000275777202 2.57695057101804803 1.00457812320925322 0.06243530481967410 1.00000000000000000 0.42386567548301590 
0.49442127023199339 0.83610067793018550 7.46442213871682192 0.96782203067459871 0.08268768369007501 0.92499999999999993 0.44879895051142860 
0.49861631831182279 0.89000000379904565 3.18005524625556468 1.01820380843005087 0.06308125036552886 1.00000000000000000 0.44879895051142860 

ZONE I=2, J=2
0.49005768969914393 0.78747339266342831 12.64379903420956985 0.92211707388108310 0.09985482183200541 0.84999999999999998 0.44879895051142860 
0.49442127023199339 0.83610067793018550 7.16291273244710336 0.96782203067459871 0.08268768369007501 0.92499999999999993 0.44879895051142860 
0.51608316815358579 0.78719498531558607 12.52073607396396149 0.93594526686220048 0.10012112062742984 0.84999999999999998 0.47373222553984129 
0.52164236188494539 0.83606537947214454 7.03984977220149322 0.98196981633418934 0.08277289576548451 0.92499999999999993 0.47373222553984129 

ZONE I=2, J=2
0.49442127023199339 0.83610067793018550 7.09469350744164107 0.96782203067459871 0.08268768369007501 0.92499999999999993 0.44879895051142860 
0.49861631831182279 0.89000000379904565 3.41713635229707924 1.01820380843005087 0.06308125036552886 1.00000000000000000 0.44879895051142860 
0.52164236188494539 0.83606537947214454 7.95066287696047436 0.98196981633418934 0.08277289576548451 0.92499999999999993 0.47373222553984129 
0.52729942451457978 0.89000000365100751 4.27310572181591208 1.03254553017078332 0.06320140596961679 1.00000000000000000 0.47373222553984129 

ZONE I=2, J=2
0.51608316815358579 0.78719498531558607 12.01095993107212401 0.93594526686220048 0.10012112062742984 0.84999999999999998 0.47373222553984129 
0.52164236188494539 0.83606537947214454 7.64696990788106667 0.98196981633418934 0.08277289576548451 0.92499999999999993 0.47373222553984129 
0.54175257876946059 0.78635246312048812 11.91949732838235398 0.94968702360992829 0.09970260801972369 0.84999999999999998 0.49866550056825398 
0.54862542903500144 0.83546200526658077 7.55550730519129488 0.99610305096495200 0.08225165947389702 0.92499999999999993 0.49866550056825398 

ZONE I=2, J=2
0.52164236188494539 0.83606537947214454 7.13102606472467215 0.98196981633418934 0.08277289576548451 0.92499999999999993 0.47373222553984129 
0.52729942451457978 0.89000000365100751 4.94192331669108498 1.03254553017078332 0.06320140596961679 1.00000000000000000 0.47373222553984129 
0.54862542903500144 0.83546200526658077 8.23350819830447200 0.99610305096495200 0.08225165947389702 0.92499999999999993 0.49866550056825398 
0.55579611810903506 0.88983393930548715 6.04440545027088483 1.04728306700292628 0.06254551953528027 1.00000000000000000 0.49866550056825398 

ZONE I=2, J=2
0.54175257876946059 0.78635246312048812 11.44158131481631813 0.94968702360992829 0.09970260801972369 0.84999999999999998 0.49866550056825398 
0.54862542903500144 0.83546200526658077 8.14780048154475978 0.99610305096495200 0.08225165947389702 0.92499999999999993 0.49866550056825398 
0.56705405282675858 0.78455747429059330 11.34713081690088643 0.96297372987782848 0.09880447792317107 0.84999999999999998 0.52359877559666668 
0.57534373794986060 0.83363967898535507 8.05334998362932808 1.00962500857881943 0.08144245348184666 0.92499999999999993 0.52359877559666668 

ZONE I=2, J=2
0.54862542903500144 0.83546200526658077 7.58167804661614042 0.99610305096495200 0.08225165947389702 0.92499999999999993 0.49866550056825398 
0.55579611810903506 0.88983393930548715 6.58234234718215561 1.04728306700292628 0.06254551953528027 1.00000000000000000 0.49866550056825398 
0.57534373794986060 0.83363967898535507 8.18829697945453994 1.00962500857881943 0.08144245348184666 0.92499999999999993 0.52359877559666668 
0.58407419103078762 0.88747078623524556 7.18896128002055512 1.06060934151156427 0.06208769401161554 1.00000000000000000 0.52359877559666668 

ZONE I=2, J=2
0.56705405282675858 0.78455747429059330 11.01102470099166020 0.96297372987782848 0.09880447792317107 0.84999999999999998 0.52359877559666668 
0.57534373794986060 0.83363967898535507 8.41657883659686412 1.00962500857881943 0.08144245348184666 0.92499999999999993 0.52359877559666668 
0.59195462471798710 0.78167701554937352 10.97991414423505141 0.97566384988080845 0.09751557003344465 0.84999999999999998 0.54853205062507937 
0.60179935553614605 0.83052537422062034 8.38546827984025533 1.02247909813409277 0.08044473523428648 0.92499999999999993 0.54853205062507937 

ZONE I=2, J=2
0.57534373794986060 0.83363967898535507 8.08958512973943478 1.00962500857881943 0.08144245348184666 0.92499999999999993 0.52359877559666668 
0.58407419103078762 0.88747078623524556 7.19640349399484336 1.06060934151156427 0.06208769401161554 1.00000000000000000 0.52359877559666668 
0.60179935553614605 0.83052537422062034 8.47937230614519599 1.02247909813409277 0.08044473523428648 0.92499999999999993 0.54853205062507937 
0.61241961047336824 0.88348284173957625 7.58619067040060635 1.07320499707551331 0.06189301408670392 1.00000000000000000 0.54853205062507937 

ZONE I=2, J=2
0.59195462471798710 0.78167701554937352 10.73634249676307206 0.97566384988080845 0.09751557003344465 0.84999999999999998 0.54853205062507937 
0.60179935553614605 0.83052537422062034 8.63850743918988684 1.02247909813409277 0.08044473523428648 0.92499999999999993 0.54853205062507937 
0.61650957946363072 0.77757181006208853 10.75066868253561836 0.98766544653869404 0.09601534818547383 0.84999999999999998 0.57346532565349206 
0.62807341757534330 0.82599755480114834 8.65283362496243313 1.03461824463087404 0.07945606508742130 0.92499999999999993 0.57346532565349206 

ZONE I=2, J=2
0.60179935553614605 0.83052537422062034 8.39340273003202775 1.02247909813409277 0.08044473523428648 0.92499999999999993 0.54853205062507937 
0.61241961047336824 0.88348284173957625 7.62574885735199537 1.07320499707551331 0.06189301408670392 1.00000000000000000 0.54853205062507937 
0.62807341757534330 0.82599755480114834 8.70505336790247775 1.03461824463087404 0.07945606508742130 0.92499999999999993 0.57346532565349206 
0.64066680122460085 0.87803379795891467 7.93739949522244714 1.08516253107513916 0.06180276450221477 1.00000000000000000 0.57346532565349206 

ZONE I=2, J=2
0.61650957946363072 0.77757181006208853 10.60127933437484238 0.98766544653869404 0.09601534818547383 0.84999999999999998 0.57346532565349206 
0.62807341757534330 0.82599755480114834 8.81317961881977219 1.03461824463087404 0.07945606508742130 0.92499999999999993 0.57346532565349206 
0.64073211880277636 0.77224732158795173 10.66299339627273035 0.99899793482467059 0.09437531446995824 0.84999999999999998 0.59839860068190487 
0.65413047597552776 0.82010357008733314 8.87489368071766016 1.04608618626870231 0.07848717199492941 0.92499999999999993 0.59839860068190487 

ZONE I=2, J=2
0.62807341757534330 0.82599755480114834 8.63773120387999604 1.03461824463087404 0.07945606508742130 0.92499999999999993 0.57346532565349206 
0.64066680122460085 0.87803379795891467 7.97559542076178296 1.08516253107513916 0.06180276450221477 1.00000000000000000 0.57346532565349206 
0.65413047597552776 0.82010357008733314 8.90477921542998097 1.04608618626870231 0.07848717199492941 0.92499999999999993 0.59839860068190487 
0.66871894617341987 0.87119822696923988 8.24264343231176788 1.09652055082387245 0.06175808664901872 1.00000000000000000 0.59839860068190487 

ZONE I=2, J=2
0.64073211880277636 0.77224732158795173 10.57311862630993993 0.99899793482467059 0.09437531446995824 0.84999999999999998 0.59839860068190487 
0.65413047597552776 0.82010357008733314 8.97478562272297786 1.04608618626870231 0.07848717199492941 0.92499999999999993 0.59839860068190487 
0.66462294127107813 0.76572945007659265 10.67470001768593058 1.00969427900197428 0.09264290436457143 0.84999999999999998 0.62333187571031756 
0.67990486903885738 0.81289316761253205 9.07636701409896851 1.05690902239427054 0.07751936064925403 0.92499999999999993 0.62333187571031756 

ZONE I=2, J=2
0.65413047597552776 0.82010357008733314 8.85621333542633948 1.04608618626870231 0.07848717199492941 0.92499999999999993 0.59839860068190487 
0.66871894617341987 0.87119822696923988 8.27234587073969863 1.09652055082387245 0.06175808664901872 1.00000000000000000 0.59839860068190487 
0.67990486903885738 0.81289316761253205 9.09081299223177197 1.05690902239427054 0.07751936064925403 0.92499999999999993 0.62333187571031756 
0.69648327243881947 0.86302090112034158 8.50694552754513111 1.10728717245017161 0.06171824920521440 1.00000000000000000 0.62333187571031756 

ZONE I=2, J=2
0.66462294127107813 0.76572945007659265 10.62382454999687553 1.00969427900197428 0.09264290436457143 0.84999999999999998 0.62333187571031756 
0.67990486903885738 0.81289316761253205 9.13414051036904340 1.05690902239427054 0.07751936064925403 0.92499999999999993 0.62333187571031756 
0.68817014245651764 0.75805744494157423 10.75500016684539517 1.01979239877465333 0.09084436251859518 0.84999999999999998 0.64826515073873026 
0.70533487874074530 0.80442240887478056 9.26531612721756304 1.06711556219254988 0.07653156208130578 0.92499999999999993 0.64826515073873026 

ZONE I=2, J=2
0.67990486903885738 0.81289316761253205 9.06130009223923238 1.05690902239427054 0.07751936064925403 0.92499999999999993 0.62333187571031756 
0.69648327243881947 0.86302090112034158 8.52532912466523385 1.10728717245017161 0.06171824920521440 1.00000000000000000 0.62333187571031756 
0.70533487874074530 0.80442240887478056 9.26976694305326276 1.06711556219254988 0.07653156208130578 0.92499999999999993 0.64826515073873026 
0.72387865765042358 0.85354983057237255 8.73379597547926423 1.11747344251354352 0.06165005716814125 1.00000000000000000 0.64826515073873026 

ZONE I=2, J=2
0.68817014245651764 0.75805744494157423 10.73040924387091266 1.01979239877465333 0.09084436251859518 0.84999999999999998 0.64826515073873026 
0.70533487874074530 0.80442240887478056 9.29352359551407758 1.06711556219254988 0.07653156208130578 0.92499999999999993 0.64826515073873026 
0.71135450509615139 0.74927349433679069 10.88203673861983489 1.02932788628486405 0.08899496475974916 0.84999999999999998 0.67319842576714295 
0.73036809705044448 0.79474876425143703 9.44515109026299982 1.07673666465809914 0.07550702251596060 0.92499999999999993 0.67319842576714295 

ZONE I=2, J=2
0.70533487874074530 0.80442240887478056 9.25680456631161164 1.06711556219254988 0.07653156208130578 0.92499999999999993 0.64826515073873026 
0.72387865765042358 0.85354983057237255 8.74145026102216249 1.11747344251354352 0.06165005716814125 1.00000000000000000 0.64826515073873026 
0.73036809705044448 0.79474876425143703 9.44333076794634962 1.07673666465809914 0.07550702251596060 0.92499999999999993 0.67319842576714295 
0.75083613874795474 0.84283785614636519 8.92797646265690048 1.12709584592729839 0.06152652352251291 1.00000000000000000 0.67319842576714295 

ZONE I=2, J=2
0.71135450509615139 0.74927349433679069 10.87595796379688906 1.02932788628486405 0.08899496475974916 0.84999999999999998 0.67319842576714295 
0.73036809705044448 0.79474876425143703 9.45206168691166226 1.07673666465809914 0.07550702251596060 0.92499999999999993 0.67319842576714295 
0.73415307458579993 0.73942076118236211 11.04075691114097424 1.03833366518739378 0.08710337955441233 0.84999999999999998 0.69813170079555564 
0.75496079122609305 0.78392958988542716 9.61686063425574744 1.08580434852738761 0.07443329164881560 0.92499999999999993 0.69813170079555564 

ZONE I=2, J=2
0.73036809705044448 0.79474876425143703 9.44369427922360138 1.07673666465809914 0.07550702251596060 0.92499999999999993 0.67319842576714295 
0.75083613874795474 0.84283785614636519 8.92669751135176348 1.12709584592729839 0.06152652352251291 1.00000000000000000 0.67319842576714295 
0.75496079122609305 0.78392958988542716 9.61150298193840591 1.08580434852738761 0.07443329164881560 0.92499999999999993 0.69813170079555564 
0.77729872301975178 0.83094129876019951 9.09450621406656801 1.13617595265544957 0.06132659619533377 1.00000000000000000 0.69813170079555564 

ZONE I=2, J=2
0.73415307458579993 0.73942076118236211 11.04806910960329702 1.03833366518739378 0.08710337955441233 0.84999999999999998 0.69813170079555564 
0.75496079122609305 0.78392958988542716 9.60823343067901092 1.08580434852738761 0.07443329164881560 0.92499999999999993 0.69813170079555564 
0.75654144684805469 0.72854252266391084 11.22045262568591895 1.04684024999029779 0.08517428678124524 0.84999999999999998 0.72306497582396834 
0.77907616006445535 0.77202099598042484 9.78061694676163285 1.09435049260638007 0.07330130113140783 0.92499999999999993 0.72306497582396834 

ZONE I=2, J=2
0.75496079122609305 0.78392958988542716 9.62201884381462946 1.08580434852738761 0.07443329164881560 0.92499999999999993 0.69813170079555564 
0.77729872301975178 0.83094129876019951 9.08635445910589468 1.13617595265544957 0.06132659619533377 1.00000000000000000 0.69813170079555564 
0.77907616006445535 0.77202099598042484 9.77373108877514696 1.09435049260638007 0.07330130113140783 0.92499999999999993 0.72306497582396834 
0.80321993571086903 0.81791773185215788 9.23806670406641217 1.14473859685195589 0.06103463016162312 1.00000000000000000 0.72306497582396834 

ZONE I=2, J=2
0.75654144684805469 0.72854252266391084 11.23755696796938786 1.04684024999029779 0.08517428678124524 0.84999999999999998 0.72306497582396834 
0.77907616006445535 0.77202099598042484 9.76063576831011837 1.09435049260638007 0.07330130113140783 0.92499999999999993 0.72306497582396834 
0.77849512369978391 0.71668177618919826 11.41329715039157300 1.05487607716981491 0.08320990181984618 0.84999999999999998 0.74799825085238103 
0.80268287211219147 0.75907724318847991 9.93637595073230351 1.10240600066894534 0.07210453521104322 0.92499999999999993 0.74799825085238103 

ZONE I=2, J=2
0.77907616006445535 0.77202099598042484 9.79166254862357732 1.09435049260638007 0.07330130113140783 0.92499999999999993 0.72306497582396834 
0.80321993571086903 0.81791773185215788 9.22491382243203617 1.14473859685195589 0.06103463016162312 1.00000000000000000 0.72306497582396834 
0.80268287211219147 0.75907724318847991 9.92944697542613852 1.10240600066894534 0.07210453521104322 0.92499999999999993 0.74799825085238103 
0.82856209130597980 0.80382427717761662 9.36269824923459737 1.15281023706395436 0.06063963266714210 1.00000000000000000 0.74799825085238103 

ZONE I=2, J=2
0.77849512369978391 0.71668177618919826 11.43752843903265770 1.05487607716981491 0.08320990181984618 0.84999999999999998 0.74799825085238103 
0.80268287211219147 0.75907724318847991 9.90818794097184963 1.10240600066894534 0.07210453521104322 0.92499999999999993 0.74799825085238103 
0.79999029092341400 0.70388094467466966 11.61345252349328661 1.06246770935213064 0.08121093788320934 0.84999999999999998 0.77293152588079372 
0.82575397219519342 0.74515040906035290 10.08411202543247853 1.11000030162596186 0.07083844372390839 0.92499999999999993 0.77293152588079372 

ZONE I=2, J=2
0.80268287211219147 0.75907724318847991 9.95257657274918550 1.10240600066894534 0.07210453521104322 0.92499999999999993 0.74799825085238103 
0.82856209130597980 0.80382427717761662 9.34608774164328260 1.15281023706395436 0.06063963266714210 1.00000000000000000 0.74799825085238103 
0.82575397219519342 0.74515040906035290 10.07823460536108051 1.11000030162596186 0.07083844372390839 0.92499999999999993 0.77293152588079372 
0.85329462189211536 0.78871648437981312 9.47174577425517761 1.16041770631194319 0.06013444404157280 1.00000000000000000 0.77293152588079372 

ZONE I=2, J=2
0.79999029092341400 0.70388094467466966 11.64277116144589819 1.06246770935213064 0.08121093788320934 0.84999999999999998 0.77293152588079372 
0.82575397219519342 0.74515040906035290 10.05013440551955206 1.11000030162596186 0.07083844372390839 0.92499999999999993 0.77293152588079372 
0.82100424480292178 0.69018164334154519 11.81652038634281787 1.06963995650394250 0.07917723309320499 0.84999999999999998 0.79786480090920642 
0.84826606405602911 0.73029023308665886 10.22388363041647175 1.11716108323932439 0.06950002925476537 0.92499999999999993 0.79786480090920642 

ZONE I=2, J=2
0.82575397219519342 0.74515040906035290 10.10482770702734179 1.11000030162596186 0.07083844372390839 0.92499999999999993 0.77293152588079372 
0.85329462189211536 0.78871648437981312 9.45288750784961884 1.16041770631194319 0.06013444404157280 1.00000000000000000 0.77293152588079372 
0.84826606405602911 0.73029023308665886 10.21985792686006711 1.11716108323932439 0.06950002925476537 0.92499999999999993 0.79786480090920642 
0.87739262283748454 0.77264768440877962 9.56791772768234416 1.16758735313740103 0.05951496975961261 1.00000000000000000 0.79786480090920642 

ZONE I=2, J=2
0.82100424480292178 0.69018164334154519 11.84933786776298525 1.06963995650394250 0.07917723309320499 0.84999999999999998 0.79786480090920642 
0.84826606405602911 0.73029023308665886 10.18599223008835786 1.11716108323932439 0.06950002925476537 0.92499999999999993 0.79786480090920642 
0.84151560373024981 0.67562450102909688 12.01918164722384397 1.07641595505834031 0.07710816693544095 0.84999999999999998 0.82279807593761911 
0.87019867815945418 0.71454407979088597 10.35583600954921657 1.12391417289782303 0.06808754213560402 0.92499999999999993 0.82279807593761911 

ZONE I=2, J=2
0.84826606405602911 0.73029023308665886 10.24858573752573854 1.11716108323932439 0.06950002925476537 0.92499999999999993 0.79786480090920642 
0.87739262283748454 0.77264768440877962 9.54773257484927562 1.16758735313740103 0.05951496975961261 1.00000000000000000 0.79786480090920642 
0.87019867815945418 0.71454407979088597 10.35423733322723372 1.12391417289782303 0.06808754213560402 0.92499999999999993 0.82279807593761911 
0.90083564813875860 0.75566867335413390 9.65338417055077080 1.17434448848200090 0.05877951359378252 1.00000000000000000 0.82279807593761911 

ZONE I=2, J=2
0.84151560373024981 0.67562450102909688 12.05425217768086554 1.07641595505834031 0.07710816693544095 0.84999999999999998 0.82279807593761911 
0.87019867815945418 0.71454407979088597 10.31549054733330451 1.12391417289782303 0.06808754213560402 0.92499999999999993 0.82279807593761911 
0.86150438783790395 0.66024903514308486 12.21894498860120493 1.08281723211605718 0.07500293663488664 0.84999999999999998 0.84773135096603180 
0.89153376819568364 0.69795698223465286 10.48018335825364389 1.13028351160045326 0.06660024239780467 0.92499999999999993 0.84773135096603180 

ZONE I=2, J=2
0.87019867815945418 0.71454407979088597 10.38409645287442551 1.12391417289782303 0.06808754213560402 0.92499999999999993 0.82279807593761911 
0.90083564813875860 0.75566867335413390 9.63255951214209283 1.17434448848200090 0.05877951359378252 1.00000000000000000 0.82279807593761911 
0.89153376819568364 0.69795698223465286 10.48141405842665641 1.13028351160045326 0.06660024239780467 0.92499999999999993 0.84773135096603180 
0.92360673951390870 0.73782761398586838 9.72987711769432373 1.18071305498402368 0.05792822305134782 1.00000000000000000 0.84773135096603180 

ZONE I=2, J=2
0.86150438783790395 0.66024903514308486 12.25529140180214860 1.08281723211605718 0.07500293663488664 0.84999999999999998 0.84773135096603180 
0.89153376819568364 0.69795698223465286 10.43851715538882807 1.13028351160045326 0.06660024239780467 0.92499999999999993 0.84773135096603180 
0.88095201814911606 0.64409357548856205 12.41396189927485771 1.08886376796013074 0.07286073764591817 0.84999999999999998 0.87266462599444450 
0.91225530305545244 0.68057173884393718 10.59718765286153719 1.13629118684297792 0.06503820699275646 0.92499999999999993 0.87266462599444450 

ZONE I=2, J=2
0.89153376819568364 0.69795698223465286 10.51165568886973389 1.13028351160045326 0.06660024239780467 0.92499999999999993 0.84773135096603180 
0.92360673951390870 0.73782761398586838 9.70891819577261472 1.18071305498402368 0.05792822305134782 1.00000000000000000 0.84773135096603180 
0.91225530305545244 0.68057173884393718 10.60151656530498343 1.13629118684297792 0.06503820699275646 0.92499999999999993 0.87266462599444450 
0.94569165637341857 0.71917007468561556 9.79877907220786426 1.18671545153394131 0.05696263993362585 1.00000000000000000 0.87266462599444450 

ZONE I=2, J=2
0.88095201814911606 0.64409357548856205 12.45082102609665675 1.08886376796013074 0.07286073764591817 0.84999999999999998 0.87266462599444450 
0.91225530305545244 0.68057173884393718 10.55507546040342781 1.13629118684297792 0.06503820699275646 0.92499999999999993 0.87266462599444450 
0.89984126806065401 0.62719522979843301 12.60288564316513238 1.09457406214734299 0.07068087762032575 0.84999999999999998 0.89759790102285719 
0.93234893382278439 0.66242904359153987 10.70714007747190344 1.14195750224233672 0.06340217083451175 0.92499999999999993 0.89759790102285719 

ZONE I=2, J=2
0.91225530305545244 0.68057173884393718 10.63158850931388066 1.13629118684297792 0.06503820699275646 0.92499999999999993 0.87266462599444450 
0.94569165637341857 0.71917007468561556 9.77805171544847163 1.18671545153394131 0.05696263993362585 1.00000000000000000 0.87266462599444450 
0.93234893382278439 0.66242904359153987 10.71473302190870847 1.14195750224233672 0.06340217083451175 0.92499999999999993 0.89759790102285719 
0.96707827164788895 0.69973915106902695 9.86119622804329943 1.19237246343775882 0.05588534215374701 1.00000000000000000 0.89759790102285719 

ZONE I=2, J=2
0.89984126806065401 0.62719522979843301 12.63966594009441735 1.09457406214734299 0.07068087762032575 0.84999999999999998 0.89759790102285719 
0.93234893382278439 0.66242904359153987 10.66525112517019735 1.14195750224233672 0.06340217083451175 0.92499999999999993 0.89759790102285719 
0.91815618842458413 0.60958988291637062 12.78476132187618575 1.09996520429562983 0.06846284419470286 0.84999999999999998 0.92253117605126989 
0.95180172177475320 0.64356763483523283 10.81034650695196575 1.14730106911347596 0.06169339504254296 0.92499999999999993 0.92253117605126989 

ZONE I=2, J=2
0.93234893382278439 0.66242904359153987 10.74423372632970874 1.14195750224233672 0.06340217083451175 0.92499999999999993 0.89759790102285719 
0.96707827164788895 0.69973915106902695 9.84096072744119077 1.19237246343775882 0.05588534215374701 1.00000000000000000 0.89759790102285719 
0.95180172177475320 0.64356763483523283 10.82129013137205042 1.14730106911347596 0.06169339504254296 0.92499999999999993 0.92253117605126989 
0.98775610163795369 0.67957563372640972 9.91801713248353245 1.19770326261698190 0.05469966173840183 1.00000000000000000 0.92253117605126989 

ZONE I=2, J=2
0.91815618842458413 0.60958988291637062 12.82100904998053714 1.09996520429562983 0.06846284419470286 0.84999999999999998 0.92253117605126989 
0.95180172177475320 0.64356763483523283 10.76918675898468969 1.14730106911347596 0.06169339504254296 0.92499999999999993 0.92253117605126989 
0.93588202006893628 0.59131222187678778 12.95893912994253050 1.10505294879557270 0.06620634099076682 0.84999999999999998 0.94746445107968258 
0.97060191676287011 0.62402445222969882 10.90711683894668305 1.15233890994912302 0.05991355791137562 0.92499999999999993 0.94746445107968258 

ZONE I=2, J=2
0.95180172177475320 0.64356763483523283 10.84993286687218195 1.14730106911347596 0.06169339504254296 0.92499999999999993 0.92253117605126989 
0.98775610163795369 0.67957563372640972 9.89845446704346266 1.19770326261698190 0.05469966173840183 1.00000000000000000 0.92253117605126989 
0.97060191676287011 0.62402445222969882 10.92143738117541041 1.15233890994912302 0.05991355791137562 0.92499999999999993 0.94746445107968258 
1.00771594279600363 0.65871819798047160 9.96995898134669112 1.20272545277870746 0.05340946502382804 1.00000000000000000 0.94746445107968258 

ZONE I=2, J=2
0.93588202006893628 0.59131222187678778 12.99431097311315675 1.10505294879557270 0.06620634099076682 0.84999999999999998 0.94746445107968258 
0.97060191676287011 0.62402445222969882 10.86706293520141919 1.15233890994912302 0.05991355791137562 0.92499999999999993 0.94746445107968258 
0.95300510266869698 0.57239577998120439 13.12500551416070316 1.10985179196006345 0.06391130209830437 0.84999999999999998 0.97239772610809527 
0.98873877736562399 0.60383479432606291 10.99775747624896560 1.15708656692968548 0.05806466512554817 0.92499999999999993 0.97239772610809527 

ZONE I=2, J=2
0.97060191676287011 0.62402445222969882 10.94902254744555137 1.15233890994912302 0.05991355791137562 0.92499999999999993 0.94746445107968258 
1.00771594279600363 0.65871819798047160 9.95119087634818200 1.20272545277870746 0.05340946502382804 1.00000000000000000 0.94746445107968258 
0.98873877736562399 0.60383479432606291 11.01543556352746833 1.15708656692968548 0.05806466512554817 0.92499999999999993 0.97239772610809527 
1.02694959310875600 0.63720360006252041 10.01760389243009897 1.20745514207989846 0.05201898291670111 1.00000000000000000 0.97239772610809527 

ZONE I=2, J=2
0.95300510266869698 0.57239577998120439 13.15924628646711980 1.10985179196006345 0.06391130209830437 0.84999999999999998 0.97239772610809527 
0.98873877736562399 0.60383479432606291 10.95908406756245412 1.15708656692968548 0.05806466512554817 0.92499999999999993 0.97239772610809527 
0.96951278554890008 0.55287299404614643 13.28272843697633476 1.11437504999901216 0.06157789236436032 0.84999999999999998 0.99733100113650797 
1.00620242561597673 0.58303247190142193 11.08256621807166908 1.16155821079696642 0.05614897627835583 0.92499999999999993 0.99733100113650797 

ZONE I=2, J=2
0.98873877736562399 0.60383479432606291 11.04182936105129009 1.15708656692968548 0.05806466512554817 0.92499999999999993 0.97239772610809527 
1.02694959310875600 0.63720360006252041 9.99970806558195413 1.20745514207989846 0.05201898291670111 1.00000000000000000 0.97239772610809527 
1.00620242561597673 0.58303247190142193 11.10354853878066983 1.16155821079696642 0.05614897627835583 0.92499999999999993 0.99733100113650797 
1.04544963999387441 0.61506686988855652 10.06142724331133387 1.21190703122898236 0.05053268106465728 1.00000000000000000 0.99733100113650797 

ZONE I=2, J=2
0.96951278554890008 0.55287299404614643 13.31565291755741498 1.11437504999901216 0.06157789236436032 0.84999999999999998 0.99733100113650797 
1.00620242561597673 0.58303247190142193 11.04546797162537786 1.16155821079696642 0.05614897627835583 0.92499999999999993 0.99733100113650797 
0.98539334374071119 0.53277527009060122 13.43201387099853150 1.11863493635004030 0.05920649867838707 0.84999999999999998 1.02226427616492077 
1.02298373023461453 0.56164995386273864 11.16182892506649438 1.16576674698757565 0.05416894513232280 0.92499999999999993 1.02226427616492077 

ZONE I=2, J=2
1.00620242561597673 0.58303247190142193 11.12866657581785113 1.16155821079696642 0.05614897627835583 0.92499999999999993 0.99733100113650797 
1.04544963999387441 0.61506686988855652 10.04444895596060938 1.21190703122898236 0.05053268106465728 1.00000000000000000 0.99733100113650797 
1.02298373023461453 0.56164995386273864 11.18603741394852058 1.16576674698757565 0.05416894513232280 0.92499999999999993 1.02226427616492077 
1.06320930021871751 0.59234149452973739 10.10181979409127884 1.21609450881321002 0.04895516160380761 1.00000000000000000 1.02226427616492077 

ZONE I=2, J=2
0.98539334374071119 0.53277527009060122 13.46349202598023354 1.11863493635004030 0.05920649867838707 0.84999999999999998 1.02226427616492077 
1.02298373023461453 0.56164995386273864 11.12643820319210874 1.16576674698757565 0.05416894513232280 0.92499999999999993 1.02226427616492077 
1.00063590108551170 0.51213305373816764 13.57287128192610126 1.12264263714768431 0.05679771589146635 0.84999999999999998 1.04719755119333335 
1.03907421325686933 0.53971850387589471 11.23581745913797647 1.16972391703555534 0.05212717138319828 0.92499999999999993 1.04719755119333335 

ZONE I=2, J=2
1.02298373023461453 0.56164995386273864 11.20983212098220072 1.16576674698757565 0.05416894513232280 0.92499999999999993 1.02226427616492077 
1.06320930021871751 0.59234149452973739 10.08578058711827730 1.21609450881321002 0.04895516160380761 1.00000000000000000 1.02226427616492077 
1.03907421325686933 0.53971850387589471 11.26315650006831071 1.16972391703555534 0.05212717138319828 0.92499999999999993 1.04719755119333335 
1.08022230031471511 0.56905958909977106 10.13910496620438728 1.22002974835673728 0.04729108973380420 1.00000000000000000 1.04719755119333335 

ZONE I=2, J=2
1.00063590108551170 0.51213305373816764 13.60281627597046672 1.12264263714768431 0.05679771589146635 0.84999999999999998 1.04719755119333335 
1.03907421325686933 0.53971850387589471 11.20221848202397474 1.16972391703555534 0.05212717138319828 0.92499999999999993 1.04719755119333335 
1.01523036116839038 0.49097590248562628 13.70538631679899844 1.12640838388929065 0.05435232988191047 0.84999999999999998 1.07213082622174616 
1.05446597576994838 0.51726830679632163 11.30478852285250646 1.17344039404594369 0.05002636198749039 0.92499999999999993 1.07213082622174616 

ZONE I=2, J=2
1.03907421325686933 0.53971850387589471 11.28560747634172756 1.16972391703555534 0.05212717138319828 0.92499999999999993 1.04719755119333335 
1.08022230031471511 0.56905958909977106 10.12400925819426689 1.22002974835673728 0.04729108973380420 1.00000000000000000 1.04719755119333335 
1.05446597576994838 0.51726830679632163 11.33515057047106822 1.17344039404594369 0.05002636198749039 0.92499999999999993 1.07213082622174616 
1.09648278836929602 0.54525205352352180 10.17355235232360755 1.22372380352397458 0.04554513970272703 1.00000000000000000 1.07213082622174616 

ZONE I=2, J=2
1.01523036116839038 0.49097590248562628 13.73374482109443129 1.12640838388929065 0.05435232988191047 0.84999999999999998 1.07213082622174616 
1.05446597576994838 0.51726830679632163 11.27302867788758256 1.17344039404594369 0.05002636198749039 0.92499999999999993 1.07213082622174616 
1.02916734620667394 0.46933255772386073 13.82969926638350167 1.12994152261489833 0.05187129946737627 0.84999999999999998 1.09706410125015874 
1.06915163919359468 0.49432858461733409 11.36898312317665294 1.17692587159951967 0.04786930039010619 0.92499999999999993 1.09706410125015874 

ZONE I=2, J=2
1.05446597576994838 0.51726830679632163 11.35625718752651458 1.17344039404594369 0.05002636198749039 0.92499999999999993 1.07213082622174616 
1.09648278836929602 0.54525205352352180 10.15939241654555225 1.22372380352397458 0.04554513970272703 1.00000000000000000 1.07213082622174616 
1.06915163919359468 0.49432858461733409 11.40225306498544633 1.17692587159951967 0.04786930039010619 0.92499999999999993 1.09706410125015874 
1.11198527001350156 0.52094871478211346 10.20538829400448400 1.22718669921650791 0.04372195588292170 1.00000000000000000 1.09706410125015874 

ZONE I=2, J=2
1.02916734620667394 0.46933255772386073 13.85644365224082009 1.12994152261489833 0.05187129946737627 0.84999999999999998 1.09706410125015874 
1.06915163919359468 0.49432858461733409 11.33908196479254116 1.17692587159951967 0.04786930039010619 0.92499999999999993 1.09706410125015874 
1.04243814361193121 0.44723101499467904 13.94598814804469811 1.13325057914340066 0.04935573828246850 0.84999999999999998 1.12199737627857155 
1.08312429915129127 0.47092770208134999 11.42862646059641918 1.18018914583687606 0.04565882224085300 0.92499999999999993 1.12199737627857155 

ZONE I=2, J=2
1.06915163919359468 0.49432858461733409 11.42202880778687124 1.17692587159951967 0.04786930039010619 0.92499999999999993 1.09706410125015874 
1.11198527001350156 0.52094871478211346 10.19214800616468075 1.22718669921650791 0.04372195588292170 1.00000000000000000 1.09706410125015874 
1.08312429915129127 0.47092770208134999 11.46468497791104291 1.18018914583687606 0.04565882224085300 0.92499999999999993 1.12199737627857155 
1.12672456296870771 0.49617845494181390 10.23480417628885242 1.23042751723534538 0.04182612551426530 1.00000000000000000 1.12199737627857155 

ZONE I=2, J=2
1.04243814361193121 0.44723101499467904 13.97111022336983410 1.13325057914340066 0.04935573828246850 0.84999999999999998 1.12199737627857155 
1.08312429915129127 0.47092770208134999 11.40058284664795707 1.18018914583687606 0.04565882224085300 0.92499999999999993 1.12199737627857155 
1.05503465970726595 0.42469859144239969 14.05445547798233719 1.13634332009265604 0.04680689732918322 0.84999999999999998 1.14693065130698413 
1.09637748949986391 0.44709326237566660 11.48392810126046015 1.18323819073345304 0.04339779641370342 0.92499999999999993 1.14693065130698413 

ZONE I=2, J=2
1.08312429915129127 0.47092770208134999 11.48315312399692800 1.18018914583687606 0.04565882224085300 0.92499999999999993 1.12199737627857155 
1.12672456296870771 0.49617845494181390 10.22246183007186104 1.23042751723534538 0.04182612551426530 1.00000000000000000 1.12199737627857155 
1.09637748949986391 0.44709326237566660 11.52265423663851251 1.18323819073345304 0.04339779641370342 0.92499999999999993 1.14693065130698413 
1.14069576574241416 0.47096932570087346 10.26196294271344556 1.23345447581210310 0.03986216041433356 1.00000000000000000 1.14693065130698413 

ZONE I=2, J=2
1.05503465970726595 0.42469859144239969 14.07796148135256509 1.13634332009265604 0.04680689732918322 0.84999999999999998 1.14693065130698413 
1.09637748949986391 0.44709326237566660 11.45772583078294993 1.18323819073345304 0.04339779641370342 0.92499999999999993 1.14693065130698413 
1.06694937996025319 0.40176198978960487 14.15531798160959731 1.13922680955793387 0.04422614861959178 0.84999999999999998 1.17186392633539693 
1.10890515452276328 0.42285219350214620 11.53508233103998215 1.18608022675036873 0.04108911033989080 0.92499999999999993 1.17186392633539693 

ZONE I=2, J=2
1.09637748949986391 0.44709326237566660 11.53984456571287431 1.18323819073345304 0.04339779641370342 0.92499999999999993 1.14693065130698413 
1.14069576574241416 0.47096932570087346 10.25049335823216445 1.23345447581210310 0.03986216041433356 1.00000000000000000 1.14693065130698413 
1.10890515452276328 0.42285219350214620 11.57635542880385593 1.18608022675036873 0.04108911033989080 0.92499999999999993 1.17186392633539693 
1.15389423703229554 0.44534865042356558 10.28700422132314607 1.23627500273796365 0.03783448553479443 1.00000000000000000 1.17186392633539693 

ZONE I=2, J=2
1.06694937996025319 0.40176198978960487 14.17722459741552044 1.13922680955793387 0.04422614861959178 0.84999999999999998 1.17186392633539693 
1.10890515452276328 0.42285219350214620 11.51069458078723784 1.18608022675036873 0.04108911033989080 0.92499999999999993 1.17186392633539693 
1.07817533504628593 0.37844735844997346 14.24879863675053926 1.14190746143497135 0.04161497013182754 0.84999999999999998 1.19679720136380974 
1.12070162765682024 0.39823082600164939 11.58226862012225666 1.18872178315413923 0.03873565883583037 0.92499999999999993 1.19679720136380974 

ZONE I=2, J=2
1.10890515452276328 0.42285219350214620 11.59230172570550721 1.18608022675036873 0.04108911033989080 0.92499999999999993 1.17186392633539693 
1.15389423703229554 0.44534865042356558 10.27638031727410350 1.23627500273796365 0.03783448553479443 1.00000000000000000 1.17186392633539693 
1.12070162765682024 0.39823082600164939 11.62596977344375304 1.18872178315413923 0.03873565883583037 0.92499999999999993 1.19679720136380974 
1.16631558316088491 0.41934311473895275 10.31004836501234934 1.23889580209871442 0.03574743270592324 1.00000000000000000 1.19679720136380974 

ZONE I=2, J=2
1.07817533504628593 0.37844735844997346 14.26912983614057850 1.14190746143497135 0.04161497013182754 0.84999999999999998 1.19679720136380974 
1.12070162765682024 0.39823082600164939 11.55966142146888487 1.18872178315413923 0.03873565883583037 0.92499999999999993 1.19679720136380974 
1.08870607205998460 0.35478034760401100 14.33512056275884916 1.14439108745608498 0.03897493216649143 0.84999999999999998 1.22173047639222232 
1.13176161542392162 0.37325496275319392 11.62565214808715552 1.19116875436032443 0.03634033575142105 0.92499999999999993 1.22173047639222232 

ZONE I=2, J=2
1.12070162765682024 0.39823082600164939 11.64070794156386235 1.18872178315413923 0.03873565883583037 0.92499999999999993 1.19679720136380974 
1.16631558316088491 0.41934311473895275 10.30024232431182263 1.23889580209871442 0.03574743270592324 1.00000000000000000 1.19679720136380974 
1.13176161542392162 0.37325496275319392 11.67166525927646781 1.19116875436032443 0.03634033575142105 0.92499999999999993 1.22173047639222232 
1.17795565146235059 0.39297884680824952 10.33119964202442809 1.24132291480141377 0.03360523827849410 1.00000000000000000 1.22173047639222232 

ZONE I=2, J=2
1.08870607205998460 0.35478034760401100 14.35390510991761026 1.14439108745608498 0.03897493216649143 0.84999999999999998 1.22173047639222232 
1.13176161542392162 0.37325496275319392 11.60478709982309731 1.19116875436032443 0.03634033575142105 0.92499999999999993 1.22173047639222232 
1.09853563022462075 0.33078616122022608 14.41450236467502144 1.14668294106536472 0.03630768510251663 0.84999999999999998 1.24666375142063512 
1.14208018548742363 0.34794994157197157 11.66538435458050849 1.19342645068555386 0.03390602788602206 0.92499999999999993 1.24666375142063512 

ZONE I=2, J=2
1.13176161542392162 0.37325496275319392 11.68523190310043347 1.19116875436032443 0.03634033575142105 0.92499999999999993 1.22173047639222232 
1.17795565146235059 0.39297884680824952 10.32218376966483930 1.24132291480141377 0.03360523827849410 1.00000000000000000 1.22173047639222232 
1.14208018548742363 0.34794994157197157 11.71359689359734801 1.19342645068555386 0.03390602788602206 0.92499999999999993 1.24666375142063512 
1.18881052801187170 0.36628148834001273 10.35054876016175385 1.24356177318433003 0.03141204366297429 1.00000000000000000 1.24666375142063512 

ZONE I=2, J=2
1.09853563022462075 0.33078616122022608 14.43177185712431587 1.14668294106536472 0.03630768510251663 0.84999999999999998 1.24666375142063512 
1.14208018548742363 0.34794994157197157 11.64622072936373876 1.19342645068555386 0.03390602788602206 0.92499999999999993 1.24666375142063512 
1.10765852049843838 0.30648960511707035 14.48715461927924686 1.14878775729689608 0.03361494849578967 0.84999999999999998 1.27159702644904771 
1.15165275795669642 0.32234069131194576 11.70160349151866974 1.19549964389928687 0.03143561072106339 0.92499999999999993 1.27159702644904771 

ZONE I=2, J=2
1.14208018548742363 0.34794994157197157 11.72602826110668062 1.19342645068555386 0.03390602788602206 0.92499999999999993 1.24666375142063512 
1.18881052801187170 0.36628148834001273 10.34229610851913606 1.24356177318433003 0.03141204366297429 1.00000000000000000 1.24666375142063512 
1.15165275795669642 0.32234069131194576 11.75190702028962875 1.19549964389928687 0.03143561072106339 0.92499999999999993 1.27159702644904771 
1.19887653845444664 0.33927625737769596 10.36817486770208419 1.24561725005881763 0.02917189799519320 1.00000000000000000 1.27159702644904771 

ZONE I=2, J=2
1.10765852049843838 0.30648960511707035 14.50294195518343798 1.14878775729689608 0.03361494849578967 0.84999999999999998 1.27159702644904771 
1.15165275795669642 0.32234069131194576 11.68409986285727697 1.19549964389928687 0.03143561072106339 0.92499999999999993 1.27159702644904771 
1.11606970853360732 0.28191513123982320 14.55327725271053296 1.15070978884234876 0.03089850143057141 0.84999999999999998 1.29653030147746051 
1.16047509922955694 0.29645178214661561 11.73443516038437195 1.19739260795839342 0.02893194560259786 0.92499999999999993 1.29653030147746051 

ZONE I=2, J=2
1.15165275795669642 0.32234069131194576 11.76323822065889502 1.19549964389928687 0.03143561072106339 0.92499999999999993 1.27159702644904771 
1.19887653845444664 0.33927625737769596 10.36065968668982862 1.24561725005881763 0.02917189799519320 1.00000000000000000 1.27159702644904771 
1.16047509922955694 0.29645178214661561 11.78672567651175385 1.19739260795839342 0.02893194560259786 0.92499999999999993 1.29653030147746051 
1.20815025097547313 0.31198800381351155 10.38414714254268745 1.24749370255547731 0.02688876233790894 1.00000000000000000 1.29653030147746051 

ZONE I=2, J=2
1.11606970853360732 0.28191513123982320 14.56761543829513350 1.15070978884234876 0.03089850143057141 0.84999999999999998 1.29653030147746051 
1.16047509922955694 0.29645178214661561 11.71855065190778511 1.19739260795839342 0.02893194560259786 0.92499999999999993 1.29653030147746051 
1.12376460050287541 0.25708687837978461 14.61305760996126146 1.15245283850483116 0.02816017401592266 0.84999999999999998 1.32146357650587309 
1.16854331779793630 0.27030747066185573 11.76399282357391307 1.19910915528940332 0.02639787807670279 0.92499999999999993 1.32146357650587309 

ZONE I=2, J=2
1.16047509922955694 0.29645178214661561 11.79699010765181022 1.19739260795839342 0.02893194560259786 0.92499999999999993 1.29653030147746051 
1.20815025097547313 0.31198800381351155 10.37734519841779068 1.24749370255547731 0.02688876233790894 1.00000000000000000 1.29653030147746051 
1.16854331779793630 0.27030747066185573 11.81817096579672288 1.19910915528940332 0.02639787807670279 0.92499999999999993 1.32146357650587309 
1.21662848067744678 0.28444125850533369 10.39852605656270335 1.24919501114833342 0.02456651496907587 1.00000000000000000 1.32146357650587309 

ZONE I=2, J=2
1.12376460050287541 0.25708687837978461 14.62597883674605015 1.15245283850483116 0.02816017401592266 0.84999999999999998 1.32146357650587309 
1.16854331779793630 0.27030747066185573 11.74968806198029725 1.19910915528940332 0.02639787807670279 0.92499999999999993 1.32146357650587309 
1.13073903136723852 0.23202870959707439 14.66666905731836579 1.15402028823747238 0.02540183991182115 0.84999999999999998 1.34639685153428590 
1.17585386155246807 0.24393174035177195 11.79037828255261289 1.20065266895884815 0.02383623713780133 0.92499999999999993 1.34639685153428590 

ZONE I=2, J=2
1.16854331779793630 0.27030747066185573 11.82739990106804484 1.19910915528940332 0.02639787807670279 0.92499999999999993 1.32146357650587309 
1.21662848067744678 0.28444125850533369 10.39241485285828404 1.24919501114833342 0.02456651496907587 1.00000000000000000 1.32146357650587309 
1.17585386155246807 0.24393174035177195 11.84634943132900986 1.20065266895884815 0.02383623713780133 0.92499999999999993 1.34639685153428590 
1.22430829479942549 0.25666027679554776 10.41136438311924906 1.25072461421763070 0.02220895741818770 1.00000000000000000 1.34639685153428590 

ZONE I=2, J=2
1.13073903136723852 0.23202870959707439 14.67820399249077923 1.15402028823747238 0.02540183991182115 0.84999999999999998 1.34639685153428590 
1.17585386155246807 0.24393174035177195 11.77761611913646078 1.20065266895884815 0.02383623713780133 0.92499999999999993 1.34639685153428590 
1.13698925521315575 0.20676424662823620 14.71426999155917770 1.15541512496015919 0.02262540976885335 0.84999999999999998 1.37133012656269848 
1.18240351621139128 0.21734833806517528 11.81368211820485925 1.20202613104410783 0.02124983519674271 0.92499999999999993 1.37133012656269848 

ZONE I=2, J=2
1.17585386155246807 0.24393174035177195 11.85457172620270150 1.20065266895884815 0.02383623713780133 0.92499999999999993 1.34639685153428590 
1.22430829479942549 0.25666027679554776 10.40592330927040443 1.25072461421763070 0.02220895741818770 1.00000000000000000 1.34639685153428590 
1.18240351621139128 0.21734833806517528 11.87135641761113014 1.20202613104410783 0.02124983519674271 0.92499999999999993 1.37133012656269848 
1.23118701834930300 0.22866907715605811 10.42270800067883307 1.25208553848962079 0.01981982099834860 1.00000000000000000 1.37133012656269848 

ZONE I=2, J=2
1.13698925521315575 0.20676424662823620 14.72444723594564664 1.15541512496015919 0.02262540976885335 0.84999999999999998 1.37133012656269848 
1.18240351621139128 0.21734833806517528 11.80242817060589289 1.20202613104410783 0.02124983519674271 0.92499999999999993 1.37133012656269848 
1.14251193733892720 0.18131690156963118 14.75600315596154744 1.15663996333806796 0.01983282546872879 0.84999999999999998 1.39626340159111129 
1.18818940457207689 0.19058080690843085 11.83398409062179368 1.20323214748740148 0.01864146861358782 0.92499999999999993 1.39626340159111129 

ZONE I=2, J=2
1.18240351621139128 0.21734833806517528 11.87859830593822963 1.20202613104410783 0.02124983519674271 0.92499999999999993 1.37133012656269848 
1.23118701834930300 0.22866907715605811 10.41791842787229072 1.25208553848962079 0.01981982099834860 1.00000000000000000 1.37133012656269848 
1.18818940457207689 0.19058080690843085 11.89327641201258245 1.20323214748740148 0.01864146861358782 0.92499999999999993 1.39626340159111129 
1.23726223982202121 0.20049147561428168 10.43259653394664355 1.25328042566407438 0.01740277364885060 1.00000000000000000 1.39626340159111129 

ZONE I=2, J=2
1.14251193733892720 0.18131690156963118 14.76484883315330343 1.15663996333806796 0.01983282546872879 0.84999999999999998 1.39626340159111129 
1.18818940457207689 0.19058080690843085 11.82420714572753617 1.20323214748740148 0.01864146861358782 0.92499999999999993 1.39626340159111129 
1.14730414781639478 0.15570990613043653 14.79199518422958626 1.15769706569248676 0.01702605505861218 0.84999999999999998 1.42119667661952387 
1.19320898634279238 0.16365251607134779 11.85135349680381900 1.20427296968522701 0.01601391867098899 0.92499999999999993 1.42119667661952387 

ZONE I=2, J=2
1.18818940457207689 0.19058080690843085 11.89956136846626933 1.20323214748740148 0.01864146861358782 0.92499999999999993 1.39626340159111129 
1.23726223982202121 0.20049147561428168 10.42844187309330195 1.25328042566407438 0.01740277364885060 1.00000000000000000 1.39626340159111129 
1.19320898634279238 0.16365251607134779 11.91218336010188139 1.20427296968522701 0.01601391867098899 0.92499999999999993 1.42119667661952387 
1.24253181675629754 0.17215111655210591 10.44106386472891401 1.25431155550975815 0.01496142695511731 1.00000000000000000 1.42119667661952387 

ZONE I=2, J=2
1.14730414781639478 0.15570990613043653 14.79953263180621192 1.15769706569248676 0.01702605505861218 0.84999999999999998 1.42119667661952387 
1.19320898634279238 0.16365251607134779 11.84302580715678843 1.20427296968522701 0.01601391867098899 0.92499999999999993 1.42119667661952387 
1.15136335629613007 0.12996633874721553 14.82235631027186784 1.15858835919901804 0.01420708827917963 0.84999999999999998 1.44612995164793667 
1.19746005836066272 0.13658668800712276 11.86584948562244435 1.20515051303545540 0.01336995288905852 0.92499999999999993 1.44612995164793667 

ZONE I=2, J=2
1.19320898634279238 0.16365251607134779 11.91753201071827384 1.20427296968522701 0.01601391867098899 0.92499999999999993 1.42119667661952387 
1.24253181675629754 0.17215111655210591 10.43752959791461699 1.25431155550975815 0.01496142695511731 1.00000000000000000 1.42119667661952387 
1.19746005836066272 0.13658668800712276 11.92814095041727462 1.20515051303545540 0.01336995288905852 0.92499999999999993 1.44612995164793667 
1.24699388094356478 0.14367150041395402 10.44813853761361777 1.25518086567638965 0.01249934325312802 1.00000000000000000 1.44612995164793667 

ZONE I=2, J=2
1.15136335629613007 0.12996633874721553 14.82860585010373988 1.15858835919901804 0.01420708827917963 0.84999999999999998 1.44612995164793667 
1.19746005836066272 0.13658668800712276 11.85894698475462938 1.20515051303545540 0.01336995288905852 0.92499999999999993 1.44612995164793667 
1.15468742786197431 0.10410914984737686 14.84718019527631050 1.15931545051135387 0.01137793259352728 0.84999999999999998 1.47106322667634926 
1.20094075504128117 0.10940642336559113 11.87752132992720000 1.20586637263484953 0.01071232660272470 0.92499999999999993 1.47106322667634926 

ZONE I=2, J=2
1.19746005836066272 0.13658668800712276 11.93257101735537518 1.20515051303545540 0.01336995288905852 0.92499999999999993 1.44612995164793667 
1.24699388094356478 0.14367150041395402 10.44521223164568369 1.25518086567638965 0.01249934325312802 1.00000000000000000 1.44612995164793667 
1.20094075504128117 0.10940642336559113 11.94120286561280864 1.20586637263484953 0.01071232660272470 0.92499999999999993 1.47106322667634926 
1.25064684314968710 0.11507600881143475 10.45384407990311715 1.25588996843967471 0.01002004275643186 1.00000000000000000 1.47106322667634926 

ZONE I=2, J=2
1.15468742786197431 0.10410914984737686 14.85215896474857722 1.15931545051135387 0.01137793259352728 0.84999999999999998 1.47106322667634926 
1.20094075504128117 0.10940642336559113 11.87202378650950685 1.20586637263484953 0.01071232660272470 0.92499999999999993 1.47106322667634926 
1.15727461977471835 0.07816118554262966 14.86654383432143156 1.15987963793114224 0.00854060963107405 0.84999999999999998 1.49599650170476206 
1.20364954893800791 0.08213472405130946 11.88640865608236119 1.20642183629140809 0.00804378473862637 0.92499999999999993 1.49599650170476206 

ZONE I=2, J=2
1.20094075504128117 0.10940642336559113 11.94472913547387094 1.20586637263484953 0.01071232660272470 0.92499999999999993 1.47106322667634926 
1.25064684314968710 0.11507600881143475 10.45151538849236417 1.25588996843967471 0.01002004275643186 1.00000000000000000 1.47106322667634926 
1.20364954893800791 0.08213472405130946 11.95141299779045951 1.20642183629140809 0.00804378473862637 0.92499999999999993 1.49599650170476206 
1.25348939724607233 0.08638792747044842 10.45819925080895274 1.25644016456470076 0.00752701066750511 1.00000000000000000 1.49599650170476206 

ZONE I=2, J=2
1.15727461977471835 0.07816118554262966 14.87026566452632537 1.15987963793114224 0.00854060963107405 0.84999999999999998 1.49599650170476206 
1.20364954893800791 0.08213472405130946 11.88229978215039040 1.20642183629140809 0.00804378473862637 0.92499999999999993 1.49599650170476206 
1.15912357897473073 0.05214521002697232 14.88050751353189582 1.16028192122579088 0.00569715196684060 0.84999999999999998 1.52092977673317464 
1.20558525131535044 0.05479451475429308 11.89254163115596086 1.20681789498791048 0.00536706374132691 0.92499999999999993 1.52092977673317464 

ZONE I=2, J=2
1.20364954893800791 0.08213472405130946 11.95404730570133722 1.20642183629140809 0.00804378473862637 0.92499999999999993 1.49599650170476206 
1.25348939724607233 0.08638792747044842 10.45645991017680743 1.25644016456470076 0.00752701066750511 1.00000000000000000 1.49599650170476206 
1.20558525131535044 0.05479451475429308 11.95880562658013346 1.20681789498791048 0.00536706374132691 0.92499999999999993 1.52092977673317464 
1.25552052367360889 0.05763046743142249 10.46121823105560367 1.25683245444155811 0.00502370425343725 1.00000000000000000 1.52092977673317464 

ZONE I=2, J=2
1.15912357897473073 0.05214521002697232 14.88298284284322648 1.16028192122579088 0.00569715196684060 0.84999999999999998 1.52092977673317464 
1.20558525131535044 0.05479451475429308 11.88980915623663037 1.20681789498791048 0.00536706374132691 0.92499999999999993 1.52092977673317464 
1.16023334024250580 0.02608392694724898 14.88911479608788824 1.16052300917913187 0.00284960016214842 0.84999999999999998 1.54586305176158745 
1.20674701266654871 0.02740866328139508 11.89594110948129213 1.20705525090975896 0.00268489360893289 0.92499999999999993 1.54586305176158745 

ZONE I=2, J=2
1.20558525131535044 0.05479451475429308 11.96055684828184518 1.20681789498791048 0.00536706374132691 0.92499999999999993 1.52092977673317464 
1.25552052367360889 0.05763046743142249 10.46006205305854131 1.25683245444155811 0.00502370425343725 1.00000000000000000 1.52092977673317464 
1.20674701266654871 0.02740866328139508 11.96340555827086938 1.20705525090975896 0.00268489360893289 0.92499999999999993 1.54586305176158745 
1.25673949218872605 0.02882678488751961 10.46291076304756551 1.25706754662208731 0.00251355987695889 1.00000000000000000 1.54586305176158745 

ZONE I=2, J=2
1.16023334024250580 0.02608392694724898 14.89035061338972277 1.16052300917913187 0.00284960016214842 0.84999999999999998 1.54586305176158745 
1.20674701266654871 0.02740866328139508 11.89457683647985142 1.20705525090975896 0.00268489360893289 0.92499999999999993 1.54586305176158745 
1.16060332495064955 0.00000000000568300 14.89239250721806762 1.16060332495064955 0.00000000000000000 0.84999999999999998 1.57079632679000003 
1.20713432310709590 0.00000000000591084 11.89661873030819628 1.20713432310709590 0.00000000000000000 0.92499999999999993 1.57079632679000003 

ZONE I=2, J=2
1.20674701266654871 0.02740866328139508 11.96427962256146493 1.20705525090975896 0.00268489360893289 0.92499999999999993 1.54586305176158745 
1.25673949218872605 0.02882678488751961 10.46233362481667406 1.25706754662208731 0.00251355987695889 1.00000000000000000 1.54586305176158745 
1.20713432310709590 0.00000000000591084 11.96522822670208619 1.20713432310709590 0.00000000000000000 0.92499999999999993 1.57079632679000003 
1.25714586381497040 0.00000000000615573 10.46328222895729532 1.25714586381497040 0.00000000000000000 1.00000000000000000 1.57079632679000003 

