ZONE I=2, J=2
0.00000000000000000 0.41946063679046580 245.42360470117085924 0.41946063679046580 0.00000000000000000 0.84999999999999998 0.00000000000000000 
0.00000000000000000 0.44319211850241425 97.79134917519975545 0.44319211850241425 0.00000000000000000 0.92499999999999993 0.00000000000000000 
0.03935760312108004 0.41946892121970397 245.51581108786734831 0.42031975499984953 0.02888771970102753 0.84999999999999998 0.02493327502841270 
0.03935461809054068 0.44319387585810954 97.88355556189624451 0.44403726107644748 0.02829325606770139 0.92499999999999993 0.02493327502841270 

ZONE I=2, J=2
0.00000000000000000 0.44319211850241425 101.38741919517842405 0.44319211850241425 0.00000000000000000 0.92499999999999993 0.00000000000000000 
0.00000000000000000 0.47109379407984714 27.19813516168813905 0.47109379407984714 0.00000000000000000 1.00000000000000000 0.00000000000000000 
0.03935461809054068 0.44319387585810954 101.42536943406089733 0.44403726107644748 0.02829325606770139 0.92499999999999993 0.02493327502841270 
0.03935375156735371 0.47109379408014312 27.23608540057060523 0.47192848589869951 0.02759682555313663 1.00000000000000000 0.02493327502841270 

ZONE I=2, J=2
0.03935760312108004 0.41946892121970397 245.54739781578939528 0.42031975499984953 0.02888771970102753 0.84999999999999998 0.02493327502841270 
0.03935461809054068 0.44319387585810954 97.82775172022620325 0.44403726107644748 0.02829325606770139 0.92499999999999993 0.02493327502841270 
0.07871417732834562 0.41948180828588122 245.77302701012814623 0.42288393723392853 0.05770688715224399 0.84999999999999998 0.04986655005682540 
0.07870813115285123 0.44320079148148428 98.05338091456498262 0.44657313448784025 0.05651855476826971 0.92499999999999993 0.04986655005682540 

ZONE I=2, J=2
0.03935461809054068 0.44319387585810954 101.45764559304743102 0.44403726107644748 0.02829325606770139 0.92499999999999993 0.02493327502841270 
0.03935375156735371 0.47109379408014312 27.22195770673419801 0.47192848589869951 0.02759682555313663 1.00000000000000000 0.02493327502841270 
0.07870813115285123 0.44320079148148428 101.56349724735636642 0.44657313448784025 0.05651855476826971 0.92499999999999993 0.04986655005682540 
0.07870629570331905 0.47109379408022090 27.32780936104314051 0.47443137239729849 0.05512637018208008 1.00000000000000000 0.04986655005682540 

ZONE I=2, J=2
0.07871417732834562 0.41948180828588122 245.85402877368832719 0.42288393723392853 0.05770688715224399 0.84999999999999998 0.04986655005682540 
0.07870813115285123 0.44320079148148428 97.95670941000840060 0.44657313448784025 0.05651855476826971 0.92499999999999993 0.04986655005682540 
0.11806822780428627 0.41950312143379970 246.22361498952110992 0.42715335533652021 0.08638857756844152 0.84999999999999998 0.07479982508523811 
0.11805915717770790 0.44321233755955969 98.32629562584121174 0.45079559783654466 0.08460774036524145 0.92499999999999993 0.07479982508523811 

ZONE I=2, J=2
0.07870813115285123 0.44320079148148428 101.62455928568486740 0.44657313448784025 0.05651855476826971 0.92499999999999993 0.04986655005682540 
0.07870629570331905 0.47109379408022090 27.29566727210443489 0.47443137239729849 0.05512637018208008 1.00000000000000000 0.04986655005682540 
0.11805915717770790 0.44321233755955969 101.80620388176954805 0.45079559783654466 0.08460774036524145 0.92499999999999993 0.07479982508523811 
0.11805639164131618 0.47109379408022123 27.47731186818912263 0.47859888548109741 0.08252139870674202 1.00000000000000000 0.07479982508523811 

ZONE I=2, J=2
0.11806822780428627 0.41950312143379970 246.35067793268106584 0.42715335533652021 0.08638857756844152 0.84999999999999998 0.07479982508523811 
0.11805915717770790 0.44321233755955969 98.18621992881990934 0.45079559783654466 0.08460774036524145 0.92499999999999993 0.07479982508523811 
0.15741851662948170 0.41953295253696060 246.86557885694091397 0.43312202176925757 0.11486427599874903 0.84999999999999998 0.09973310011365080 
0.15740645585578966 0.44322849229283406 98.70112085307972905 0.45669861219998198 0.11249296129034020 0.92499999999999993 0.09973310011365080 

ZONE I=2, J=2
0.11805915717770790 0.44321233755955969 101.89487982675098010 0.45079559783654466 0.08460774036524145 0.92499999999999993 0.07479982508523811 
0.11805639164131618 0.47109379408022123 27.42599728256243097 0.47859888548109741 0.08252139870674202 1.00000000000000000 0.07479982508523811 
0.15740645585578966 0.44322849229283406 102.15197275065327176 0.45669861219998198 0.11249296129034020 0.92499999999999993 0.09973310011365080 
0.15740278965956248 0.47109379408079566 27.68309020646472973 0.48442508000858570 0.10971482521850434 1.00000000000000000 0.09973310011365080 

ZONE I=2, J=2
0.15741851662948170 0.41953295253696060 247.03831678565427410 0.43312202176925757 0.11486427599874903 0.84999999999999998 0.09973310011365080 
0.15740645585578966 0.44322849229283406 98.51671725058997708 0.45669861219998198 0.11249296129034020 0.92499999999999993 0.09973310011365080 
0.19676378801453434 0.41957128315141556 247.70043165437209609 0.44078141544852079 0.14306569719661133 0.84999999999999998 0.12466637514206350 
0.19674877788286088 0.44324924178928610 99.17883211930777065 0.46427374792589476 0.14010659845995507 0.92499999999999993 0.12466637514206350 

ZONE I=2, J=2
0.15740645585578966 0.44322849229283406 102.26899443457629957 0.45669861219998198 0.11249296129034020 0.92499999999999993 0.09973310011365080 
0.15740278965956248 0.47109379408079566 27.61294020432383434 0.48442508000858570 0.10971482521850434 1.00000000000000000 0.09973310011365080 
0.19674877788286088 0.44324924178928610 102.60188411727251889 0.46427374792589476 0.14010659845995507 0.92499999999999993 0.12466637514206350 
0.19674424566556614 0.47109379408093355 27.94582988702005366 0.49190164084720872 0.13663980663007907 1.00000000000000000 0.12466637514206350 

ZONE I=2, J=2
0.19676378801453434 0.41957128315141556 247.91878497212428556 0.44078141544852079 0.14306569719661133 0.84999999999999998 0.12466637514206350 
0.19674877788286088 0.44324924178928610 98.94917434484716523 0.46427374792589476 0.14010659845995507 0.92499999999999993 0.12466637514206350 
0.23610277060076709 0.41961808293611302 248.73016102557494378 0.45012058762945323 0.17092486771810822 0.84999999999999998 0.14959965017047622 
0.23608486166495415 0.44327457174796508 99.76055039829782345 0.47351018381848575 0.16738134210803263 0.92499999999999993 0.14959965017047622 

ZONE I=2, J=2
0.19674877788286088 0.44324924178928610 102.74778067338498033 0.46427374792589476 0.14010659845995507 0.92499999999999993 0.12466637514206350 
0.19674424566556614 0.47109379408093355 27.85689860437455678 0.49190164084720872 0.13663980663007907 1.00000000000000000 0.12466637514206350 
0.23608486166495415 0.44327457174796508 103.15718649364670512 0.47351018381848575 0.16738134210803263 0.92499999999999993 0.14959965017047622 
0.23607950581224560 0.47109379408117891 28.26630442463629578 0.50101789017475507 0.16322980613598551 1.00000000000000000 0.14959965017047622 

ZONE I=2, J=2
0.23610277060076709 0.41961808293611302 248.99438149789324370 0.45012058762945323 0.17092486771810822 0.84999999999999998 0.14959965017047622 
0.23608486166495415 0.44327457174796508 99.48481010182163686 0.47351018381848575 0.16738134210803263 0.92499999999999993 0.14959965017047622 
0.27543417700441675 0.41967331671489194 249.95730088636020128 0.46112617893707325 0.19837420629575983 0.84999999999999998 0.17453292519888891 
0.27541343083630715 0.44330446501692683 100.44772949028862286 0.48439471446321497 0.19425026946974752 0.92499999999999993 0.17453292519888891 

ZONE I=2, J=2
0.23608486166495415 0.44327457174796508 103.33244968963623478 0.47351018381848575 0.16738134210803263 0.92499999999999993 0.14959965017047622 
0.23607950581224560 0.47109379408117891 28.15849670969760155 0.50101789017475507 0.16322980613598551 1.00000000000000000 0.14959965017047622 
0.27541343083630715 0.44330446501692683 103.81937810125145916 0.48439471446321497 0.19425026946974752 0.92499999999999993 0.17453292519888891 
0.27540730286379883 0.47109379408013952 28.64542512131281171 0.51176079706441802 0.18941866824451242 1.00000000000000000 0.17453292519888891 

ZONE I=2, J=2
0.27543417700441675 0.41967331671489194 250.26786696784557762 0.46112617893707325 0.19837420629575983 0.84999999999999998 0.17453292519888891 
0.27541343083630715 0.44330446501692683 100.12508454775870348 0.48439471446321497 0.19425026946974752 0.92499999999999993 0.17453292519888891 
0.31475670168972081 0.41973694438102349 251.38492953779046957 0.47378243150173499 0.22534660267511031 0.84999999999999998 0.19946620022730160 
0.31473319196656846 0.44333890127991388 101.24214711770359543 0.49691176195244713 0.22064692235982028 0.92499999999999993 0.19946620022730160 

ZONE I=2, J=2
0.27541343083630715 0.44330446501692683 104.02451910187616591 0.48439471446321497 0.19425026946974752 0.92499999999999993 0.17453292519888891 
0.27540730286379883 0.47109379408013952 28.51854474899528213 0.51176079706441802 0.18941866824451242 1.00000000000000000 0.17453292519888891 
0.31473319196656846 0.44333890127991388 104.59023306834498612 0.49691176195244713 0.22064692235982028 0.92499999999999993 0.19946620022730160 
0.31472635376804536 0.47109379408097896 29.08425871546410235 0.52411498931657630 0.21514069478233466 1.00000000000000000 0.19946620022730160 

ZONE I=2, J=2
0.31475670168972081 0.41973694438102349 251.74249413543026321 0.47378243150173499 0.22534660267511031 0.84999999999999998 0.19946620022730160 
0.31473319196656846 0.44333890127991388 100.87172233955054423 0.49691176195244713 0.22064692235982028 0.92499999999999993 0.19946620022730160 
0.35406901824444625 0.41980892048838975 253.01666953855277598 0.48807120299162438 0.25177549565539881 0.84999999999999998 0.22439947525571430 
0.35404283204345516 0.44337785712611544 102.14589774267308542 0.51104339020229039 0.24650538420417073 0.92499999999999993 0.22439947525571430 

ZONE I=2, J=2
0.31473319196656846 0.44333890127991388 104.82581059765364273 0.49691176195244713 0.22064692235982028 0.92499999999999993 0.19946620022730160 
0.31472635376804536 0.47109379408097896 28.93803139677282132 0.52411498931657630 0.21514069478233466 1.00000000000000000 0.19946620022730160 
0.35404283204345516 0.44337785712611544 105.47182008718657187 0.51104339020229039 0.24650538420417073 0.92499999999999993 0.22439947525571430 
0.35403535731639152 0.47109379408077823 29.58404088630575046 0.53806276746841986 0.24033072070751341 1.00000000000000000 0.22439947525571430 

ZONE I=2, J=2
0.35406901824444625 0.41980892048838975 253.42203408667697317 0.48807120299162438 0.25177549565539881 0.84999999999999998 0.22439947525571430 
0.35404283204345516 0.44337785712611544 101.72673275170159002 0.51104339020229039 0.24650538420417073 0.92499999999999993 0.22439947525571430 
0.39336977637106280 0.41988919405973035 254.85669674784074346 0.50397198304343860 0.27759495052614674 0.84999999999999998 0.24933275028412699 
0.39334101581969155 0.44342130617673198 103.16139541286533188 0.52676932151421296 0.27176035658094361 0.92499999999999993 0.24933275028412699 

ZONE I=2, J=2
0.35404283204345516 0.44337785712611544 105.73845560654044107 0.51104339020229039 0.24650538420417073 0.92499999999999993 0.22439947525571430 
0.35403535731639152 0.47109379408077823 29.41812520527863839 0.53806276746841986 0.24033072070751341 1.00000000000000000 0.22439947525571430 
0.39334101581969155 0.44342130617673198 106.46651862799728860 0.52676932151421296 0.27176035658094361 0.92499999999999993 0.24933275028412699 
0.39333299182880882 0.47109379408065016 30.14618822673549303 0.55358412101624499 0.26492418961086811 1.00000000000000000 0.24933275028412699 

ZONE I=2, J=2
0.39336977637106280 0.41988919405973035 255.31079932772388474 0.50397198304343860 0.27759495052614674 0.84999999999999998 0.24933275028412699 
0.39334101581969155 0.44342130617673198 102.69242666415290444 0.52676932151421296 0.27176035658094361 0.92499999999999993 0.24933275028412699 
0.43265759868472287 0.41997770854000804 256.90975587390960300 0.52146191199225689 0.30273973593092540 0.84999999999999998 0.27426602531253969 
0.43262638309423740 0.44346921921158533 104.29138321033865111 0.54406695531706717 0.29634723529898416 0.92499999999999993 0.27426602531253969 

ZONE I=2, J=2
0.39334101581969155 0.44342130617673198 106.76490559324435026 0.52676932151421296 0.27176035658094361 0.92499999999999993 0.24933275028412699 
0.39333299182880882 0.47109379408065016 29.96018049435565445 0.55358412101624499 0.26492418961086811 1.00000000000000000 0.24933275028412699 
0.43262638309423740 0.44346921921158533 107.57703513273997942 0.54406695531706717 0.29634723529898416 0.92499999999999993 0.27426602531253969 
0.43261791291173307 0.47109379408040619 30.77231003385128361 0.57065674682929168 0.28885722890622917 1.00000000000000000 0.27426602531253969 

ZONE I=2, J=2
0.43265759868472287 0.41997770854000804 257.41366629807521349 0.52146191199225689 0.30273973593092540 0.84999999999999998 0.27426602531253969 
0.43262638309423740 0.44346921921158533 103.77143286501937780 0.54406695531706717 0.29634723529898416 0.92499999999999993 0.27426602531253969 
0.47193107733335560 0.42007440183525180 259.18118044213042594 0.54051580180966030 0.32714540012710897 0.84999999999999998 0.29919930034095243 
0.47189754596836170 0.44352156431107759 105.53894700907461868 0.56291138910107819 0.32020218600159794 0.92499999999999993 0.29919930034095243 

ZONE I=2, J=2
0.43262638309423740 0.44346921921158533 107.90794552346419266 0.54406695531706717 0.29634723529898416 0.92499999999999993 0.27426602531253969 
0.43261791291173307 0.47109379408040619 30.56574592203775964 0.57065674682929168 0.28885722890622917 1.00000000000000000 0.27426602531253969 
0.47189754596836170 0.44352156431107759 108.80642062791186220 0.56291138910107819 0.32020218600159794 0.92499999999999993 0.29919930034095243 
0.47188875135584518 0.47109379408037627 31.46422102648542207 0.58925606980596845 0.31206672471451713 1.00000000000000000 0.29919930034095243 

ZONE I=2, J=2
0.47193107733335560 0.42007440183525180 259.73609869730574928 0.54051580180966030 0.32714540012710897 0.84999999999999998 0.29919930034095243 
0.47189754596836170 0.44352156431107759 104.96671528269676799 0.56291138910107819 0.32020218600159794 0.92499999999999993 0.29919930034095243 
0.51118877042212496 0.42017920640182177 261.67691594459989801 0.56110615917675599 0.35074834658492371 0.84999999999999998 0.32413257536936513 
0.51115308609603016 0.44357830702210294 106.90753252999094514 0.58327544154895994 0.34326221926095579 0.92499999999999993 0.32413257536936513 

ZONE I=2, J=2
0.47189754596836170 0.44352156431107759 109.17071019612311034 0.56291138910107819 0.32020218600159794 0.92499999999999993 0.29919930034095243 
0.47188875135584518 0.47109379408037627 31.23657551174445501 0.58925606980596845 0.31206672471451713 1.00000000000000000 0.29919930034095243 
0.51115308609603016 0.44357830702210294 110.15809042714261068 0.58327544154895994 0.34326221926095579 0.92499999999999993 0.32413257536936513 
0.51114411122045478 0.47109379408031232 32.22395574276396957 0.60935526579649479 0.33449039642778311 1.00000000000000000 0.32413257536936513 

ZONE I=2, J=2
0.51118877042212496 0.42017920640182177 262.28417215052559186 0.56110615917675599 0.35074834658492371 0.84999999999999998 0.32413257536936513 
0.51115308609603016 0.44357830702210294 106.28159196320474678 0.58327544154895994 0.34326221926095579 0.92499999999999993 0.32413257536936513 
0.55042919820338776 0.42029204937437825 264.40354548877894558 0.58320321063183911 0.37348590885179833 0.84999999999999998 0.34906585039777782 
0.55039155194567480 0.44363941056106376 108.40096530145807208 0.60512967787534089 0.36546526512190275 0.92499999999999993 0.34906585039777782 

ZONE I=2, J=2
0.51115308609603016 0.44357830702210294 110.55670332780441356 0.58327544154895994 0.34326221926095579 0.92499999999999993 0.32413257536936513 
0.51114411122045478 0.47109379408031232 31.97464197376893580 0.60935526579649479 0.33449039642778311 1.00000000000000000 0.32413257536936513 
0.55039155194567480 0.44363941056106376 111.63584646778436138 0.60512967787534089 0.36546526512190275 0.92499999999999993 0.34906585039777782 
0.55038256818097497 0.47109379408005353 33.05378511374888006 0.63092528684788185 0.35606687095845280 1.00000000000000000 0.34906585039777782 

ZONE I=2, J=2
0.55042919820338776 0.42029204937437825 265.06460027634835797 0.58320321063183911 0.37348590885179833 0.84999999999999998 0.34906585039777782 
0.55039155194567480 0.44363941056106376 107.71975641308924310 0.60512967787534089 0.36546526512190275 0.92499999999999993 0.34906585039777782 
0.58965083897648418 0.42041285272878726 267.36831738624988475 0.60677492972756220 0.39529642459721381 0.84999999999999998 0.37399912542619052 
0.58961145608709153 0.44370483606501299 110.02347352299074146 0.62844243738396965 0.38675024704777600 0.92499999999999993 0.37399912542619052 

ZONE I=2, J=2
0.55039155194567480 0.44363941056106376 112.06981956853886118 0.60512967787534089 0.36546526512190275 0.92499999999999993 0.34906585039777782 
0.55038256818097497 0.47109379408005353 32.78215268171965135 0.63092528684788185 0.35606687095845280 1.00000000000000000 0.34906585039777782 
0.58961145608709153 0.44370483606501299 113.24390274567537062 0.62844243738396965 0.38675024704777600 0.92499999999999993 0.37399912542619052 
0.58960266821596941 0.47109379408020724 33.95623585885616080 0.65393488883320616 0.37673575667167231 1.00000000000000000 0.37399912542619052 

ZONE I=2, J=2
0.58965083897648418 0.42041285272878726 268.08476191419612178 0.60677492972756220 0.39529642459721381 0.84999999999999998 0.37399912542619052 
0.58961145608709153 0.44370483606501299 109.28530172891655070 0.62844243738396965 0.38675024704777600 0.92499999999999993 0.37399912542619052 
0.62885212462178364 0.42054153348215617 270.57917410942042125 0.63178706612116342 0.41611930874073538 0.84999999999999998 0.39893240045460321 
0.62881127252308044 0.44377454290440332 111.77971392414090701 0.65317986325729938 0.40705715522182329 0.92499999999999993 0.39893240045460321 

ZONE I=2, J=2
0.58961145608709153 0.44370483606501299 113.71436970480580442 0.62844243738396965 0.38675024704777600 0.92499999999999993 0.37399912542619052 
0.58960266821596941 0.47109379408020724 33.66156858921187478 0.65393488883320616 0.37673575667167231 1.00000000000000000 0.37399912542619052 
0.62881127252308044 0.44377454290440332 114.98691432872082885 0.65317986325729938 0.40705715522182329 0.92499999999999993 0.39893240045460321 
0.62880292675295224 0.47109379408023577 34.93411321312691342 0.67835066155443535 0.39643771702834996 1.00000000000000000 0.39893240045460321 

ZONE I=2, J=2
0.62885212462178364 0.42054153348215617 271.35272896863119740 0.63178706612116342 0.41611930874073538 0.84999999999999998 0.39893240045460321 
0.62881127252308044 0.44377454290440332 110.98274800612121282 0.65317986325729938 0.40705715522182329 0.92499999999999993 0.39893240045460321 
0.66803143567026635 0.42067800393885202 274.04478187004821166 0.65820317650548810 0.43589512555170801 0.84999999999999998 0.42386567548301590 
0.66798943408708455 0.44384848907855112 113.67480090753817024 0.67930593460176336 0.42632711915162158 0.92499999999999993 0.42386567548301590 

ZONE I=2, J=2
0.62881127252308044 0.44377454290440332 115.49510941501864636 0.65317986325729938 0.40705715522182329 0.92499999999999993 0.39893240045460321 
0.62880292675295224 0.47109379408023577 34.61562673138121227 0.67835066155443535 0.39643771702834996 1.00000000000000000 0.39893240045460321 
0.66798943408708455 0.44384848907855112 116.87001056111517983 0.67930593460176336 0.42632711915162158 0.92499999999999993 0.42386567548301590 
0.66798182840870490 0.47109379408028990 35.99052787747775994 0.70413706144145138 0.41511454396322539 1.00000000000000000 0.42386567548301590 

ZONE I=2, J=2
0.66803143567026635 0.42067800393885202 274.87729405285443818 0.65820317650548810 0.43589512555170801 0.84999999999999998 0.42386567548301590 
0.66798943408708455 0.44384848907855112 112.81707352561727475 0.67930593460176336 0.42632711915162158 0.92499999999999993 0.42386567548301590 
0.70718709577965699 0.42082217198911315 277.77455978734718656 0.68598465725719671 0.45456565959454842 0.84999999999999998 0.44879895051142860 
0.70714432993739862 0.44392663171325542 115.71433926010999471 0.70678250077482274 0.44450247952669120 0.92499999999999993 0.44879895051142860 

ZONE I=2, J=2
0.66798943408708455 0.44384848907855112 117.41727206929056138 0.67930593460176336 0.42632711915162158 0.92499999999999993 0.42386567548301590 
0.66798182840870490 0.47109379408028990 35.64736702732575679 0.70413706144145138 0.41511454396322539 1.00000000000000000 0.42386567548301590 
0.70714432993739862 0.44392663171325542 118.89883311813269984 0.70678250077482274 0.44450247952669120 0.92499999999999993 0.44879895051142860 
0.70713782751520970 0.47109379408046370 37.12892807616788104 0.73125644700169146 0.43270923105766912 1.00000000000000000 0.44879895051142860 

ZONE I=2, J=2
0.70718709577965699 0.42082217198911315 278.66799669264617023 0.68598465725719671 0.45456565959454842 0.84999999999999998 0.44879895051142860 
0.70714432993739862 0.44392663171325542 114.79375032027728309 0.70678250077482274 0.44450247952669120 0.92499999999999993 0.44879895051142860 
0.74631736544906691 0.42097394147452039 281.77870721340821092 0.71509077864732729 0.47207398537198414 0.84999999999999998 0.47373222553984129 
0.74627430318659660 0.44400892769199535 117.90446084103929536 0.73556931803556569 0.46152685927422304 0.92499999999999993 0.47373222553984129 

ZONE I=2, J=2
0.70714432993739862 0.44392663171325542 119.48660616002686652 0.70678250077482274 0.44450247952669120 0.92499999999999993 0.44879895051142860 
0.70713782751520970 0.47109379408046370 36.76016435693955486 0.73125644700169146 0.43270923105766912 1.00000000000000000 0.44879895051142860 
0.74627430318659660 0.44400892769199535 121.07957980761167960 0.73556931803556569 0.46152685927422304 0.92499999999999993 0.47373222553984129 
0.74626934967196767 0.47109379408132412 38.35313800452435373 0.75966911723470787 0.44916604658143766 1.00000000000000000 0.47373222553984129 

ZONE I=2, J=2
0.74631736544906691 0.42097394147452039 282.73514634758430475 0.71509077864732729 0.47207398537198414 0.84999999999999998 0.47373222553984129 
0.74627430318659660 0.44400892769199535 116.91878486380565505 0.73556931803556569 0.46152685927422304 0.92499999999999993 0.47373222553984129 
0.78542043475276480 0.42113321263488723 286.06822719042645531 0.74547872040890573 0.48836453549464842 0.84999999999999998 0.49866550056825398 
0.78537764871827065 0.44409533445655186 120.25186570664786245 0.76562408857183784 0.47734523375734955 0.92499999999999993 0.49866550056825398 

ZONE I=2, J=2
0.74627430318659660 0.44400892769199535 121.70941811882815387 0.73556931803556569 0.46152685927422304 0.92499999999999993 0.47373222553984129 
0.74626934967196767 0.47109379408132412 37.95776720370570700 0.75966911723470787 0.44916604658143766 1.00000000000000000 0.47373222553984129 
0.78537764871827065 0.44409533445655186 123.41905517766545586 0.76562408857183784 0.47734523375734955 0.92499999999999993 0.49866550056825398 
0.78537479464403148 0.47109379408110241 39.66740426254302321 0.78933335328954313 0.46443060651572926 1.00000000000000000 0.49866550056825398 

ZONE I=2, J=2
0.78542043475276480 0.42113321263488723 287.08983976912986691 0.74547872040890573 0.48836453549464842 0.84999999999999998 0.49866550056825398 
0.78537764871827065 0.44409533445655186 119.19876479089889187 0.76562408857183784 0.47734523375734955 0.92499999999999993 0.49866550056825398 
0.82449441480613661 0.42129988266116930 290.65494323224288564 0.77710360839822246 0.50338316717118270 0.84999999999999998 0.52359877559666668 
0.82445261125862679 0.44418581103101062 122.76386825401193903 0.79690250198195978 0.49190400005218243 0.92499999999999993 0.52359877559666668 

ZONE I=2, J=2
0.78537764871827065 0.44409533445655186 124.09262141812672553 0.76562408857183784 0.47734523375734955 0.92499999999999993 0.49866550056825398 
0.78537479464403148 0.47109379408110241 39.24434449510595613 0.78933335328954313 0.46443060651572926 1.00000000000000000 0.49866550056825398 
0.82445261125862679 0.44418581103101062 125.92472934935733520 0.79690250198195978 0.49190400005218243 0.92499999999999993 0.52359877559666668 
0.82445254101941678 0.47109379408112817 41.07645242633658000 0.82020546374837966 0.47844994769822152 1.00000000000000000 0.52359877559666668 

ZONE I=2, J=2
0.82449441480613661 0.42129988266116930 291.74396928875688673 0.77710360839822246 0.50338316717118270 0.84999999999999998 0.52359877559666668 
0.82445261125862679 0.44418581103101062 121.64091282840975339 0.79690250198195978 0.49190400005218243 0.92499999999999993 0.52359877559666668 
0.86353732758797830 0.42147384637524948 295.55150548702187052 0.80991855199417395 0.51707722677738899 0.84999999999999998 0.54853205062507937 
0.86349738379221486 0.44428031932550432 125.44844902667476561 0.82935827930356953 0.50515104523953425 0.92499999999999993 0.54853205062507937 

ZONE I=2, J=2
0.82445261125862679 0.44418581103101062 126.64379320495694969 0.79690250198195978 0.49190400005218243 0.92499999999999993 0.52359877559666668 
0.82445254101941678 0.47109379408112817 40.62454290999806261 0.82020546374837966 0.47844994769822152 1.00000000000000000 0.52359877559666668 
0.86349738379221486 0.44428031932550432 128.60480675257073813 0.82935827930356953 0.50515104523953425 0.92499999999999993 0.54853205062507937 
0.86350095316678799 0.47109379408113355 42.58555645761185104 0.85223983401500236 0.49117260129183721 1.00000000000000000 0.54853205062507937 

ZONE I=2, J=2
0.86353732758797830 0.42147384637524948 296.71021725656919443 0.80991855199417395 0.51707722677738899 0.84999999999999998 0.54853205062507937 
0.86349738379221486 0.44428031932550432 124.25314936995316373 0.82935827930356953 0.50515104523953425 0.92499999999999993 0.54853205062507937 
0.90254709362530616 0.42165499707429616 300.77138089220056827 0.84387468177683467 0.52939561220816500 0.84999999999999998 0.57346532565349206 
0.90251010644017882 0.44437882580780308 128.31431300558449493 0.86294321972713928 0.51703581363377815 0.92499999999999993 0.57346532565349206 

ZONE I=2, J=2
0.86349738379221486 0.44428031932550432 129.37123985996325359 0.82935827930356953 0.50515104523953425 0.92499999999999993 0.54853205062507937 
0.86350095316678799 0.47109379408113355 42.10355741111624894 0.85223983401500236 0.49117260129183721 1.00000000000000000 0.54853205062507937 
0.90251010644017882 0.44437882580780308 131.46830711730925145 0.86294321972713928 0.51703581363377815 0.92499999999999993 0.57346532565349206 
0.90251839120381816 0.47109379408107183 44.20062466846223259 0.88538898048042081 0.50254866682408827 1.00000000000000000 0.57346532565349206 

ZONE I=2, J=2
0.90254709362530616 0.42165499707429616 302.00203008940934524 0.84387468177683467 0.52939561220816500 0.84999999999999998 0.57346532565349206 
0.90251010644017882 0.44437882580780308 127.04416562135624247 0.86294321972713928 0.51703581363377815 0.92499999999999993 0.57346532565349206 
0.94152151689117347 0.42184322757960224 306.32881981629975598 0.87892118687115139 0.54028883265605165 0.84999999999999998 0.59839860068190487 
0.94148886595453840 0.44448130364674843 131.37095534824661058 0.89760725016624521 0.52750937286162736 0.92499999999999993 0.59839860068190487 

ZONE I=2, J=2
0.90251010644017882 0.44437882580780308 132.28407344870262818 0.86294321972713928 0.51703581363377815 0.92499999999999993 0.57346532565349206 
0.90251839120381816 0.47109379408107183 43.68721889614677423 0.88538898048042081 0.50254866682408827 1.00000000000000000 0.57346532565349206 
0.94148886595453840 0.44448130364674843 134.52516159621941938 0.89760725016624521 0.52750937286162736 0.92499999999999993 0.59839860068190487 
0.94150322490078908 0.47109379408079799 45.92830704366355121 0.91960361032643401 0.51252988712329262 1.00000000000000000 0.59839860068190487 

ZONE I=2, J=2
0.94152151689117347 0.42184322757960224 307.63356290688363970 0.87892118687115139 0.54028883265605165 0.84999999999999998 0.59839860068190487 
0.94148886595453840 0.44448130364674843 130.02350975839851799 0.89760725016624521 0.52750937286162736 0.92499999999999993 0.59839860068190487 
0.98045826605897890 0.42203843154168624 312.23878890364346717 0.91500535114255965 0.54970906538097686 0.84999999999999998 0.62333187571031756 
0.98043169603089519 0.44458773546481495 134.62873575515828861 0.93329847791444620 0.53652447868697284 0.92499999999999993 0.62333187571031756 

ZONE I=2, J=2
0.94148886595453840 0.44448130364674843 135.39230146734988125 0.89760725016624521 0.52750937286162736 0.92499999999999993 0.59839860068190487 
0.94150322490078908 0.47109379408079799 45.38210396014707015 0.91960361032643401 0.51252988712329262 1.00000000000000000 0.59839860068190487 
0.98043169603089519 0.44458773546481495 137.78632789031590278 0.93329847791444620 0.53652447868697284 0.92499999999999993 0.62333187571031756 
0.98045385273162711 0.47109379408106838 47.77613038311306326 0.95483268812059441 0.52106972456129774 1.00000000000000000 0.62333187571031756 

ZONE I=2, J=2
0.98045826605897890 0.42203843154168624 313.61958239603569609 0.91500535114255965 0.54970906538097686 0.84999999999999998 0.62333187571031756 
0.98043169603089519 0.44458773546481495 133.20168930376073035 0.93329847791444620 0.53652447868697284 0.92499999999999993 0.62333187571031756 
1.01935485098196588 0.42224050506458732 318.51685597710428510 0.95207258716166154 0.55761020893897206 0.84999999999999998 0.64826515073873026 
1.01933657870469663 0.44469811687555993 138.09896288482931936 0.96996324668920675 0.54403563845597303 0.92499999999999993 0.64826515073873026 

ZONE I=2, J=2
0.98043169603089519 0.44458773546481495 138.70693305206313539 0.93329847791444620 0.53652447868697284 0.92499999999999993 0.62333187571031756 
0.98045385273162711 0.47109379408106838 47.19567347262783841 0.95483268812059441 0.52106972456129774 1.00000000000000000 0.62333187571031756 
1.01933657870469663 0.44469811687555993 141.26392940708589663 0.96996324668920675 0.54403563845597303 0.92499999999999993 0.64826515073873026 
1.01936872766532938 0.47109379408104174 49.75266982765057122 0.99102351072410899 0.52812343912741178 1.00000000000000000 0.64826515073873026 

ZONE I=2, J=2
1.01935485098196588 0.42224050506458732 319.97531096440638976 0.95207258716166154 0.55761020893897206 0.84999999999999998 0.64826515073873026 
1.01933657870469663 0.44469811687555993 136.59029397339585898 0.96996324668920675 0.54403563845597303 0.92499999999999993 0.64826515073873026 
1.05820859290082647 0.42244934872708101 325.17900759411816125 0.99006646649470953 0.56394793221693984 0.84999999999999998 0.67319842576714295 
1.05820144717349018 0.44481246103384192 141.79399060310768732 1.00754619645401178 0.54999917300129297 0.92499999999999993 0.67319842576714295 

ZONE I=2, J=2
1.01933657870469663 0.44469811687555993 142.24010573461816875 0.96996324668920675 0.54403563845597303 0.92499999999999993 0.64826515073873026 
1.01936872766532938 0.47109379408104174 49.13644895132092216 0.99102351072410899 0.52812343912741178 1.00000000000000000 0.64826515073873026 
1.05820144717349018 0.44481246103384192 144.97142519283227102 1.00754619645401178 0.54999917300129297 0.92499999999999993 0.67319842576714295 
1.05824639177512525 0.47109379408072366 51.86776840953503864 1.02812179253209357 0.53364816897187761 1.00000000000000000 0.67319842576714295 

ZONE I=2, J=2
1.05820859290082647 0.42244934872708101 326.71618905631697771 0.99006646649470953 0.56394793221693984 0.84999999999999998 0.67319842576714295 
1.05820144717349018 0.44481246103384192 140.20214458828513671 1.00754619645401178 0.54999917300129297 0.92499999999999993 0.67319842576714295 
1.09701658639483024 0.42266487008827419 332.24137264317420204 1.02892874438670945 0.56867971847683563 0.84999999999999998 0.69813170079555564 
1.09702419049055022 0.44493080448281391 145.72732817514230419 1.04599032751904120 0.55437327680524051 0.92499999999999993 0.69813170079555564 

ZONE I=2, J=2
1.05820144717349018 0.44481246103384192 146.00523812082369091 1.00754619645401178 0.54999917300129297 0.92499999999999993 0.67319842576714295 
1.05824639177512525 0.47109379408072366 51.21423874436166557 1.02812179253209357 0.53364816897187761 1.00000000000000000 0.67319842576714295 
1.09702419049055022 0.44493080448281391 148.92381950509414423 1.04599032751904120 0.55437327680524051 0.92499999999999993 0.69813170079555564 
1.09708552240650969 0.47109379408115420 54.13282012863214732 1.06607176371192303 0.53760301423251999 1.00000000000000000 0.69813170079555564 

ZONE I=2, J=2
1.09701658639483024 0.42266487008827419 333.85752408335360997 1.02892874438670945 0.56867971847683563 0.84999999999999998 0.69813170079555564 
1.09702419049055022 0.44493080448281391 144.05147552811834544 1.04599032751904120 0.55437327680524051 0.92499999999999993 0.69813170079555564 
1.13577565044270878 0.42288698677975745 339.71981553126943254 1.06859937625113965 0.57176490343662756 0.84999999999999998 0.72306497582396834 
1.13580266069696378 0.44505321465940639 149.91376697603411117 1.08523706955874322 0.55711807615668441 0.92499999999999993 0.72306497582396834 

ZONE I=2, J=2
1.09702419049055022 0.44493080448281391 150.01721552237452784 1.04599032751904120 0.55437327680524051 0.92499999999999993 0.69813170079555564 
1.09708552240650969 0.47109379408115420 53.44043030364210978 1.06607176371192303 0.53760301423251999 1.00000000000000000 0.69813170079555564 
1.13580266069696378 0.44505321465940639 153.13792295594916482 1.08523706955874322 0.55711807615668441 0.92499999999999993 0.72306497582396834 
1.13588499349726701 0.47109379408113689 56.56113773721676097 1.10481628497151418 0.53994912513660842 1.00000000000000000 0.72306497582396834 

ZONE I=2, J=2
1.13577565044270878 0.42288698677975745 341.41398301160415940 1.06859937625113965 0.57176490343662756 0.84999999999999998 0.72306497582396834 
1.13580266069696378 0.44505321465940639 148.15416066439607334 1.08523706955874322 0.55711807615668441 0.92499999999999993 0.72306497582396834 
1.17448226509358222 0.42311563029541965 347.62934909043030984 1.10901652249927030 0.57316470620866689 0.84999999999999998 0.74799825085238103 
1.17453468310243125 0.44517979950978709 154.36952674322216694 1.12522635634285462 0.55819568494703198 0.92499999999999993 0.74799825085238103 

ZONE I=2, J=2
1.13580266069696378 0.44505321465940639 154.29261767899677693 1.08523706955874322 0.55711807615668441 0.92499999999999993 0.72306497582396834 
1.13588499349726701 0.47109379408113689 55.82837058262700225 1.10481628497151418 0.53994912513660842 1.00000000000000000 0.72306497582396834 
1.17453468310243125 0.44517979950978709 157.63268124553300709 1.12522635634285462 0.55819568494703198 0.92499999999999993 0.74799825085238103 
1.17464395678266298 0.47109379408087654 59.16843414916321819 1.14429698354807008 0.54064979558891324 1.00000000000000000 0.74799825085238103 

ZONE I=2, J=2
1.17448226509358222 0.42311563029541965 349.39887042160830788 1.10901652249927030 0.57316470620866689 0.84999999999999998 0.74799825085238103 
1.17453468310243125 0.44517979950978709 152.52799596324766185 1.12522635634285462 0.55819568494703198 0.92499999999999993 0.74799825085238103 
1.21313248909677651 0.42335075058060961 355.98329904266984158 1.15011653705226835 0.57284225168732472 0.84999999999999998 0.77293152588079372 
1.21321807057803133 0.44531071975596992 159.11242458430913871 1.16589670713686933 0.55757025763043178 0.92499999999999993 0.77293152588079372 

ZONE I=2, J=2
1.17453468310243125 0.44517979950978709 158.85000058164234815 1.12522635634285462 0.55819568494703198 0.92499999999999993 0.74799825085238103 
1.17464395678266298 0.47109379408087654 58.39386479992956680 1.14429698354807008 0.54064979558891324 1.00000000000000000 0.74799825085238103 
1.21321807057803133 0.44531071975596992 162.42959286208127878 1.16589670713686933 0.55757025763043178 0.92499999999999993 0.77293152588079372 
1.21336194913680484 0.47109379408085950 61.97345708036848322 1.18445441662516915 0.53967056374393407 1.00000000000000000 0.77293152588079372 

ZONE I=2, J=2
1.21313248909677651 0.42335075058060961 357.82311347407136282 1.15011653705226835 0.57284225168732472 0.84999999999999998 0.77293152588079372 
1.21321807057803133 0.44531071975596992 157.19305605602278320 1.16589670713686933 0.55757025763043178 0.92499999999999993 0.77293152588079372 
1.25172185231208588 0.42359232150114656 364.79212717087301598 1.19183393329342535 0.57076258272652491 0.84999999999999998 0.79786480090920642 
1.25185064285014169 0.44544620445856636 164.16206975282437952 1.20718531586917055 0.55520803868523583 0.92499999999999993 0.79786480090920642 

ZONE I=2, J=2
1.21321807057803133 0.44531071975596992 163.71024770258398462 1.16589670713686933 0.55757025763043178 0.92499999999999993 0.77293152588079372 
1.21336194913680484 0.47109379408085950 61.15583524939156490 1.18445441662516915 0.53967056374393407 1.00000000000000000 0.77293152588079372 
1.25185064285014169 0.44544620445856636 167.55324449893331007 1.20718531586917055 0.55520803868523583 0.92499999999999993 0.79786480090920642 
1.25203903432821795 0.47109379408094137 64.99883204574091167 1.22522827045255833 0.53697932137741144 1.00000000000000000 0.79786480090920642 

ZONE I=2, J=2
1.25172185231208588 0.42359232150114656 366.69384856671337047 1.19183393329342535 0.57076258272652491 0.84999999999999998 0.79786480090920642 
1.25185064285014169 0.44544620445856636 162.17214696167121701 1.20718531586917055 0.55520803868523583 0.92499999999999993 0.79786480090920642 
1.29024521470877152 0.42384034720271885 374.06178727019783992 1.23410131909493748 0.56689266021350149 0.84999999999999998 0.82279807593761911 
1.29043025180564230 0.44558657059694906 169.54008566515568646 1.24902814918742866 0.55107740763793756 0.92499999999999993 0.82279807593761911 

ZONE I=2, J=2
1.25185064285014169 0.44544620445856636 168.89700982047159528 1.20718531586917055 0.55520803868523583 0.92499999999999993 0.79786480090920642 
1.25203903432821795 0.47109379408094137 64.13719846033514216 1.22522827045255833 0.53697932137741144 1.00000000000000000 0.79786480090920642 
1.29043025180564230 0.44558657059694906 173.03200237245809490 1.24902814918742866 0.55107740763793756 0.92499999999999993 0.82279807593761911 
1.29067599021968427 0.47109379408206981 68.27219101232167020 1.26655760622267954 0.53254643428688753 1.00000000000000000 0.82279807593761911 

ZONE I=2, J=2
1.29024521470877152 0.42384034720271885 376.01247026553602382 1.23410131909493748 0.56689266021350149 0.84999999999999998 0.82279807593761911 
1.29043025180564230 0.44558657059694906 167.49138217242565929 1.24902814918742866 0.55107740763793756 0.92499999999999993 0.82279807593761911 
1.32869658113177835 0.42409486922190731 383.79144442466810005 1.27684928974024570 0.56120134898399288 0.84999999999999998 0.84773135096603180 
1.32895481356225176 0.44573224740285233 175.27035633155767869 1.29136005426771217 0.54514891828450684 0.92499999999999993 0.84773135096603180 

ZONE I=2, J=2
1.29043025180564230 0.44558657059694906 174.43725627876327167 1.24902814918742866 0.55107740763793756 0.92499999999999993 0.82279807593761911 
1.29067599021968427 0.47109379408206981 67.36604356494751755 1.26655760622267954 0.53254643428688753 1.00000000000000000 0.82279807593761911 
1.32895481356225176 0.44573224740285233 178.89890939911393275 1.29136005426771217 0.54514891828450684 0.92499999999999993 0.84773135096603180 
1.32927455624275903 0.47109379408182672 71.82769668529817864 1.30838116757642187 0.52634487650983508 1.00000000000000000 0.84773135096603180 

ZONE I=2, J=2
1.32869658113177835 0.42409486922190731 385.77196059242504589 1.27684928974024570 0.56120134898399288 0.84999999999999998 0.84773135096603180 
1.32895481356225176 0.44573224740285233 173.18091259305452922 1.29136005426771217 0.54514891828450684 0.92499999999999993 0.84773135096603180 
1.36706885761912922 0.42435597391406815 393.97033261532163806 1.32000626386706466 0.55365938754828503 0.84999999999999998 0.87266462599444450 
1.36742234716116240 0.44588380607280081 181.37928461595112140 1.33411487634152892 0.53739533004850093 0.92499999999999993 0.87266462599444450 

ZONE I=2, J=2
1.32895481356225176 0.44573224740285233 180.36196183145133887 1.29136005426771217 0.54514891828450684 0.92499999999999993 0.84773135096603180 
1.32927455624275903 0.47109379408182672 70.87723200530328427 1.30838116757642187 0.52634487650983508 1.00000000000000000 0.84773135096603180 
1.36742234716116240 0.44588380607280081 185.19285187726390518 1.33411487634152892 0.53739533004850093 0.92499999999999993 0.87266462599444450 
1.36783776137456825 0.47109379408183411 75.70812205111585058 1.35063777002390561 0.51835038193239469 1.00000000000000000 0.87266462599444450 

ZONE I=2, J=2
1.36706885761912922 0.42435597391406815 395.95326680479917059 1.32000626386706466 0.55365938754828503 0.84999999999999998 0.87266462599444450 
1.36742234716116240 0.44588380607280081 179.27583799389938690 1.33411487634152892 0.53739533004850093 0.92499999999999993 0.87266462599444450 
1.40535353072472646 0.42462379911230980 404.57345833471509877 1.36349824268970665 0.54423934006566221 0.84999999999999998 0.89759790102285719 
1.40583101746989403 0.44604199503983805 187.89602952381537193 1.37722558359461211 0.52779162830802528 0.92499999999999993 0.89759790102285719 

ZONE I=2, J=2
1.36742234716116240 0.44588380607280081 186.70694761445466270 1.33411487634152892 0.53739533004850093 0.92499999999999993 0.87266462599444450 
1.36783776137456825 0.47109379408183411 74.71459818073836345 1.35063777002390561 0.51835038193239469 1.00000000000000000 0.87266462599444450 
1.40583101746989403 0.44604199503983805 191.96007146520221909 1.37722558359461211 0.52779162830802528 0.92499999999999993 0.89759790102285719 
1.40637036085807177 0.47109379408183860 79.96772203148591984 1.39326680045630602 0.50854161822680044 1.00000000000000000 0.89759790102285719 

ZONE I=2, J=2
1.40535353072472646 0.42462379911230980 406.52044154248585528 1.36349824268970665 0.54423934006566221 0.84999999999999998 0.89759790102285719 
1.40583101746989403 0.44604199503983805 185.81730915256451908 1.37722558359461211 0.52779162830802528 0.92499999999999993 0.89759790102285719 
1.44354024574244222 0.42489853747513023 415.55578428551041270 1.40724846623266275 0.53291553037275341 0.84999999999999998 0.92253117605126989 
1.44417917477800772 0.44620777984205595 194.85265189558913335 1.42062439185861256 0.51631502874738289 0.92499999999999993 0.92253117605126989 

ZONE I=2, J=2
1.40583101746989403 0.44604199503983805 193.51386882124504041 1.37722558359461211 0.52779162830802528 0.92499999999999993 0.89759790102285719 
1.40637036085807177 0.47109379408183860 78.93402868627252644 1.39326680045630602 0.50854161822680044 1.00000000000000000 0.89759790102285719 
1.44417917477800772 0.44620777984205595 199.25610047752920195 1.42062439185861256 0.51631502874738289 0.92499999999999993 0.92253117605126989 
1.44487942268575131 0.47109379408183472 84.67626034255665957 1.43620886738244669 0.49690039059670432 1.00000000000000000 0.92253117605126989 

ZONE I=2, J=2
1.44354024574244222 0.42489853747513023 417.41420749483575037 1.40724846623266275 0.53291553037275341 0.84999999999999998 0.92253117605126989 
1.44417917477800772 0.44620777984205595 192.85378014297313598 1.42062439185861256 0.51631502874738289 0.92499999999999993 0.92253117605126989 
1.48161625201745784 0.42518043017450752 426.84446300293029708 1.45117693057015651 0.51966396125440328 0.84999999999999998 0.94746445107968258 
1.48246537271428691 0.44638238345044556 202.28403565106773954 1.46424286999924780 0.50294495842803344 0.92499999999999993 0.94746445107968258 

ZONE I=2, J=2
1.44417917477800772 0.44620777984205595 200.83126306248820470 1.42062439185861256 0.51631502874738289 0.92499999999999993 0.92253117605126989 
1.44487942268575131 0.47109379408183472 83.60787114811289200 1.43620886738244669 0.49690039059670432 1.00000000000000000 0.92253117605126989 
1.48246537271428691 0.44638238345044556 207.14816440866550806 1.46424286999924780 0.50294495842803344 0.92499999999999993 0.94746445107968258 
1.48337512730797405 0.47109379408183666 89.92477249429016695 1.47940666391786446 0.48341188844895217 1.00000000000000000 0.94746445107968258 

ZONE I=2, J=2
1.48161625201745784 0.42518043017450752 428.54356333760176767 1.45117693057015651 0.51966396125440328 0.84999999999999998 0.94746445107968258 
1.48246537271428691 0.44638238345044556 200.44227201656678972 1.46424286999924780 0.50294495842803344 0.92499999999999993 0.94746445107968258 
1.51956566987431985 0.42546973345064831 438.32866893826314936 1.49519971151982545 0.50446223031480397 0.84999999999999998 0.97239772610809527 
1.52068832375802332 0.44656731337683808 210.22737761722817140 1.50801198163775174 0.48766300518654720 0.92499999999999993 0.97239772610809527 

ZONE I=2, J=2
1.48246537271428691 0.44638238345044556 208.71535037836463289 1.46424286999924780 0.50294495842803344 0.92499999999999993 0.94746445107968258 
1.48337512730797405 0.47109379408183666 88.83144839105425206 1.47940666391786446 0.48341188844895217 1.00000000000000000 0.94746445107968258 
1.52068832375802332 0.44656731337683808 215.71795524382690701 1.50801198163775174 0.48766300518654720 0.92499999999999993 0.97239772610809527 
1.52187188880071456 0.47109379408182583 95.83405325651655460 1.52280614750283783 0.46806500175918914 1.00000000000000000 0.97239772610809527 

ZONE I=2, J=2
1.51956566987431985 0.42546973345064831 439.77497009110902582 1.49519971151982545 0.50446223031480397 0.84999999999999998 0.97239772610809527 
1.52068832375802332 0.44656731337683808 208.64939548311383533 1.50801198163775174 0.48766300518654720 0.92499999999999993 0.97239772610809527 
1.55736849846925329 0.42576660450226173 449.84664739096035646 1.53922799116256281 0.48728947531772454 0.84999999999999998 0.99733100113650797 
1.55884670587781082 0.44676433015584843 218.72107278296516597 1.55186196130862863 0.47045283734827459 0.92499999999999993 0.99733100113650797 

ZONE I=2, J=2
1.52068832375802332 0.44656731337683808 217.22964454232527487 1.50801198163775174 0.48766300518654720 0.92499999999999993 0.97239772610809527 
1.52187188880071456 0.47109379408182583 94.73311707172729257 1.52280614750283783 0.46806500175918914 1.00000000000000000 0.97239772610809527 
1.55884670587781082 0.44676433015584843 225.06423239415664739 1.55186196130862863 0.47045283734827459 0.92499999999999993 0.99733100113650797 
1.56039000698040953 0.47109379408182350 102.56770492355866509 1.56635823399699414 0.45085276920137390 1.00000000000000000 0.99733100113650797 

ZONE I=2, J=2
1.55736849846925329 0.42576660450226173 450.91827342685087388 1.53922799116256281 0.48728947531772454 0.84999999999999998 0.99733100113650797 
1.55884670587781082 0.44676433015584843 217.55208312103320623 1.55186196130862863 0.47045283734827459 0.92499999999999993 0.99733100113650797 
1.59499916564974487 0.42607072718041311 461.16976497291386750 1.58316652053970119 0.46812644790232105 0.84999999999999998 1.02226427616492077 
1.59693863546411152 0.44697519936168972 227.80357466709619985 1.59572178015093957 0.45130016024184727 0.92499999999999993 1.02226427616492077 

ZONE I=2, J=2
1.55884670587781082 0.44676433015584843 226.44059201072877840 1.55186196130862863 0.47045283734827459 0.92499999999999993 0.99733100113650797 
1.56039000698040953 0.47109379408182350 101.49083268575230932 1.56635823399699414 0.45085276920137390 1.00000000000000000 0.99733100113650797 
1.59693863546411152 0.44697519936168972 235.30336798131708065 1.59572178015093957 0.45130016024184727 0.92499999999999993 1.02226427616492077 
1.59895830587343757 0.47109379408181418 110.35360865634061156 1.61002143083829785 0.43177311054007567 1.00000000000000000 1.02226427616492077 

ZONE I=2, J=2
1.59499916564974487 0.42607072718041311 461.70645351140035473 1.58316652053970119 0.46812644790232105 0.84999999999999998 1.02226427616492077 
1.59693863546411152 0.44697519936168972 227.24025925827857009 1.59572178015093957 0.45130016024184727 0.92499999999999993 1.02226427616492077 
1.63242399022704721 0.42638003043685097 471.98330489918589592 1.62691066050074951 0.44695605709413944 0.84999999999999998 1.04719755119333335 
1.63496036019856539 0.44720064949839988 237.51711064606411128 1.63951753086030938 0.43019305705011979 0.92499999999999993 1.04719755119333335 

ZONE I=2, J=2
1.59693863546411152 0.44697519936168972 236.40091417298847887 1.59572178015093957 0.45130016024184727 0.92499999999999993 1.02226427616492077 
1.59895830587343757 0.47109379408181418 109.36240480266455677 1.61002143083829785 0.43177311054007567 1.00000000000000000 1.02226427616492077 
1.63496036019856539 0.44720064949839988 246.56198097541002312 1.63951753086030938 0.43019305705011979 0.92499999999999993 1.04719755119333335 
1.63761874720170963 0.47109379408180219 119.52347160508607260 1.65376633382988714 0.41083018036621755 1.00000000000000000 1.04719755119333335 

ZONE I=2, J=2
1.63242399022704721 0.42638003043685097 471.75611675809506096 1.62691066050074951 0.44695605709413944 0.84999999999999998 1.04719755119333335 
1.63496036019856539 0.44720064949839988 237.83639415520067928 1.63951753086030938 0.43019305705011979 0.92499999999999993 1.04719755119333335 
1.66959541342757900 0.42668602010117207 481.86219294674157254 1.67033899760615068 0.42376578125689429 0.84999999999999998 1.07213082622174616 
1.67290264417790424 0.44743624597361215 247.94247034384724770 1.68316735708004073 0.40712418150801699 0.92499999999999993 1.07213082622174616 

ZONE I=2, J=2
1.63496036019856539 0.44720064949839988 247.09541397699854315 1.63951753086030938 0.43019305705011979 0.92499999999999993 1.04719755119333335 
1.63761874720170963 0.47109379408180219 118.75224260349607164 1.65376633382988714 0.41083018036621755 1.00000000000000000 1.04719755119333335 
1.67290264417790424 0.44743624597361215 258.94494925150831932 1.68316735708004073 0.40712418150801699 0.92499999999999993 1.07213082622174616 
1.67643407579577319 0.47109379408179070 130.60177787800586202 1.69758305301896062 0.38803653360789381 1.00000000000000000 1.07213082622174616 

ZONE I=2, J=2
1.66959541342757900 0.42668602010117207 480.44488464219665502 1.67033899760615068 0.42376578125689429 0.84999999999999998 1.07213082622174616 
1.67290264417790424 0.44743624597361215 249.61065845652629491 1.68316735708004073 0.40712418150801699 0.92499999999999993 1.07213082622174616 
1.70643671997437552 0.42695558528347255 490.23794725509895898 1.71329161884732151 0.39855887879858132 0.84999999999999998 1.09706410125015874 
1.71073626212494645 0.44765470845590533 259.40372106942862729 1.72656082078709705 0.38210080957119219 0.92499999999999993 1.09706410125015874 

ZONE I=2, J=2
1.67290264417790424 0.44743624597361215 258.27653350032045410 1.68316735708004073 0.40712418150801699 0.92499999999999993 1.07213082622174616 
1.67643407579577319 0.47109379408179070 130.41377560276774261 1.69758305301896062 0.38803653360789381 1.00000000000000000 1.07213082622174616 
1.71073626212494645 0.44765470845590533 272.45019009769151808 1.72656082078709705 0.38210080957119219 0.92499999999999993 1.09706410125015874 
1.71548730308877384 0.47109379408177576 144.58743220013874975 1.74148179886451504 0.36341050356968257 1.00000000000000000 1.09706410125015874 

ZONE I=2, J=2
1.70643671997437552 0.42695558528347255 486.38310891803945424 1.71329161884732151 0.39855887879858132 0.84999999999999998 1.09706410125015874 
1.71073626212494645 0.44765470845590533 263.57631035680543619 1.72656082078709705 0.38210080957119219 0.92499999999999993 1.09706410125015874 
1.74282109758752357 0.42705963669824643 496.41574167728657585 1.75552178324540487 0.37141429703754381 0.84999999999999998 1.12199737627857155 
1.74833384743516018 0.44771996979524303 273.60894311605255780 1.76945278181025500 0.35519187263341684 0.92499999999999993 1.12199737627857155 

ZONE I=2, J=2
1.71073626212494645 0.44765470845590533 268.90655937079435489 1.72656082078709705 0.38210080957119219 0.92499999999999993 1.09706410125015874 
1.71548730308877384 0.47109379408177576 146.42283744210450891 1.74148179886451504 0.36341050356968257 1.00000000000000000 1.09706410125015874 
1.74833384743516018 0.44771996979524303 286.96120463048879401 1.76945278181025500 0.35519187263341684 0.92499999999999993 1.12199737627857155 
1.75470494092121432 0.47109379408174623 164.47748270179900487 1.78533446097465442 0.33689709849150823 1.00000000000000000 1.12199737627857155 

ZONE I=2, J=2
1.74282109758752357 0.42705963669824643 488.19027235705726753 1.75552178324540487 0.37141429703754381 0.84999999999999998 1.12199737627857155 
1.74833384743516018 0.44771996979524303 282.94660111621550413 1.76945278181025500 0.35519187263341684 0.92499999999999993 1.12199737627857155 
1.77866521303383474 0.42590947623255676 500.41248912492409318 1.79643482565786616 0.34332308277332579 0.84999999999999998 1.14693065130698413 
1.78516890375611359 0.44626387769221654 295.16881788408232978 1.81073448062520592 0.32744481083941929 0.92499999999999993 1.14693065130698413 

ZONE I=2, J=2
1.74833384743516018 0.44771996979524303 280.00398026332197787 1.76945278181025500 0.35519187263341684 0.92499999999999993 1.12199737627857155 
1.75470494092121432 0.47109379408174623 175.35799027271355044 1.78533446097465442 0.33689709849150823 1.00000000000000000 1.12199737627857155 
1.78516890375611359 0.44626387769221654 300.75983368508650528 1.81073448062520592 0.32744481083941929 0.92499999999999993 1.14693065130698413 
1.79232585245492548 0.46944494342197857 196.11384369447813469 1.82679215462040667 0.30925869446156579 1.00000000000000000 1.14693065130698413 

ZONE I=2, J=2
1.77866521303383474 0.42590947623255676 494.88226404097690647 1.79643482565786616 0.34332308277332579 0.84999999999999998 1.14693065130698413 
1.78516890375611359 0.44626387769221654 300.13904709686198657 1.81073448062520592 0.32744481083941929 0.92499999999999993 1.14693065130698413 
1.81364537735856746 0.42068450517463557 506.45822279711205738 1.83463957206692174 0.31683220845461868 0.84999999999999998 1.17186392633539693 
1.82112845988066363 0.44033945605448177 311.71500585299713748 1.84916972144335423 0.30162732840838935 0.92499999999999993 1.17186392633539693 

ZONE I=2, J=2
1.78516890375611359 0.44626387769221654 297.18920372289574061 1.81073448062520592 0.32744481083941929 0.92499999999999993 1.14693065130698413 
1.79232585245492548 0.46944494342197857 195.49196245504830927 1.82679215462040667 0.30925869446156579 1.00000000000000000 1.14693065130698413 
1.82112845988066363 0.44033945605448177 311.29174886471275840 1.84916972144335423 0.30162732840838935 0.92499999999999993 1.17186392633539693 
1.82951642720534635 0.46258724119277855 209.59450759686532706 1.86554084768681605 0.28438470201562660 1.00000000000000000 1.17186392633539693 

ZONE I=2, J=2
1.81364537735856746 0.42068450517463557 505.60550018708727293 1.83463957206692174 0.31683220845461868 0.84999999999999998 1.17186392633539693 
1.82112845988066363 0.44033945605448177 312.51331917550862727 1.84916972144335423 0.30162732840838935 0.92499999999999993 1.17186392633539693 
1.84744954707504916 0.41140542556219634 519.05349234927666657 1.87004556492048457 0.29198259929496151 0.84999999999999998 1.19679720136380974 
1.85614124367258171 0.43032332556771113 325.96131133769802091 1.88504792208123750 0.27754785613883209 0.92499999999999993 1.19679720136380974 

ZONE I=2, J=2
1.82112845988066363 0.44033945605448177 311.34285509003348125 1.84916972144335423 0.30162732840838935 0.92499999999999993 1.17186392633539693 
1.82951642720534635 0.46258724119277855 209.38396465036331051 1.86554084768681605 0.28438470201562660 1.00000000000000000 1.17186392633539693 
1.85614124367258171 0.43032332556771113 324.58862019609205163 1.88504792208123750 0.27754785613883209 0.92499999999999993 1.19679720136380974 
1.86593097627738991 0.45159692957768666 222.62972975642188089 1.90193304745032954 0.26132140756507050 1.00000000000000000 1.19679720136380974 

ZONE I=2, J=2
1.84744954707504916 0.41140542556219634 520.00920816532129720 1.87004556492048457 0.29198259929496151 0.84999999999999998 1.19679720136380974 
1.85614124367258171 0.43032332556771113 324.85832594323210287 1.88504792208123750 0.27754785613883209 0.92499999999999993 1.19679720136380974 
1.87980917331656050 0.39845107156662957 534.70478034236975873 1.90272110125569305 0.26851107119448359 0.84999999999999998 1.22173047639222232 
1.88980480459839129 0.41653224826105134 339.55389812028056440 1.91829804885590072 0.25493903012331093 0.92499999999999993 1.22173047639222232 

ZONE I=2, J=2
1.85614124367258171 0.43032332556771113 325.69208304901121664 1.88504792208123750 0.27754785613883209 0.92499999999999993 1.19679720136380974 
1.86593097627738991 0.45159692957768666 221.83294952277577750 1.90193304745032954 0.26132140756507050 1.00000000000000000 1.19679720136380974 
1.88980480459839129 0.41653224826105134 338.20288600655931077 1.91829804885590072 0.25493903012331093 0.92499999999999993 1.22173047639222232 
1.90105260404241250 0.43676180389736252 234.34375248032392847 1.93578643851173071 0.23977643994810041 1.00000000000000000 1.22173047639222232 

ZONE I=2, J=2
1.87980917331656050 0.39845107156662957 536.72572404802849633 1.90272110125569305 0.26851107119448359 0.84999999999999998 1.22173047639222232 
1.88980480459839129 0.41653224826105134 337.34387263615775510 1.91829804885590072 0.25493903012331093 0.92499999999999993 1.22173047639222232 
1.91049379307452849 0.38218270230232959 552.12526836004667530 1.93272939977736402 0.24618533374602167 0.84999999999999998 1.24666375142063512 
1.92179976754176662 0.39931288491669459 352.74341694817582038 1.94890237662902432 0.23354796713699297 0.92499999999999993 1.24666375142063512 

ZONE I=2, J=2
1.88980480459839129 0.41653224826105134 339.91124180593436677 1.91829804885590072 0.25493903012331093 0.92499999999999993 1.22173047639222232 
1.90105260404241250 0.43676180389736252 233.16780700551672112 1.93578643851173071 0.23977643994810041 1.00000000000000000 1.22173047639222232 
1.92179976754176662 0.39931288491669459 351.70296558418027644 1.94890237662902432 0.23354796713699297 0.92499999999999993 1.24666375142063512 
1.93449451746210110 0.41841079370139456 244.95953078376263079 1.96701850622696850 0.21948764552335090 1.00000000000000000 1.24666375142063512 

ZONE I=2, J=2
1.91049379307452849 0.38218270230232959 554.79478161137785719 1.93272939977736402 0.24618533374602167 0.84999999999999998 1.24666375142063512 
1.92179976754176662 0.39931288491669459 349.84389506996137698 1.94890237662902432 0.23354796713699297 0.92499999999999993 1.24666375142063512 
1.93931612004343834 0.36294497915145857 570.43435811766312327 1.96013765676665952 0.22480310913529977 0.84999999999999998 1.27159702644904771 
1.95188329773133806 0.37901664003833968 365.48347157624664305 1.97688371521853057 0.21314970769929548 0.92499999999999993 1.27159702644904771 

ZONE I=2, J=2
1.92179976754176662 0.39931288491669459 353.78828498549893311 1.94890237662902432 0.23354796713699297 0.92499999999999993 1.24666375142063512 
1.93449451746210110 0.41841079370139456 243.53925777101844119 1.96701850622696850 0.21948764552335090 1.00000000000000000 1.24666375142063512 
1.95188329773133806 0.37901664003833968 364.85241400778210163 1.97688371521853057 0.21314970769929548 0.92499999999999993 1.27159702644904771 
1.96596723875849611 0.39689264156361193 254.60338679330155287 1.99561099020978117 0.20021920125948098 1.00000000000000000 1.27159702644904771 

ZONE I=2, J=2
1.93931612004343834 0.36294497915145857 573.48214532219901685 1.96013765676665952 0.22480310913529977 0.84999999999999998 1.27159702644904771 
1.95188329773133806 0.37901664003833968 362.16942434746295021 1.97688371521853057 0.21314970769929548 0.92499999999999993 1.27159702644904771 
1.96612928069635706 0.34106332114776483 588.96603739488057272 1.98501746780194321 0.20419155213935641 0.84999999999999998 1.29653030147746051 
1.97987457981240067 0.35598416500057523 377.65331642014450608 2.00229019434685407 0.19355116930911082 0.92499999999999993 1.29653030147746051 

ZONE I=2, J=2
1.95188329773133806 0.37901664003833968 367.15810494553397803 1.97688371521853057 0.21314970769929548 0.92499999999999993 1.27159702644904771 
1.96596723875849611 0.39689264156361193 253.03915719782639826 1.99561099020978117 0.20021920125948098 1.00000000000000000 1.27159702644904771 
1.97987457981240067 0.35598416500057523 377.47395942478840425 2.00229019434685407 0.19355116930911082 0.92499999999999993 1.29653030147746051 
1.99525809984409364 0.37255555491633607 263.35501167708082448 2.02158694673541550 0.18176562733768556 1.00000000000000000 1.29653030147746051 

ZONE I=2, J=2
1.96612928069635706 0.34106332114776483 592.19993080944664143 1.98501746780194321 0.20419155213935641 0.84999999999999998 1.29653030147746051 
1.97987457981240067 0.35598416500057523 374.12883637969042638 2.00229019434685407 0.19355116930911082 0.92499999999999993 1.29653030147746051 
1.99082077828980730 0.31684240694127230 607.19415794341466608 2.00744240500754589 0.18420497464588978 0.84999999999999998 1.32146357650587309 
2.00564162324159589 0.33053788569681497 389.12306351365856472 2.02518440991092730 0.17459015039180834 0.92499999999999993 1.32146357650587309 

ZONE I=2, J=2
1.97987457981240067 0.35598416500057523 379.87855525747170304 2.00229019434685407 0.19355116930911082 0.92499999999999993 1.29653030147746051 
1.99525809984409364 0.37255555491633607 261.72739289001492580 2.02158694673541550 0.18176562733768556 1.00000000000000000 1.29653030147746051 
2.00564162324159589 0.33053788569681497 389.41884215065090302 2.02518440991092730 0.17459015039180834 0.92499999999999993 1.32146357650587309 
2.02221499889947598 0.34573472803187649 271.26767978319412578 2.04499522508487397 0.16395283871085950 1.00000000000000000 1.32146357650587309 

ZONE I=2, J=2
1.99082077828980730 0.31684240694127230 610.46832527473156915 2.00744240500754589 0.18420497464588978 0.84999999999999998 1.32146357650587309 
2.00564162324159589 0.33053788569681497 385.54814375559999462 2.02518440991092730 0.17459015039180834 0.92499999999999993 1.32146357650587309 
2.01330605796994977 0.29056611960241241 624.69402162963547198 2.02748531598896031 0.16472172403313412 0.84999999999999998 1.34639685153428590 
2.02909015447958518 0.30297894375335199 399.77384011050389745 2.04563578546791414 0.15613240719643523 0.92499999999999993 1.34639685153428590 

ZONE I=2, J=2
2.00564162324159589 0.33053788569681497 391.82523667477562412 2.02518440991092730 0.17459015039180834 0.92499999999999993 1.32146357650587309 
2.02221499889947598 0.34573472803187649 269.64214380112309755 2.04499522508487397 0.16395283871085950 1.00000000000000000 1.32146357650587309 
2.02909015447958518 0.30297894375335199 400.55998686494694994 2.04563578546791414 0.15613240719643523 0.92499999999999993 1.34639685153428590 
2.04673262950779700 0.31674565430300050 278.37689399129442336 2.06589930810194256 0.14663667684331869 1.00000000000000000 1.34639685153428590 

ZONE I=2, J=2
2.01330605796994977 0.29056611960241241 627.89340007363887253 2.02748531598896031 0.16472172403313412 0.84999999999999998 1.34639685153428590 
2.02909015447958518 0.30297894375335199 396.27667223597006796 2.04563578546791414 0.15613240719643523 0.92499999999999993 1.34639685153428590 
2.03352268363039101 0.26249846151454459 641.11995561050582637 2.04521604565470749 0.14564090679946712 0.84999999999999998 1.37133012656269848 
2.05015452640292040 0.27358662506100984 409.50322777283702180 2.06371519720449204 0.13806812945021127 0.92499999999999993 1.37133012656269848 

ZONE I=2, J=2
2.02909015447958518 0.30297894375335199 402.89035879558059605 2.04563578546791414 0.15613240719643523 0.92499999999999993 1.34639685153428590 
2.04673262950779700 0.31674565430300050 276.80612476475732819 2.06589930810194256 0.14663667684331869 1.00000000000000000 1.34639685153428590 
2.05015452640292040 0.27358662506100984 410.78970499802903760 2.06371519720449204 0.13806812945021127 0.92499999999999993 1.37133012656269848 
2.06874091902272550 0.28588133550980849 284.70547096720576974 2.08436921735599512 0.12970001453592728 1.00000000000000000 1.37133012656269848 

ZONE I=2, J=2
2.03352268363039101 0.26249846151454459 644.15207464051286479 2.04521604565470749 0.14564090679946712 0.84999999999999998 1.37133012656269848 
2.05015452640292040 0.27358662506100984 406.18716917937769040 2.06371519720449204 0.13806812945021127 0.92499999999999993 1.37133012656269848 
2.05142539324907736 0.23288506702751077 656.19058690001224932 2.06069969949242493 0.12687926159687676 0.84999999999999998 1.39626340159111129 
2.06879041040679512 0.24261925362716330 418.22568143887707492 2.07949122678466392 0.12030836274894598 0.92499999999999993 1.39626340159111129 

ZONE I=2, J=2
2.05015452640292040 0.27358662506100984 412.98195775762337689 2.06371519720449204 0.13806812945021127 0.92499999999999993 1.37133012656269848 
2.06874091902272550 0.28588133550980849 283.23125761657820476 2.08436921735599512 0.12970001453592728 1.00000000000000000 1.37133012656269848 
2.06879041040679512 0.24261925362716330 420.01791688805838021 2.07949122678466392 0.12030836274894598 0.92499999999999993 1.39626340159111129 
2.08819558803193939 0.25341201941032515 290.26721674701320808 2.10047574026874839 0.11304923706124401 1.00000000000000000 1.39626340159111129 

ZONE I=2, J=2
2.05142539324907736 0.23288506702751077 658.98078301192572326 2.06069969949242493 0.12687926159687676 0.84999999999999998 1.39626340159111129 
2.06879041040679512 0.24261925362716330 415.17389620748127754 2.07949122678466392 0.12030836274894598 0.92499999999999993 1.39626340159111129 
2.06698203029610861 0.20195505969606181 669.67812838240229212 2.07399538857256038 0.10836829741034841 0.84999999999999998 1.42119667661952387 
2.08496900965221554 0.21031593864782783 425.87124157795773272 2.09302759257677451 0.10278162273348786 0.92499999999999993 1.42119667661952387 

ZONE I=2, J=2
2.06879041040679512 0.24261925362716330 422.02279479023451358 2.07949122678466392 0.12030836274894598 0.92499999999999993 1.39626340159111129 
2.08819558803193939 0.25341201941032515 288.92225649759706130 2.10047574026874839 0.11304923706124401 1.00000000000000000 1.39626340159111129 
2.08496900965221554 0.21031593864782783 428.17028688381259371 2.09302759257677451 0.10278162273348786 0.92499999999999993 1.42119667661952387 
2.10507064708352232 0.21958649364213054 295.06974859117514143 2.11428641585154065 0.09661060577561401 1.00000000000000000 1.42119667661952387 

ZONE I=2, J=2
2.06698203029610861 0.20195505969606181 672.16638268396070544 2.07399538857256038 0.10836829741034841 0.84999999999999998 1.42119667661952387 
2.08496900965221554 0.21031593864782783 423.15013715534178118 2.09302759257677451 0.10278162273348786 0.92499999999999993 1.42119667661952387 
2.08017026291488616 0.16992308992815680 681.40002002024186822 2.08515535777434735 0.09005172486440581 0.84999999999999998 1.44612995164793667 
2.09867254201931308 0.17689878855114910 432.38377449162305766 2.10438142872252643 0.08543080512559885 0.92499999999999993 1.44612995164793667 

ZONE I=2, J=2
2.08496900965221554 0.21031593864782783 429.94901257202366196 2.09302759257677451 0.10278162273348786 0.92499999999999993 1.42119667661952387 
2.10507064708352232 0.21958649364213054 293.87930316535300790 2.11428641585154065 0.09661060577561401 1.00000000000000000 1.42119667661952387 
2.09867254201931308 0.17689878855114910 435.18635539383637933 2.10438142872252643 0.08543080512559885 0.92499999999999993 1.44612995164793667 
2.11935257079044925 0.18463427057711984 299.11664598716572527 2.12586282255523340 0.08032678796719615 1.00000000000000000 1.44612995164793667 

ZONE I=2, J=2
2.08017026291488616 0.16992308992815680 683.53864381241464798 2.08515535777434735 0.09005172486440581 0.84999999999999998 1.44612995164793667 
2.09867254201931308 0.17689878855114910 430.04570307935472329 2.10438142872252643 0.08543080512559885 0.92499999999999993 1.44612995164793667 
2.09097498287805905 0.13699144933540794 691.21217275502203847 2.09422440209484906 0.07188316828985532 0.84999999999999998 1.47106322667634926 
2.10989076564151823 0.14257534798262245 437.71923202196211378 2.11360216484854657 0.06821042104587641 0.92499999999999993 1.47106322667634926 

ZONE I=2, J=2
2.09867254201931308 0.17689878855114910 436.70872614116166233 2.10438142872252643 0.08543080512559885 0.92499999999999993 1.44612995164793667 
2.11935257079044925 0.18463427057711984 298.09997446094070028 2.12586282255523340 0.08032678796719615 1.00000000000000000 1.44612995164793667 
2.10989076564151823 0.14257534798262245 441.01780166511292691 2.11360216484854657 0.06821042104587641 0.92499999999999993 1.47106322667634926 
2.13103586685588331 0.14876822809126769 302.40904998489196487 2.13525880304171878 0.06415368694369041 1.00000000000000000 1.47106322667634926 

ZONE I=2, J=2
2.09097498287805905 0.13699144933540794 692.96400609719398744 2.09422440209484906 0.07188316828985532 0.84999999999999998 1.47106322667634926 
2.10989076564151823 0.14257534798262245 435.80466697114530916 2.11360216484854657 0.06821042104587641 0.92499999999999993 1.47106322667634926 
2.09938628119367010 0.10335219934949516 699.00346826124405197 2.10123949088590445 0.05382412763911400 0.84999999999999998 1.49599650170476206 
2.11861835126248677 0.10754110953576217 441.84412913519526001 2.12073082183644024 0.05108414489151182 0.92499999999999993 1.49599650170476206 

ZONE I=2, J=2
2.10989076564151823 0.14257534798262245 442.26068401982746536 2.11360216484854657 0.06821042104587641 0.92499999999999993 1.47106322667634926 
2.13103586685588331 0.14876822809126769 301.58058615502176281 2.13525880304171878 0.06415368694369041 1.00000000000000000 1.47106322667634926 
2.11861835126248677 0.10754110953576217 445.62691932610852064 2.12073082183644024 0.05108414489151182 0.92499999999999993 1.49599650170476206 
2.14011977403912557 0.11218743761393443 304.94682146130281808 2.14251934280623191 0.04805761222545004 1.00000000000000000 1.49599650170476206 

ZONE I=2, J=2
2.09938628119367010 0.10335219934949516 700.34044956302250284 2.10123949088590445 0.05382412763911400 0.84999999999999998 1.49599650170476206 
2.11861835126248677 0.10754110953576217 440.38341395935680112 2.12073082183644024 0.05108414489151182 0.92499999999999993 1.49599650170476206 
2.10539791108450425 0.06918928008274236 704.69134958693393855 2.10622953655929024 0.03584215119938129 0.84999999999999998 1.52092977673317464 
2.12485293972305511 0.07198201757804991 444.73431398326835051 2.12579958753843545 0.03402263842993088 0.92499999999999993 1.52092977673317464 

ZONE I=2, J=2
2.11861835126248677 0.10754110953576217 446.57308333519131338 2.12073082183644024 0.05108414489151182 0.92499999999999993 1.49599650170476206 
2.14011977403912557 0.11218743761393443 304.31710014911357121 2.14251934280623191 0.04805761222545004 1.00000000000000000 1.49599650170476206 
2.12485293972305511 0.07198201757804991 448.98534283642300124 2.12579958753843545 0.03402263842993088 0.92499999999999993 1.52092977673317464 
2.14660586010597676 0.07508002662088528 306.72935965034525907 2.14767989033213702 0.03201277403869732 1.00000000000000000 1.52092977673317464 

ZONE I=2, J=2
2.10539791108450425 0.06918928008274236 705.59339770465180663 2.10622953655929024 0.03584215119938129 0.84999999999999998 1.52092977673317464 
2.12485293972305511 0.07198201757804991 443.74903070087174228 2.12579958753843545 0.03402263842993088 0.92499999999999993 1.52092977673317464 
2.10900616578471078 0.03468058497238672 708.21841898819116068 2.10921525968115198 0.01790917698068235 0.84999999999999998 1.54586305176158745 
2.12859375675100715 0.03607692587656058 446.37405198441121001 2.12883157421626290 0.01700160227676121 0.92499999999999993 1.54586305176158745 

ZONE I=2, J=2
2.12485293972305511 0.07198201757804991 449.62258575165913044 2.12579958753843545 0.03402263842993088 0.92499999999999993 1.52092977673317464 
2.14660586010597676 0.07508002662088528 306.30571415099643673 2.14767989033213702 0.03201277403869732 1.00000000000000000 1.52092977673317464 
2.12859375675100715 0.03607692587656058 451.07303805105459560 2.12883157421626290 0.01700160227676121 0.92499999999999993 1.54586305176158745 
2.15049633556174058 0.03762600059883293 307.75616645039190189 2.15076596481565829 0.01599905547549955 1.00000000000000000 1.54586305176158745 

ZONE I=2, J=2
2.10900616578471078 0.03468058497238672 708.67260440696497881 2.10921525968115198 0.01790917698068235 0.84999999999999998 1.54586305176158745 
2.12859375675100715 0.03607692587656058 445.87803271396671789 2.12883157421626290 0.01700160227676121 0.92499999999999993 1.54586305176158745 
2.11020911561700641 0.00000000001033283 709.54999618264344008 2.11020911561700641 0.00000000000000000 0.84999999999999998 1.57079632679000003 
2.12984068915513269 0.00000000001042895 446.75542448964517916 2.12984068915513269 0.00000000000000000 0.92499999999999993 1.57079632679000003 

ZONE I=2, J=2
2.12859375675100715 0.03607692587656058 451.39355894522117296 2.12883157421626290 0.01700160227676121 0.92499999999999993 1.54586305176158745 
2.15049633556174058 0.03762600059883293 307.54322370752055349 2.15076596481565829 0.01599905547549955 1.00000000000000000 1.54586305176158745 
2.12984068915513269 0.00000000001042895 451.87755824458685083 2.12984068915513269 0.00000000000000000 0.92499999999999993 1.57079632679000003 
2.15179294424203293 0.00000000001053645 308.02722300688623136 2.15179294424203293 0.00000000000000000 1.00000000000000000 1.57079632679000003 

