ZONE I=2, J=2
0.00000000000000000 0.41969816967343992 244.03497940040350045 0.41969816967343992 0.00000000000000000 0.84999999999999998 0.00000000000000000 
0.00000000000000000 0.44346405148750656 97.18068363638687401 0.44346405148750656 0.00000000000000000 0.92499999999999993 0.00000000000000000 
0.03932909533679890 0.41970645002762569 244.12666313404221796 0.42055649926076039 0.02885329901998967 0.84999999999999998 0.02493327502841270 
0.03932608619372133 0.44346581560450510 97.27236737002559153 0.44430840497915092 0.02825795339312042 0.92499999999999993 0.02493327502841270 

ZONE I=2, J=2
0.00000000000000000 0.44346405148750656 100.75931391511498703 0.44346405148750656 0.00000000000000000 0.92499999999999993 0.00000000000000000 
0.00000000000000000 0.47140625002072500 26.97717791633010265 0.47140625002072500 0.00000000000000000 1.00000000000000000 0.00000000000000000 
0.03932608619372133 0.44346581560450510 100.79706890297667599 0.44430840497915092 0.02825795339312042 0.92499999999999993 0.02493327502841270 
0.03932520125253862 0.47140625266630259 27.01493290419178450 0.47224013558800876 0.02756049430358083 1.00000000000000000 0.02493327502841270 

ZONE I=2, J=2
0.03932909533679890 0.41970645002762569 244.15812559892577838 0.42055649926076039 0.02885329901998967 0.84999999999999998 0.02493327502841270 
0.03932608619372133 0.44346581560450510 97.21687707495070185 0.44430840497915092 0.02825795339312042 0.92499999999999993 0.02493327502841270 
0.07865716180997964 0.41971935288557033 244.38250324867732388 0.42311834455795688 0.05763810188770369 0.84999999999999998 0.04986655005682540 
0.07865106785361299 0.44347274001805814 97.44125472470221894 0.44684190060026951 0.05644800688754831 0.92499999999999993 0.04986655005682540 

ZONE I=2, J=2
0.03932608619372133 0.44346581560450510 100.82916476258886007 0.44430840497915092 0.02825795339312042 0.92499999999999993 0.02493327502841270 
0.03932520125253862 0.47140625266630259 27.00085241314964435 0.47224013558800876 0.02756049430358083 1.00000000000000000 0.02493327502841270 
0.07865106785361299 0.44347274001805814 100.93442549378993078 0.44684190060026951 0.05644800688754831 0.92499999999999993 0.04986655005682540 
0.07864919738221615 0.47140625166107258 27.10611314435071506 0.47474059545237635 0.05505376811383967 1.00000000000000000 0.04986655005682540 

ZONE I=2, J=2
0.07865716180997964 0.41971935288557033 244.46312815696092002 0.42311834455795688 0.05763810188770369 0.84999999999999998 0.04986655005682540 
0.07865106785361299 0.44347274001805814 97.34510885824235515 0.44684190060026951 0.05644800688754831 0.92499999999999993 0.04986655005682540 
0.11798270520145092 0.41974069550059395 244.83069648625223635 0.42738387398592564 0.08628554017190408 0.84999999999999998 0.07479982508523811 
0.11797356310361432 0.44348430278097117 97.71267718753364306 0.45106040613486997 0.08450206164309086 0.92499999999999993 0.07479982508523811 

ZONE I=2, J=2
0.07865106785361299 0.44347274001805814 100.99515467835213656 0.44684190060026951 0.05644800688754831 0.92499999999999993 0.04986655005682540 
0.07864919738221615 0.47140625166107258 27.07412903309147723 0.47474059545237635 0.05505376811383967 1.00000000000000000 0.04986655005682540 
0.11797356310361432 0.44348430278097117 101.17579771692744828 0.45106040613486997 0.08450206164309086 0.92499999999999993 0.07479982508523811 
0.11797074539622078 0.47140625431346633 27.25477207166678184 0.47890407166024629 0.08241264176344620 1.00000000000000000 0.07479982508523811 

ZONE I=2, J=2
0.11798270520145092 0.41974069550059395 244.95714381773467494 0.42738387398592564 0.08628554017190408 0.84999999999999998 0.07479982508523811 
0.11797356310361432 0.44348430278097117 97.57334366191749098 0.45106040613486997 0.08450206164309086 0.92499999999999993 0.07479982508523811 
0.15730448794204904 0.41977056670045465 245.46924299069468134 0.43334710158373907 0.11472715521489933 0.84999999999999998 0.09973310011365080 
0.15729233203991988 0.44350047906747064 98.08544283487749738 0.45695788434864631 0.11235232344389459 0.92499999999999993 0.09973310011365080 

ZONE I=2, J=2
0.11797356310361432 0.44348430278097117 101.26400249663484487 0.45106040613486997 0.08450206164309086 0.92499999999999993 0.07479982508523811 
0.11797074539622078 0.47140625431346633 27.20372144523324565 0.47890407166024629 0.08241264176344620 1.00000000000000000 0.07479982508523811 
0.15729233203991988 0.44350047906747064 101.51964736837174996 0.45695788434864631 0.11235232344389459 0.92499999999999993 0.09973310011365080 
0.15728859642801352 0.47140625305979256 27.45936631697014363 0.48472461633456576 0.10957008857108654 1.00000000000000000 0.09973310011365080 

ZONE I=2, J=2
0.15730448794204904 0.41977056670045465 245.64113079571941967 0.43334710158373907 0.11472715521489933 0.84999999999999998 0.09973310011365080 
0.15729233203991988 0.44350047906747064 97.90200089254564375 0.45695788434864631 0.11235232344389459 0.92499999999999993 0.09973310011365080 
0.19662125460528004 0.41980894898227877 246.29965778489869876 0.44099951367182982 0.14289471770982123 0.84999999999999998 0.12466637514206350 
0.19660612592205706 0.44352125661134639 98.56052788172495127 0.46452591382383784 0.13993123026085319 0.92499999999999993 0.12466637514206350 

ZONE I=2, J=2
0.15729233203991988 0.44350047906747064 101.63605639872113784 0.45695788434864631 0.11235232344389459 0.92499999999999993 0.09973310011365080 
0.15728859642801352 0.47140625305979256 27.38958368922536835 0.48472461633456576 0.10957008857108654 1.00000000000000000 0.09973310011365080 
0.19660612592205706 0.44352125661134639 101.96707928006324551 0.46452591382383784 0.13993123026085319 0.92499999999999993 0.12466637514206350 
0.19660150712744312 0.47140625310807227 27.72060657056746180 0.49219392630576575 0.13645932354327575 1.00000000000000000 0.12466637514206350 

ZONE I=2, J=2
0.19662125460528004 0.41980894898227877 246.51692639303570331 0.44099951367182982 0.14289471770982123 0.84999999999999998 0.12466637514206350 
0.19660612592205706 0.44352125661134639 98.33205635962922031 0.46452591382383784 0.13993123026085319 0.92499999999999993 0.12466637514206350 
0.23593173413748669 0.41985581167831526 247.32391007631173352 0.45033016947593657 0.17072030996033508 0.84999999999999998 0.14959965017047622 
0.23591368366535803 0.44354662051862270 99.13904004290525052 0.47375368127216944 0.16717152925997131 0.92499999999999993 0.14959965017047622 

ZONE I=2, J=2
0.19660612592205706 0.44352125661134639 102.11221414821021369 0.46452591382383784 0.13993123026085319 0.92499999999999993 0.12466637514206350 
0.19660150712744312 0.47140625310807227 27.63213825108231703 0.49219392630576575 0.13645932354327575 1.00000000000000000 0.12466637514206350 
0.23591368366535803 0.44354662051862270 102.51931206069970415 0.47375368127216944 0.16717152925997131 0.92499999999999993 0.14959965017047622 
0.23590822493851860 0.47140625151748144 28.03923616357180748 0.50130132963008145 0.16301386896371148 1.00000000000000000 0.14959965017047622 

ZONE I=2, J=2
0.23593173413748669 0.41985581167831526 247.58680997485953412 0.45033016947593657 0.17072030996033508 0.84999999999999998 0.14959965017047622 
0.23591368366535803 0.44354662051862270 98.86472299142982934 0.47375368127216944 0.16717152925997131 0.92499999999999993 0.14959965017047622 
0.27523463945952736 0.41991112024848581 248.54452467583985253 0.46132572036960418 0.19813640602428453 0.84999999999999998 0.17453292519888891 
0.27521372891729134 0.44357655462567375 99.82243769241011933 0.48462799254510941 0.19400635360688848 0.92499999999999993 0.17453292519888891 

ZONE I=2, J=2
0.23591368366535803 0.44354662051862270 102.69366387408152264 0.47375368127216944 0.16717152925997131 0.92499999999999993 0.14959965017047622 
0.23590822493851860 0.47140625151748144 27.93200393157175654 0.50130132963008145 0.16301386896371148 1.00000000000000000 0.14959965017047622 
0.27521372891729134 0.44357655462567375 103.17785664455573169 0.48462799254510941 0.19400635360688848 0.92499999999999993 0.17453292519888891 
0.27520748126484351 0.47140625162284372 28.41619670204596559 0.51203380901844331 0.18916762470175327 1.00000000000000000 0.17453292519888891 

ZONE I=2, J=2
0.27523463945952736 0.41991112024848581 248.85353295061776180 0.46132572036960418 0.19813640602428453 0.84999999999999998 0.17453292519888891 
0.27521372891729134 0.44357655462567375 99.50144985639475692 0.48462799254510941 0.19400635360688848 0.92499999999999993 0.17453292519888891 
0.31452866530255830 0.41997483360841198 249.96456024353557268 0.47397041944695156 0.22507595084926965 0.84999999999999998 0.19946620022730160 
0.31450496884461160 0.44361103745234692 100.61247714931256780 0.49713328081020991 0.22036930160159476 0.92499999999999993 0.19946620022730160 

ZONE I=2, J=2
0.27521372891729134 0.44357655462567375 103.38192642116426612 0.48462799254510941 0.19400635360688848 0.92499999999999993 0.17453292519888891 
0.27520748126484351 0.47140625162284372 28.28998149225031256 0.51203380901844331 0.18916762470175327 1.00000000000000000 0.17453292519888891 
0.31450496884461160 0.44361103745234692 103.94446060802526688 0.49713328081020991 0.22036930160159476 0.92499999999999993 0.19946620022730160 
0.31449799492890840 0.47140625110306300 28.85251567911129911 0.52437600267001794 0.21485495157701420 1.00000000000000000 0.19946620022730160 

ZONE I=2, J=2
0.31452866530255830 0.41997483360841198 250.32032455124902981 0.47397041944695156 0.22507595084926965 0.84999999999999998 0.19946620022730160 
0.31450496884461160 0.44361103745234692 100.24395356287318748 0.49713328081020991 0.22036930160159476 0.92499999999999993 0.19946620022730160 
0.35381248560445511 0.42004690664856903 251.58762419452415315 0.48824613845925524 0.25147243792165408 0.84999999999999998 0.22439947525571430 
0.35378609053969468 0.44365004632185157 101.51125320614831082 0.51125162468740593 0.24619451195189118 0.92499999999999993 0.22439947525571430 

ZONE I=2, J=2
0.31450496884461160 0.44361103745234692 104.17880058387429187 0.49713328081020991 0.22036930160159476 0.92499999999999993 0.19946620022730160 
0.31449799492890840 0.47140625110306300 28.70705614638038838 0.52437600267001794 0.21485495157701420 1.00000000000000000 0.19946620022730160 
0.35378609053969468 0.44365004632185157 104.82119877123189156 0.51125162468740593 0.24619451195189118 0.92499999999999993 0.22439947525571430 
0.35377846358569687 0.47140625328743940 29.34945433373798807 0.53831022843753051 0.24001073912450543 1.00000000000000000 0.22439947525571430 

ZONE I=2, J=2
0.35381248560445511 0.42004690664856903 251.99094595544008257 0.48824613845925524 0.25147243792165408 0.84999999999999998 0.22439947525571430 
0.35378609053969468 0.44365004632185157 101.09422975332172712 0.51125162468740593 0.24619451195189118 0.92499999999999993 0.22439947525571430 
0.39308475035890567 0.42012728723873899 253.41786378950141057 0.50413238145818828 0.27725998703852095 0.84999999999999998 0.24933275028412699 
0.39305575968648498 0.44369355318307602 102.52114758738308353 0.52696276084319993 0.27141674237868130 0.92499999999999993 0.24933275028412699 

ZONE I=2, J=2
0.35378609053969468 0.44365004632185157 105.08643009766697674 0.51125162468740593 0.24619451195189118 0.92499999999999993 0.22439947525571430 
0.35377846358569687 0.47140625328743940 29.18439089046072965 0.53831022843753051 0.24001073912450543 1.00000000000000000 0.22439947525571430 
0.39305575968648498 0.44369355318307602 105.81040669355795103 0.52696276084319993 0.27141674237868130 0.92499999999999993 0.24933275028412699 
0.39304756873478108 0.47140625234718903 29.90836748635169684 0.55381648696531960 0.26457049118474285 1.00000000000000000 0.24933275028412699 

ZONE I=2, J=2
0.39308475035890567 0.42012728723873899 253.86967683417196895 0.50413238145818828 0.27725998703852095 0.84999999999999998 0.24933275028412699 
0.39305575968648498 0.44369355318307602 102.05458017901871415 0.52696276084319993 0.27141674237868130 0.92499999999999993 0.24933275028412699 
0.43234408246828404 0.42021592025102522 255.46000372777939447 0.52160630748235903 0.30237342024784042 0.84999999999999998 0.27426602531253969 
0.43231261614051752 0.44374153063403893 103.64490707262613967 0.54424410810640944 0.29597144266830389 0.92499999999999993 0.27426602531253969 

ZONE I=2, J=2
0.39305575968648498 0.44369355318307602 106.10723312211159453 0.52696276084319993 0.27141674237868130 0.92499999999999993 0.24933275028412699 
0.39304756873478108 0.47140625234718903 29.72333771102830013 0.55381648696531960 0.26457049118474285 1.00000000000000000 0.24933275028412699 
0.43231261614051752 0.44374153063403893 106.91480527233254350 0.54424410810640944 0.29597144266830389 0.92499999999999993 0.27426602531253969 
0.43230396428761120 0.47140625194134533 30.53090986124923489 0.57087249635005222 0.28847038811502135 1.00000000000000000 0.27426602531253969 

ZONE I=2, J=2
0.43234408246828404 0.42021592025102522 255.96136906407139122 0.52160630748235903 0.30237342024784042 0.84999999999999998 0.27426602531253969 
0.43231261614051752 0.44374153063403893 103.12761800472317475 0.54424410810640944 0.29597144266830389 0.92499999999999993 0.27426602531253969 
0.47158907424603402 0.42031274340246466 257.71934528955512178 0.54064274735012519 0.32674833886715648 0.84999999999999998 0.29919930034095243 
0.47155527236571759 0.44379394662346527 104.88559423020687689 0.56307078331612970 0.31979483255877866 0.92499999999999993 0.29919930034095243 

ZONE I=2, J=2
0.43231261614051752 0.44374153063403893 107.24398437470109968 0.54424410810640944 0.29597144266830389 0.92499999999999993 0.27426602531253969 
0.43230396428761120 0.47140625194134533 30.32542716710955943 0.57087249635005222 0.28847038811502135 1.00000000000000000 0.27426602531253969 
0.47155527236571759 0.44379394662346527 108.13741991805333953 0.56307078331612970 0.31979483255877866 0.92499999999999993 0.29919930034095243 
0.47154628250195196 0.47140625209947623 31.21886271046179928 0.58945370172521094 0.31164737217299238 1.00000000000000000 0.29919930034095243 

ZONE I=2, J=2
0.47158907424603402 0.42031274340246466 258.27145696335185221 0.54064274735012519 0.32674833886715648 0.84999999999999998 0.29919930034095243 
0.47155527236571759 0.44379394662346527 104.31629575418745048 0.56307078331612970 0.31979483255877866 0.92499999999999993 0.29919930034095243 
0.51081828404561458 0.42041768815235941 260.20180151412102987 0.56121422758463413 0.35032119916337234 0.84999999999999998 0.32413257536936513 
0.51078231008304631 0.44385076571438364 106.24664030495659972 0.58341562538370528 0.34282397608270926 0.92499999999999993 0.32413257536936513 

ZONE I=2, J=2
0.47155527236571759 0.44379394662346527 108.49980468321562910 0.56307078331612970 0.31979483255877866 0.92499999999999993 0.29919930034095243 
0.47154628250195196 0.47140625209947623 30.99242050353639755 0.58945370172521094 0.31164737217299238 1.00000000000000000 0.29919930034095243 
0.51078231008304631 0.44385076571438364 109.48164869252097731 0.58341562538370528 0.34282397608270926 0.92499999999999993 0.32413257536936513 
0.51077312611217307 0.47140625191546737 31.97426451284173865 0.60953329931853306 0.33403921584935881 1.00000000000000000 0.32413257536936513 

ZONE I=2, J=2
0.51081828404561458 0.42041768815235941 260.80598527321069469 0.56121422758463413 0.35032119916337234 0.84999999999999998 0.32413257536936513 
0.51078231008304631 0.44385076571438364 105.62390120675600258 0.58341562538370528 0.34282397608270926 0.92499999999999993 0.32413257536936513 
0.55003023230661907 0.42053068145637773 262.91392182878701078 0.58329099706518239 0.37302938656377216 0.84999999999999998 0.34906585039777782 
0.54999227876860557 0.44391195099370684 107.73183776233234710 0.60524922263951453 0.36499685674589860 0.92499999999999993 0.34906585039777782 

ZONE I=2, J=2
0.51078231008304631 0.44385076571438364 109.87817433904510267 0.58341562538370528 0.34282397608270926 0.92499999999999993 0.32413257536936513 
0.51077312611217307 0.47140625191546737 31.72625026313705021 0.60953329931853306 0.33403921584935881 1.00000000000000000 0.32413257536936513 
0.54999227876860557 0.44391195099370684 110.95126833217312878 0.60524922263951453 0.36499685674589860 0.92499999999999993 0.34906585039777782 
0.54998307421120129 0.47140625112606277 32.79934425626507277 0.63108226544352997 0.35558460281934895 1.00000000000000000 0.34906585039777782 

ZONE I=2, J=2
0.55003023230661907 0.42053068145637773 263.57162575656690251 0.58329099706518239 0.37302938656377216 0.84999999999999998 0.34906585039777782 
0.54999227876860557 0.44391195099370684 107.05411896027825946 0.60524922263951453 0.36499685674589860 0.92499999999999993 0.34906585039777782 
0.58922339748016495 0.42065164631175250 265.86291385814951127 0.60684105449116776 0.39481128943699639 0.84999999999999998 0.37399912542619052 
0.58918369096787637 0.44397746495294776 109.34540706186089665 0.62853994031202853 0.38625244921052304 0.92499999999999993 0.37399912542619052 

ZONE I=2, J=2
0.54999227876860557 0.44391195099370684 111.38296665565617616 0.60524922263951453 0.36499685674589860 0.92499999999999993 0.34906585039777782 
0.54998307421120129 0.47140625112606277 32.52913618672604201 0.63108226544352997 0.35558460281934895 1.00000000000000000 0.34906585039777782 
0.58918369096787637 0.44397746495294776 112.55048068041033105 0.62853994031202853 0.38625244921052304 0.92499999999999993 0.37399912542619052 
0.58917467155779768 0.47140625222086985 33.69665021148018269 0.65406938317637786 0.37622319204089166 1.00000000000000000 0.37399912542619052 

ZONE I=2, J=2
0.58922339748016495 0.42065164631175250 266.57572135728366902 0.60684105449116776 0.39481128943699639 0.84999999999999998 0.37399912542619052 
0.58918369096787637 0.44397746495294776 108.61102026481756866 0.62853994031202853 0.38625244921052304 0.92499999999999993 0.37399912542619052 
0.62839621153071057 0.42078049833700260 269.05667237455577379 0.63183017404172825 0.41560637340792217 0.84999999999999998 0.39893240045460321 
0.62835502100484786 0.44404726535372430 111.09197128208964500 0.65325394654125757 0.40653079541210074 0.92499999999999993 0.39893240045460321 

ZONE I=2, J=2
0.58918369096787637 0.44397746495294776 113.01847999110140108 0.62853994031202853 0.38625244921052304 0.92499999999999993 0.37399912542619052 
0.58917467155779768 0.47140625222086985 33.40352828550539499 0.65406938317637786 0.37622319204089166 1.00000000000000000 0.37399912542619052 
0.62835502100484786 0.44404726535372430 114.28390251523148891 0.65325394654125757 0.40653079541210074 0.92499999999999993 0.39893240045460321 
0.62834643413998603 0.47140625198799746 34.66895080963546860 0.67846126646853078 0.39589570042086136 1.00000000000000000 0.39893240045460321 

ZONE I=2, J=2
0.62839621153071057 0.42078049833700260 269.82629682175888775 0.63183017404172825 0.41560637340792217 0.84999999999999998 0.39893240045460321 
0.62835502100484786 0.44404726535372430 110.29909228412186906 0.65325394654125757 0.40653079541210074 0.92499999999999993 0.39893240045460321 
0.66754705502720957 0.42091715018059211 272.50381974989863920 0.65822194019289781 0.43535525199582542 0.84999999999999998 0.42386567548301590 
0.66750470246043769 0.44412131077039724 112.97661521226159209 0.67935524930400004 0.42577307539382198 0.92499999999999993 0.42386567548301590 

ZONE I=2, J=2
0.62835502100484786 0.44404726535372430 114.78943314417379895 0.65325394654125757 0.40653079541210074 0.92499999999999993 0.39893240045460321 
0.62834643413998603 0.47140625198799746 34.35212957288472069 0.67846126646853078 0.39589570042086136 1.00000000000000000 0.39893240045460321 
0.66750470246043769 0.44412131077039724 116.15664390513840942 0.67935524930400004 0.42577307539382198 0.92499999999999993 0.42386567548301590 
0.66749684866206904 0.47140625157365112 35.71934033384933116 0.70422240236017875 0.41454397234861834 1.00000000000000000 0.42386567548301590 

ZONE I=2, J=2
0.66754705502720957 0.42091715018059211 273.33209388042104138 0.65822194019289781 0.43535525199582542 0.84999999999999998 0.42386567548301590 
0.66750470246043769 0.44412131077039724 112.12329482100982148 0.67935524930400004 0.42577307539382198 0.92499999999999993 0.42386567548301590 
0.70667425157270802 0.42106151013295567 276.21371909897578689 0.68597777871160537 0.45399975800123943 0.84999999999999998 0.44879895051142860 
0.70663112467486955 0.44419955890478902 115.00492003956459541 0.70680572825935839 0.44392167889193934 0.92499999999999993 0.44879895051142860 

ZONE I=2, J=2
0.66750470246043769 0.44412131077039724 116.70103579981947917 0.67935524930400004 0.42577307539382198 0.92499999999999993 0.42386567548301590 
0.66749684866206904 0.47140625157365112 35.37798163999334378 0.70422240236017875 0.41454397234861834 1.00000000000000000 0.42386567548301590 
0.70663112467486955 0.44419955890478902 118.17431811110095907 0.70680572825935839 0.44392167889193934 0.92499999999999993 0.44879895051142860 
0.70662436923252159 0.47140625177330953 36.85126395127480947 0.73131518045590937 0.43211105081791257 1.00000000000000000 0.44879895051142860 

ZONE I=2, J=2
0.70667425157270802 0.42106151013295567 277.10259821451131756 0.68597777871160537 0.45399975800123943 0.84999999999999998 0.44879895051142860 
0.70663112467486955 0.44419955890478902 114.08906791759817168 0.70680572825935839 0.44392167889193934 0.92499999999999993 0.44879895051142860 
0.74577606144581954 0.42121348183781182 280.19651064065351420 0.71505699020854419 0.47148301333289760 0.84999999999999998 0.47373222553984129 
0.74573263125005351 0.44428196654219254 117.18298034374031147 0.73556517110082742 0.46092027745493763 0.92499999999999993 0.47373222553984129 

ZONE I=2, J=2
0.70663112467486955 0.44419955890478902 118.75900598169513955 0.70680572825935839 0.44392167889193934 0.92499999999999993 0.44879895051142860 
0.70662436923252159 0.47140625177330953 36.48443480542210438 0.73131518045590937 0.43211105081791257 1.00000000000000000 0.44879895051142860 
0.74573263125005351 0.44428196654219254 120.34308759128484212 0.73556517110082742 0.46092027745493763 0.92499999999999993 0.47373222553984129 
0.74572742298922878 0.47140625236912126 38.06851641501180694 0.75969993232827948 0.44854125450315424 1.00000000000000000 0.47373222553984129 

ZONE I=2, J=2
0.74577606144581954 0.42121348183781182 281.14805529457726152 0.71505699020854419 0.47148301333289760 0.84999999999999998 0.47373222553984129 
0.74573263125005351 0.44428196654219254 116.20238752850846708 0.73556517110082742 0.46092027745493763 0.92499999999999993 0.47373222553984129 
0.78485067437713263 0.42137296587510659 284.46313472293718405 0.74541678671024592 0.48774949670009432 0.84999999999999998 0.49866550056825398 
0.78480751727602649 0.44436849190005273 119.51746695686836119 0.76559131370105760 0.47671389339096965 0.92499999999999993 0.49866550056825398 

ZONE I=2, J=2
0.74573263125005351 0.44428196654219254 120.96961112884044098 0.73556517110082742 0.46092027745493763 0.92499999999999993 0.47373222553984129 
0.74572742298922878 0.47140625236912126 37.67521889374281585 0.75969993232827948 0.44854125450315424 1.00000000000000000 0.47373222553984129 
0.78480751727602649 0.44436849190005273 122.66972958006583383 0.76559131370105760 0.47671389339096965 0.92499999999999993 0.49866550056825398 
0.78480441041252491 0.47140625564878391 39.37533734496819449 0.78933497525107021 0.46378024679059993 1.00000000000000000 0.49866550056825398 

ZONE I=2, J=2
0.78485067437713263 0.42137296587510659 285.47950551911122830 0.74541678671024592 0.48774949670009432 0.84999999999999998 0.49866550056825398 
0.78480751727602649 0.44436849190005273 118.46981141633338552 0.76559131370105760 0.47671389339096965 0.92499999999999993 0.49866550056825398 
0.82389620103460670 0.42153985702191110 289.02533875134093933 0.77701232540511789 0.50274511166777303 0.84999999999999998 0.52359877559666668 
0.82385402794659579 0.44445909115914478 122.01564464856312497 0.79683987785925914 0.49124897163361503 0.92499999999999993 0.52359877559666668 

ZONE I=2, J=2
0.78480751727602649 0.44436849190005273 123.33975173133499936 0.76559131370105760 0.47671389339096965 0.92499999999999993 0.49866550056825398 
0.78480441041252491 0.47140625564878391 38.95450368838270094 0.78933497525107021 0.46378024679059993 1.00000000000000000 0.49866550056825398 
0.82385402794659579 0.44445909115914478 125.16165256956652740 0.79683987785925914 0.49124897163361503 0.92499999999999993 0.52359877559666668 
0.82385371114398698 0.47140625479718945 40.77640452661424320 0.82017664772845966 0.47777511545552359 1.00000000000000000 0.52359877559666668 

ZONE I=2, J=2
0.82389620103460670 0.42153985702191110 290.10876094045522677 0.77701232540511789 0.50274511166777303 0.84999999999999998 0.52359877559666668 
0.82385402794659579 0.44445909115914478 120.89851043287643506 0.79683987785925914 0.49124897163361503 0.92499999999999993 0.52359877559666668 
0.86291066275754036 0.42171405111634164 293.89570646140418830 0.80979675140616370 0.51641724818371237 0.84999999999999998 0.54853205062507937 
0.86287035713287386 0.44455372797097120 124.68545595382539659 0.82926462263406919 0.50447344421592344 0.92499999999999993 0.54853205062507937 

ZONE I=2, J=2
0.82385402794659579 0.44445909115914478 125.87693313836103925 0.79683987785925914 0.49124897163361503 0.92499999999999993 0.52359877559666668 
0.82385371114398698 0.47140625479718945 40.32687322902269500 0.82017664772845966 0.47777511545552359 1.00000000000000000 0.52359877559666668 
0.86287035713287386 0.44455372797097120 127.82704860721491968 0.82926462263406919 0.50447344421592344 0.92499999999999993 0.54853205062507937 
0.86287369237636291 0.47140625480814835 42.27698869787658964 0.85217937804640620 0.49047443735622298 1.00000000000000000 0.54853205062507937 

ZONE I=2, J=2
0.86291066275754036 0.42171405111634164 295.04842844817801506 0.80979675140616370 0.51641724818371237 0.84999999999999998 0.54853205062507937 
0.86287035713287386 0.44455372797097120 123.49637621333393156 0.82926462263406919 0.50447344421592344 0.92499999999999993 0.54853205062507937 
0.90189197913533148 0.42189544137679463 299.08761199346452031 0.84372123130506849 0.52871484689596593 0.84999999999999998 0.57346532565349206 
0.90185464542716187 0.44465236883976161 127.53555975862037997 0.86281738504136096 0.51633679964123347 0.92499999999999993 0.57346532565349206 

ZONE I=2, J=2
0.86287035713287386 0.44455372797097120 128.58943871967196060 0.82926462263406919 0.50447344421592344 0.92499999999999993 0.54853205062507937 
0.86287369237636291 0.47140625480814835 41.79752808599526048 0.85217937804640620 0.49047443735622298 1.00000000000000000 0.54853205062507937 
0.90185464542716187 0.44465236883976161 130.67487616773976811 0.86281738504136096 0.51633679964123347 0.92499999999999993 0.57346532565349206 
0.90186271586428679 0.47140625457923185 43.88296553406308220 0.88529572119306543 0.50182835826582872 1.00000000000000000 0.57346532565349206 

ZONE I=2, J=2
0.90189197913533148 0.42189544137679463 300.31186711238393627 0.84372123130506849 0.52871484689596593 0.84999999999999998 0.57346532565349206 
0.90185464542716187 0.44465236883976161 126.27205163162194879 0.86281738504136096 0.51633679964123347 0.92499999999999993 0.57346532565349206 
0.94083795276345406 0.42208392084232588 304.61521323737071043 0.87873499159341451 0.53958845812626499 0.84999999999999998 0.59839860068190487 
0.94080498040570870 0.44475498738990366 130.57539775660868031 0.89744813183966576 0.52679014856190431 0.92499999999999993 0.59839860068190487 

ZONE I=2, J=2
0.90185464542716187 0.44465236883976161 131.48633232019702177 0.86281738504136096 0.51633679964123347 0.92499999999999993 0.57346532565349206 
0.90186271586428679 0.47140625457923185 43.37226590948186811 0.88529572119306543 0.50182835826582872 1.00000000000000000 0.57346532565349206 
0.94080498040570870 0.44475498738990366 133.71501794809111630 0.89744813183966576 0.52679014856190431 0.92499999999999993 0.59839860068190487 
0.94081915480736611 0.47140625359088112 45.60095153737596263 0.91947642608432334 0.51178866717839377 1.00000000000000000 0.59839860068190487 

ZONE I=2, J=2
0.94083795276345406 0.42208392084232588 305.91313094268014083 0.87873499159341451 0.53958845812626499 0.84999999999999998 0.59839860068190487 
0.94080498040570870 0.44475498738990366 129.23504086174472150 0.89744813183966576 0.52679014856190431 0.92499999999999993 0.59839860068190487 
0.97974625049231556 0.42227938363476014 310.49337515112222263 0.91478535472291211 0.54899029862209758 0.84999999999999998 0.62333187571031756 
0.97971939617998349 0.44486156734985516 133.81528507018686014 0.93310501189838513 0.53578628773640313 0.92499999999999993 0.62333187571031756 

ZONE I=2, J=2
0.94080498040570870 0.44475498738990366 134.57756255243725718 0.89744813183966576 0.52679014856190431 0.92499999999999993 0.59839860068190487 
0.94081915480736611 0.47140625359088112 45.05764133822624018 0.91947642608432334 0.51178866717839377 1.00000000000000000 0.59839860068190487 
0.97971939617998349 0.44486156734985516 136.95839197869105419 0.93310501189838513 0.53578628773640313 0.92499999999999993 0.62333187571031756 
0.97974140934127640 0.47140625459645674 47.43847076448003719 0.95467050236738260 0.52030886784706953 1.00000000000000000 0.62333187571031756 

ZONE I=2, J=2
0.97974625049231556 0.42227938363476014 311.86688670122526901 0.91478535472291211 0.54899029862209758 0.84999999999999998 0.62333187571031756 
0.97971939617998349 0.44486156734985516 132.39579563588446831 0.93310501189838513 0.53578628773640313 0.92499999999999993 0.62333187571031756 
1.01861437972167845 0.42248172491590458 316.73754887120793455 0.95181777153385472 0.55687430561664863 0.84999999999999998 0.64826515073873026 
1.01859587601370638 0.44497210358173428 137.26645780586719070 0.96973441084768697 0.54327976588123805 0.92499999999999993 0.64826515073873026 

ZONE I=2, J=2
0.97971939617998349 0.44486156734985516 137.87409642354978700 0.93310501189838513 0.53578628773640313 0.92499999999999993 0.62333187571031756 
0.97974140934127640 0.47140625459645674 46.86108062524300522 0.95467050236738260 0.52030886784706953 1.00000000000000000 0.62333187571031756 
1.01859587601370638 0.44497210358173428 140.41704700795284566 0.96973441084768697 0.54327976588123805 0.92499999999999993 0.64826515073873026 
1.01862793838075039 0.47140625474330172 49.40403120964607808 0.99082529143807585 0.52734426678174529 1.00000000000000000 0.64826515073873026 

ZONE I=2, J=2
1.01861437972167845 0.42248172491590458 318.18823700116195141 0.95181777153385472 0.55687430561664863 0.84999999999999998 0.64826515073873026 
1.01859587601370638 0.44497210358173428 135.76585149607186054 0.96973441084768697 0.54327976588123805 0.92499999999999993 0.64826515073873026 
1.05743965850054700 0.42269084568381793 323.36359700003890794 0.98977585366153553 0.56319618420514261 0.84999999999999998 0.67319842576714295 
1.05743235423946147 0.44508661024627960 140.94121149494876022 1.00728101333814246 0.54922694269438255 0.92499999999999993 0.67319842576714295 

ZONE I=2, J=2
1.01859587601370638 0.44497210358173428 141.38800804203557959 0.96973441084768697 0.54327976588123805 0.92499999999999993 0.64826515073873026 
1.01862793838075039 0.47140625474330172 48.79108205398853215 0.99082529143807585 0.52734426678174529 1.00000000000000000 0.64826515073873026 
1.05743235423946147 0.44508661024627960 144.10438988862412657 1.00728101333814246 0.54922694269438255 0.92499999999999993 0.67319842576714295 
1.05747728865491686 0.47140625437366745 51.50746390057707913 1.02788655587411237 0.53285204413309772 1.00000000000000000 0.67319842576714295 

ZONE I=2, J=2
1.05743965850054700 0.42269084568381793 324.89248964838225220 0.98977585366153553 0.56319618420514261 0.84999999999999998 0.67319842576714295 
1.05743235423946147 0.44508661024627960 139.35796664825761582 1.00728101333814246 0.54922694269438255 0.92499999999999993 0.67319842576714295 
1.09621917710524475 0.42290665441500225 330.38750804295921171 1.02860139711543996 0.56791345155221939 0.84999999999999998 0.69813170079555564 
1.09622672139482757 0.44520512565584691 144.85298504283457532 1.04568786647543632 0.55358604978480219 0.92499999999999993 0.69813170079555564 

ZONE I=2, J=2
1.05743235423946147 0.44508661024627960 145.13264817352006730 1.00728101333814246 0.54922694269438255 0.92499999999999993 0.67319842576714295 
1.05747728865491686 0.47140625437366745 50.85740992608128153 1.02788655587411237 0.53285204413309772 1.00000000000000000 0.67319842576714295 
1.09622672139482757 0.44520512565584691 148.03536224553073453 1.04568786647543632 0.55358604978480219 0.92499999999999993 0.69813170079555564 
1.09628814532933783 0.47140625526112562 53.76012399809196296 1.06579857875707806 0.53679134177848764 1.00000000000000000 0.69813170079555564 

ZONE I=2, J=2
1.09621917710524475 0.42290665441500225 331.99481083939167547 1.02860139711543996 0.56791345155221939 0.84999999999999998 0.69813170079555564 
1.09622672139482757 0.44520512565584691 143.18631860765998454 1.04568786647543632 0.55358604978480219 0.92499999999999993 0.69813170079555564 
1.13494974886967359 0.42312906813332196 337.82498401575458047 1.06823439692550681 0.57098547615846362 0.84999999999999998 0.72306497582396834 
1.13497683113851489 0.44532771709175095 149.01649178402283269 1.08489644659959139 0.55631725030503532 0.92499999999999993 0.72306497582396834 

ZONE I=2, J=2
1.09622672139482757 0.44520512565584691 149.12285085716001731 1.04568786647543632 0.55358604978480219 0.92499999999999993 0.69813170079555564 
1.09628814532933783 0.47140625526112562 53.07144449654069263 1.06579857875707806 0.53679134177848764 1.00000000000000000 0.69813170079555564 
1.13497683113851489 0.44532771709175095 152.22669096995269911 1.08489644659959139 0.55631725030503532 0.92499999999999993 0.72306497582396834 
1.13505939029663083 0.47140625338679470 56.17528460933337442 1.10450427114025507 0.53912335347828155 1.00000000000000000 0.72306497582396834 

ZONE I=2, J=2
1.13494974886967359 0.42312906813332196 339.50969483232245238 1.06823439692550681 0.57098547615846362 0.84999999999999998 0.72306497582396834 
1.13497683113851489 0.44532771709175095 147.26670048982543904 1.08489644659959139 0.55631725030503532 0.92499999999999993 0.72306497582396834 
1.17362784640383389 0.42335802012377688 345.69086922026917819 1.10861305451725300 0.57237350603565784 0.84999999999999998 0.74799825085238103 
1.17368051108795179 0.44545449596459080 153.44787487777216484 1.12484673857561956 0.55738269151323239 0.92499999999999993 0.74799825085238103 

ZONE I=2, J=2
1.13497683113851489 0.44532771709175095 153.37509317984267909 1.08489644659959139 0.55631725030503532 0.92499999999999993 0.72306497582396834 
1.13505939029663083 0.47140625338679470 55.44646167064907871 1.10450427114025507 0.53912335347828155 1.00000000000000000 0.72306497582396834 
1.17368051108795179 0.44545449596459080 156.69727391411436201 1.12484673857561956 0.55738269151323239 0.92499999999999993 0.74799825085238103 
1.17379018736642338 0.47140625478064074 58.76864240492077585 1.14394532276763861 0.53981141107062258 1.00000000000000000 0.74799825085238103 

ZONE I=2, J=2
1.17362784640383389 0.42335802012377688 347.45026973609083143 1.10861305451725300 0.57237350603565784 0.84999999999999998 0.74799825085238103 
1.17368051108795179 0.44545449596459080 151.61684457676165039 1.12484673857561956 0.55738269151323239 0.92499999999999993 0.74799825085238103 
1.21224951867704345 0.42359346001095693 353.99827895420651203 1.14967376223112017 0.57204069377459466 0.84999999999999998 0.77293152588079372 
1.21233557690831462 0.44558562358989656 158.16485379487733098 1.16547731210638972 0.55674656168931835 0.92499999999999993 0.77293152588079372 

ZONE I=2, J=2
1.17368051108795179 0.44545449596459080 157.90788401251538176 1.12484673857561956 0.55738269151323239 0.92499999999999993 0.74799825085238103 
1.17379018736642338 0.47140625478064074 57.99826405980660127 1.14394532276763861 0.53981141107062258 1.00000000000000000 0.74799825085238103 
1.21233557690831462 0.44558562358989656 161.46850007319679321 1.16547731210638972 0.55674656168931835 0.92499999999999993 0.77293152588079372 
1.21248008866880519 0.47140625471936831 61.55888012048802693 1.18406234939080623 0.53882109754721008 1.00000000000000000 0.77293152588079372 

ZONE I=2, J=2
1.21224951867704345 0.42359346001095693 355.82724820846527791 1.14967376223112017 0.57204069377459466 0.84999999999999998 0.77293152588079372 
1.21233557690831462 0.44558562358989656 156.25674133314765868 1.16547731210638972 0.55674656168931835 0.92499999999999993 0.77293152588079372 
1.25081028270465433 0.42383536308110437 362.75745107248206978 1.19135107141012675 0.56995210585428324 0.84999999999999998 0.79786480090920642 
1.25093985195439172 0.44572133227906241 163.18694419716445054 1.20672541523424792 0.55437513606224231 0.92499999999999993 0.79786480090920642 

ZONE I=2, J=2
1.21233557690831462 0.44558562358989656 162.74201005374456486 1.16547731210638972 0.55674656168931835 0.92499999999999993 0.77293152588079372 
1.21248008866880519 0.47140625471936831 60.74572792319641223 1.18406234939080623 0.53882109754721008 1.00000000000000000 0.77293152588079372 
1.25093985195439172 0.44572133227906241 166.56488730886920280 1.20672541523424792 0.55437513606224231 0.92499999999999993 0.79786480090920642 
1.25112917724676520 0.47140625386733476 64.56860517832105018 1.22479510485741550 0.53612034606113790 1.00000000000000000 0.79786480090920642 

ZONE I=2, J=2
1.25081028270465433 0.42383536308110437 364.64752315866513754 1.19135107141012675 0.56995210585428324 0.84999999999999998 0.79786480090920642 
1.25093985195439172 0.44572133227906241 161.20911490052003501 1.20672541523424792 0.55437513606224231 0.92499999999999993 0.79786480090920642 
1.28930498154242557 0.42408373531544280 371.97407471102786758 1.23357762537136550 0.56607472313499019 0.84999999999999998 0.82279807593761911 
1.28949119255994260 0.44586194323888395 168.53566645288270820 1.24852707101338356 0.55023682270923846 0.92499999999999993 0.82279807593761911 

ZONE I=2, J=2
1.25093985195439172 0.44572133227906241 167.90102986254058237 1.20672541523424792 0.55437513606224231 0.92499999999999993 0.79786480090920642 
1.25112917724676520 0.47140625386733476 63.71173620892326994 1.22479510485741550 0.53612034606113790 1.00000000000000000 0.79786480090920642 
1.28949119255994260 0.44586194323888395 172.01471828846942458 1.24852707101338356 0.55023682270923846 0.92499999999999993 0.82279807593761911 
1.28973825593302305 0.47140625395107250 67.82542463485214057 1.26608272503310881 0.53167956369798208 1.00000000000000000 0.82279807593761911 

ZONE I=2, J=2
1.28930498154242557 0.42408373531544280 373.91221070719575437 1.23357762537136550 0.56607472313499019 0.84999999999999998 0.82279807593761911 
1.28949119255994260 0.44586194323888395 166.49999149781149299 1.24852707101338356 0.55023682270923846 0.92499999999999993 0.82279807593761911 
1.32772759769113069 0.42433862031219710 381.64700660194955617 1.27628405081480678 0.56037742637874677 0.84999999999999998 0.84773135096603180 
1.32798752049787527 0.44600789068769209 174.23478739256529479 1.29081718536809120 0.54430220200930479 0.92499999999999993 0.84773135096603180 

ZONE I=2, J=2
1.28949119255994260 0.44586194323888395 173.41182446114359550 1.24852707101338356 0.55023682270923846 0.92499999999999993 0.82279807593761911 
1.28973825593302305 0.47140625395107250 66.92435082076323738 1.26608272503310881 0.53167956369798208 1.00000000000000000 0.82279807593761911 
1.32798752049787527 0.44600789068769209 177.85093933838109592 1.29081718536809120 0.54430220200930479 0.92499999999999993 0.84773135096603180 
1.32830909796227759 0.47140625490359711 71.36346569800070938 1.30786403600603895 0.52547176918802130 1.00000000000000000 0.84773135096603180 

ZONE I=2, J=2
1.32772759769113069 0.42433862031219710 383.61396463764674536 1.27628405081480678 0.56037742637874677 0.84999999999999998 0.84773135096603180 
1.32798752049787527 0.44600789068769209 172.15943989785546364 1.29081718536809120 0.54430220200930479 0.92499999999999993 0.84773135096603180 
1.36607100797219960 0.42460010562941713 391.76512259402477412 1.31939879153172601 0.55283096641497464 0.84999999999999998 0.87266462599444450 
1.36642686094034671 0.44615975089695914 180.31059785423349240 1.33352966356779978 0.53654405784099124 0.92499999999999993 0.87266462599444450 

ZONE I=2, J=2
1.32798752049787527 0.44600789068769209 179.30526649871939071 1.29081718536809120 0.54430220200930479 0.92499999999999993 0.84773135096603180 
1.32830909796227759 0.47140625490359711 70.41843602719735884 1.30786403600603895 0.52547176918802130 1.00000000000000000 0.84773135096603180 
1.36642686094034671 0.44615975089695914 184.11235366537061964 1.33352966356779978 0.53654405784099124 0.92499999999999993 0.87266462599444450 
1.36684477128814175 0.47140625717491291 75.22552319384855934 1.35007794289084426 0.51747273959216400 1.00000000000000000 0.87266462599444450 

ZONE I=2, J=2
1.36607100797219960 0.42460010562941713 393.73336257008173789 1.31939879153172601 0.55283096641497464 0.84999999999999998 0.87266462599444450 
1.36642686094034671 0.44615975089695914 178.22244687510212202 1.33352966356779978 0.53654405784099124 0.92499999999999993 0.87266462599444450 
1.40432666049577826 0.42486832977197214 402.30301005299401140 1.36284786558884941 0.54340791518192610 0.84999999999999998 0.89759790102285719 
1.40480738784092396 0.44631827763895587 186.79209435801439554 1.37659753710727961 0.52693739923943184 0.92499999999999993 0.89759790102285719 

ZONE I=2, J=2
1.36642686094034671 0.44615975089695914 185.61707800755721109 1.33352966356779978 0.53654405784099124 0.92499999999999993 0.87266462599444450 
1.36684477128814175 0.47140625717491291 74.23778315286089935 1.35007794289084426 0.51747273959216400 1.00000000000000000 0.87266462599444450 
1.40480738784092396 0.44631827763895587 190.84509445693356611 1.37659753710727961 0.52693739923943184 0.92499999999999993 0.89759790102285719 
1.40535009082641782 0.47140625726538554 79.46579960223725436 1.39266393883334061 0.50766119671291121 1.00000000000000000 0.89759790102285719 

ZONE I=2, J=2
1.40432666049577826 0.42486832977197214 404.23400669674998653 1.36284786558884941 0.54340791518192610 0.84999999999999998 0.89759790102285719 
1.40480738784092396 0.44631827763895587 184.73007086698220292 1.37659753710727961 0.52693739923943184 0.92499999999999993 0.89759790102285719 
1.44248415013506137 0.42514348920071171 413.21513496384449127 1.40655452102550949 0.53208259620412823 0.84999999999999998 0.92253117605126989 
1.44312746067560194 0.44648444690206895 193.71119913407665081 1.41995308915031027 0.51545945882673272 0.92499999999999993 0.92253117605126989 

ZONE I=2, J=2
1.40480738784092396 0.44631827763895587 192.38879399883398946 1.37659753710727961 0.52693739923943184 0.92499999999999993 0.89759790102285719 
1.40535009082641782 0.47140625726538554 78.43832067145568487 1.39266393883334061 0.50766119671291121 1.00000000000000000 0.89759790102285719 
1.44312746067560194 0.44648444690206895 198.10461539159865652 1.41995308915031027 0.51545945882673272 0.92499999999999993 0.92253117605126989 
1.44383219600774049 0.47140625728951058 84.15414206422038035 1.43556275561783497 0.49601899592975962 1.00000000000000000 0.92253117605126989 

ZONE I=2, J=2
1.44248415013506137 0.42514348920071171 415.05609910090265657 1.40655452102550949 0.53208259620412823 0.84999999999999998 0.92253117605126989 
1.44312746067560194 0.44648444690206895 191.73065530741550333 1.41995308915031027 0.51545945882673272 0.92499999999999993 0.92253117605126989 
1.48053065980894782 0.42542582722535927 424.42805825095240380 1.45043874597298039 0.51883100647997882 0.84999999999999998 0.94746445107968258 
1.48138564240853388 0.44665949215820799 201.10261445746530740 1.46352795638276367 0.50208967760278067 0.92499999999999993 0.94746445107968258 

ZONE I=2, J=2
1.44312746067560194 0.44648444690206895 199.66882372144092983 1.41995308915031027 0.51545945882673272 0.92499999999999993 0.92253117605126989 
1.44383219600774049 0.47140625728951058 83.09244935222139361 1.43556275561783497 0.49601899592975962 1.00000000000000000 0.92253117605126989 
1.48138564240853388 0.44665949215820799 205.95804273121123629 1.46352795638276367 0.50208967760278067 0.92499999999999993 0.94746445107968258 
1.48230136423177816 0.47140625729037505 89.38166836199170007 1.47871723328795990 0.48253138529334128 1.00000000000000000 0.94746445107968258 

ZONE I=2, J=2
1.48053065980894782 0.42542582722535927 426.10803096888207619 1.45043874597298039 0.51883100647997882 0.84999999999999998 0.94746445107968258 
1.48138564240853388 0.44665949215820799 199.28109032777021525 1.46352795638276367 0.50208967760278067 0.92499999999999993 0.94746445107968258 
1.51845022225752979 0.42571560047906581 435.83026517457665250 1.49441658727684179 0.50363073142634018 0.84999999999999998 0.97239772610809527 
1.51958065249061547 0.44684493232127820 209.00332453346479156 1.50725316900732786 0.48680965220749228 0.92499999999999993 0.97239772610809527 

ZONE I=2, J=2
1.48138564240853388 0.44665949215820799 207.51321976391545832 1.46352795638276367 0.50208967760278067 0.92499999999999993 0.94746445107968258 
1.48230136423177816 0.47140625729037505 88.29562266720722619 1.47871723328795990 0.48253138529334128 1.00000000000000000 0.94746445107968258 
1.51958065249061547 0.44684493232127820 214.48695710253343805 1.50725316900732786 0.48680965220749228 0.92499999999999993 0.97239772610809527 
1.52077214032594643 0.47140625727619018 95.26936000582520592 1.52207350945578423 0.46718732217779463 1.00000000000000000 0.97239772610809527 

ZONE I=2, J=2
1.51845022225752979 0.42571560047906581 437.25555917401982242 1.49441658727684179 0.50363073142634018 0.84999999999999998 0.97239772610809527 
1.51958065249061547 0.44684493232127820 207.44782889346890897 1.50725316900732786 0.48680965220749228 0.92499999999999993 0.97239772610809527 
1.55622271943370505 0.42601296077833328 447.25920715863048827 1.53839916674766464 0.48646089152453853 0.84999999999999998 0.99733100113650797 
1.55771116743562121 0.44704253704900387 217.45147687807957482 1.55105901969092086 0.46960305420673637 0.92499999999999993 0.99733100113650797 

ZONE I=2, J=2
1.51958065249061547 0.44684493232127820 215.98523386950654412 1.50725316900732786 0.48680965220749228 0.92499999999999993 0.97239772610809527 
1.52077214032594643 0.47140625727619018 94.17646536915852096 1.52207350945578423 0.46718732217779463 1.00000000000000000 0.97239772610809527 
1.55771116743562121 0.44704253704900387 223.78995243653309899 1.55105901969092086 0.46960305420673637 0.92499999999999993 0.99733100113650797 
1.55926500601847939 0.47140625725238383 101.98118393618504740 1.56558272975118928 0.44997992696933037 1.00000000000000000 0.99733100113650797 

ZONE I=2, J=2
1.55622271943370505 0.42601296077833328 448.30769815738187845 1.53839916674766464 0.48646089152453853 0.84999999999999998 0.99733100113650797 
1.55771116743562121 0.44704253704900387 216.30763545638808409 1.55105901969092086 0.46960305420673637 0.92499999999999993 0.99733100113650797 
1.59382241482416442 0.42631756686032279 458.48536266492067170 1.58229112068897870 0.46730222254816267 0.84999999999999998 1.02226427616492077 
1.59577527957969290 0.44725406625325376 226.48529996392687735 1.59487451019699322 0.45045559095388926 0.92499999999999993 1.02226427616492077 

ZONE I=2, J=2
1.55771116743562121 0.44704253704900387 225.15079072945255234 1.55105901969092086 0.46960305420673637 0.92499999999999993 0.99733100113650797 
1.55926500601847939 0.47140625725238383 100.91348740576808041 1.56558272975118928 0.44997992696933037 1.00000000000000000 0.99733100113650797 
1.59577527957969290 0.44725406625325376 233.98307063899707714 1.59487451019699322 0.45045559095388926 0.92499999999999993 1.02226427616492077 
1.59780905064354140 0.47140625722192014 109.74576731531263363 1.60920371111097182 0.43090722645723861 1.00000000000000000 1.02226427616492077 

ZONE I=2, J=2
1.59382241482416442 0.42631756686032279 458.99631808108534869 1.58229112068897870 0.46730222254816267 0.84999999999999998 1.02226427616492077 
1.59577527957969290 0.44725406625325376 225.95044403932178056 1.59487451019699322 0.45045559095388926 0.92499999999999993 1.02226427616492077 
1.63121536831993641 0.42662724829597609 469.19306105482172597 1.62598757215518641 0.44613764919430943 0.84999999999999998 1.04719755119333335 
1.63376914999933120 0.44748017668313117 236.14718701305815785 1.63862567615889376 0.42935537430747406 0.92499999999999993 1.04719755119333335 

ZONE I=2, J=2
1.59577527957969290 0.44725406625325376 235.06135007360103373 1.59487451019699322 0.45045559095388926 0.92499999999999993 1.02226427616492077 
1.59780905064354140 0.47140625722192014 108.76573882297360285 1.60920371111097182 0.43090722645723861 1.00000000000000000 1.02226427616492077 
1.63376914999933120 0.44748017668313117 245.19216635605175725 1.63862567615889376 0.42935537430747406 0.92499999999999993 1.04719755119333335 
1.63644663482394348 0.47140625718607648 118.89655510542435479 1.65290748628679141 0.40997352319128477 1.00000000000000000 1.04719755119333335 

ZONE I=2, J=2
1.63121536831993641 0.42662724829597609 468.93590340126900173 1.62598757215518641 0.44613764919430943 0.84999999999999998 1.04719755119333335 
1.63376914999933120 0.44748017668313117 236.49991100151146384 1.63862567615889376 0.42935537430747406 0.92499999999999993 1.04719755119333335 
1.66835352536628867 0.42693310092789805 478.95633737589196244 1.66936651210744014 0.42295485163817981 0.84999999999999998 1.07213082622174616 
1.67168323767602556 0.44771606351116211 246.52034497613442454 1.68223027183400720 0.40629525369885006 0.92499999999999993 1.07213082622174616 

ZONE I=2, J=2
1.63376914999933120 0.44748017668313117 245.69827173251988484 1.63862567615889376 0.42935537430747406 0.92499999999999993 1.04719755119333335 
1.63644663482394348 0.47140625718607648 118.14095030067186087 1.65290748628679141 0.40997352319128477 1.00000000000000000 1.04719755119333335 
1.67168323767602556 0.44771606351116211 257.52055730578985049 1.68223027183400720 0.40629525369885006 0.92499999999999993 1.07213082622174616 
1.67524095942245488 0.47140625714133216 129.96323587394184074 1.69668466918177185 0.38719150915562239 1.00000000000000000 1.07213082622174616 

ZONE I=2, J=2
1.66835352536628867 0.42693310092789805 477.49730841129570535 1.66936651210744014 0.42295485163817981 0.84999999999999998 1.07213082622174616 
1.67168323767602556 0.44771606351116211 248.23318990837029219 1.68223027183400720 0.40629525369885006 0.92499999999999993 1.07213082622174616 
1.70515909187368409 0.42720014431905629 487.20768277012524550 1.71226626405675897 0.39775838505155248 0.84999999999999998 1.09706410125015874 
1.70948683404464585 0.44793257800176822 257.94356426719986075 1.72557575700947941 0.38128353888996863 0.92499999999999993 1.09706410125015874 

ZONE I=2, J=2
1.67168323767602556 0.44771606351116211 256.80571217289781316 1.68223027183400720 0.40629525369885006 0.92499999999999993 1.07213082622174616 
1.67524095942245488 0.47140625714133216 129.80334892375398681 1.69668466918177185 0.38719150915562239 1.00000000000000000 1.07213082622174616 
1.70948683404464585 0.44793257800176822 270.96693541416931339 1.72557575700947941 0.38128353888996863 0.92499999999999993 1.09706410125015874 
1.71427414857343896 0.47140625706207129 143.96457216502548704 1.74054479580322807 0.36257899755330514 1.00000000000000000 1.09706410125015874 

ZONE I=2, J=2
1.70515909187368409 0.42720014431905629 483.26451373142532475 1.71226626405675897 0.39775838505155248 0.84999999999999998 1.09706410125015874 
1.70948683404464585 0.44793257800176822 262.19618537350055476 1.72557575700947941 0.38128353888996863 0.92499999999999993 1.09706410125015874 
1.74150527759995266 0.42729199776146282 493.26487125768989017 1.75443708808777621 0.37063403405725648 0.84999999999999998 1.12199737627857155 
1.74704655619792626 0.44798484424654167 272.19654289976512018 1.76840789719891256 0.35439469426354608 0.92499999999999993 1.12199737627857155 

ZONE I=2, J=2
1.70948683404464585 0.44793257800176822 267.28740775932243423 1.72557575700947941 0.38128353888996863 0.92499999999999993 1.09706410125015874 
1.71427414857343896 0.47140625706207129 145.90867907243443824 1.74054479580322807 0.36257899755330514 1.00000000000000000 1.09706410125015874 
1.74704655619792626 0.44798484424654167 285.44056608529518826 1.76840789719891256 0.35439469426354608 0.92499999999999993 1.12199737627857155 
1.75344743410117698 0.47140625678146097 164.06183739840719227 1.78433705896311579 0.33606996756563751 1.00000000000000000 1.12199737627857155 

ZONE I=2, J=2
1.74150527759995266 0.42729199776146282 485.06983848268555448 1.75443708808777621 0.37063403405725648 0.84999999999999998 1.12199737627857155 
1.74704655619792626 0.44798484424654167 281.51943053851471177 1.76840789719891256 0.35439469426354608 0.92499999999999993 1.12199737627857155 
1.77730878359276501 0.42607096128835020 497.17345630391866962 1.79526484900488192 0.34261800626448646 0.84999999999999998 1.14693065130698413 
1.78383800152834660 0.44644580957065394 293.62304835974782691 1.80959618169099401 0.32673159594568912 0.92499999999999993 1.14693065130698413 

ZONE I=2, J=2
1.74704655619792626 0.44798484424654167 278.54873834390861020 1.76840789719891256 0.35439469426354608 0.92499999999999993 1.12199737627857155 
1.75344743410117698 0.47140625678146097 174.78869165083273174 1.78433705896311579 0.33606996756563751 1.00000000000000000 1.12199737627857155 
1.78383800152834660 0.44644580957065394 298.98335378767654902 1.80959618169099401 0.32673159594568912 0.92499999999999993 1.14693065130698413 
1.79102414145234046 0.46964548227601582 195.22330709460067055 1.82568811646787665 0.30854052517512454 1.00000000000000000 1.14693065130698413 

ZONE I=2, J=2
1.77730878359276501 0.42607096128835020 491.76938035713277486 1.79526484900488192 0.34261800626448646 0.84999999999999998 1.14693065130698413 
1.78383800152834660 0.44644580957065394 298.45872724596307535 1.80959618169099401 0.32673159594568912 0.92499999999999993 1.14693065130698413 
1.81224077129149164 0.42076329316706335 503.28807455599195464 1.83337586498685212 0.31621400932229998 0.84999999999999998 1.17186392633539693 
1.81975531354112374 0.44043799287419921 309.97742144482225513 1.84794267488554609 0.30100315125436733 0.92499999999999993 1.17186392633539693 

ZONE I=2, J=2
1.78383800152834660 0.44644580957065394 295.52473183236787690 1.80959618169099401 0.32673159594568912 0.92499999999999993 1.14693065130698413 
1.79102414145234046 0.46964548227601582 194.55824283639381633 1.82568811646787665 0.30854052517512454 1.00000000000000000 1.14693065130698413 
1.81975531354112374 0.44043799287419921 309.51397839030943260 1.84794267488554609 0.30100315125436733 0.92499999999999993 1.17186392633539693 
1.82818035302409054 0.46270328546003631 208.54748939433537203 1.86435476274280809 0.28375879228141632 1.00000000000000000 1.17186392633539693 

ZONE I=2, J=2
1.81224077129149164 0.42076329316706335 502.48318199552653596 1.83337586498685212 0.31621400932229998 0.84999999999999998 1.17186392633539693 
1.81975531354112374 0.44043799287419921 310.72752546674070118 1.84794267488554609 0.30100315125436733 0.92499999999999993 1.17186392633539693 
1.84599253059288237 0.41141571201682825 515.85877819782376719 1.86869302458976794 0.29144071601025945 0.84999999999999998 1.19679720136380974 
1.85472018156787644 0.43035157150332026 324.10312166903798925 1.88373541207182571 0.27700239045384145 0.92499999999999993 1.19679720136380974 

ZONE I=2, J=2
1.81975531354112374 0.44043799287419921 309.58639105973571759 1.84794267488554609 0.30100315125436733 0.92499999999999993 1.17186392633539693 
1.82818035302409054 0.46270328546003631 208.32744445311911363 1.86435476274280809 0.28375879228141632 1.00000000000000000 1.17186392633539693 
1.85472018156787644 0.43035157150332026 322.73106882183532207 1.88373541207182571 0.27700239045384145 0.92499999999999993 1.19679720136380974 
1.86455032411330701 0.45164109319941814 221.47212221521871811 1.90066396937758131 0.26077588793303130 1.00000000000000000 1.19679720136380974 

ZONE I=2, J=2
1.84599253059288237 0.41141571201682825 516.82821634796493981 1.86869302458976794 0.29144071601025945 0.84999999999999998 1.19679720136380974 
1.85472018156787644 0.43035157150332026 322.98702787474496745 1.88373541207182571 0.27700239045384145 0.92499999999999993 1.19679720136380974 
1.87829745644539625 0.39840669419742863 531.43400640752895470 1.90128537411296983 0.26803573465990271 0.84999999999999998 1.22173047639222232 
1.88833134197967700 0.41650329284915266 337.59281793430898233 1.91690354357196524 0.25446228541416094 0.92499999999999993 1.22173047639222232 

ZONE I=2, J=2
1.85472018156787644 0.43035157150332026 323.83829197777544096 1.88373541207182571 0.27700239045384145 0.92499999999999993 1.19679720136380974 
1.86455032411330701 0.45164109319941814 220.67357544774918665 1.90066396937758131 0.26077588793303130 1.00000000000000000 1.19679720136380974 
1.88833134197967700 0.41650329284915266 336.25225884464742876 1.91690354357196524 0.25446228541416094 0.92499999999999993 1.22173047639222232 
1.89962124522419606 0.43674664399276308 233.08754231462117446 1.93443621619981387 0.23930113205042236 1.00000000000000000 1.22173047639222232 

ZONE I=2, J=2
1.87829745644539625 0.39840669419742863 533.45240479338599471 1.90128537411296983 0.26803573465990271 0.84999999999999998 1.22173047639222232 
1.88833134197967700 0.41650329284915266 335.38570337074258987 1.91690354357196524 0.25446228541416094 0.92499999999999993 1.22173047639222232 
1.90892667748736633 0.38209610358296353 548.74977344439139415 1.93121630752164286 0.24576831764633345 0.84999999999999998 1.24666375142063512 
1.92027182264040563 0.39923909773799715 350.68307202174798931 1.94743049564221438 0.23313128196806748 0.92499999999999993 1.24666375142063512 

ZONE I=2, J=2
1.88833134197967700 0.41650329284915266 337.95504565703242861 1.91690354357196524 0.25446228541416094 0.92499999999999993 1.22173047639222232 
1.89962124522419606 0.43674664399276308 231.91549111267170247 1.93443621619981387 0.23930113205042236 1.00000000000000000 1.22173047639222232 
1.92027182264040563 0.39923909773799715 349.65400355823237533 1.94743049564221438 0.23313128196806748 0.92499999999999993 1.24666375142063512 
1.93300925810845037 0.41834854181715742 243.61444901387164919 1.96559076187541137 0.21907362051046500 1.00000000000000000 1.24666375142063512 

ZONE I=2, J=2
1.90892667748736633 0.38209610358296353 551.40736810063435769 1.93121630752164286 0.24576831764633345 0.84999999999999998 1.24666375142063512 
1.92027182264040563 0.39923909773799715 347.79600815532955949 1.94743049564221438 0.23313128196806748 0.92499999999999993 1.24666375142063512 
1.93769434783668948 0.36282738316031993 566.93708254613784447 1.95855327332183382 0.22443745491684003 0.84999999999999998 1.27159702644904771 
1.95030074581023571 0.37890945984684821 363.32572260083293259 1.97533987972294556 0.21278566080807867 0.92499999999999993 1.27159702644904771 

ZONE I=2, J=2
1.92027182264040563 0.39923909773799715 351.72862905837473591 1.94743049564221438 0.23313128196806748 0.92499999999999993 1.24666375142063512 
1.93300925810845037 0.41834854181715742 242.20147668039373912 1.96559076187541137 0.21907362051046500 1.00000000000000000 1.24666375142063512 
1.95030074581023571 0.37890945984684821 362.70436510446018019 1.97533987972294556 0.21278566080807867 0.92499999999999993 1.27159702644904771 
1.96442721968174872 0.39679484833122591 253.17721272647912656 1.99411056479838278 0.19985872122137016 1.00000000000000000 1.27159702644904771 

ZONE I=2, J=2
1.93769434783668948 0.36282738316031993 569.96722667286576325 1.95855327332183382 0.22443745491684003 0.84999999999999998 1.27159702644904771 
1.95030074581023571 0.37890945984684821 360.03014461064998386 1.97533987972294556 0.21278566080807867 0.92499999999999993 1.27159702644904771 
1.96445476113677775 0.34092471629523913 585.33769848092288157 1.98336799486875637 0.20387144886970482 0.84999999999999998 1.29653030147746051 
1.97823881154372061 0.35585390334460609 375.40061641870721587 2.00068028402114884 0.19323353009392524 0.92499999999999993 1.29653030147746051 

ZONE I=2, J=2
1.95030074581023571 0.37890945984684821 364.99607837148937506 1.97533987972294556 0.21278566080807867 0.92499999999999993 1.27159702644904771 
1.96442721968174872 0.39679484833122591 251.62248436492063774 1.99411056479838278 0.19985872122137016 1.00000000000000000 1.27159702644904771 
1.97823881154372061 0.35585390334460609 375.22832069279593270 2.00068028402114884 0.19323353009392524 0.92499999999999993 1.29653030147746051 
1.99366424601637182 0.37243278102073607 261.85472668622719539 2.02001941225539783 0.18145213234962462 1.00000000000000000 1.29653030147746051 

ZONE I=2, J=2
1.96445476113677775 0.34092471629523913 588.55057367195320239 1.98336799486875637 0.20387144886970482 0.84999999999999998 1.29653030147746051 
1.97823881154372061 0.35585390334460609 371.89830744689743369 2.00068028402114884 0.19323353009392524 0.92499999999999993 1.29653030147746051 
1.98909633294635779 0.31669158745903692 603.43141503950198512 2.00573406837090928 0.18392561073502919 0.84999999999999998 1.32146357650587309 
2.00395517675523349 0.33039368060795959 386.77914881444621642 2.02351452925409392 0.17431375312165109 0.92499999999999993 1.32146357650587309 

ZONE I=2, J=2
1.97823881154372061 0.35585390334460609 377.61697263922201273 2.00068028402114884 0.19323353009392524 0.92499999999999993 1.29653030147746051 
1.99366424601637182 0.37243278102073607 260.23794399498308394 2.02001941225539783 0.18145213234962462 1.00000000000000000 1.29653030147746051 
2.00395517675523349 0.33039368060795959 387.07890082750202509 2.02351452925409392 0.17431375312165109 0.92499999999999993 1.32146357650587309 
2.02056958769467832 0.34559641007204894 269.69987218326309630 2.04336656347997803 0.16368086211697289 1.00000000000000000 1.32146357650587309 

ZONE I=2, J=2
1.98909633294635779 0.31669158745903692 606.68284831043229133 2.00573406837090928 0.18392561073502919 0.84999999999999998 1.32146357650587309 
2.00395517675523349 0.33039368060795959 383.22837758416068255 2.02351452925409392 0.17431375312165109 0.92499999999999993 1.32146357650587309 
2.01153520248284901 0.29041075241724573 620.79827349539073111 2.02572428709499697 0.16447914342169148 0.84999999999999998 1.34639685153428590 
2.02735642087462953 0.30282878283601272 397.34380276911900864 2.04391210623658637 0.15589301124505478 0.92499999999999993 1.34639685153428590 

ZONE I=2, J=2
2.00395517675523349 0.33039368060795959 389.46840961443103879 2.02351452925409392 0.17431375312165109 0.92499999999999993 1.32146357650587309 
2.02056958769467832 0.34559641007204894 268.08581686122204246 2.04336656347997803 0.16368086211697289 1.00000000000000000 1.32146357650587309 
2.02735642087462953 0.30282878283601272 398.13055563426053141 2.04391210623658637 0.15589301124505478 0.92499999999999993 1.34639685153428590 
2.04503894088744698 0.31660007455895950 276.74796288105153508 2.06421568925081056 0.14640172542559404 1.00000000000000000 1.34639685153428590 

ZONE I=2, J=2
2.01153520248284901 0.29041075241724573 623.97446091582673944 2.02572428709499697 0.16447914342169148 0.84999999999999998 1.34639685153428590 
2.02735642087462953 0.30282878283601272 393.87139880666364888 2.04391210623658637 0.15589301124505478 0.92499999999999993 1.34639685153428590 
2.03170945185495189 0.26234516558882870 637.09646500667281543 2.04340839075788150 0.14543187836531554 0.84999999999999998 1.37133012656269848 
2.04837751990967787 0.27343740504047476 406.99340289750972488 2.06194385695753102 0.13786228382589205 0.92499999999999993 1.37133012656269848 

ZONE I=2, J=2
2.02735642087462953 0.30282878283601272 400.44392502540108580 2.04391210623658637 0.15589301124505478 0.92499999999999993 1.34639685153428590 
2.04503894088744698 0.31660007455895950 275.18875263049858404 2.06421568925081056 0.14640172542559404 1.00000000000000000 1.34639685153428590 
2.04837751990967787 0.27343740504047476 408.27691623169994273 2.06194385695753102 0.13786228382589205 0.92499999999999993 1.37133012656269848 
2.06700295939744105 0.28573565355838515 283.02174383679744096 2.08263685082949213 0.12949843797989469 1.00000000000000000 1.37133012656269848 

ZONE I=2, J=2
2.03170945185495189 0.26234516558882870 640.10593143057678844 2.04340839075788150 0.14543187836531554 0.84999999999999998 1.37133012656269848 
2.04837751990967787 0.27343740504047476 403.70162342903097397 2.06194385695753102 0.13786228382589205 0.92499999999999993 1.37133012656269848 
2.04957419972235133 0.23273949523973936 652.04778863542617273 2.05885135147931386 0.12670116543966112 0.84999999999999998 1.39626340159111129 
2.06697459246560644 0.24247685611975836 415.64348063388035825 2.07767826813045797 0.12013328344177768 0.92499999999999993 1.39626340159111129 

ZONE I=2, J=2
2.04837751990967787 0.27343740504047476 410.45271601063245726 2.06194385695753102 0.13786228382589205 0.92499999999999993 1.37133012656269848 
2.06700295939744105 0.28573565355838515 281.55870683425155221 2.08263685082949213 0.12949843797989469 1.00000000000000000 1.37133012656269848 
2.06697459246560644 0.24247685611975836 417.42903199564750594 2.07767826813045797 0.12013328344177768 0.92499999999999993 1.39626340159111129 
2.08641787798204481 0.25327233672640914 288.53502281926660089 2.09870078198549148 0.11287810154073391 1.00000000000000000 1.39626340159111129 

ZONE I=2, J=2
2.04957419972235133 0.23273949523973936 654.81667212099239350 2.05885135147931386 0.12670116543966112 0.84999999999999998 1.39626340159111129 
2.06697459246560644 0.24247685611975836 412.61459663983958990 2.07767826813045797 0.12013328344177768 0.92499999999999993 1.39626340159111129 
2.06509756482918672 0.20182197723000656 665.42705496157407197 2.07211213611558298 0.10821902845148484 0.84999999999999998 1.42119667661952387 
2.08311915668607117 0.21018531000688201 423.22497948042126836 2.09117893175119329 0.10263508608226789 0.92499999999999993 1.42119667661952387 

ZONE I=2, J=2
2.06697459246560644 0.24247685611975836 419.41854238092656715 2.07767826813045797 0.12013328344177768 0.92499999999999993 1.39626340159111129 
2.08641787798204481 0.25327233672640914 287.20048693563552433 2.09870078198549148 0.11287810154073391 1.00000000000000000 1.39626340159111129 
2.08311915668607117 0.21018531000688201 425.51351823899614146 2.09117893175119329 0.10263508608226789 0.92499999999999993 1.42119667661952387 
2.10325806237083235 0.21945793212268258 293.29546279370509865 2.11247491511228747 0.09646757963588685 1.00000000000000000 1.42119667661952387 

ZONE I=2, J=2
2.06509756482918672 0.20182197723000656 667.89598368460792699 2.07211213611558298 0.10821902845148484 0.84999999999999998 1.42119667661952387 
2.08311915668607117 0.21018531000688201 420.52467679715692839 2.09117893175119329 0.10263508608226789 0.92499999999999993 1.42119667661952387 
2.07825741108376416 0.16980644561850400 677.05381176769333251 2.08324284720550290 0.08992961283853797 0.84999999999999998 1.44612995164793667 
2.09679364781204169 0.17678401640726610 429.68250488024233391 2.10250284503145757 0.08531105788020379 0.92499999999999993 1.44612995164793667 

ZONE I=2, J=2
2.08311915668607117 0.21018531000688201 427.27838968404540765 2.09117893175119329 0.10263508608226789 0.92499999999999993 1.42119667661952387 
2.10325806237083235 0.21945793212268258 292.11439863533695416 2.11247491511228747 0.09646757963588685 1.00000000000000000 1.42119667661952387 
2.09679364781204169 0.17678401640726610 432.47070265683368007 2.10250284503145757 0.08531105788020379 0.92499999999999993 1.44612995164793667 
2.11751022621612872 0.18452105285083720 297.30671160812522658 2.12402069812500827 0.08021004308447943 1.00000000000000000 1.44612995164793667 

ZONE I=2, J=2
2.07825741108376416 0.16980644561850400 679.17561482538872042 2.08324284720550290 0.08992961283853797 0.84999999999999998 1.44612995164793667 
2.09679364781204169 0.17678401640726610 427.36255964858469270 2.10250284503145757 0.08531105788020379 0.92499999999999993 1.44612995164793667 
2.08903876688235712 0.13689443800099016 686.78565360678499019 2.09228814838170774 0.07178691269591496 0.84999999999999998 1.47106322667634926 
2.10798797056818588 0.14247973013545057 434.97259842998096246 2.11169930472822864 0.06811610653851308 0.92499999999999993 1.47106322667634926 

ZONE I=2, J=2
2.09679364781204169 0.17678401640726610 433.98107016433755234 2.10250284503145757 0.08531105788020379 0.92499999999999993 1.44612995164793667 
2.11751022621612872 0.18452105285083720 296.29815264450564882 2.12402069812500827 0.08021004308447943 1.00000000000000000 1.44612995164793667 
2.10798797056818588 0.14247973013545057 438.25290324940920073 2.11169930472822864 0.06811610653851308 0.92499999999999993 1.47106322667634926 
2.12916903350670639 0.14867375226242890 300.56998572957729721 2.13339183965197643 0.06406181672437375 1.00000000000000000 1.47106322667634926 

ZONE I=2, J=2
2.08903876688235712 0.13689443800099016 688.52357766302918662 2.09228814838170774 0.07178691269591496 0.84999999999999998 1.47106322667634926 
2.10798797056818588 0.14247973013545057 433.07303328087380123 2.11169930472822864 0.06811610653851308 0.92499999999999993 1.47106322667634926 
2.09743181638868226 0.10327731411620888 694.51277446336860066 2.09928489498042170 0.05375274614030260 0.84999999999999998 1.49599650170476206 
2.11669689191768695 0.10746721278809240 439.06223008121332896 2.11880921297080782 0.05101424417221907 0.92499999999999993 1.49599650170476206 

ZONE I=2, J=2
2.10798797056818588 0.14247973013545057 439.48589532409368985 2.11169930472822864 0.06811610653851308 0.92499999999999993 1.47106322667634926 
2.12916903350670639 0.14867375226242890 299.74819439402835997 2.13339183965197643 0.06406181672437375 1.00000000000000000 1.47106322667634926 
2.11669689191768695 0.10746721278809240 442.82291825745733149 2.11880921297080782 0.05101424417221907 0.92499999999999993 1.49599650170476206 
2.13823382182849908 0.11211434225611230 303.08521732739200161 2.14063320167756244 0.04798956580861814 1.00000000000000000 1.49599650170476206 

ZONE I=2, J=2
2.09743181638868226 0.10327731411620888 695.83906718459343210 2.09928489498042170 0.05375274614030260 0.84999999999999998 1.49599650170476206 
2.11669689191768695 0.10746721278809240 437.61304700902132936 2.11880921297080782 0.05101424417221907 0.92499999999999993 1.49599650170476206 
2.10343037427491986 0.06913835427294715 700.15360102446379642 2.10426190711087280 0.03579494008952985 0.84999999999999998 1.52092977673317464 
2.12291811365600269 0.07193172530010802 441.92758084889169368 2.12386465974947614 0.03397642507168838 0.92499999999999993 1.52092977673317464 

ZONE I=2, J=2
2.11669689191768695 0.10746721278809240 443.76150225478755829 2.11880921297080782 0.05101424417221907 0.92499999999999993 1.49599650170476206 
2.13823382182849908 0.11211434225611230 302.46060199575987326 2.14063320167756244 0.04798956580861814 1.00000000000000000 1.49599650170476206 
2.12291811365600269 0.07193172530010802 446.15276525651887596 2.12386465974947614 0.03397642507168838 0.92499999999999993 1.52092977673317464 
2.14470621892292490 0.07503024383350616 304.85186499749119093 2.14578012908560423 0.03196780564493403 1.00000000000000000 1.52092977673317464 

ZONE I=2, J=2
2.10343037427491986 0.06913835427294715 701.04840389553885416 2.10426190711087280 0.03579494008952985 0.84999999999999998 1.52092977673317464 
2.12291811365600269 0.07193172530010802 440.95011683565951444 2.12386465974947614 0.03397642507168838 0.92499999999999993 1.52092977673317464 
2.10703077201236821 0.03465482344945887 703.65142374743334130 2.10723983764416234 0.01788568256325607 0.84999999999999998 1.54586305176158745 
2.12665089797378171 0.03605147378504688 443.55313668755400158 2.12688868477626780 0.01697860964403178 0.92499999999999993 1.54586305176158745 

ZONE I=2, J=2
2.12291811365600269 0.07193172530010802 446.78487947825533411 2.12386465974947614 0.03397642507168838 0.92499999999999993 1.52092977673317464 
2.14470621892292490 0.07503024383350616 304.43167018764211207 2.14578012908560423 0.03196780564493403 1.00000000000000000 1.52092977673317464 
2.12665089797378171 0.03605147378504688 448.22268205973432487 2.12688868477626780 0.01697860964403178 0.92499999999999993 1.54586305176158745 
2.14858846957809391 0.03760079611959747 305.86947276912110283 2.14885806346599750 0.01597668770200418 1.00000000000000000 1.54586305176158745 

ZONE I=2, J=2
2.10703077201236821 0.03465482344945887 704.10195123075868651 2.10723983764416234 0.01788568256325607 0.84999999999999998 1.54586305176158745 
2.12665089797378171 0.03605147378504688 443.06106578822897291 2.12688868477626780 0.01697860964403178 0.92499999999999993 1.54586305176158745 
2.10823110067148312 0.00000000001032314 704.97197921195652270 2.10823110067148312 0.00000000000000000 0.84999999999999998 1.57079632679000003 
2.12789515082848180 0.00000000001041943 443.93109376942680910 2.12789515082848180 0.00000000000000000 0.92499999999999993 1.57079632679000003 

ZONE I=2, J=2
2.12665089797378171 0.03605147378504688 448.54061638985905347 2.12688868477626780 0.01697860964403178 0.92499999999999993 1.54586305176158745 
2.14858846957809391 0.03760079611959747 305.65826905658667556 2.14885806346599750 0.01597668770200418 1.00000000000000000 1.54586305176158745 
2.12789515082848180 0.00000000001041943 449.02039050936008380 2.12789515082848180 0.00000000000000000 0.92499999999999993 1.57079632679000003 
2.14988233491546499 0.00000000001052709 306.13804317608770589 2.14988233491546499 0.00000000000000000 1.00000000000000000 1.57079632679000003 

