ZONE I=2, J=2
0.00000000000000000 0.45238293992600248 123.68346273891398823 0.45238293992600248 0.00000000000000000 0.84999999999999998 0.00000000000000000 
0.00000000000000000 0.48058277579408709 45.96090575630527297 0.48058277579408709 0.00000000000000000 0.92499999999999993 0.00000000000000000 
0.03610473585936054 0.45239104099218180 123.73021202968521948 0.45315054575396430 0.02481509226959292 0.84999999999999998 0.02493327502841270 
0.03609800558783965 0.48058533642277557 46.00765504707650422 0.48133591009973936 0.02410546080181147 0.92499999999999993 0.02493327502841270 

ZONE I=2, J=2
0.00000000000000000 0.48058277579408709 47.96353583178882474 0.48058277579408709 0.00000000000000000 0.92499999999999993 0.00000000000000000 
0.00000000000000000 0.51375004570365401 9.98995989143618601 0.51375004570365401 0.00000000000000000 1.00000000000000000 0.00000000000000000 
0.03609800558783965 0.48058533642277557 47.98346012237382041 0.48133591009973936 0.02410546080181147 0.92499999999999993 0.02493327502841270 
0.03609439798120234 0.51375004570365401 10.00988418202117458 0.51449022125190669 0.02327503517282143 1.00000000000000000 0.02493327502841270 

ZONE I=2, J=2
0.03610473585936054 0.45239104099218180 123.74944189887496293 0.45315054575396430 0.02481509226959292 0.84999999999999998 0.02493327502841270 
0.03609800558783965 0.48058533642277557 45.97955715273609911 0.48133591009973936 0.02410546080181147 0.92499999999999993 0.02493327502841270 
0.07220849293524403 0.45240624296256704 123.86565247129080092 0.45544316264408696 0.04956814223103574 0.84999999999999998 0.04986655005682540 
0.07219495250642641 0.48059356858088231 46.09576772515192289 0.48359477426136432 0.04814959642419086 0.92499999999999993 0.04986655005682540 

ZONE I=2, J=2
0.03609800558783965 0.48058533642277557 48.00031304571431434 0.48133591009973936 0.02410546080181147 0.92499999999999993 0.02493327502841270 
0.03609439798120234 0.51375004570365401 10.00202155462658027 0.51449022125190669 0.02327503517282143 1.00000000000000000 0.02493327502841270 
0.07219495250642641 0.48059356858088231 48.05443688745290132 0.48359477426136432 0.04814959642419086 0.92499999999999993 0.04986655005682540 
0.07218765662123407 0.51375004570365312 10.05614539636517435 0.51670967160110970 0.04648959564079058 1.00000000000000000 0.04986655005682540 

ZONE I=2, J=2
0.07220849293524403 0.45240624296256704 123.91194337147874194 0.45544316264408696 0.04956814223103574 0.84999999999999998 0.04986655005682540 
0.07219495250642641 0.48059356858088231 46.04508772259826799 0.48359477426136432 0.04814959642419086 0.92499999999999993 0.04986655005682540 
0.10830989140884689 0.45243152603542741 124.10386658192612686 0.45926044404830546 0.07419678470321425 0.84999999999999998 0.07479982508523811 
0.10828960359763384 0.48060727880674509 46.23701093304566712 0.48735589559027148 0.07207097697937415 0.92499999999999993 0.07479982508523811 

ZONE I=2, J=2
0.07219495250642641 0.48059356858088231 48.08666616169819008 0.48359477426136432 0.04814959642419086 0.92499999999999993 0.04986655005682540 
0.07218765662123407 0.51375004570365312 10.03874505970067155 0.51670967160110970 0.04648959564079058 1.00000000000000000 0.04986655005682540 
0.10828960359763384 0.48060727880674509 48.17930657757133872 0.48735589559027148 0.07207097697937415 0.92499999999999993 0.07479982508523811 
0.10827866908611394 0.51375004570365435 10.13138547557381663 0.52040517145189147 0.06958331097105480 1.00000000000000000 0.07479982508523811 

ZONE I=2, J=2
0.10830989140884689 0.45243152603542741 124.17489767432766712 0.45926044404830546 0.07419678470321425 0.84999999999999998 0.07479982508523811 
0.10828960359763384 0.48060727880674509 46.16233428355894830 0.48735589559027148 0.07207097697937415 0.92499999999999993 0.07479982508523811 
0.14440778194464621 0.45246691391219851 124.44330495966181616 0.46459687605712119 0.09863903096323119 0.84999999999999998 0.09973310011365080 
0.14438080542875628 0.48062645338912130 46.43074156889309734 0.49261379846318137 0.09580840379287021 0.92499999999999993 0.09973310011365080 

ZONE I=2, J=2
0.10828960359763384 0.48060727880674509 48.22635107408500943 0.48735589559027148 0.07207097697937415 0.92499999999999993 0.07479982508523811 
0.10827866908611394 0.51375004570365435 10.10385086912831198 0.52040517145189147 0.06958331097105480 1.00000000000000000 0.07479982508523811 
0.14438080542875628 0.48062645338912130 48.35736340330138461 0.49261379846318137 0.09580840379287021 0.92499999999999993 0.09973310011365080 
0.14436628210857569 0.51375004570365412 10.23486319834469427 0.52557134615108370 0.09249590788406450 1.00000000000000000 0.09973310011365080 

ZONE I=2, J=2
0.14440778194464621 0.45246691391219851 124.53893976189557691 0.46459687605712119 0.09863903096323119 0.84999999999999998 0.09973310011365080 
0.14438080542875628 0.48062645338912130 46.33160542485946820 0.49261379846318137 0.09580840379287021 0.92499999999999993 0.09973310011365080 
0.18050099069854161 0.45251237509753123 124.88472029136686103 0.47144468191948408 0.12283309468298974 0.84999999999999998 0.12466637514206350 
0.18046739925490624 0.48065108006322305 46.67738595433075233 0.49936083132485370 0.11930089311620258 0.92499999999999993 0.12466637514206350 

ZONE I=2, J=2
0.14438080542875628 0.48062645338912130 48.41957324543619023 0.49261379846318137 0.09580840379287021 0.92499999999999993 0.09973310011365080 
0.14436628210857569 0.51375004570365412 10.19735882693910867 0.52557134615108370 0.09249590788406450 1.00000000000000000 0.09973310011365080 
0.18046739925490624 0.48065108006322305 48.58914847177809548 0.49936083132485370 0.11930089311620258 0.92499999999999993 0.12466637514206350 
0.18044934792149564 0.51375004570365235 10.36693405328100681 0.53220067816153116 0.11516733386774312 1.00000000000000000 0.12466637514206350 

ZONE I=2, J=2
0.18050099069854161 0.45251237509753123 125.00503192801986074 0.47144468191948408 0.12283309468298974 0.84999999999999998 0.12466637514206350 
0.18046739925490624 0.48065108006322305 46.55340207843934763 0.49936083132485370 0.11930089311620258 0.92499999999999993 0.12466637514206350 
0.21658832718948337 0.45256787184171343 125.42916484073424499 0.47979387774774857 0.14671747330790158 0.84999999999999998 0.14959965017047622 
0.21654821419108933 0.48068114208503404 46.97753499115373188 0.50758716745815979 0.14248774283188248 0.92499999999999993 0.14959965017047622 

ZONE I=2, J=2
0.18046739925490624 0.48065108006322305 48.66679016640905786 0.49936083132485370 0.11930089311620258 0.92499999999999993 0.12466637514206350 
0.18044934792149564 0.51375004570365235 10.31947358145476201 0.53220067816153116 0.11516733386774312 1.00000000000000000 0.12466637514206350 
0.21654821419108933 0.48068114208503404 48.87531262065418503 0.50758716745815979 0.14248774283188248 0.92499999999999993 0.14959965017047622 
0.21652671142685292 0.51375004570365379 10.52799603569988207 0.54028351392501017 0.13753781590049113 1.00000000000000000 0.14959965017047622 

ZONE I=2, J=2
0.21658832718948337 0.45256787184171343 125.57435961393098012 0.47979387774774857 0.14671747330790158 0.84999999999999998 0.14959965017047622 
0.21654821419108933 0.48068114208503404 46.82834224633721476 0.50758716745815979 0.14248774283188248 0.92499999999999993 0.14959965017047622 
0.25266858388138197 0.45263336042717556 126.07797723528760514 0.48963228176524498 0.17023102215982888 0.84999999999999998 0.17453292519888891 
0.25262206463239567 0.48071661828608847 47.33195986769383978 0.51728081385173319 0.16530860309262718 0.92499999999999993 0.17453292519888891 

ZONE I=2, J=2
0.21654821419108933 0.48068114208503404 48.96863595560606086 0.50758716745815979 0.14248774283188248 0.92499999999999993 0.14959965017047622 
0.21652671142685292 0.51375004570365379 10.47051757092824609 0.54028351392501017 0.13753781590049113 1.00000000000000000 0.14959965017047622 
0.25262206463239567 0.48071661828608847 49.21663795326730906 0.51728081385173319 0.16530860309262718 0.92499999999999993 0.17453292519888891 
0.25259720545987951 0.51375004570365357 10.71851956858949784 0.54980807253111474 0.15954792711366450 1.00000000000000000 0.17453292519888891 

ZONE I=2, J=2
0.25266858388138197 0.45263336042717556 126.24835144761701144 0.48963228176524498 0.17023102215982888 0.84999999999999998 0.17453292519888891 
0.25262206463239567 0.48071661828608847 47.15717509635752691 0.51728081385173319 0.16530860309262718 0.92499999999999993 0.17453292519888891 
0.28874053356171298 0.45270879041748702 126.83277257488495593 0.50094552448488272 0.19331302631052219 0.84999999999999998 0.19946620022730160 
0.28868774777812928 0.48075748362545262 47.74159622362545718 0.52842762258800557 0.18770354675677947 0.92499999999999993 0.19946620022730160 

ZONE I=2, J=2
0.25262206463239567 0.48071661828608847 49.32590623824783194 0.51728081385173319 0.16530860309262718 0.92499999999999993 0.17453292519888891 
0.25259720545987951 0.51375004570365357 10.65091108067907477 0.54980807253111474 0.15954792711366450 1.00000000000000000 0.17453292519888891 
0.28868774777812928 0.48075748362545262 49.61405250342414064 0.52842762258800557 0.18770354675677947 0.92499999999999993 0.19946620022730160 
0.28865964834610808 0.51375004570365412 10.93905734585537992 0.56076045644661676 0.18113865553654590 1.00000000000000000 0.19946620022730160 

ZONE I=2, J=2
0.28874053356171298 0.45270879041748702 127.02869417931667329 0.50094552448488272 0.19331302631052219 0.84999999999999998 0.19946620022730160 
0.28868774777812928 0.48075748362545262 47.54079346054196265 0.52842762258800557 0.18770354675677947 0.92499999999999993 0.19946620022730160 
0.32480292607966166 0.45279410436629852 127.69544177359638581 0.51371706128091321 0.21590327160024941 0.84999999999999998 0.22439947525571430 
0.32474404103541449 0.48080370953617008 48.20754105482168939 0.54101130401517572 0.20961313942487447 0.92499999999999993 0.22439947525571430 

ZONE I=2, J=2
0.28868774777812928 0.48075748362545262 49.73955618140941226 0.52842762258800557 0.18770354675677947 0.92499999999999993 0.19946620022730160 
0.28865964834610808 0.51375004570365412 10.86116811098880852 0.56076045644661676 0.18113865553654590 1.00000000000000000 0.19946620022730160 
0.32474404103541449 0.48080370953617008 50.06864050035558478 0.54101130401517572 0.20961313942487447 0.92499999999999993 0.22439947525571430 
0.32471284191684185 0.51375004570365346 11.19025242993497749 0.57312466429198261 0.20225147303893787 1.00000000000000000 0.22439947525571430 

ZONE I=2, J=2
0.32480292607966166 0.45279410436629852 127.91734264664478360 0.51371706128091321 0.21590327160024941 0.84999999999999998 0.22439947525571430 
0.32474404103541449 0.48080370953617008 47.98024287053534920 0.54101130401517572 0.20961313942487447 0.92499999999999993 0.22439947525571430 
0.36085448475003845 0.45288923780081636 128.66815567413584631 0.52792818713197698 0.23794211504389978 0.84999999999999998 0.24933275028412699 
0.36078969936117172 0.48085526420718389 48.73105589802641191 0.55501344183451062 0.23097850909531728 0.92499999999999993 0.24933275028412699 

ZONE I=2, J=2
0.32474404103541449 0.48080370953617008 50.21070388472499246 0.54101130401517572 0.20961313942487447 0.92499999999999993 0.22439947525571430 
0.32471284191684185 0.51375004570365346 11.10189802589576757 0.57312466429198261 0.20225147303893787 1.00000000000000000 0.22439947525571430 
0.36078969936117172 0.48085526420718389 50.58165135069233997 0.55501344183451062 0.23097850909531728 0.92499999999999993 0.24933275028412699 
0.36075556977436574 0.51375004570365201 11.47284549186312219 0.58688260569018835 0.22282840420832070 1.00000000000000000 0.24933275028412699 

ZONE I=2, J=2
0.36085448475003845 0.45288923780081636 128.91652787449521611 0.52792818713197698 0.23794211504389978 0.84999999999999998 0.24933275028412699 
0.36078969936117172 0.48085526420718389 48.47672967551562806 0.55501344183451062 0.23097850909531728 0.92499999999999993 0.24933275028412699 
0.39689390246665612 0.45299411934608980 129.75337123151030028 0.54355805335526519 0.25937055463175784 0.84999999999999998 0.27426602531253969 
0.39682345259913088 0.48091211288872071 49.31357303253071223 0.57041351019050102 0.25174141544040701 0.92499999999999993 0.27426602531253969 

ZONE I=2, J=2
0.36078969936117172 0.48085526420718389 50.74063645280303092 0.55501344183451062 0.23097850909531728 0.92499999999999993 0.24933275028412699 
0.36075556977436574 0.51375004570365201 11.37380991732224977 0.58688260569018835 0.22282840420832070 1.00000000000000000 0.24933275028412699 
0.39682345259913088 0.48091211288872071 51.15450891956338353 0.57041351019050102 0.25174141544040701 0.92499999999999993 0.27426602531253969 
0.39678659585340020 0.51375004570365279 11.78768238408260594 0.60201411823960982 0.24281209514688526 1.00000000000000000 0.27426602531253969 

ZONE I=2, J=2
0.39689390246665612 0.45299411934608980 130.02876453123360534 0.54355805335526519 0.25937055463175784 0.84999999999999998 0.27426602531253969 
0.39682345259913088 0.48091211288872071 49.03162957484389750 0.57041351019050102 0.25174141544040701 0.92499999999999993 0.27426602531253969 
0.43291983749097479 0.45310867093794954 130.95383851201012249 0.56058368621953691 0.28013029846284532 0.84999999999999998 0.29919930034095243 
0.43284400285001334 0.48097421826300435 49.95670355562041465 0.58718889280889075 0.27184431868037906 0.92499999999999993 0.29919930034095243 

ZONE I=2, J=2
0.39682345259913088 0.48091211288872071 51.33081793341192878 0.57041351019050102 0.25174141544040701 0.92499999999999993 0.27426602531253969 
0.39678659585340020 0.51375004570365279 11.67771881843042259 0.60201411823960982 0.24281209514688526 1.00000000000000000 0.27426602531253969 
0.43284400285001334 0.48097421826300435 51.78882187389793756 0.58718889280889075 0.27184431868037906 0.92499999999999993 0.29919930034095243 
0.43280466337941786 0.51375004570365379 12.13572275891642782 0.61849698668580699 0.26214588221838281 1.00000000000000000 0.29919930034095243 

ZONE I=2, J=2
0.43291983749097479 0.45310867093794954 131.25685796575984909 0.56058368621953691 0.28013029846284532 0.84999999999999998 0.29919930034095243 
0.43284400285001334 0.48097421826300435 49.64649719095005054 0.58718889280889075 0.27184431868037906 0.92499999999999993 0.29919930034095243 
0.46893090884339450 0.45323280811079264 132.27260776682649634 0.57898000734504795 0.30016383311687428 0.84999999999999998 0.32413257536936513 
0.46885002190605851 0.48104154090890000 50.66224699201671200 0.60531490421691647 0.29123044802043901 0.92499999999999993 0.32413257536936513 

ZONE I=2, J=2
0.43284400285001334 0.48097421826300435 51.98289893692707153 0.58718889280889075 0.27184431868037906 0.92499999999999993 0.29919930034095243 
0.43280466337941786 0.51375004570365379 12.01455363967866852 0.61849698668580699 0.26214588221838281 1.00000000000000000 0.29919930034095243 
0.46885002190605851 0.48104154090890000 52.48639554123019479 0.60531490421691647 0.29123044802043901 0.92499999999999993 0.32413257536936513 
0.46880849435413474 0.51375004570365268 12.51805024398178823 0.63630696439320655 0.28077386079156047 1.00000000000000000 0.32413257536936513 

ZONE I=2, J=2
0.46893090884339450 0.45323280811079264 132.60391057498443956 0.57898000734504795 0.30016383311687428 0.84999999999999998 0.32413257536936513 
0.46885002190605851 0.48104154090890000 50.32307705060810576 0.60531490421691647 0.29123044802043901 0.92499999999999993 0.32413257536936513 
0.50492569119277864 0.45336644036411428 133.71303591762367091 0.59871985579235165 0.31941449114734732 0.84999999999999998 0.34906585039777782 
0.50484014878233763 0.48111403988975066 51.43220239324735132 0.62476481308364573 0.30984386960881849 0.92499999999999993 0.34906585039777782 

ZONE I=2, J=2
0.46885002190605851 0.48104154090890000 52.69872799521210283 0.60531490421691647 0.29123044802043901 0.92499999999999993 0.32413257536936513 
0.46880849435413474 0.51375004570365268 12.38536699786617667 0.63630696439320655 0.28077386079156047 1.00000000000000000 0.32413257536936513 
0.50484014878233763 0.48111403988975066 53.24924565696360190 0.62476481308364573 0.30984386960881849 0.92499999999999993 0.34906585039777782 
0.50479678973416875 0.51375004570365290 12.93588465961767930 0.65541779725103866 0.29864095404519503 1.00000000000000000 0.34906585039777782 

ZONE I=2, J=2
0.50492569119277864 0.45336644036411428 134.07332694888916080 0.59871985579235165 0.31941449114734732 0.84999999999999998 0.34906585039777782 
0.50484014878233763 0.48111403988975066 51.06331628348549145 0.62476481308364573 0.30984386960881849 0.92499999999999993 0.34906585039777782 
0.54090270910470029 0.45350947162098271 135.27879167329027155 0.61977401171995217 0.33782651755494814 0.84999999999999998 0.37399912542619052 
0.54081298738364381 0.48119167349959169 52.26878100788660220 0.64550986772795171 0.32762955396911508 0.92499999999999993 0.37399912542619052 

ZONE I=2, J=2
0.50484014878233763 0.48111403988975066 53.48036484262161849 0.62476481308364573 0.30984386960881849 0.92499999999999993 0.34906585039777782 
0.50479678973416875 0.51375004570365290 12.79134728613018090 0.65541779725103866 0.29864095404519503 1.00000000000000000 0.34906585039777782 
0.54081298738364381 0.48119167349959169 54.07961439035633333 0.64550986772795171 0.32762955396911508 0.92499999999999993 0.37399912542619052 
0.54076823051651934 0.51375004570365301 13.39059683386489219 0.67580125019163073 0.31569298192373851 1.00000000000000000 0.37399912542619052 

ZONE I=2, J=2
0.54090270910470029 0.45350947162098271 135.66881695153875853 0.61977401171995217 0.33782651755494814 0.84999999999999998 0.37399912542619052 
0.54081298738364381 0.48119167349959169 51.86937936340456901 0.64550986772795171 0.32762955396911508 0.92499999999999993 0.37399912542619052 
0.57686043046527469 0.45366180079887231 136.97385825921946889 0.64211122145672206 0.35534513507295140 0.84999999999999998 0.39893240045460321 
0.57676710435637446 0.48127440021254703 53.17442067108526516 0.66751932385624579 0.34453344285581955 0.92499999999999993 0.39893240045460321 

ZONE I=2, J=2
0.54081298738364381 0.48119167349959169 54.33009589418864493 0.64550986772795171 0.32762955396911508 0.92499999999999993 0.37399912542619052 
0.54076823051651934 0.51375004570365301 13.23383348652383340 0.67580125019163073 0.31569298192373851 1.00000000000000000 0.37399912542619052 
0.57676710435637446 0.48127440021254703 54.97998911230641284 0.66751932385624579 0.34453344285581955 0.92499999999999993 0.39893240045460321 
0.57672148000785739 0.51375004570365257 13.88372670464160485 0.69742713655693034 0.33187673036378940 1.00000000000000000 0.39893240045460321 

ZONE I=2, J=2
0.57686043046527469 0.45366180079887231 137.39439555232621615 0.64211122145672206 0.35534513507295140 0.84999999999999998 0.39893240045460321 
0.57676710435637446 0.48127440021254703 52.74366528183016101 0.66751932385624579 0.34453344285581955 0.92499999999999993 0.39893240045460321 
0.61279725884128200 0.45382332252064872 138.80253238489353862 0.66569822378781818 0.37191660806263244 0.84999999999999998 0.42386567548301590 
0.61270102718939934 0.48136217989321345 54.15180211439746927 0.69076047461157031 0.36050251547650775 0.92499999999999993 0.42386567548301590 

ZONE I=2, J=2
0.57676710435637446 0.48127440021254703 55.25045228951636744 0.66751932385624579 0.34453344285581955 0.92499999999999993 0.39893240045460321 
0.57672148000785739 0.51375004570365257 13.71433340402175460 0.69742713655693034 0.33187673036378940 1.00000000000000000 0.39893240045460321 
0.61270102718939934 0.48136217989321345 55.95312448140587236 0.69076047461157031 0.36050251547650775 0.92499999999999993 0.42386567548301590 
0.61265518763717142 0.51375004570365268 14.41700559591125241 0.72026335062504376 0.34714002095066504 1.00000000000000000 0.42386567548301590 

ZONE I=2, J=2
0.61279725884128200 0.45382332252064872 139.25437777559477581 0.66569822378781818 0.37191660806263244 0.84999999999999998 0.42386567548301590 
0.61270102718939934 0.48136217989321345 53.68882763910210798 0.69076047461157031 0.36050251547650775 0.92499999999999993 0.42386567548301590 
0.64871152446396629 0.45399392800110550 140.76941758614867695 0.69049977718826328 0.38748830477473106 0.84999999999999998 0.44879895051142860 
0.64861324264774656 0.48145497534216386 55.20386744965600911 0.71519868304065948 0.37548485401764808 0.92499999999999993 0.44879895051142860 

ZONE I=2, J=2
0.61270102718939934 0.48136217989321345 56.24423098173465263 0.69076047461157031 0.36050251547650775 0.92499999999999993 0.42386567548301590 
0.61265518763717142 0.51375004570365268 14.23454622214311449 0.72026335062504376 0.34714002095066504 1.00000000000000000 0.42386567548301590 
0.64861324264774656 0.48145497534216386 57.00206858362046347 0.71519868304065948 0.37548485401764808 0.92499999999999993 0.44879895051142860 
0.64856799477990035 0.51375004570365135 14.99238382402892888 0.74427590370900920 0.36143178121391351 1.00000000000000000 0.44879895051142860 

ZONE I=2, J=2
0.64871152446396629 0.45399392800110550 141.25336653778433060 0.69049977718826328 0.38748830477473106 0.84999999999999998 0.44879895051142860 
0.64861324264774656 0.48145497534216386 54.70779827506949289 0.71519868304065948 0.37548485401764808 0.92499999999999993 0.44879895051142860 
0.68460147342750299 0.45417350615498386 142.87940940507249366 0.71647868765309353 0.40200875767963062 0.84999999999999998 0.47373222553984129 
0.68450219564882309 0.48155275427279925 56.33384114235767015 0.74079741711893843 0.38942970840151409 0.92499999999999993 0.47373222553984129 

ZONE I=2, J=2
0.64861324264774656 0.48145497534216386 57.31451949116132027 0.71519868304065948 0.37548485401764808 0.92499999999999993 0.44879895051142860 
0.64856799477990035 0.51375004570365135 14.79639056905551797 0.74427590370900920 0.36143178121391351 1.00000000000000000 0.44879895051142860 
0.68450219564882309 0.48155275427279925 58.13019407437769814 0.74079741711893843 0.38942970840151409 0.92499999999999993 0.47373222553984129 
0.68445854320246857 0.51375004570365224 15.61206515227189584 0.76942896437211683 0.37470211583149893 1.00000000000000000 0.47373222553984129 

ZONE I=2, J=2
0.68460147342750299 0.45417350615498386 143.39623033444891576 0.71647868765309353 0.40200875767963062 0.84999999999999998 0.47373222553984129 
0.68450219564882309 0.48155275427279925 55.80381524293216700 0.74079741711893843 0.38942970840151409 0.92499999999999993 0.47373222553984129 
0.72046525456596489 0.45436194498362387 145.13766896102512760 0.74359583665702311 0.41542772150212121 0.84999999999999998 0.49866550056825398 
0.72036628872485375 0.48165549184304723 57.54525386950839305 0.76751828751552142 0.40228756018926121 0.92499999999999993 0.49866550056825398 

ZONE I=2, J=2
0.68450219564882309 0.48155275427279925 58.46472512260142196 0.74079741711893843 0.38942970840151409 0.92499999999999993 0.47373222553984129 
0.68445854320246857 0.51375004570365224 15.40203966257212898 0.76942896437211683 0.37470211583149893 1.00000000000000000 0.47373222553984129 
0.72036628872485375 0.48165549184304723 59.34123556086733231 0.76751828751552142 0.40228756018926121 0.92499999999999993 0.49866550056825398 
0.72032548692029907 0.51375004570365224 16.27855010083803222 0.79568490347825815 0.38690237908840214 1.00000000000000000 0.49866550056825398 

ZONE I=2, J=2
0.72046525456596489 0.45436194498362387 145.68806665166948733 0.74359583665702311 0.41542772150212121 0.84999999999999998 0.49866550056825398 
0.72036628872485375 0.48165549184304723 56.98045617864656265 0.76751828751552142 0.40228756018926121 0.92499999999999993 0.49866550056825398 
0.75630090330490152 0.45455913331231412 147.54958022717528365 0.77181020862245397 0.42769622851226574 0.84999999999999998 0.52359877559666668 
0.75620388225964397 0.48176317390115797 58.84196975415233055 0.79532108833536930 0.41401018552798741 0.92499999999999993 0.52359877559666668 

ZONE I=2, J=2
0.72036628872485375 0.48165549184304723 59.69860968795629219 0.76751828751552142 0.40228756018926121 0.92499999999999993 0.49866550056825398 
0.72032548692029907 0.51375004570365224 16.05396561373717645 0.79568490347825815 0.38690237908840214 1.00000000000000000 0.49866550056825398 
0.75620388225964397 0.48176317390115797 60.63933484323706580 0.79532108833536930 0.41401018552798741 0.92499999999999993 0.52359877559666668 
0.75616750850238545 0.51375004570365346 16.99469076901795717 0.82300434502532349 0.39798524902896787 1.00000000000000000 0.52359877559666668 

ZONE I=2, J=2
0.75630090330490152 0.45455913331231412 148.13414549944690179 0.77181020862245397 0.42769622851226574 0.84999999999999998 0.52359877559666668 
0.75620388225964397 0.48176317390115797 58.24167845029728596 0.79532108833536930 0.41401018552798741 0.92499999999999993 0.52359877559666668 
0.79210632156134109 0.45476496296666957 150.12068465168158582 0.80107891706601786 0.43876664051845510 0.84999999999999998 0.54853205062507937 
0.79201329574525525 0.48187580114958817 60.22821760253195578 0.82416384114560126 0.42455071701617314 0.92499999999999993 0.54853205062507937 

ZONE I=2, J=2
0.75620388225964397 0.48176317390115797 61.02033108965378005 0.79532108833536930 0.41401018552798741 0.92499999999999993 0.52359877559666668 
0.75616750850238545 0.51375004570365346 16.75499564186058876 0.82300434502532349 0.39798524902896787 1.00000000000000000 0.52359877559666668 
0.79201329574525525 0.48187580114958817 62.02909615573850033 0.82416384114560126 0.42455071701617314 0.92499999999999993 0.54853205062507937 
0.79198334116800795 0.51375004570365057 17.76376070794530904 0.85134622401144544 0.40790480385697608 1.00000000000000000 0.54853205062507937 

ZONE I=2, J=2
0.79210632156134109 0.45476496296666957 150.73982547323561221 0.80107891706601786 0.43876664051845510 0.84999999999999998 0.54853205062507937 
0.79201329574525525 0.48187580114958817 59.59186792631641083 0.82416384114560126 0.42455071701617314 0.92499999999999993 0.54853205062507937 
0.82787925247110505 0.45497933149568354 152.85658448501027351 0.83135722831355630 0.44859269687677283 0.84999999999999998 0.57346532565349206 
0.82779281037818264 0.48199339448774003 61.70862693809107213 0.85400284268198223 0.43386370432973248 0.92499999999999993 0.57346532565349206 

ZONE I=2, J=2
0.79201329574525525 0.48187580114958817 62.43449354708606336 0.82416384114560126 0.42455071701617314 0.92499999999999993 0.54853205062507937 
0.79198334116800795 0.51375004570365057 17.50838387013189745 0.85134622401144544 0.40790480385697608 1.00000000000000000 0.54853205062507937 
0.82779281037818264 0.48199339448774003 63.51565424405596616 0.85400284268198223 0.43386370432973248 0.92499999999999993 0.57346532565349206 
0.82777179842859239 0.51375004570365002 18.58954456710179315 0.88066785298108818 0.41661660127734840 1.00000000000000000 0.57346532565349206 

ZONE I=2, J=2
0.82787925247110505 0.45497933149568354 153.51043204907202266 0.83135722831355630 0.44859269687677283 0.84999999999999998 0.57346532565349206 
0.82779281037818264 0.48199339448774003 61.03589881355614466 0.85400284268198223 0.43386370432973248 0.92499999999999993 0.57346532565349206 
0.86361724833095066 0.45520214556876687 155.76280308919135109 0.86259858129443290 0.45712955766824281 0.84999999999999998 0.59839860068190487 
0.86354067340890805 0.48211600186478576 63.28826985367548730 0.88479271674306958 0.44190517340716295 0.92499999999999993 0.59839860068190487 

ZONE I=2, J=2
0.82779281037818264 0.48199339448774003 63.94620881049978323 0.85400284268198223 0.43386370432973248 0.92499999999999993 0.57346532565349206 
0.82777179842859239 0.51375004570365002 18.31790359976881533 0.88066785298108818 0.41661660127734840 1.00000000000000000 0.57346532565349206 
0.86354067340890805 0.48211600186478576 65.10475905931572527 0.88479271674306958 0.44190517340716295 0.92499999999999993 0.59839860068190487 
0.86353181355958675 0.51375004570365046 19.47645384858475737 0.91092499942035077 0.42407776164407140 1.00000000000000000 0.59839860068190487 

ZONE I=2, J=2
0.86361724833095066 0.45520214556876687 156.45108417917580823 0.86259858129443290 0.45712955766824281 0.84999999999999998 0.59839860068190487 
0.86354067340890805 0.48211600186478576 62.57920785094677285 0.88479271674306958 0.44190517340716295 0.92499999999999993 0.59839860068190487 
0.89931762962223361 0.45543332519199770 158.84458631750229074 0.89475460141319874 0.46433384099664804 0.84999999999999998 0.62333187571031756 
0.89925510477592441 0.48224370705936548 64.97270998927322694 0.91648647091571012 0.44863268393239608 0.92499999999999993 0.62333187571031756 

ZONE I=2, J=2
0.86354067340890805 0.48211600186478576 65.56117146133541951 0.88479271674306958 0.44190517340716295 0.92499999999999993 0.59839860068190487 
0.86353181355958675 0.51375004570365046 19.18796663318642359 0.91092499942035077 0.42407776164407140 1.00000000000000000 0.59839860068190487 
0.89925510477592441 0.48224370705936548 66.80288212534856029 0.91648647091571012 0.44863268393239608 0.92499999999999993 0.62333187571031756 
0.89926249187958840 0.51375004570365146 20.42967729719956438 0.94207197685701571 0.43024705598377433 1.00000000000000000 0.62333187571031756 

ZONE I=2, J=2
0.89931762962223361 0.45543332519199770 159.56645035013744405 0.89475460141319874 0.46433384099664804 0.84999999999999998 0.62333187571031756 
0.89925510477592441 0.48224370705936548 64.22788726361692113 0.91648647091571012 0.44863268393239608 0.92499999999999993 0.62333187571031756 
0.93497743228971719 0.45567280889973982 162.10662338667609106 0.92777510580193268 0.47016365312076597 0.84999999999999998 0.64826515073873026 
0.93493430669635802 0.48237664090531918 66.76806030015559656 0.94903555893756442 0.45400538477088970 0.92499999999999993 0.64826515073873026 

ZONE I=2, J=2
0.89925510477592441 0.48224370705936548 67.28575239461858359 0.91648647091571012 0.44863268393239608 0.92499999999999993 0.62333187571031756 
0.89926249187958840 0.51375004570365146 20.12377849435409516 0.94207197685701571 0.43024705598377433 1.00000000000000000 0.62333187571031756 
0.93493430669635802 0.48237664090531918 68.61735136770030863 0.94903555893756442 0.45400538477088970 0.92499999999999993 0.64826515073873026 
0.93496317971781129 0.51375004570365101 21.45537746743581309 0.97406175342230950 0.43508500021076307 1.00000000000000000 0.64826515073873026 

ZONE I=2, J=2
0.93497743228971719 0.45567280889973982 162.86040869530222608 0.92777510580193268 0.47016365312076597 0.84999999999999998 0.64826515073873026 
0.93493430669635802 0.48237664090531918 65.98880238335391368 0.94903555893756442 0.45400538477088970 0.92499999999999993 0.64826515073873026 
0.97059333952765670 0.45592056007087367 165.55265800743956106 0.96160809631437483 0.47457860985660960 0.84999999999999998 0.67319842576714295 
0.97057647704498384 0.48251499559819239 68.68105169549124867 0.98238994968215321 0.45798406689935423 0.92499999999999993 0.67319842576714295 

ZONE I=2, J=2
0.93493430669635802 0.48237664090531918 69.12711587811928382 0.94903555893756442 0.45400538477088970 0.92499999999999993 0.64826515073873026 
0.93496317971781129 0.51375004570365101 21.13154155529629108 0.97406175342230950 0.43508500021076307 1.00000000000000000 0.64826515073873026 
0.97057647704498384 0.48251499559819239 70.55652351318421722 0.98238994968215321 0.45798406689935423 0.92499999999999993 0.67319842576714295 
0.97063355513397576 0.51375004570365190 22.56094919036122448 1.00684608281750454 0.43855395714503798 1.00000000000000000 0.67319842576714295 

ZONE I=2, J=2
0.97059333952765670 0.45592056007087367 166.33557701591294631 0.96160809631437483 0.47457860985660960 0.84999999999999998 0.67319842576714295 
0.97057647704498384 0.48251499559819239 67.86974179323362932 0.98238994968215321 0.45798406689935423 0.92499999999999993 0.67319842576714295 
1.00616159310086317 0.45617657447691706 169.18495025299213808 0.99619973534575790 0.47753984737381133 0.84999999999999998 0.69813170079555564 
1.00617982751175639 0.48265904284016337 70.71911503031279267 1.01649820392892587 0.46053121320518320 0.92499999999999993 0.69813170079555564 

ZONE I=2, J=2
0.97057647704498384 0.48251499559819239 71.09336724532356300 0.98238994968215321 0.45798406689935423 0.92499999999999993 0.67319842576714295 
0.97063355513397576 0.51375004570365190 22.21872246797613570 1.00684608281750454 0.43855395714503798 1.00000000000000000 0.67319842576714295 
1.00617982751175639 0.48265904284016337 72.63000629006400288 1.01649820392892587 0.46053121320518320 0.92499999999999993 0.69813170079555564 
1.00627374700490768 0.51375004570365357 23.75536151271656138 1.04037566419004790 0.44061824829768420 1.00000000000000000 0.69813170079555564 

ZONE I=2, J=2
1.00616159310086317 0.45617657447691706 169.99266708011754190 0.99619973534575790 0.47753984737381133 0.84999999999999998 0.69813170079555564 
1.00617982751175639 0.48265904284016337 69.87961031140113732 1.01649820392892587 0.46053121320518320 0.92499999999999993 0.69813170079555564 
1.04167787760936514 0.45644088905997937 173.00353593625521853 1.03149429783404534 0.47901002019004318 0.84999999999999998 0.72306497582396834 
1.04174260763661564 0.48280915669230534 72.89047916753878553 1.05130756020192395 0.46161104429351407 0.92499999999999993 0.72306497582396834 

ZONE I=2, J=2
1.00617982751175639 0.48265904284016337 73.19374029246743874 1.01649820392892587 0.46053121320518320 0.92499999999999993 0.69813170079555564 
1.00627374700490768 0.51375004570365357 23.39440656431456844 1.04037566419004790 0.44061824829768420 1.00000000000000000 0.69813170079555564 
1.04174260763661564 0.48280915669230534 74.84894675041478251 1.05130756020192395 0.46161104429351407 0.92499999999999993 0.72306497582396834 
1.04188449114338466 0.51375004570365235 25.04961302226191222 1.07460033949280653 0.44124427781848857 1.00000000000000000 0.72306497582396834 

ZONE I=2, J=2
1.04167787760936514 0.45644088905997937 173.82960275714765430 1.03149429783404534 0.47901002019004318 0.84999999999999998 0.72306497582396834 
1.04174260763661564 0.48280915669230534 72.02867799590330833 1.05130756020192395 0.46161104429351407 0.92499999999999993 0.72306497582396834 
1.07713716897524914 0.45671359170879156 177.00521224258824304 1.06743409046784854 0.47895328388751657 0.84999999999999998 0.74799825085238103 
1.07726313576966248 0.48296584206837306 75.20428748134389707 1.08676403091315077 0.46118955908227055 0.92499999999999993 0.74799825085238103 

ZONE I=2, J=2
1.04174260763661564 0.48280915669230534 75.43883569070692374 1.05130756020192395 0.46161104429351407 0.92499999999999993 0.72306497582396834 
1.04188449114338466 0.51375004570365235 24.66977096246203516 1.07460033949280653 0.44124427781848857 1.00000000000000000 0.72306497582396834 
1.07726313576966248 0.48296584206837306 77.22640728419770539 1.08676403091315077 0.46118955908227055 0.92499999999999993 0.74799825085238103 
1.07746733485827972 0.51375004570365146 26.45734255595280970 1.10946933966398564 0.44040067153975548 1.00000000000000000 0.74799825085238103 

ZONE I=2, J=2
1.07713716897524914 0.45671359170879156 177.84032297741811135 1.06743409046784854 0.47895328388751657 0.84999999999999998 0.74799825085238103 
1.07726313576966248 0.48296584206837306 74.32890119747098367 1.08676403091315077 0.46118955908227055 0.92499999999999993 0.74799825085238103 
1.11253353565657553 0.45699483135473340 181.18215522543749785 1.10395932599963520 0.47733525994199683 0.84999999999999998 0.77293152588079372 
1.11273983756470751 0.48312976975105021 77.67073344549037017 1.12281250959294598 0.45923456841229299 0.92499999999999993 0.77293152588079372 

ZONE I=2, J=2
1.07726313576966248 0.48296584206837306 77.84092367008200597 1.08676403091315077 0.46118955908227055 0.92499999999999993 0.74799825085238103 
1.07746733485827972 0.51375004570365146 26.05872168617803908 1.10946933966398564 0.44040067153975548 1.00000000000000000 0.74799825085238103 
1.11273983756470751 0.48312976975105021 79.77785724206206908 1.12281250959294598 0.45923456841229299 0.92499999999999993 0.77293152588079372 
1.11302490511550567 0.51375004570365168 27.99565525815809508 1.14493159472225781 0.43805843477170037 1.00000000000000000 0.77293152588079372 

ZONE I=2, J=2
1.11253353565657553 0.45699483135473340 182.01316828726214681 1.10395932599963520 0.47733525994199683 0.84999999999999998 0.77293152588079372 
1.11273983756470751 0.48312976975105021 76.79433335526312021 1.12281250959294598 0.45923456841229299 0.92499999999999993 0.77293152588079372 
1.14785987751859819 0.45728482687472405 185.52004618860587470 1.14100793638575393 0.47412298026100869 0.84999999999999998 0.79786480090920642 
1.14817129131545737 0.48330181850281556 80.30121125660684811 1.15939688864994395 0.45571571901566299 0.92499999999999993 0.79786480090920642 

ZONE I=2, J=2
1.11273983756470751 0.48312976975105021 80.41432449691976103 1.12281250959294598 0.45923456841229299 0.92499999999999993 0.77293152588079372 
1.11302490511550567 0.51375004570365168 27.57876113057895751 1.14493159472225781 0.43805843477170037 1.00000000000000000 0.77293152588079372 
1.14817129131545737 0.48330181850281556 82.52181487170443575 1.15939688864994395 0.45571571901566299 0.92499999999999993 0.79786480090920642 
1.14856126076563592 0.51375004570365435 29.68625150536362511 1.18093612812867987 0.43419113357195155 1.00000000000000000 0.79786480090920642 

ZONE I=2, J=2
1.14785987751859819 0.45728482687472405 186.32872511094029733 1.14100793638575393 0.47412298026100869 0.84999999999999998 0.79786480090920642 
1.14817129131545737 0.48330181850281556 79.44164111975300102 1.15939688864994395 0.45571571901566299 0.92499999999999993 0.79786480090920642 
1.18310758272136618 0.45758387170410914 189.99555112201028351 1.17851530286555595 0.46928480994831240 0.84999999999999998 0.82279807593761911 
1.18355627634293947 0.48348312397318244 83.10846713082298720 1.19646018388685160 0.45060450376252731 0.92499999999999993 0.82279807593761911 

ZONE I=2, J=2
1.14817129131545737 0.48330181850281556 83.17587530611122304 1.15939688864994395 0.45571571901566299 0.92499999999999993 0.79786480090920642 
1.14856126076563592 0.51375004570365435 29.25218629117885172 1.18093612812867987 0.43419113357195155 1.00000000000000000 0.79786480090920642 
1.18355627634293947 0.48348312397318244 85.48067918762195916 1.19646018388685160 0.45060450376252731 0.92499999999999993 0.82279807593761911 
1.18408235721709509 0.51375004570365190 31.55699017268959494 1.21743256347375284 0.42877510600199686 1.00000000000000000 0.82279807593761911 

ZONE I=2, J=2
1.18310758272136618 0.45758387170410914 190.75697788761303286 1.17851530286555595 0.46928480994831240 0.84999999999999998 0.82279807593761911 
1.18355627634293947 0.48348312397318244 82.29073065949462773 1.19646018388685160 0.45060450376252731 0.92499999999999993 0.82279807593761911 
1.21826607701776113 0.45789232787585210 194.57296471473026145 1.21641387325964523 0.46279034916609929 0.84999999999999998 0.84773135096603180 
1.21889381383351725 0.48367513190991457 86.10671748661185632 1.23394465480743420 0.44387425190232888 0.92499999999999993 0.84773135096603180 

ZONE I=2, J=2
1.18355627634293947 0.48348312397318244 86.14547280290891251 1.19646018388685160 0.45060450376252731 0.92499999999999993 0.82279807593761911 
1.18408235721709509 0.51375004570365190 31.10777659633004077 1.21743256347375284 0.42877510600199686 1.00000000000000000 0.82279807593761911 
1.21889381383351725 0.48367513190991457 88.68178782390806703 1.23394465480743420 0.44387425190232888 0.92499999999999993 0.84773135096603180 
1.21959666462714478 0.51375004570365324 33.64409161732919529 1.25437178364530877 0.42178971327504955 1.00000000000000000 0.84773135096603180 

ZONE I=2, J=2
1.21826607701776113 0.45789232787585210 195.25360120466166336 1.21641387325964523 0.46279034916609929 0.84999999999999998 0.84773135096603180 
1.21889381383351725 0.48367513190991457 85.36546298868880456 1.23394465480743420 0.44387425190232888 0.92499999999999993 0.84773135096603180 
1.25332223122527608 0.45821059597598834 199.19980917746534033 1.25463262438681533 0.45461032035406745 0.84999999999999998 0.87266462599444450 
1.25418317506284893 0.48387964736196731 89.31167096149250995 1.27179189381279190 0.43550009021117714 0.92499999999999993 0.87266462599444450 

ZONE I=2, J=2
1.21889381383351725 0.48367513190991457 89.34662551724389346 1.23394465480743420 0.44387425190232888 0.92499999999999993 0.84773135096603180 
1.21959666462714478 0.51375004570365324 33.18323728821114571 1.25437178364530877 0.42178971327504955 1.00000000000000000 0.84773135096603180 
1.25418317506284893 0.48387964736196731 92.15870746821096304 1.27179189381279190 0.43550009021117714 0.92499999999999993 0.87266462599444450 
1.25511600284120850 0.51375004570365157 35.99531923917821530 1.29170680329928778 0.41321764768573466 1.00000000000000000 0.87266462599444450 

ZONE I=2, J=2
1.25332223122527608 0.45821059597598834 199.75521464694097062 1.25463262438681533 0.45461032035406745 0.84999999999999998 0.87266462599444450 
1.25418317506284893 0.48387964736196731 88.69439580232869957 1.27179189381279190 0.43550009021117714 0.92499999999999993 0.87266462599444450 
1.28825957652186140 0.45853902829549920 203.80119057254981385 1.29309630241093587 0.44471645985012931 0.84999999999999998 0.89759790102285719 
1.28942380110214616 0.48409885423188503 92.74037172793751438 1.30994282064914036 0.42545886539958794 0.92499999999999993 0.89759790102285719 

ZONE I=2, J=2
1.25418317506284893 0.48387964736196731 92.80679648955754146 1.27179189381279190 0.43550009021117714 0.92499999999999993 0.87266462599444450 
1.25511600284120850 0.51375004570365157 35.52887722848334562 1.29170680329928778 0.41321764768573466 1.00000000000000000 0.87266462599444450 
1.28942380110214616 0.48409885423188503 95.95266383929734388 1.30994282064914036 0.42545886539958794 0.92499999999999993 0.89759790102285719 
1.29065669780141290 0.51375004570365634 38.67474457822313383 1.32939395359893098 0.40304532893306216 1.00000000000000000 0.89759790102285719 

ZONE I=2, J=2
1.28825957652186140 0.45853902829549920 204.17339879279018078 1.29309630241093587 0.44471645985012931 0.84999999999999998 0.89759790102285719 
1.28942380110214616 0.48409885423188503 92.31148130197595947 1.30994282064914036 0.42545886539958794 0.92499999999999993 0.89759790102285719 
1.32305723577410461 0.45887769270606682 208.27280051465015731 1.33172430620669813 0.43308146838181227 0.84999999999999998 0.92253117605126989 
1.32461500919179498 0.48433522144960894 96.41088302383593600 1.34833742616822083 0.41372903512670983 0.92499999999999993 0.92253117605126989 

ZONE I=2, J=2
1.28942380110214616 0.48409885423188503 96.55690178675040158 1.30994282064914036 0.42545886539958794 0.92499999999999993 0.89759790102285719 
1.29065669780141290 0.51375004570365634 38.21346547752273182 1.32939395359893098 0.40304532893306216 1.00000000000000000 0.89759790102285719 
1.32461500919179498 0.48433522144960894 100.11374175193249414 1.34833742616822083 0.41372903512670983 0.92499999999999993 0.92253117605126989 
1.32624124182277381 0.51375004570365690 41.77030544270481016 1.36739454967628826 0.39126344895441412 1.00000000000000000 0.92253117605126989 

ZONE I=2, J=2
1.32305723577410461 0.45887769270606682 208.38708725204185157 1.33172430620669813 0.43308146838181227 0.84999999999999998 0.92253117605126989 
1.32461500919179498 0.48433522144960894 96.25693773553138044 1.34833742616822083 0.41372903512670983 0.92499999999999993 0.92253117605126989 
1.35768834931400040 0.45922568488424009 212.47267778723187348 1.37042885840328577 0.41967919602458392 0.84999999999999998 0.94746445107968258 
1.35975518968210007 0.48459099969665398 100.34252827072140235 1.38691384666594097 0.40029063788788416 0.92499999999999993 0.94746445107968258 

ZONE I=2, J=2
1.32461500919179498 0.48433522144960894 100.62818477786881033 1.34833742616822083 0.41372903512670983 0.92499999999999993 0.92253117605126989 
1.32624124182277381 0.51375004570365690 41.33434457816728980 1.36739454967628826 0.39126344895441412 1.00000000000000000 0.92253117605126989 
1.35975518968210007 0.48459099969665398 104.70081172982672513 1.38691384666594097 0.40029063788788416 0.92499999999999993 0.94746445107968258 
1.36190075395029098 0.51375004570365457 45.40697153012520459 1.40567732043404692 0.37786775978936804 1.00000000000000000 0.94746445107968258 

ZONE I=2, J=2
1.35768834931400040 0.45922568488424009 212.23200348515510427 1.37042885840328577 0.41967919602458392 0.84999999999999998 0.94746445107968258 
1.35975518968210007 0.48459099969665398 100.58015265357130374 1.38691384666594097 0.40029063788788416 0.92499999999999993 0.94746445107968258 
1.39211734414410526 0.45957888518554579 216.21243959771700816 1.40911133241597386 0.40448572834168722 0.84999999999999998 0.97239772610809527 
1.39483969204563207 0.48486619085424137 104.56058876613323605 1.42560548830701372 0.38512592907823762 0.92499999999999993 0.97239772610809527 

ZONE I=2, J=2
1.35975518968210007 0.48459099969665398 105.04149762861069917 1.38691384666594097 0.40029063788788416 0.92499999999999993 0.94746445107968258 
1.36190075395029098 0.51375004570365457 45.03698371935610112 1.40567732043404692 0.37786775978936804 1.00000000000000000 0.94746445107968258 
1.39483969204563207 0.48486619085424137 109.77785425440171707 1.42560548830701372 0.38512592907823762 0.92499999999999993 0.97239772610809527 
1.39767844959539023 0.51375004570365546 49.77334034514713323 1.44422183465644682 0.36286009731775132 1.00000000000000000 0.97239772610809527 

ZONE I=2, J=2
1.39211734414410526 0.45957888518554579 215.48184916035381775 1.40911133241597386 0.40448572834168722 0.84999999999999998 0.97239772610809527 
1.39483969204563207 0.48486619085424137 105.35326388015656107 1.42560548830701372 0.38512592907823762 0.92499999999999993 0.97239772610809527 
1.42629401540395495 0.45992187274063157 219.25100032178727361 1.44765284069849609 0.38748419350982760 0.84999999999999998 0.99733100113650797 
1.42985478353285056 0.48515059830306245 109.12241504159004535 1.46433172902914888 0.36822329147420563 0.92499999999999993 0.99733100113650797 

ZONE I=2, J=2
1.39483969204563207 0.48486619085424137 109.77523881496094305 1.42560548830701372 0.38512592907823762 0.92499999999999993 0.97239772610809527 
1.39767844959539023 0.51375004570365546 49.55904185464796541 1.44422183465644682 0.36286009731775132 1.00000000000000000 0.97239772610809527 
1.42985478353285056 0.48515059830306245 115.40386241795985711 1.46433172902914888 0.36822329147420563 0.92499999999999993 0.99733100113650797 
1.43363207187393216 0.51375004570365446 55.18766545764689369 1.48302127249075721 0.34624836794697700 1.00000000000000000 0.99733100113650797 

ZONE I=2, J=2
1.42629401540395495 0.45992187274063157 217.79953328064652851 1.44765284069849609 0.38748419350982760 0.84999999999999998 0.99733100113650797 
1.42985478353285056 0.48515059830306245 110.73092836078234313 1.46433172902914888 0.36822329147420563 0.92499999999999993 0.99733100113650797 
1.46013883930676780 0.46019783560880356 221.30525321465052002 1.48588650950173085 0.36868517576911786 0.84999999999999998 1.02226427616492077 
1.46475715525124639 0.48539310478908626 114.23664829478633465 1.50296497669493356 0.34959443483114927 0.92499999999999993 1.02226427616492077 

ZONE I=2, J=2
1.42985478353285056 0.48515059830306245 114.67805551984324097 1.46433172902914888 0.36822329147420563 0.92499999999999993 0.99733100113650797 
1.43363207187393216 0.51375004570365446 55.35334695337852651 1.48302127249075721 0.34624836794697700 1.00000000000000000 0.99733100113650797 
1.46475715525124639 0.48539310478908626 121.62495542980417440 1.50296497669493356 0.34959443483114927 0.92499999999999993 1.02226427616492077 
1.46981652120762663 0.51375004570365423 62.30024686333944572 1.52206839478542988 0.32803584723426399 1.00000000000000000 1.02226427616492077 

ZONE I=2, J=2
1.46013883930676780 0.46019783560880356 218.54983740271200077 1.48588650950173085 0.36868517576911786 0.84999999999999998 1.02226427616492077 
1.46475715525124639 0.48539310478908626 117.22553801440928112 1.50296497669493356 0.34959443483114927 0.92499999999999993 1.02226427616492077 
1.49352580147785852 0.46022315718115153 222.12361714223567333 1.52354286387677895 0.34819795521514679 0.84999999999999998 1.04719755119333335 
1.49939648214966903 0.48540426739534143 120.79931775393292526 1.54121757758322953 0.32932581441012548 0.92499999999999993 1.04719755119333335 

ZONE I=2, J=2
1.46475715525124639 0.48539310478908626 119.27009082840332610 1.50296497669493356 0.34959443483114927 0.92499999999999993 1.02226427616492077 
1.46981652120762663 0.51375004570365423 63.60779247107972623 1.52206839478542988 0.32803584723426399 1.00000000000000000 1.02226427616492077 
1.49939648214966903 0.48540426739534143 128.46378337467615438 1.54121757758322953 0.32932581441012548 0.92499999999999993 1.04719755119333335 
1.50611609577475125 0.51375004570365390 72.80148501735256161 1.56120982284039211 0.30813745711769130 1.00000000000000000 1.04719755119333335 

ZONE I=2, J=2
1.49352580147785852 0.46022315718115153 217.24821154114309252 1.52354286387677895 0.34819795521514679 0.84999999999999998 1.04719755119333335 
1.49939648214966903 0.48540426739534143 126.25542087269896285 1.54121757758322953 0.32932581441012548 0.92499999999999993 1.04719755119333335 
1.52639983193408080 0.45920226982717927 221.73966570743604620 1.56013257452889742 0.32672545269179393 0.84999999999999998 1.07213082622174616 
1.53342081313011036 0.48418416237332712 130.74687503899193075 1.57824624118522516 0.30814362790503724 0.92499999999999993 1.07213082622174616 

ZONE I=2, J=2
1.49939648214966903 0.48540426739534143 123.73153014070939548 1.54121757758322953 0.32932581441012548 0.92499999999999993 1.04719755119333335 
1.50611609577475125 0.51375004570365390 78.66988868986459238 1.56120982284039211 0.30813745711769130 1.00000000000000000 1.04719755119333335 
1.53342081313011036 0.48418416237332712 134.38029635504855719 1.57824624118522516 0.30814362790503724 0.92499999999999993 1.07213082622174616 
1.54116463355498379 0.51251742332081640 89.31865490420375409 1.59859752611817729 0.28696425982501661 1.00000000000000000 1.07213082622174616 

ZONE I=2, J=2
1.52639983193408080 0.45920226982717927 217.99098183919019789 1.56013257452889742 0.32672545269179393 0.84999999999999998 1.07213082622174616 
1.53342081313011036 0.48418416237332712 134.52630815664005581 1.57824624118522516 0.30814362790503724 0.92499999999999993 1.07213082622174616 
1.55852929567791931 0.45510735371873340 222.13223550747326840 1.59451610843580949 0.30603047043374854 0.84999999999999998 1.09706410125015874 
1.56667075104332509 0.47944528260403085 138.66756182492312632 1.61286418258361830 0.28808705233798992 0.92499999999999993 1.09706410125015874 

ZONE I=2, J=2
1.53342081313011036 0.48418416237332712 132.00849492883136804 1.57824624118522516 0.30814362790503724 0.92499999999999993 1.07213082622174616 
1.54116463355498379 0.51251742332081640 89.75656039586942825 1.59859752611817729 0.28696425982501661 1.00000000000000000 1.07213082622174616 
1.56667075104332509 0.47944528260403085 138.56728810299196653 1.61286418258361830 0.28808705233798992 0.92499999999999993 1.09706410125015874 
1.57576442386455473 0.50679429117150310 96.31535357003002673 1.63343329484237842 0.26789857107045112 1.00000000000000000 1.09706410125015874 

ZONE I=2, J=2
1.55852929567791931 0.45510735371873340 220.79843060009628175 1.59451610843580949 0.30603047043374854 0.84999999999999998 1.09706410125015874 
1.56667075104332509 0.47944528260403085 139.92688464451546793 1.61286418258361830 0.28808705233798992 0.92499999999999993 1.09706410125015874 
1.58972296814277025 0.44773117220632858 225.85303111502295792 1.62655417800143298 0.28636309823717782 0.84999999999999998 1.12199737627857155 
1.59922270428964119 0.47135124920644789 144.98148515944214410 1.64536151185016721 0.26920392524271264 0.92499999999999993 1.12199737627857155 

ZONE I=2, J=2
1.56667075104332509 0.47944528260403085 138.23796244295053270 1.61286418258361830 0.28808705233798992 0.92499999999999993 1.09706410125015874 
1.57576442386455473 0.50679429117150310 96.44886768055515347 1.63343329484237842 0.26789857107045112 1.00000000000000000 1.09706410125015874 
1.59922270428964119 0.47135124920644789 144.27037361571993301 1.64536151185016721 0.26920392524271264 0.92499999999999993 1.12199737627857155 
1.60988544857961924 0.49767755490358556 102.48127885332455378 1.66639086845493445 0.25011113476457320 1.00000000000000000 1.12199737627857155 

ZONE I=2, J=2
1.58972296814277025 0.44773117220632858 225.64335878693825066 1.62655417800143298 0.28636309823717782 0.84999999999999998 1.12199737627857155 
1.59922270428964119 0.47135124920644789 145.09000066391936912 1.64536151185016721 0.26920392524271264 0.92499999999999993 1.12199737627857155 
1.61981637634840525 0.43728827142627930 231.38130456711090233 1.65632313309880930 0.26761876648547289 0.84999999999999998 1.14693065130698413 
1.63079786181670494 0.46007765366790754 150.82794644409202078 1.67570580037459349 0.25136265454805828 0.92499999999999993 1.14693065130698413 

ZONE I=2, J=2
1.59922270428964119 0.47135124920644789 144.41076337238405358 1.64536151185016721 0.26920392524271264 0.92499999999999993 1.12199737627857155 
1.60988544857961924 0.49767755490358556 102.34575953402904247 1.66639086845493445 0.25011113476457320 1.00000000000000000 1.12199737627857155 
1.63079786181670494 0.46007765366790754 150.04813177662646240 1.67570580037459349 0.25136265454805828 0.92499999999999993 1.14693065130698413 
1.64309048112798117 0.48532586261255567 107.98312793827145128 1.69729485753320630 0.23340456012112293 1.00000000000000000 1.14693065130698413 

ZONE I=2, J=2
1.61981637634840525 0.43728827142627930 231.84778591491178190 1.65632313309880930 0.26761876648547289 0.84999999999999998 1.14693065130698413 
1.63079786181670494 0.46007765366790754 150.28243462046006584 1.67570580037459349 0.25136265454805828 0.92499999999999993 1.14693065130698413 
1.64865582386660114 0.42405231566211254 238.06052722244467645 1.68391379809779496 0.24964116760566565 0.84999999999999998 1.17186392633539693 
1.66114183996607889 0.44588725541371449 156.49517592799296040 1.70390081528863391 0.23437079315689704 0.92499999999999993 1.17186392633539693 

ZONE I=2, J=2
1.63079786181670494 0.46007765366790754 150.54413324002430841 1.67570580037459349 0.25136265454805828 0.92499999999999993 1.14693065130698413 
1.64309048112798117 0.48532586261255567 107.63116949195992333 1.69729485753320630 0.23340456012112293 1.00000000000000000 1.14693065130698413 
1.66114183996607889 0.44588725541371449 155.82638057430270351 1.70390081528863391 0.23437079315689704 0.92499999999999993 1.17186392633539693 
1.67506533153165549 0.46998019754865594 112.91341682623831844 1.72608951862239657 0.21757808871536660 1.00000000000000000 1.17186392633539693 

ZONE I=2, J=2
1.64865582386660114 0.42405231566211254 238.93688657495090411 1.68391379809779496 0.24964116760566565 0.84999999999999998 1.17186392633539693 
1.66114183996607889 0.44588725541371449 155.51994228178091362 1.70390081528863391 0.23437079315689704 0.92499999999999993 1.17186392633539693 
1.67610597897201652 0.40827667764861963 245.42296738934498990 1.70940327540683334 0.23229623390388096 0.84999999999999998 1.19679720136380974 
1.69005706330518457 0.42904135040763802 162.00602309617499941 1.72997616039416680 0.21806384857470160 0.92499999999999993 1.19679720136380974 

ZONE I=2, J=2
1.66114183996607889 0.44588725541371449 156.55438041696086771 1.70390081528863391 0.23437079315689704 0.92499999999999993 1.17186392633539693 
1.67506533153165549 0.46998019754865594 112.41043070290446337 1.72608951862239657 0.21757808871536660 1.00000000000000000 1.17186392633539693 
1.69005706330518457 0.42904135040763802 161.50048184785234184 1.72997616039416680 0.21806384857470160 0.92499999999999993 1.19679720136380974 
1.70556544599495430 0.45189454092792813 117.35653213379593751 1.75276171475878284 0.20245626186483048 1.00000000000000000 1.19679720136380974 

ZONE I=2, J=2
1.67610597897201652 0.40827667764861963 246.56059357277752042 1.70940327540683334 0.23229623390388096 0.84999999999999998 1.19679720136380974 
1.69005706330518457 0.42904135040763802 160.74614075931367552 1.72997616039416680 0.21806384857470160 0.92499999999999993 1.19679720136380974 
1.70205589398076462 0.39020253776543767 253.14729367249549341 1.73286649163064110 0.21546695546408334 0.84999999999999998 1.22173047639222232 
1.71739434407605573 0.40979710493160176 167.33284085903164851 1.75398165667010497 0.20230014419061049 0.92499999999999993 1.22173047639222232 

ZONE I=2, J=2
1.69005706330518457 0.42904135040763802 162.38815322555541343 1.72997616039416680 0.21806384857470160 0.92499999999999993 1.19679720136380974 
1.70556544599495430 0.45189454092792813 116.74966709282273314 1.75276171475878284 0.20245626186483048 1.00000000000000000 1.19679720136380974 
1.71739434407605573 0.40979710493160176 167.01060255566693513 1.75398165667010497 0.20230014419061049 0.92499999999999993 1.22173047639222232 
1.73440839535006375 0.43132968069823785 121.37211642293425484 1.77733420975189405 0.18788528989156461 1.00000000000000000 1.22173047639222232 

ZONE I=2, J=2
1.70205589398076462 0.39020253776543767 254.44673749791212458 1.73286649163064110 0.21546695546408334 0.84999999999999998 1.22173047639222232 
1.71739434407605573 0.40979710493160176 165.89226290563692601 1.75398165667010497 0.20230014419061049 0.92499999999999993 1.22173047639222232 
1.72641689444311330 0.37005661295425218 260.98884940229226004 1.75437587619007207 0.19905395060659881 0.84999999999999998 1.24666375142063512 
1.74304260992742455 0.38839974685281448 172.43437481001711831 1.77597788981776317 0.18696106080246616 0.92499999999999993 1.24666375142063512 

ZONE I=2, J=2
1.71739434407605573 0.40979710493160176 167.99866968294543312 1.75398165667010497 0.20230014419061049 0.92499999999999993 1.22173047639222232 
1.73440839535006375 0.43132968069823785 120.70031318502188356 1.77733420975189405 0.18788528989156461 1.00000000000000000 1.22173047639222232 
1.74304260992742455 0.38839974685281448 172.30454372746578429 1.77597788981776317 0.18696106080246616 0.92499999999999993 1.24666375142063512 
1.76146076275935104 0.40854094785032397 125.00618722954220630 1.79985166419082576 0.17373460139163480 1.00000000000000000 1.24666375142063512 

ZONE I=2, J=2
1.72641689444311330 0.37005661295425218 262.37806363884692473 1.75437587619007207 0.19905395060659881 0.84999999999999998 1.24666375142063512 
1.74304260992742455 0.38839974685281448 170.89257979683972621 1.77597788981776317 0.18696106080246616 0.92499999999999993 1.24666375142063512 
1.74911951565449386 0.34805116942928893 268.75543719949655497 1.77400092637758422 0.18297379538059552 0.84999999999999998 1.27159702644904771 
1.76692067652946716 0.36507974633131046 177.26995335748941329 1.79603049277590143 0.17194873465029231 0.92499999999999993 1.27159702644904771 

ZONE I=2, J=2
1.74304260992742455 0.38839974685281448 173.34498995920540665 1.77597788981776317 0.18696106080246616 0.92499999999999993 1.24666375142063512 
1.76146076275935104 0.40854094785032397 124.30160911298941073 1.79985166419082576 0.17373460139163480 1.00000000000000000 1.24666375142063512 
1.76692067652946716 0.36507974633131046 177.33758372554592597 1.79603049277590143 0.17194873465029231 0.92499999999999993 1.27159702644904771 
1.78662800832290025 0.38377165218408782 128.29420287932993006 1.82037181908206613 0.15989609574910688 1.00000000000000000 1.27159702644904771 

ZONE I=2, J=2
1.74911951565449386 0.34805116942928893 270.17897067052655302 1.77400092637758422 0.18297379538059552 0.84999999999999998 1.27159702644904771 
1.76692067652946716 0.36507974633131046 175.68956735434437633 1.79603049277590143 0.17194873465029231 0.92499999999999993 1.27159702644904771 
1.77011023818877677 0.32438444615278750 276.29311650976745796 1.79180747030863263 0.16715715238289233 0.84999999999999998 1.29653030147746051 
1.78897051051030331 0.34005176177500041 181.80371319358528126 1.81420616884711872 0.15718353946528882 0.92499999999999993 1.29653030147746051 

ZONE I=2, J=2
1.76692067652946716 0.36507974633131046 178.39163920101572103 1.79603049277590143 0.17194873465029231 0.92499999999999993 1.27159702644904771 
1.78662800832290025 0.38377165218408782 127.58297903737924628 1.82037181908206613 0.15989609574910688 1.00000000000000000 1.27159702644904771 
1.78897051051030331 0.34005176177500041 182.07178742147982575 1.81420616884711872 0.15718353946528882 0.92499999999999993 1.29653030147746051 
1.80984565577744005 0.35724960519101789 131.26312725784333679 1.83895896180175678 0.14628231251458537 1.00000000000000000 1.29653030147746051 

ZONE I=2, J=2
1.77011023818877677 0.32438444615278750 277.70690009980489776 1.79180747030863263 0.16715715238289233 0.84999999999999998 1.29653030147746051 
1.78897051051030331 0.34005176177500041 180.23478968626858432 1.81420616884711872 0.15718353946528882 0.92499999999999993 1.29653030147746051 
1.78934850662476586 0.29924142770721607 283.47769049590522172 1.80785703089951788 0.15154691037336374 0.84999999999999998 1.32146357650587309 
1.80915178842749524 0.31351474502899301 186.00558008236885144 1.83056998812610283 0.14260156904115229 0.92499999999999993 1.32146357650587309 

ZONE I=2, J=2
1.78897051051030331 0.34005176177500041 183.10852051606312330 1.81420616884711872 0.15718353946528882 0.92499999999999993 1.29653030147746051 
1.80984565577744005 0.35724960519101789 130.56604945886161318 1.83895896180175678 0.14628231251458537 1.00000000000000000 1.29653030147746051 
1.80915178842749524 0.31351474502899301 186.47560890090167618 1.83056998812610283 0.14260156904115229 0.92499999999999993 1.32146357650587309 
1.83107193280599323 0.32918582775779182 133.93313784370016606 1.85567925774735532 0.13282403650199368 1.00000000000000000 1.32146357650587309 

ZONE I=2, J=2
1.78934850662476586 0.29924142770721607 284.84617190511903573 1.80785703089951788 0.15154691037336374 0.84999999999999998 1.32146357650587309 
1.80915178842749524 0.31351474502899301 184.48831125343815529 1.83056998812610283 0.14260156904115229 0.92499999999999993 1.32146357650587309 
1.80680413107290883 0.27279481838003294 290.20887924609348829 1.82220633699220191 0.13609645999285319 0.84999999999999998 1.34639685153428590 
1.82743752606059084 0.28565273453547546 189.85101859441266470 1.84518356520044002 0.12815228096386358 0.92499999999999993 1.34639685153428590 

ZONE I=2, J=2
1.80915178842749524 0.31351474502899301 187.47055789819870597 1.83056998812610283 0.14260156904115229 0.92499999999999993 1.32146357650587309 
1.83107193280599323 0.32918582775779182 133.26646919657486023 1.85567925774735532 0.13282403650199368 1.00000000000000000 1.32146357650587309 
1.82743752606059084 0.28565273453547546 190.52321875233815263 1.84518356520044002 0.12815228096386358 0.92499999999999993 1.34639685153428590 
1.85028177463067212 0.29977466240628686 136.31913005071430689 1.87059748534334491 0.11946774283624244 1.00000000000000000 1.34639685153428590 

ZONE I=2, J=2
1.80680413107290883 0.27279481838003294 291.50325264283452498 1.82220633699220191 0.13609645999285319 0.84999999999999998 1.34639685153428590 
1.82743752606059084 0.28565273453547546 188.41764446984751658 1.84518356520044002 0.12815228096386358 0.92499999999999993 1.34639685153428590 
1.82245508151913604 0.24520613742948127 296.40597589841758008 1.83490698166478916 0.12076813580501769 0.84999999999999998 1.37133012656269848 
1.84381059724927709 0.25663605173008341 193.32036772543057168 1.85810386408308403 0.11379636134716152 0.92499999999999993 1.37133012656269848 

ZONE I=2, J=2
1.82743752606059084 0.28565273453547546 191.45716891994084108 1.84518356520044002 0.12815228096386358 0.92499999999999993 1.34639685153428590 
1.85028177463067212 0.29977466240628686 135.69542493057775800 1.87059748534334491 0.11946774283624244 1.00000000000000000 1.34639685153428590 
1.84381059724927709 0.25663605173008341 194.19372975572912310 1.85810386408308403 0.11379636134716152 0.92499999999999993 1.37133012656269848 
1.86746205312587121 0.26919474288510653 138.43198576636604002 1.88377482664691809 0.10617312255672856 1.00000000000000000 1.37133012656269848 

ZONE I=2, J=2
1.82245508151913604 0.24520613742948127 297.60295027843790194 1.83490698166478916 0.12076813580501769 0.84999999999999998 1.37133012656269848 
1.84381059724927709 0.25663605173008341 191.99662714526829177 1.85810386408308403 0.11379636134716152 0.92499999999999993 1.37133012656269848 
1.83628564738503042 0.21662687949661782 302.00441191433617405 1.84600520514762168 0.10553182591327391 0.84999999999999998 1.39626340159111129 
1.85826098617549040 0.22662271147022911 196.39808878116656388 1.86938244717004531 0.09950383062253271 0.92499999999999993 1.39626340159111129 

ZONE I=2, J=2
1.84381059724927709 0.25663605173008341 195.05167458412694259 1.85810386408308403 0.11379636134716152 0.92499999999999993 1.37133012656269848 
1.86746205312587121 0.26919474288510653 137.86083716970898649 1.88377482664691809 0.10617312255672856 1.00000000000000000 1.37133012656269848 
1.85826098617549040 0.22662271147022911 197.47043119390099264 1.86938244717004531 0.09950383062253271 0.92499999999999993 1.39626340159111129 
1.88260785334045955 0.23761044418670693 140.27959377948303654 1.89526743047860169 0.09291081537052788 1.00000000000000000 1.39626340159111129 

ZONE I=2, J=2
1.83628564738503042 0.21662687949661782 303.08527334386792518 1.84600520514762168 0.10553182591327391 0.84999999999999998 1.39626340159111129 
1.85826098617549040 0.22662271147022911 195.20437783446496383 1.86938244717004531 0.09950383062253271 0.92499999999999993 1.39626340159111129 
1.84828492294681879 0.18719970121966695 306.95295378790569885 1.85554177515383256 0.09036373823732985 0.84999999999999998 1.42119667661952387 
1.87078363894428534 0.19575992317660701 199.07205827850268065 1.87906503396206781 0.08525238650539910 0.92499999999999993 1.42119667661952387 

ZONE I=2, J=2
1.85826098617549040 0.22662271147022911 198.24072028040174587 1.86938244717004531 0.09950383062253271 0.92499999999999993 1.39626340159111129 
1.88260785334045955 0.23761044418670693 139.76826892887780218 1.89526743047860169 0.09291081537052788 1.00000000000000000 1.39626340159111129 
1.87078363894428534 0.19575992317660701 200.34009184592341057 1.87906503396206781 0.08525238650539910 0.92499999999999993 1.42119667661952387 
1.89571961390433530 0.20517356475912246 141.86764049439946689 1.90512552515899647 0.07966040173904677 1.00000000000000000 1.42119667661952387 

ZONE I=2, J=2
1.84828492294681879 0.18719970121966695 307.90281141386793706 1.85554177515383256 0.09036373823732985 0.84999999999999998 1.42119667661952387 
1.87078363894428534 0.19575992317660701 198.02437848139410903 1.87906503396206781 0.08525238650539910 0.92499999999999993 1.42119667661952387 
1.85844557713519087 0.15705960754491599 311.21138741298915420 1.86355193841849642 0.07524530757582203 0.84999999999999998 1.44612995164793667 
1.88137680041454280 0.16418560533652654 201.33295448051526932 1.88719127017630983 0.07102596643559965 0.92499999999999993 1.44612995164793667 

ZONE I=2, J=2
1.87078363894428534 0.19575992317660701 201.01374635225960219 1.87906503396206781 0.08525238650539910 0.92499999999999993 1.42119667661952387 
1.89571961390433530 0.20517356475912246 141.42159801151387910 1.90512552515899647 0.07966040173904677 1.00000000000000000 1.42119667661952387 
1.88137680041454280 0.16418560533652654 202.79235423166500141 1.88719127017630983 0.07102596643559965 0.92499999999999993 1.44612995164793667 
1.90680096175956559 0.17202508539923972 143.20020589091927832 1.91339290985129873 0.06640866136732892 1.00000000000000000 1.44612995164793667 

ZONE I=2, J=2
1.85844557713519087 0.15705960754491599 312.01855302766381328 1.86355193841849642 0.07524530757582203 0.84999999999999998 1.44612995164793667 
1.88137680041454280 0.16418560533652654 200.44369358424017946 1.88719127017630983 0.07102596643559965 0.92499999999999993 1.44612995164793667 
1.86676286854371831 0.12633512094247290 314.74860914945003287 1.87006542045178525 0.06016222558723253 0.84999999999999998 1.47106322667634926 
1.89004074117662180 0.13202986841196790 203.17374970602639905 1.89379463384902014 0.05681350424864947 0.92499999999999993 1.47106322667634926 

ZONE I=2, J=2
1.88137680041454280 0.16418560533652654 203.36252486046507215 1.88719127017630983 0.07102596643559965 0.92499999999999993 1.44612995164793667 
1.90680096175956559 0.17202508539923972 142.82350430130148311 1.91339290985129873 0.06640866136732892 1.00000000000000000 1.44612995164793667 
1.89004074117662180 0.13202986841196790 204.81922392677748235 1.89379463384902014 0.05681350424864947 0.92499999999999993 1.47106322667634926 
1.91585709492487077 0.13829691401199121 144.28020336761389331 1.92010669657117683 0.05314807975579763 1.00000000000000000 1.47106322667634926 

ZONE I=2, J=2
1.86676286854371831 0.12633512094247290 315.40408652334753015 1.87006542045178525 0.06016222558723253 0.84999999999999998 1.47106322667634926 
1.89004074117662180 0.13202986841196790 202.45231953667720859 1.89379463384902014 0.05681350424864947 0.92499999999999993 1.47106322667634926 
1.87323387080010750 0.09514942436228478 317.54107265307931129 1.87510645435734502 0.04510357520922210 0.84999999999999998 1.49599650170476206 
1.89677679712718428 0.09941644373811775 204.58930566640893289 1.89890242464476544 0.04260785237282746 0.92499999999999993 1.49599650170476206 

ZONE I=2, J=2
1.89004074117662180 0.13202986841196790 205.28076748718999056 1.89379463384902014 0.05681350424864947 0.92499999999999993 1.47106322667634926 
1.91585709492487077 0.13829691401199121 143.97581655165916459 1.92010669657117683 0.05314807975579763 1.00000000000000000 1.47106322667634926 
1.89677679712718428 0.09941644373811775 206.41464974610576633 1.89890242464476544 0.04260785237282746 0.92499999999999993 1.49599650170476206 
1.92289359291575002 0.10411356927109178 145.10969881057494035 1.92529720920600789 0.03987557154908925 1.00000000000000000 1.49599650170476206 

ZONE I=2, J=2
1.87323387080010750 0.09514942436228478 318.03814432023710879 1.87510645435734502 0.04510357520922210 0.84999999999999998 1.49599650170476206 
1.89677679712718428 0.09941644373811775 204.04265279108793152 1.89890242464476544 0.04260785237282746 0.92499999999999993 1.49599650170476206 
1.87785687866666917 0.06362147467183063 319.57155573105234225 1.87869382337881219 0.03006105110343437 0.84999999999999998 1.52092977673317464 
1.90158665998019738 0.06646405138342402 205.57606420190322183 1.90253579745846579 0.02840483990485526 0.92499999999999993 1.52092977673317464 

ZONE I=2, J=2
1.89677679712718428 0.09941644373811775 206.76380409481754441 1.89890242464476544 0.04260785237282746 0.92499999999999993 1.49599650170476206 
1.92289359291575002 0.10411356927109178 144.87975428434344849 1.92529720920600789 0.03987557154908925 1.00000000000000000 1.49599650170476206 
1.90158665998019738 0.06646405138342402 207.57418799650827168 1.90253579745846579 0.02840483990485526 0.92499999999999993 1.52092977673317464 
1.92791555944991289 0.06959378513956377 145.69013818603417576 1.92898797238288688 0.02659138396700303 1.00000000000000000 1.52092977673317464 

ZONE I=2, J=2
1.87785687866666917 0.06362147467183063 319.90545986739078899 1.87869382337881219 0.03006105110343437 0.84999999999999998 1.52092977673317464 
1.90158665998019738 0.06646405138342402 205.20906494413847554 1.90253579745846579 0.02840483990485526 0.92499999999999993 1.52092977673317464 
1.88063097076738850 0.03186708779121408 320.82822030381413470 1.88084090535409221 0.01502824808759080 0.84999999999999998 1.54586305176158745 
1.90447187119503814 0.03328771020866805 206.13182538056176440 1.90470981270034190 0.01420243736458906 0.92499999999999993 1.54586305176158745 

ZONE I=2, J=2
1.90158665998019738 0.06646405138342402 207.80832935955169205 1.90253579745846579 0.02840483990485526 0.92499999999999993 1.52092977673317464 
1.92791555944991289 0.06959378513956377 145.53609194629689227 1.92898797238288688 0.02659138396700303 1.00000000000000000 1.52092977673317464 
1.90447187119503814 0.03328771020866805 208.29474388218665126 1.90470981270034190 0.01420243736458906 0.92499999999999993 1.54586305176158745 
1.93092702462151622 0.03485203679458962 146.02250646893185149 1.93119574313285947 0.01329814227461357 1.00000000000000000 1.54586305176158745 

ZONE I=2, J=2
1.88063097076738850 0.03186708779121408 320.99591279109029074 1.88084090535409221 0.01502824808759080 0.84999999999999998 1.54586305176158745 
1.90447187119503814 0.03328771020866805 205.94757413590113515 1.90470981270034190 0.01420243736458906 0.92499999999999993 1.54586305176158745 
1.88155571028216917 0.00000000000921320 321.30394491229731102 1.88155571028216917 0.00000000000000000 0.84999999999999998 1.57079632679000003 
1.90543348416197245 0.00000000000933012 206.25560625710821228 1.90543348416197245 0.00000000000000000 0.92499999999999993 1.57079632679000003 

ZONE I=2, J=2
1.90447187119503814 0.03328771020866805 208.41221474283764792 1.90470981270034190 0.01420243736458906 0.92499999999999993 1.54586305176158745 
1.93092702462151622 0.03485203679458962 145.94526519621450689 1.93119574313285947 0.01329814227461357 1.00000000000000000 1.54586305176158745 
1.90543348416197245 0.00000000000933012 208.57438414386297154 1.90543348416197245 0.00000000000000000 0.92499999999999993 1.57079632679000003 
1.93193055331037700 0.00000000000945987 146.10743459723983051 1.93193055331037700 0.00000000000000000 1.00000000000000000 1.57079632679000003 

