#Contact mesh details for the compression of a sphere.
nreler=1_nreletheta=48_H=0.7500_lambda=1.00_vol=0.2430_t=0.10_CL=MR_C1=1.3000_C2=1.1000
ZONE I=5
0 0.75 1 0 0.75 0 1.43256e-10 0.29175 -0 -0 -0 -0 0 0 -0.000146336 3.19263e-06 3.19263e-06 -0.000146336 
0.00787907 0.75 1 0.00818126 0.750039 0.00174293 1.06405e-08 0.294292 -0 -0 -0 -0 0 0 -0.000146336 3.19263e-06 1.99532e-06 -0.000146357 
0.0157567 0.75 1 0.0163625 0.750157 0.00348329 1.43256e-10 0.295438 -0 -0 -0 -0 0 0 -0.000146336 3.19263e-06 7.97885e-07 -0.000146369 
0.0236341 0.75 1 0.0245437 0.750354 0.00522107 0 0.295186 -0 -0 -0 -0 0 0 -0.000146336 3.19263e-06 -3.99601e-07 -0.00014637 
0.0315124 0.75 1 0.0327249 0.750629 0.00695627 2.72179e-10 0.293537 -0 -0 -0 -0 0 0 -0.000146336 3.19263e-06 -1.59706e-06 -0.000146362 
ZONE I=5
0.0315124 0.75 1 0.0327249 0.750629 0.00695627 2.72179e-10 0.293537 -0 -0 -0 -0 0 0 -0.000438346 2.23326e-05 7.97838e-06 -0.000438842 
0.039391 0.75 1 0.0409062 0.750984 0.00868701 1.9729e-08 0.294801 -0 -0 -0 -0 0 0 -0.000438346 2.23326e-05 4.38787e-06 -0.000438893 
0.0472682 0.75 1 0.0490874 0.751416 0.0104105 3.16213e-10 0.295243 -0 -0 -0 -0 0 0 -0.000438346 2.23326e-05 7.97075e-07 -0.000438914 
0.055145 0.75 1 0.0572686 0.751927 0.0121266 0 0.294862 -0 -0 -0 -0 0 0 -0.000438346 2.23326e-05 -2.79376e-06 -0.000438906 
0.0630228 0.75 1 0.0654498 0.752516 0.0138355 6.85962e-10 0.293659 -0 -0 -0 -0 0 0 -0.000438346 2.23326e-05 -6.3844e-06 -0.000438868 
ZONE I=5
0.0630228 0.75 1 0.0654498 0.752516 0.0138355 6.85962e-10 0.293659 -0 -0 -0 -0 0 0 -0.0007287 6.05481e-05 1.27592e-05 -0.0007311 
0.0709005 0.75 1 0.0736311 0.753184 0.015535 2.98916e-08 0.294783 -0 -0 -0 -0 0 0 -0.0007287 6.05481e-05 6.7775e-06 -0.00073118 
0.0787767 0.75 1 0.0818123 0.753929 0.0172224 6.73921e-10 0.295141 -0 -0 -0 -0 0 0 -0.0007287 6.05481e-05 7.95375e-07 -0.000731211 
0.0866524 0.75 1 0.0899936 0.754753 0.0188977 0 0.294732 -0 -0 -0 -0 0 0 -0.0007287 6.05481e-05 -5.18681e-06 -0.000731193 
0.094529 0.75 1 0.0981748 0.755654 0.020561 4.85301e-10 0.293556 -0 -0 -0 -0 0 0 -0.0007287 6.05481e-05 -1.11686e-05 -0.000731126 
ZONE I=5
0.094529 0.75 1 0.0981748 0.755654 0.020561 4.85301e-10 0.293556 -0 -0 -0 -0 0 0 -0.00101608 0.000117689 1.75293e-05 -0.00102272 
0.102405 0.75 1 0.106356 0.756633 0.0222099 3.71946e-08 0.294642 -0 -0 -0 -0 0 0 -0.00101608 0.000117689 9.16189e-06 -0.00102283 
0.11028 0.75 1 0.114537 0.757689 0.0238421 6.17586e-10 0.294974 -0 -0 -0 -0 0 0 -0.00101608 0.000117689 7.93694e-07 -0.00102287 
0.118154 0.75 1 0.122718 0.758823 0.0254574 0 0.294551 -0 -0 -0 -0 0 0 -0.00101608 0.000117689 -7.57476e-06 -0.00102284 
0.126029 0.75 1 0.1309 0.760034 0.027056 5.98205e-10 0.293375 -0 -0 -0 -0 0 0 -0.00101608 0.000117689 -1.59429e-05 -0.00102275 
ZONE I=5
0.126029 0.75 1 0.1309 0.760034 0.027056 5.98205e-10 0.293375 -0 -0 -0 -0 0 0 -0.00129929 0.000193531 2.22838e-05 -0.00131343 
0.133903 0.75 1 0.139081 0.761321 0.0286354 4.70191e-08 0.294422 -0 -0 -0 -0 0 0 -0.00129929 0.000193531 1.15382e-05 -0.00131357 
0.141776 0.75 1 0.147262 0.762685 0.0301933 6.04679e-10 0.294734 -0 -0 -0 -0 0 0 -0.00129929 0.000193531 7.91441e-07 -0.00131362 
0.149647 0.75 1 0.155443 0.764125 0.0317296 0 0.294312 -0 -0 -0 -0 0 0 -0.00129929 0.000193531 -9.95569e-06 -0.00131358 
0.15752 0.75 1 0.163625 0.765642 0.0332444 5.76415e-10 0.293154 -0 -0 -0 -0 0 0 -0.00129929 0.000193531 -2.07025e-05 -0.00131346 
ZONE I=5
0.15752 0.75 1 0.163625 0.765642 0.0332444 5.76415e-10 0.293154 -0 -0 -0 -0 0 0 -0.00157751 0.00028784 2.70265e-05 -0.00160332 
0.165392 0.75 1 0.171806 0.767234 0.0347354 5.75751e-08 0.294165 -0 -0 -0 -0 0 0 -0.00157751 0.00028784 1.39091e-05 -0.00160349 
0.173262 0.75 1 0.179987 0.768901 0.0362001 5.95414e-10 0.294479 -0 -0 -0 -0 0 0 -0.00157751 0.00028784 7.90465e-07 -0.00160355 
0.181131 0.75 1 0.188168 0.770644 0.0376386 0 0.294095 -0 -0 -0 -0 0 0 -0.00157751 0.00028784 -1.23287e-05 -0.0016035 
0.189 0.75 1 0.19635 0.772461 0.0390508 9.95799e-10 0.293015 -0 -0 -0 -0 0 0 -0.00157751 0.00028784 -2.54474e-05 -0.00160335 
ZONE I=5
0.189 0.75 1 0.19635 0.772461 0.0390508 9.95799e-10 0.293015 -0 -0 -0 -0 0 0 -0.00185108 0.000400608 3.17823e-05 -0.00189366 
0.196869 0.75 1 0.204531 0.774353 0.0404347 7.20696e-08 0.294032 -0 -0 -0 -0 0 0 -0.00185108 0.000400608 1.62893e-05 -0.00189386 
0.204736 0.75 1 0.212712 0.776319 0.0417876 9.90311e-10 0.294418 -0 -0 -0 -0 0 0 -0.00185108 0.000400608 7.95256e-07 -0.00189393 
0.212601 0.75 1 0.220893 0.778358 0.0431096 0 0.294172 -0 -0 -0 -0 0 0 -0.00185108 0.000400608 -1.46988e-05 -0.00189387 
0.220467 0.75 1 0.229074 0.78047 0.0444007 1.04185e-09 0.293296 -0 -0 -0 -0 0 0 -0.00185108 0.000400608 -3.0192e-05 -0.00189369 
ZONE I=5
0.220467 0.75 1 0.229074 0.78047 0.0444007 1.04185e-09 0.293296 -0 -0 -0 -0 0 0 -0.00212389 0.000532854 3.66489e-05 -0.00218941 
0.228333 0.75 1 0.237256 0.782656 0.0456593 8.52617e-08 0.294463 -0 -0 -0 -0 0 0 -0.00212389 0.000532854 1.87349e-05 -0.00218964 
0.236196 0.75 1 0.245437 0.784914 0.0468824 1.15425e-09 0.295099 -0 -0 -0 -0 0 0 -0.00212389 0.000532854 8.20242e-07 -0.00218972 
0.244058 0.75 1 0.253618 0.787244 0.0480701 0 0.295205 -0 -0 -0 -0 0 0 -0.00212389 0.000532854 -1.70939e-05 -0.00218965 
0.25192 0.75 1 0.261799 0.789646 0.0492223 1.31108e-09 0.294781 -0 -0 -0 -0 0 0 -0.00212389 0.000532854 -3.50064e-05 -0.00218944 
ZONE I=5
0.25192 0.75 1 0.261799 0.789646 0.0492223 1.31108e-09 0.294781 -0 -0 -0 -0 0 0 -0.00240685 0.000688243 4.18548e-05 -0.00250297 
0.259783 0.75 1 0.269981 0.79212 0.0503379 9.21858e-08 0.296456 -0 -0 -0 -0 0 0 -0.00240685 0.000688243 2.13753e-05 -0.00250322 
0.267643 0.75 1 0.278162 0.794663 0.0514138 1.44921e-09 0.297726 -0 -0 -0 -0 0 0 -0.00240685 0.000688243 8.95011e-07 -0.00250332 
0.275502 0.75 1 0.286343 0.797277 0.0524501 0 0.298592 -0 -0 -0 -0 0 0 -0.00240685 0.000688243 -1.95847e-05 -0.00250324 
0.283361 0.75 1 0.294524 0.799961 0.0534467 1.6512e-09 0.299053 -0 -0 -0 -0 0 0 -0.00240685 0.000688243 -4.00625e-05 -0.002503 
ZONE I=5
0.283361 0.75 1 0.294524 0.799961 0.0534467 1.6512e-09 0.299053 -0 -0 -0 -0 0 0 -0.00272522 0.000876755 4.7913e-05 -0.00286238 
0.291222 0.75 1 0.302706 0.802714 0.0544029 9.24173e-08 0.301995 -0 -0 -0 -0 0 0 -0.00272522 0.000876755 2.44927e-05 -0.00286268 
0.29908 0.75 1 0.310887 0.805537 0.0553158 1.79938e-09 0.304624 -0 -0 -0 -0 0 0 -0.00272522 0.000876755 1.07149e-06 -0.00286278 
0.306939 0.75 1 0.319068 0.808427 0.0561855 0 0.306941 -0 -0 -0 -0 0 0 -0.00272522 0.000876755 -2.23491e-05 -0.0028627 
0.314798 0.75 1 0.327249 0.811386 0.057012 2.81795e-09 0.308945 -0 -0 -0 -0 0 0 -0.00272522 0.000876755 -4.57674e-05 -0.00286242 
ZONE I=5
0.314798 0.75 1 0.327249 0.811386 0.057012 2.81795e-09 0.308945 -0 -0 -0 -0 0 0 -0.0031278 0.00112067 5.57953e-05 -0.00332203 
0.322659 0.75 1 0.335431 0.814413 0.0577945 7.99888e-08 0.314574 -0 -0 -0 -0 0 0 -0.0031278 0.00112067 2.86142e-05 -0.00332238 
0.33052 0.75 1 0.343612 0.817507 0.0585313 2.92602e-09 0.319772 -0 -0 -0 -0 0 0 -0.0031278 0.00112067 1.43188e-06 -0.0033225 
0.338382 0.75 1 0.351793 0.820668 0.0592223 0 0.324538 -0 -0 -0 -0 0 0 -0.0031278 0.00112067 -2.57497e-05 -0.0033224 
0.346247 0.75 1 0.359974 0.823895 0.0598676 3.16053e-09 0.328871 -0 -0 -0 -0 0 0 -0.0031278 0.00112067 -5.29286e-05 -0.00332208 
ZONE I=5
0.346247 0.75 1 0.359974 0.823895 0.0598676 3.16053e-09 0.328871 -0 -0 -0 -0 0 0 -0.00369465 0.00146225 6.70873e-05 -0.00397292 
0.354115 0.75 1 0.368156 0.827189 0.0604656 4.1718e-08 0.339528 -0 -0 -0 -0 0 0 -0.00369465 0.00146225 3.45805e-05 -0.00397334 
0.361987 0.75 1 0.376337 0.830549 0.0610173 3.38214e-09 0.348995 -0 -0 -0 -0 0 0 -0.00369465 0.00146225 2.07232e-06 -0.00397349 
0.369865 0.75 1 0.384518 0.833975 0.0615226 0 0.357271 -0 -0 -0 -0 0 0 -0.00369465 0.00146225 -3.0435e-05 -0.00397337 
0.377748 0.75 1 0.392699 0.837468 0.0619815 3.66201e-09 0.364358 -0 -0 -0 -0 0 0 -0.00369465 0.00146225 -6.29393e-05 -0.00397299 
ZONE I=5
0.377748 0.75 1 0.392699 0.837468 0.0619815 3.66201e-09 0.364358 -0 -0 -0 -0 0 0 -0.00452837 0.00196641 8.37967e-05 -0.00493618 
0.385635 0.75 1 0.400881 0.841024 0.0623891 0 0.383236 -0 -0 -0 -0 0 0 -0.00452837 0.00196641 4.34084e-05 -0.0049367 
0.393533 0.75 1 0.409062 0.844648 0.0627525 3.84677e-09 0.398661 -0 -0 -0 -0 0 0 -0.00452837 0.00196641 3.01845e-06 -0.00493689 
0.401443 0.75 1 0.417243 0.848339 0.063072 5.03336e-08 0.410634 -0 -0 -0 -0 0 0 -0.00452837 0.00196641 -3.73705e-05 -0.00493675 
0.409367 0.75 1 0.425424 0.852097 0.0633473 2.49032e-09 0.419154 -0 -0 -0 -0 0 0 -0.00452837 0.00196641 -7.77557e-05 -0.00493628 
ZONE I=5
0.409367 0.75 1 0.425424 0.852097 0.0633473 2.49032e-09 0.419154 -0 -0 -0 -0 0 0 -0.00568943 0.0026953 0.000106988 -0.00629467 
0.41729 0.75 1 0.433605 0.855915 0.0635641 0 0.449007 -0 -0 -0 -0 0 0 -0.00568943 0.0026953 5.54894e-05 -0.00629533 
0.425236 0.75 1 0.441786 0.859804 0.063743 2.58106e-09 0.470243 -0 -0 -0 -0 0 0 -0.00568943 0.0026953 3.98521e-06 -0.00629557 
0.433207 0.75 1 0.449967 0.863764 0.0638841 1.93141e-07 0.482862 -0 -0 -0 -0 0 0 -0.00568943 0.0026953 -4.75208e-05 -0.0062954 
0.441204 0.75 1 0.458149 0.867794 0.0639872 4.78721e-09 0.486863 -0 -0 -0 -0 0 0 -0.00568943 0.0026953 -9.90252e-05 -0.0062948 
ZONE I=5
0.441204 0.75 1 0.458149 0.867794 0.0639872 4.78721e-09 0.486863 -0 -0 -0 -0 0 0 -0.0069903 0.00359488 0.000132419 -0.00785938 
0.449187 0.75 1 0.46633 0.871878 0.064017 0 0.52501 -0 -0 -0 -0 0 0 -0.0069903 0.00359488 6.81186e-05 -0.0078602 
0.457211 0.75 1 0.474511 0.876038 0.0640186 2.92254e-09 0.545582 -0 -0 -0 -0 0 0 -0.0069903 0.00359488 3.81177e-06 -0.0078605 
0.465275 0.75 1 0.482692 0.880276 0.0639922 3.85167e-07 0.548579 -0 -0 -0 -0 0 0 -0.0069903 0.00359488 -6.04973e-05 -0.00786026 
0.473382 0.75 1 0.490874 0.884592 0.0639376 2.70444e-09 0.534002 -0 -0 -0 -0 0 0 -0.0069903 0.00359488 -0.000124804 -0.00785951 
ZONE I=5
0.473382 0.75 1 0.490874 0.884592 0.0639376 2.70444e-09 0.534002 -0 -0 -0 -0 0 0 -0.00751093 0.004174 0.000140504 -0.00859166 
0.481446 0.749999 1 0.499055 0.888944 0.0637797 0 0.555619 -0 -0 -0 -0 0 0 -0.00751093 0.004174 7.02133e-05 -0.00859252 
0.489568 0.75 1 0.507236 0.893382 0.0636043 2.90162e-09 0.554028 -0 -0 -0 -0 0 0 -0.00751093 0.004174 -8.47899e-08 -0.00859281 
0.497749 0.750001 1 0.515417 0.897906 0.0634115 6.01505e-07 0.529229 -0 -0 -0 -0 0 0 -0.00751093 0.004174 -7.0385e-05 -0.00859252 
0.505991 0.75 1 0.523599 0.902515 0.0632012 4.86733e-09 0.481221 -0 -0 -0 -0 0 0 -0.00751093 0.004174 -0.000140683 -0.00859166 
ZONE I=5
0.505991 0.75 1 0.523599 0.902515 0.0632012 4.86733e-09 0.481221 -0 -0 -0 -0 0 0 -0.00297488 0.00174535 2.40798e-05 -0.003449 
0.51413 0.750055 1 0.53178 0.907176 0.0628027 5.52189e-05 0.320011 -0 -0 -0 -0 0 0 -0.00297488 0.00174535 -4.13649e-06 -0.00344908 
0.522329 0.75 1 0.539961 0.911827 0.06244 3.7106e-09 0.186071 -0 -0 -0 -0 0 0 -0.00297488 0.00174535 -3.23534e-05 -0.00344893 
0.530587 0.749833 1 0.548142 0.916469 0.0621131 0 0.079401 -0 -0 -0 -0 0 0 -0.00297488 0.00174535 -6.0569e-05 -0.00344855 
0.538903 0.749554 1 0.556324 0.9211 0.0618222 0 -3.89657e-09 0 0 -0 -0 0 0 -0.00297488 0.00174535 -8.87814e-05 -0.00344794 
ZONE I=5
0.538903 0.749554 1 0.556324 0.9211 0.0618222 0 -3.89657e-09 0 0 -0 -0 0 0 2.76983e-10 -1.4558e-10 2.26392e-11 3.1209e-10 
0.547113 0.74907 1 0.564505 0.925559 0.0614795 0 -9.33766e-09 0 0 -0 -0 0 0 2.76983e-10 -1.4558e-10 2.51916e-11 3.11895e-10 
0.555368 0.748446 1 0.572686 0.92998 0.0611818 0 -1.59608e-08 0 0 -0 -0 0 0 2.76983e-10 -1.4558e-10 2.77423e-11 3.11678e-10 
0.563666 0.74768 1 0.580867 0.934362 0.060929 0 -2.3766e-08 0 0 -0 -0 0 0 2.76983e-10 -1.4558e-10 3.02913e-11 3.11441e-10 
0.572005 0.74677 1 0.589049 0.938706 0.0607212 0 -3.27532e-08 0 0 -0 -0 0 0 2.76983e-10 -1.4558e-10 3.28384e-11 3.11183e-10 
ZONE I=5
0.572005 0.74677 1 0.589049 0.938706 0.0607212 0 -3.27532e-08 0 0 -0 -0 0 0 9.25003e-11 -4.72895e-11 1.20706e-11 1.03184e-10 
0.580278 0.74573 1 0.59723 0.942963 0.0604653 0 -1.22824e-08 0 0 -0 -0 0 0 9.25003e-11 -4.72895e-11 1.29143e-11 1.03082e-10 
0.58857 0.744546 1 0.605411 0.947172 0.0602414 0 0 -0 -0 -0 -0 0 0 9.25003e-11 -4.72895e-11 1.37572e-11 1.02973e-10 
0.596881 0.743218 1 0.613592 0.951333 0.0600496 0 4.09415e-09 -0 -0 -0 -0 0 0 9.25003e-11 -4.72895e-11 1.45992e-11 1.02857e-10 
0.605207 0.741746 1 0.621774 0.955445 0.0598898 0 0 -0 -0 -0 -0 0 0 9.25003e-11 -4.72895e-11 1.54402e-11 1.02734e-10 
ZONE I=5
0.605207 0.741746 1 0.621774 0.955445 0.0598898 0 0 -0 -0 -0 -0 0 0 0 0 0 0 
0.61347 0.740133 1 0.629955 0.959467 0.059698 0 0 -0 -0 -0 -0 0 0 0 0 0 0 
0.621726 0.73837 1 0.638136 0.963426 0.0595288 0 0 -0 -0 -0 -0 0 0 0 0 0 0 
0.629975 0.736457 1 0.646317 0.967322 0.059382 0 0 -0 -0 -0 -0 0 0 0 0 0 0 
0.638213 0.734395 1 0.654498 0.971155 0.0592577 0 0 -0 -0 -0 -0 0 0 0 0 0 0 
ZONE I=5
0.638213 0.734395 1 0.654498 0.971155 0.0592577 0 0 -0 -0 -0 -0 0 0 0 0 0 0 
0.646388 0.732189 1 0.66268 0.974896 0.0591121 0 0 -0 -0 -0 -0 0 0 0 0 0 0 
0.654533 0.729832 1 0.670861 0.978565 0.0589792 0 0 -0 -0 -0 -0 0 0 0 0 0 0 
0.662647 0.727327 1 0.679042 0.982161 0.0588592 0 0 -0 -0 -0 -0 0 0 0 0 0 0 
0.670727 0.724673 1 0.687223 0.985684 0.0587519 0 0 -0 -0 -0 -0 0 0 0 0 0 0 
ZONE I=5
0.670727 0.724673 1 0.687223 0.985684 0.0587519 0 0 -0 -0 -0 -0 0 0 0 0 0 0 
0.678741 0.721876 1 0.695405 0.989119 0.0586305 0 0 -0 -0 -0 -0 0 0 0 0 0 0 
0.686706 0.718934 1 0.703586 0.992476 0.058513 0 0 -0 -0 -0 -0 0 0 0 0 0 0 
0.694621 0.71585 1 0.711767 0.995756 0.0583993 0 0 -0 -0 -0 -0 0 0 0 0 0 0 
0.702484 0.712624 1 0.719948 0.998959 0.0582895 0 0 -0 -0 -0 -0 0 0 0 0 0 0 
ZONE I=5
0.702484 0.712624 1 0.719948 0.998959 0.0582895 0 0 -0 -0 -0 -0 0 0 0 0 0 0 
0.710277 0.70926 1 0.72813 1.00208 0.0581704 0 0 -0 -0 -0 -0 0 0 0 0 0 0 
0.718008 0.705762 1 0.736311 1.00512 0.0580477 0 0 -0 -0 -0 -0 0 0 0 0 0 0 
0.725673 0.70213 1 0.744492 1.00808 0.0579215 0 0 -0 -0 -0 -0 0 0 0 0 0 0 
0.733272 0.698366 1 0.752673 1.01097 0.0577917 0 0 -0 -0 -0 -0 0 0 0 0 0 0 
ZONE I=5
0.733272 0.698366 1 0.752673 1.01097 0.0577917 0 0 -0 -0 -0 -0 0 0 0 0 0 0 
0.7408 0.694471 1 0.760855 1.01378 0.0576558 0 0 -0 -0 -0 -0 0 0 0 0 0 0 
0.748254 0.690454 1 0.769036 1.01652 0.0575107 0 0 -0 -0 -0 -0 0 0 0 0 0 0 
0.755634 0.686314 1 0.777217 1.01918 0.0573563 0 0 -0 -0 -0 -0 0 0 0 0 0 0 
0.762936 0.682054 1 0.785398 1.02176 0.0571926 0 0 -0 -0 -0 -0 0 0 0 0 0 0 
ZONE I=5
0.762936 0.682054 1 0.785398 1.02176 0.0571926 0 0 -0 -0 -0 -0 0 0 0 0 0 0 
0.770166 0.677672 1 0.79358 1.02428 0.057025 0 0 -0 -0 -0 -0 0 0 0 0 0 0 
0.777316 0.673179 1 0.801761 1.02672 0.0568441 0 0 -0 -0 -0 -0 0 0 0 0 0 0 
0.784384 0.668576 1 0.809942 1.0291 0.0566498 0 0 -0 -0 -0 -0 0 0 0 0 0 0 
0.791368 0.663865 1 0.818123 1.0314 0.0564423 0 0 -0 -0 -0 -0 0 0 0 0 0 0 
ZONE I=5
0.791368 0.663865 1 0.818123 1.0314 0.0564423 0 0 -0 -0 -0 -0 0 0 0 0 0 0 
0.798279 0.659041 1 0.826305 1.03365 0.0562323 0 0 -0 -0 -0 -0 0 0 0 0 0 0 
0.805106 0.654118 1 0.834486 1.03582 0.0560065 0 0 -0 -0 -0 -0 0 0 0 0 0 0 
0.811848 0.649097 1 0.842667 1.03794 0.0557649 0 0 -0 -0 -0 -0 0 0 0 0 0 0 
0.818503 0.643979 1 0.850848 1.03999 0.0555075 0 0 -0 -0 -0 -0 0 0 0 0 0 0 
ZONE I=5
0.818503 0.643979 1 0.850848 1.03999 0.0555075 0 0 -0 -0 -0 -0 0 0 0 0 0 0 
0.825083 0.638758 1 0.859029 1.04198 0.0552486 0 0 -0 -0 -0 -0 0 0 0 0 0 0 
0.831577 0.633449 1 0.86721 1.04391 0.0549726 0 0 -0 -0 -0 -0 0 0 0 0 0 0 
0.837985 0.628052 1 0.875391 1.04579 0.0546796 0 0 -0 -0 -0 -0 0 0 0 0 0 0 
0.844306 0.622569 1 0.883573 1.04761 0.0543696 0 0 -0 -0 -0 -0 0 0 0 0 0 0 
ZONE I=5
0.844306 0.622569 1 0.883573 1.04761 0.0543696 0 0 -0 -0 -0 -0 0 0 0 0 0 0 
0.85055 0.616993 1 0.891754 1.04938 0.0540586 0 0 -0 -0 -0 -0 0 0 0 0 0 0 
0.85671 0.611338 1 0.899935 1.05109 0.0537303 0 0 -0 -0 -0 -0 0 0 0 0 0 0 
0.862782 0.605605 1 0.908116 1.05276 0.0533847 0 0 -0 -0 -0 -0 0 0 0 0 0 0 
0.868767 0.599796 1 0.916298 1.05437 0.0530218 0 0 -0 -0 -0 -0 0 0 0 0 0 0 
ZONE I=5
0.868767 0.599796 1 0.916298 1.05437 0.0530218 0 0 -0 -0 -0 -0 0 0 0 0 0 0 
0.874677 0.593902 1 0.924479 1.05594 0.0526583 0 0 -0 -0 -0 -0 0 0 0 0 0 0 
0.880502 0.587939 1 0.93266 1.05746 0.052278 0 0 -0 -0 -0 -0 0 0 0 0 0 0 
0.886241 0.581906 1 0.940841 1.05894 0.0518808 0 0 -0 -0 -0 -0 0 0 0 0 0 0 
0.891894 0.575805 1 0.949023 1.06037 0.0514668 0 0 -0 -0 -0 -0 0 0 0 0 0 0 
ZONE I=5
0.891894 0.575805 1 0.949023 1.06037 0.0514668 0 0 -0 -0 -0 -0 0 0 0 0 0 0 
0.897472 0.569628 1 0.957204 1.06176 0.0510524 0 0 -0 -0 -0 -0 0 0 0 0 0 0 
0.902966 0.563388 1 0.965385 1.0631 0.0506221 0 0 -0 -0 -0 -0 0 0 0 0 0 0 
0.908376 0.557087 1 0.973566 1.06441 0.0501758 0 0 -0 -0 -0 -0 0 0 0 0 0 0 
0.913701 0.550725 1 0.981748 1.06568 0.0497136 0 0 -0 -0 -0 -0 0 0 0 0 0 0 
ZONE I=5
0.913701 0.550725 1 0.981748 1.06568 0.0497136 0 0 -0 -0 -0 -0 0 0 0 0 0 0 
0.918952 0.544294 1 0.989929 1.06691 0.0492512 0 0 -0 -0 -0 -0 0 0 0 0 0 0 
0.924121 0.537808 1 0.99811 1.06811 0.048774 0 0 -0 -0 -0 -0 0 0 0 0 0 0 
0.929207 0.531267 1 1.00629 1.06927 0.0482822 0 0 -0 -0 -0 -0 0 0 0 0 0 0 
0.934209 0.524673 1 1.01447 1.0704 0.0477757 0 0 -0 -0 -0 -0 0 0 0 0 0 0 
ZONE I=5
0.934209 0.524673 1 1.01447 1.0704 0.0477757 0 0 -0 -0 -0 -0 0 0 0 0 0 0 
0.939142 0.51801 1 1.02266 1.07149 0.0472686 0 0 -0 -0 -0 -0 0 0 0 0 0 0 
0.943994 0.5113 1 1.03084 1.07255 0.0467482 0 0 -0 -0 -0 -0 0 0 0 0 0 0 
0.948762 0.504542 1 1.03902 1.07358 0.0462146 0 0 -0 -0 -0 -0 0 0 0 0 0 0 
0.953448 0.497738 1 1.0472 1.07458 0.0456678 0 0 -0 -0 -0 -0 0 0 0 0 0 0 
ZONE I=5
0.953448 0.497738 1 1.0472 1.07458 0.0456678 0 0 -0 -0 -0 -0 0 0 0 0 0 0 
0.958063 0.490876 1 1.05538 1.07555 0.0451208 0 0 -0 -0 -0 -0 0 0 0 0 0 0 
0.962598 0.48397 1 1.06356 1.07649 0.0445618 0 0 -0 -0 -0 -0 0 0 0 0 0 0 
0.967054 0.477018 1 1.07174 1.07741 0.0439907 0 0 -0 -0 -0 -0 0 0 0 0 0 0 
0.971431 0.470024 1 1.07992 1.07829 0.0434077 0 0 -0 -0 -0 -0 0 0 0 0 0 0 
ZONE I=5
0.971431 0.470024 1 1.07992 1.07829 0.0434077 0 0 -0 -0 -0 -0 0 0 0 0 0 0 
0.975735 0.46298 1 1.0881 1.07915 0.0428246 0 0 -0 -0 -0 -0 0 0 0 0 0 0 
0.979963 0.455892 1 1.09628 1.07999 0.0422307 0 0 -0 -0 -0 -0 0 0 0 0 0 0 
0.984115 0.448763 1 1.10446 1.0808 0.041626 0 0 -0 -0 -0 -0 0 0 0 0 0 0 
0.98819 0.441592 1 1.11265 1.08159 0.0410104 0 0 -0 -0 -0 -0 0 0 0 0 0 0 
ZONE I=5
0.98819 0.441592 1 1.11265 1.08159 0.0410104 0 0 -0 -0 -0 -0 0 0 0 0 0 0 
0.99219 0.434381 1 1.12083 1.08236 0.0403951 0 0 -0 -0 -0 -0 0 0 0 0 0 0 
0.996115 0.427133 1 1.12901 1.0831 0.0397705 0 0 -0 -0 -0 -0 0 0 0 0 0 0 
0.999963 0.419848 1 1.13719 1.08382 0.0391365 0 0 -0 -0 -0 -0 0 0 0 0 0 0 
1.00373 0.412529 1 1.14537 1.08452 0.0384932 0 0 -0 -0 -0 -0 0 0 0 0 0 0 
ZONE I=5
1.00373 0.412529 1 1.14537 1.08452 0.0384932 0 0 -0 -0 -0 -0 0 0 0 0 0 0 
1.00743 0.405169 1 1.15355 1.0852 0.0378498 0 0 -0 -0 -0 -0 0 0 0 0 0 0 
1.01106 0.397773 1 1.16173 1.08586 0.037198 0 0 -0 -0 -0 -0 0 0 0 0 0 0 
1.01461 0.390343 1 1.16991 1.08649 0.0365379 0 0 -0 -0 -0 -0 0 0 0 0 0 0 
1.01809 0.382879 1 1.1781 1.08711 0.0358694 0 0 -0 -0 -0 -0 0 0 0 0 0 0 
ZONE I=5
1.01809 0.382879 1 1.1781 1.08711 0.0358694 0 0 -0 -0 -0 -0 0 0 0 0 0 0 
1.02149 0.375383 1 1.18628 1.08771 0.0352012 0 0 -0 -0 -0 -0 0 0 0 0 0 0 
1.02482 0.367857 1 1.19446 1.0883 0.0345259 0 0 -0 -0 -0 -0 0 0 0 0 0 0 
1.02808 0.360301 1 1.20264 1.08886 0.0338436 0 0 -0 -0 -0 -0 0 0 0 0 0 0 
1.03126 0.352717 1 1.21082 1.08941 0.0331542 0 0 -0 -0 -0 -0 0 0 0 0 0 0 
ZONE I=5
1.03126 0.352717 1 1.21082 1.08941 0.0331542 0 0 -0 -0 -0 -0 0 0 0 0 0 0 
1.03437 0.345101 1 1.219 1.08994 0.0324647 0 0 -0 -0 -0 -0 0 0 0 0 0 0 
1.03741 0.337456 1 1.22718 1.09045 0.0317689 0 0 -0 -0 -0 -0 0 0 0 0 0 0 
1.04038 0.329781 1 1.23536 1.09095 0.0310668 0 0 -0 -0 -0 -0 0 0 0 0 0 0 
1.04327 0.322079 1 1.24355 1.09143 0.0303584 0 0 -0 -0 -0 -0 0 0 0 0 0 0 
ZONE I=5
1.04327 0.322079 1 1.24355 1.09143 0.0303584 0 0 -0 -0 -0 -0 0 0 0 0 0 0 
1.04609 0.314353 1 1.25173 1.0919 0.0296503 0 0 -0 -0 -0 -0 0 0 0 0 0 0 
1.04884 0.306603 1 1.25991 1.09235 0.028937 0 0 -0 -0 -0 -0 0 0 0 0 0 0 
1.05151 0.298829 1 1.26809 1.09279 0.0282185 0 0 -0 -0 -0 -0 0 0 0 0 0 0 
1.05411 0.291032 1 1.27627 1.09321 0.0274948 0 0 -0 -0 -0 -0 0 0 0 0 0 0 
ZONE I=5
1.05411 0.291032 1 1.27627 1.09321 0.0274948 0 0 -0 -0 -0 -0 0 0 0 0 0 0 
1.05664 0.283211 1 1.28445 1.09361 0.026771 0 0 -0 -0 -0 -0 0 0 0 0 0 0 
1.0591 0.275365 1 1.29263 1.09401 0.0260425 0 0 -0 -0 -0 -0 0 0 0 0 0 0 
1.06149 0.267496 1 1.30081 1.09439 0.0253095 0 0 -0 -0 -0 -0 0 0 0 0 0 0 
1.06381 0.259605 1 1.309 1.09475 0.0245718 0 0 -0 -0 -0 -0 0 0 0 0 0 0 
ZONE I=5
1.06381 0.259605 1 1.309 1.09475 0.0245718 0 0 -0 -0 -0 -0 0 0 0 0 0 0 
1.06605 0.251696 1 1.31718 1.0951 0.0238343 0 0 -0 -0 -0 -0 0 0 0 0 0 0 
1.06822 0.243769 1 1.32536 1.09544 0.0230932 0 0 -0 -0 -0 -0 0 0 0 0 0 0 
1.07033 0.235823 1 1.33354 1.09577 0.0223484 0 0 -0 -0 -0 -0 0 0 0 0 0 0 
1.07235 0.22786 1 1.34172 1.09608 0.0215999 0 0 -0 -0 -0 -0 0 0 0 0 0 0 
ZONE I=5
1.07235 0.22786 1 1.34172 1.09608 0.0215999 0 0 -0 -0 -0 -0 0 0 0 0 0 0 
1.07431 0.219879 1 1.3499 1.09638 0.0208513 0 0 -0 -0 -0 -0 0 0 0 0 0 0 
1.0762 0.211878 1 1.35808 1.09667 0.0200994 0 0 -0 -0 -0 -0 0 0 0 0 0 0 
1.07801 0.20386 1 1.36626 1.09695 0.0193441 0 0 -0 -0 -0 -0 0 0 0 0 0 0 
1.07976 0.195823 1 1.37445 1.09721 0.0185856 0 0 -0 -0 -0 -0 0 0 0 0 0 0 
ZONE I=5
1.07976 0.195823 1 1.37445 1.09721 0.0185856 0 0 -0 -0 -0 -0 0 0 0 0 0 0 
1.08143 0.187777 1 1.38263 1.09746 0.0178274 0 0 -0 -0 -0 -0 0 0 0 0 0 0 
1.08303 0.179716 1 1.39081 1.09771 0.0170668 0 0 -0 -0 -0 -0 0 0 0 0 0 0 
1.08456 0.171642 1 1.39899 1.09793 0.0163036 0 0 -0 -0 -0 -0 0 0 0 0 0 0 
1.08602 0.163555 1 1.40717 1.09815 0.015538 0 0 -0 -0 -0 -0 0 0 0 0 0 0 
ZONE I=5
1.08602 0.163555 1 1.40717 1.09815 0.015538 0 0 -0 -0 -0 -0 0 0 0 0 0 0 
1.0874 0.155456 1 1.41535 1.09836 0.0147723 0 0 -0 -0 -0 -0 0 0 0 0 0 0 
1.08872 0.147343 1 1.42353 1.09855 0.0140043 0 0 -0 -0 -0 -0 0 0 0 0 0 0 
1.08996 0.139217 1 1.43171 1.09874 0.0132342 0 0 -0 -0 -0 -0 0 0 0 0 0 0 
1.09114 0.131078 1 1.4399 1.09891 0.0124618 0 0 -0 -0 -0 -0 0 0 0 0 0 0 
ZONE I=5
1.09114 0.131078 1 1.4399 1.09891 0.0124618 0 0 -0 -0 -0 -0 0 0 0 0 0 0 
1.09224 0.122934 1 1.44808 1.09907 0.0116899 0 0 -0 -0 -0 -0 0 0 0 0 0 0 
1.09327 0.114781 1 1.45626 1.09922 0.0109164 0 0 -0 -0 -0 -0 0 0 0 0 0 0 
1.09423 0.10662 1 1.46444 1.09936 0.0101415 0 0 -0 -0 -0 -0 0 0 0 0 0 0 
1.09512 0.098451 1 1.47262 1.09949 0.0093651 0 0 -0 -0 -0 -0 0 0 0 0 0 0 
ZONE I=5
1.09512 0.098451 1 1.47262 1.09949 0.0093651 0 0 -0 -0 -0 -0 0 0 0 0 0 0 
1.09593 0.0902751 1 1.4808 1.09961 0.00858867 0 0 -0 -0 -0 -0 0 0 0 0 0 0 
1.09668 0.08209 1 1.48898 1.09972 0.00781096 0 0 -0 -0 -0 -0 0 0 0 0 0 0 
1.09736 0.0738965 1 1.49716 1.09982 0.00703197 0 0 -0 -0 -0 -0 0 0 0 0 0 0 
1.09796 0.0656952 1 1.50535 1.09991 0.00625169 0 0 -0 -0 -0 -0 0 0 0 0 0 0 
ZONE I=5
1.09796 0.0656952 1 1.50535 1.09991 0.00625169 0 0 -0 -0 -0 -0 0 0 0 0 0 0 
1.09849 0.0574947 1 1.51353 1.09998 0.00547191 0 0 -0 -0 -0 -0 0 0 0 0 0 0 
1.09896 0.0492899 1 1.52171 1.10005 0.00469152 0 0 -0 -0 -0 -0 0 0 0 0 0 0 
1.09935 0.0410816 1 1.52989 1.10011 0.00391051 0 0 -0 -0 -0 -0 0 0 0 0 0 0 
1.09967 0.0328704 1 1.53807 1.10015 0.00312888 0 0 -0 -0 -0 -0 0 0 0 0 0 0 
ZONE I=5
1.09967 0.0328704 1 1.53807 1.10015 0.00312888 0 0 -0 -0 -0 -0 0 0 0 0 0 0 
1.09992 0.0246577 1 1.54625 1.10019 0.00234733 0 0 -0 -0 -0 -0 0 0 0 0 0 0 
1.10009 0.0164406 1 1.55443 1.10022 0.00156533 0 0 -0 -0 -0 -0 0 0 0 0 0 0 
1.1002 0.00821976 1 1.56261 1.10023 0.000782887 0 0 -0 -0 -0 -0 0 0 0 0 0 0 
1.10024 -4.04139e-06 1 1.5708 1.10024 0 0 0 -0 -0 -0 -0 0 0 0 0 0 -0 
