ZONE I=2, J=2
0 0.429166 5.1755 0.429166 0 0.9 0 
0 0.49 2.40817 0.49 0 1 0 
0.0398882 0.429177 5.17821 0.430252 0.0258246 0.9 0.0327249 
0.0398725 0.49 2.41087 0.491042 0.0238188 1 0.0327249 

ZONE I=2, J=2
0.0398882 0.429177 5.17895 0.430252 0.0258246 0.9 0.0327249 
0.0398725 0.49 2.41051 0.491042 0.0238188 1 0.0327249 
0.0797763 0.429209 5.18546 0.433507 0.0515339 0.9 0.0654498 
0.0797447 0.49 2.41702 0.494166 0.0475264 1 0.0654498 

ZONE I=2, J=2
0.0797763 0.429209 5.1869 0.433507 0.0515339 0.9 0.0654498 
0.0797447 0.49 2.41617 0.494166 0.0475264 1 0.0654498 
0.119664 0.429262 5.19807 0.438924 0.0770128 0.9 0.0981748 
0.119617 0.49 2.42735 0.499365 0.0710123 1 0.0981748 

ZONE I=2, J=2
0.119664 0.429262 5.20003 0.438924 0.0770128 0.9 0.0981748 
0.119617 0.49 2.42588 0.499365 0.0710123 1 0.0981748 
0.159551 0.429336 5.21584 0.446489 0.102147 0.9 0.1309 
0.159488 0.49 2.44169 0.506625 0.0941658 1 0.1309 

ZONE I=2, J=2
0.159551 0.429336 5.21836 0.446489 0.102147 0.9 0.1309 
0.159488 0.49 2.43963 0.506625 0.0941658 1 0.1309 
0.199437 0.429432 5.23879 0.456184 0.126821 0.9 0.163625 
0.199359 0.49 2.46006 0.51593 0.116877 1 0.163625 

ZONE I=2, J=2
0.199437 0.429432 5.24191 0.456184 0.126821 0.9 0.163625 
0.199359 0.49 2.45742 0.51593 0.116877 1 0.163625 
0.239322 0.429548 5.26699 0.467984 0.150923 0.9 0.19635 
0.239228 0.49 2.48251 0.527256 0.139037 1 0.19635 

ZONE I=2, J=2
0.239322 0.429548 5.27071 0.467984 0.150923 0.9 0.19635 
0.239228 0.49 2.47928 0.527256 0.139037 1 0.19635 
0.279204 0.429686 5.30048 0.481862 0.174339 0.9 0.229074 
0.279095 0.49 2.50905 0.540575 0.160537 1 0.229074 

ZONE I=2, J=2
0.279204 0.429686 5.30482 0.481862 0.174339 0.9 0.229074 
0.279095 0.49 2.50524 0.540575 0.160537 1 0.229074 
0.319086 0.429844 5.33931 0.497783 0.196961 0.9 0.261799 
0.318961 0.49 2.53973 0.555857 0.181272 1 0.261799 

ZONE I=2, J=2
0.319086 0.429844 5.3443 0.497783 0.196961 0.9 0.261799 
0.318961 0.49 2.53532 0.555857 0.181272 1 0.261799 
0.358965 0.430023 5.38357 0.515709 0.218679 0.9 0.294524 
0.358825 0.49 2.57459 0.573062 0.201135 1 0.294524 

ZONE I=2, J=2
0.358965 0.430023 5.38921 0.515709 0.218679 0.9 0.294524 
0.358825 0.49 2.56957 0.573062 0.201135 1 0.294524 
0.398842 0.430223 5.43333 0.535594 0.239385 0.9 0.327249 
0.398687 0.49 2.61368 0.59215 0.220024 1 0.327249 

ZONE I=2, J=2
0.398842 0.430223 5.43965 0.535594 0.239385 0.9 0.327249 
0.398687 0.49 2.60804 0.59215 0.220024 1 0.327249 
0.438716 0.430443 5.48867 0.557391 0.258973 0.9 0.359974 
0.438547 0.49 2.65706 0.613072 0.237836 1 0.359974 

ZONE I=2, J=2
0.438716 0.430443 5.49569 0.557391 0.258973 0.9 0.359974 
0.438547 0.49 2.65077 0.613072 0.237836 1 0.359974 
0.478586 0.430683 5.5497 0.581046 0.277341 0.9 0.392699 
0.478403 0.49 2.70478 0.635778 0.254472 1 0.392699 

ZONE I=2, J=2
0.478586 0.430683 5.55744 0.581046 0.277341 0.9 0.392699 
0.478403 0.49 2.69784 0.635778 0.254472 1 0.392699 
0.518453 0.430942 5.61653 0.606499 0.294387 0.9 0.425424 
0.518256 0.49 2.75692 0.660211 0.269834 1 0.425424 

ZONE I=2, J=2
0.518453 0.430942 5.62502 0.606499 0.294387 0.9 0.425424 
0.518256 0.49 2.74929 0.660211 0.269834 1 0.425424 
0.558316 0.431222 5.68927 0.633688 0.310014 0.9 0.458149 
0.558104 0.49 2.81355 0.686311 0.283827 1 0.458149 

ZONE I=2, J=2
0.558316 0.431222 5.69854 0.633688 0.310014 0.9 0.458149 
0.558104 0.49 2.80522 0.686311 0.283827 1 0.458149 
0.598173 0.431521 5.76807 0.662544 0.324124 0.9 0.490874 
0.597948 0.49 2.87475 0.714012 0.296359 1 0.490874 

ZONE I=2, J=2
0.598173 0.431521 5.77814 0.662544 0.324124 0.9 0.490874 
0.597948 0.49 2.86569 0.714012 0.296359 1 0.490874 
0.638025 0.431838 5.85307 0.692996 0.336627 0.9 0.523599 
0.637787 0.49 2.94062 0.743246 0.30734 1 0.523599 

ZONE I=2, J=2
0.638025 0.431838 5.86398 0.692996 0.336627 0.9 0.523599 
0.637787 0.49 2.9308 0.743246 0.30734 1 0.523599 
0.677871 0.432175 5.94443 0.724966 0.347431 0.9 0.556324 
0.67762 0.49 3.01124 0.773938 0.316683 1 0.556324 

ZONE I=2, J=2
0.677871 0.432175 5.95621 0.724966 0.347431 0.9 0.556324 
0.67762 0.49 3.00064 0.773938 0.316683 1 0.556324 
0.717709 0.43253 6.04231 0.758374 0.356452 0.9 0.589049 
0.717446 0.49 3.08674 0.806012 0.324305 1 0.589049 

ZONE I=2, J=2
0.717709 0.43253 6.05501 0.758374 0.356452 0.9 0.589049 
0.717446 0.49 3.07531 0.806012 0.324305 1 0.589049 
0.75754 0.432903 6.14692 0.793134 0.363607 0.9 0.621774 
0.757264 0.49 3.16722 0.839384 0.330125 1 0.621774 

ZONE I=2, J=2
0.75754 0.432903 6.16058 0.793134 0.363607 0.9 0.621774 
0.757264 0.49 3.15494 0.839384 0.330125 1 0.621774 
0.79736 0.433294 6.25844 0.829157 0.368816 0.9 0.654498 
0.797073 0.49 3.2528 0.87397 0.334067 1 0.654498 

ZONE I=2, J=2
0.79736 0.433294 6.27311 0.829157 0.368816 0.9 0.654498 
0.797073 0.49 3.23962 0.87397 0.334067 1 0.654498 
0.837171 0.433702 6.37711 0.866352 0.372005 0.9 0.687223 
0.836872 0.49 3.34362 0.909681 0.336059 1 0.687223 

ZONE I=2, J=2
0.837171 0.433702 6.39281 0.866352 0.372005 0.9 0.687223 
0.836872 0.49 3.32951 0.909681 0.336059 1 0.687223 
0.876971 0.434128 6.50311 0.904622 0.373102 0.9 0.719948 
0.876662 0.49 3.43981 0.946425 0.33603 1 0.719948 

ZONE I=2, J=2
0.876971 0.434128 6.51981 0.904622 0.373102 0.9 0.719948 
0.876662 0.49 3.42482 0.946425 0.33603 1 0.719948 
0.916758 0.43457 6.63657 0.943866 0.37204 0.9 0.752673 
0.916441 0.49 3.54157 0.984105 0.333917 1 0.752673 

ZONE I=2, J=2
0.916758 0.43457 6.65391 0.943866 0.37204 0.9 0.752673 
0.916441 0.49 3.52603 0.984105 0.333917 1 0.752673 
0.956529 0.435031 6.77724 0.983982 0.368755 0.9 0.785398 
0.956211 0.49 3.64936 1.02263 0.329661 1 0.785398 

ZONE I=2, J=2
0.956529 0.435031 6.79382 0.983982 0.368755 0.9 0.785398 
0.956211 0.49 3.63452 1.02263 0.329661 1 0.785398 
0.996276 0.435512 6.92377 1.02486 0.363182 0.9 0.818123 
0.995983 0.49 3.76447 1.06189 0.323213 1 0.818123 

ZONE I=2, J=2
0.996276 0.435512 6.93502 1.02486 0.363182 0.9 0.818123 
0.995983 0.49 3.75437 1.06189 0.323213 1 0.818123 
1.03598 0.436017 7.07157 1.06638 0.355253 0.9 0.850848 
1.03578 0.49 3.89093 1.10182 0.314538 1 0.850848 

ZONE I=2, J=2
1.03598 0.436017 7.06439 1.06638 0.355253 0.9 0.850848 
1.03578 0.49 3.8971 1.10182 0.314538 1 0.850848 
1.07558 0.436544 7.20789 1.10837 0.344886 0.9 0.883573 
1.07567 0.49 4.0406 1.14236 0.303625 1 0.883573 

ZONE I=2, J=2
1.07558 0.436544 7.14838 1.10837 0.344886 0.9 0.883573 
1.07567 0.49 4.09272 1.14236 0.303625 1 0.883573 
1.11493 0.437061 7.3018 1.1506 0.33198 0.9 0.916298 
1.11578 0.49 4.24614 1.1835 0.290499 1 0.916298 

ZONE I=2, J=2
1.11493 0.437061 7.11338 1.1506 0.33198 0.9 0.916298 
1.11578 0.49 4.41107 1.1835 0.290499 1 0.916298 
1.1537 0.437401 7.29082 1.19256 0.316463 0.9 0.949023 
1.15623 0.49 4.58851 1.22525 0.275185 1 0.949023 

ZONE I=2, J=2
1.1537 0.437401 6.83762 1.19256 0.316463 0.9 0.949023 
1.15623 0.49 4.9853 1.22525 0.275185 1 0.949023 
1.19143 0.436978 7.08747 1.23341 0.298586 0.9 0.981748 
1.19684 0.49 5.23515 1.26736 0.257506 1 0.981748 

ZONE I=2, J=2
1.19143 0.436978 6.42212 1.23341 0.298586 0.9 0.981748 
1.19684 0.49 5.87659 1.26736 0.257506 1 0.981748 
1.22814 0.43445 6.66032 1.27236 0.279608 0.9 1.01447 
1.23654 0.487535 6.11479 1.30752 0.238962 1 1.01447 

ZONE I=2, J=2
1.22814 0.43445 6.29973 1.27236 0.279608 0.9 1.01447 
1.23654 0.487535 6.40875 1.30752 0.238962 1 1.01447 
1.26352 0.428675 6.46854 1.30858 0.260516 0.9 1.0472 
1.27594 0.48037 6.57756 1.34518 0.221955 1 1.0472 

ZONE I=2, J=2
1.26352 0.428675 6.34214 1.30858 0.260516 0.9 1.0472 
1.27594 0.48037 6.69067 1.34518 0.221955 1 1.0472 
1.29781 0.419415 6.51175 1.34227 0.241894 0.9 1.07992 
1.31469 0.469236 6.86028 1.38065 0.205915 1 1.07992 

ZONE I=2, J=2
1.29781 0.419415 6.4738 1.34227 0.241894 0.9 1.07992 
1.31469 0.469236 6.89463 1.38065 0.205915 1 1.07992 
1.33094 0.406768 6.64133 1.37359 0.223836 0.9 1.11265 
1.35222 0.454287 7.06216 1.4137 0.190633 1 1.11265 

ZONE I=2, J=2
1.33094 0.406768 6.64406 1.37359 0.223836 0.9 1.11265 
1.35222 0.454287 7.05999 1.4137 0.190633 1 1.11265 
1.3627 0.390924 6.80677 1.40257 0.206321 0.9 1.14537 
1.38811 0.435794 7.22271 1.44423 0.175935 1 1.14537 

ZONE I=2, J=2
1.3627 0.390924 6.82731 1.40257 0.206321 0.9 1.14537 
1.38811 0.435794 7.20445 1.44423 0.175935 1 1.14537 
1.3929 0.372091 6.98328 1.42927 0.189269 0.9 1.1781 
1.42206 0.414045 7.36043 1.47226 0.161666 1 1.1781 

ZONE I=2, J=2
1.3929 0.372091 7.01086 1.42927 0.189269 0.9 1.1781 
1.42206 0.414045 7.33589 1.47226 0.161666 1 1.1781 
1.42132 0.350517 7.1584 1.45369 0.17261 0.9 1.21082 
1.45383 0.389354 7.48344 1.4978 0.147717 1 1.21082 

ZONE I=2, J=2
1.42132 0.350517 7.18781 1.45369 0.17261 0.9 1.21082 
1.45383 0.389354 7.45722 1.4978 0.147717 1 1.21082 
1.44778 0.326432 7.32569 1.47587 0.15626 0.9 1.24355 
1.48327 0.362002 7.59509 1.52092 0.133988 1 1.24355 

ZONE I=2, J=2
1.44778 0.326432 7.35449 1.47587 0.15626 0.9 1.24355 
1.48327 0.362002 7.56947 1.52092 0.133988 1 1.24355 
1.47212 0.300094 7.48158 1.49584 0.140164 0.9 1.27627 
1.51023 0.33229 7.69656 1.54165 0.120417 1 1.27627 

ZONE I=2, J=2
1.47212 0.300094 7.50851 1.49584 0.140164 0.9 1.27627 
1.51023 0.33229 7.67258 1.54165 0.120417 1 1.27627 
1.49421 0.27173 7.62402 1.51362 0.124254 0.9 1.309 
1.53459 0.30047 7.78809 1.56007 0.106945 1 1.309 

ZONE I=2, J=2
1.49421 0.27173 7.64852 1.51362 0.124254 0.9 1.309 
1.53459 0.30047 7.76632 1.56007 0.106945 1 1.309 
1.51393 0.241596 7.75171 1.52924 0.108496 0.9 1.34172 
1.55627 0.266825 7.86951 1.5762 0.0935391 1 1.34172 

ZONE I=2, J=2
1.51393 0.241596 7.77342 1.52924 0.108496 0.9 1.34172 
1.55627 0.266825 7.8502 1.5762 0.0935391 1 1.34172 
1.5312 0.209907 7.8638 1.54273 0.0928436 0.9 1.37445 
1.57519 0.231584 7.94058 1.5901 0.0801646 1 1.37445 

ZONE I=2, J=2
1.5312 0.209907 7.88259 1.54273 0.0928436 0.9 1.37445 
1.57519 0.231584 7.92391 1.5901 0.0801646 1 1.37445 
1.54593 0.176914 7.95968 1.5541 0.0772764 0.9 1.40717 
1.59128 0.19501 8.001 1.6018 0.0668101 1 1.40717 

ZONE I=2, J=2
1.54593 0.176914 7.97541 1.5541 0.0772764 0.9 1.40717 
1.59128 0.19501 7.98702 1.6018 0.0668101 1 1.40717 
1.55807 0.142823 8.03891 1.56338 0.0617625 0.9 1.4399 
1.60452 0.157317 8.05052 1.61133 0.0534552 1 1.4399 

ZONE I=2, J=2
1.55807 0.142823 8.05155 1.56338 0.0617625 0.9 1.4399 
1.60452 0.157317 8.03931 1.61133 0.0534552 1 1.4399 
1.56755 0.107875 8.10118 1.57058 0.0462939 0.9 1.47262 
1.61485 0.118756 8.08893 1.61871 0.0401012 1 1.47262 

ZONE I=2, J=2
1.56755 0.107875 8.11068 1.57058 0.0462939 0.9 1.47262 
1.61485 0.118756 8.0805 1.61871 0.0401012 1 1.47262 
1.57435 0.0722694 8.14626 1.57571 0.0308475 0.9 1.50535 
1.62224 0.0795269 8.11608 1.62397 0.0267374 1 1.50535 

ZONE I=2, J=2
1.57435 0.0722694 8.15261 1.57571 0.0308475 0.9 1.50535 
1.62224 0.0795269 8.11045 1.62397 0.0267374 1 1.50535 
1.57845 0.0362447 8.174 1.57879 0.0154222 0.9 1.53807 
1.62669 0.039875 8.13185 1.62712 0.0133724 1 1.53807 

ZONE I=2, J=2
1.57845 0.0362447 8.17718 1.57879 0.0154222 0.9 1.53807 
1.62669 0.039875 8.12903 1.62712 0.0133724 1 1.53807 
1.57981 -5.80297e-06 8.18432 1.57981 0 0.9 1.5708 
1.62817 -5.98061e-06 8.13617 1.62817 0 1 1.5708 

