ZONE I=5
0 0.93 1 0 0.93 0 2.21074e-09 0.008805 -0 -0 -0 -0 0 0 -4.91546e-06 1.0787e-07 1.0787e-07 -4.91546e-06 
0.00773679 0.93 1 0.00818123 0.930032 0.000128068 0 0.00976631 -0 -0 -0 -0 0 0 -4.91546e-06 1.0787e-07 6.76519e-08 -4.91618e-06 
0.0154747 0.93 1 0.0163625 0.930129 0.000256266 2.21074e-09 0.010312 -0 -0 -0 -0 0 0 -4.91546e-06 1.0787e-07 2.74297e-08 -4.91657e-06 
0.0232149 0.93 1 0.0245437 0.93029 0.000384596 2.79023e-08 0.010442 -0 -0 -0 -0 0 0 -4.91546e-06 1.0787e-07 -1.27944e-08 -4.91663e-06 
0.0309584 0.93 1 0.0327249 0.930515 0.000513058 2.21074e-09 0.0101564 -0 -0 -0 -0 0 0 -4.91546e-06 1.0787e-07 -5.30176e-08 -4.91636e-06 
ZONE I=5
0.0309584 0.93 1 0.0327249 0.930515 0.000513058 2.21074e-09 0.0101564 -0 -0 -0 -0 0 0 -1.76126e-05 9.06841e-07 3.30088e-07 -1.76328e-05 
0.0387022 0.93 1 0.0409062 0.930805 0.000637679 0 0.0115136 -0 -0 -0 -0 0 0 -1.76126e-05 9.06841e-07 1.8582e-07 -1.76349e-05 
0.0464526 0.93 1 0.0490874 0.931159 0.000763704 2.21074e-09 0.012402 -0 -0 -0 -0 0 0 -1.76126e-05 9.06841e-07 4.15398e-08 -1.76359e-05 
0.0542107 0.93 1 0.0572686 0.931578 0.000891132 8.65462e-08 0.0128216 -0 -0 -0 -0 0 0 -1.76126e-05 9.06841e-07 -1.02743e-07 -1.76356e-05 
0.0619776 0.93 1 0.0654498 0.932062 0.00101996 2.21074e-09 0.0127726 -0 -0 -0 -0 0 0 -1.76126e-05 9.06841e-07 -2.47019e-07 -1.76342e-05 
ZONE I=5
0.0619776 0.93 1 0.0654498 0.932062 0.00101996 2.21074e-09 0.0127726 -0 -0 -0 -0 0 0 -3.84713e-05 3.22183e-06 6.98789e-07 -3.85997e-05 
0.0697422 0.93 1 0.0736311 0.932611 0.00113825 0 0.0150219 -0 -0 -0 -0 0 0 -3.84713e-05 3.22183e-06 3.82977e-07 -3.86041e-05 
0.077521 0.93 1 0.0818123 0.933224 0.00126113 2.21074e-09 0.0164189 -0 -0 -0 -0 0 0 -3.84713e-05 3.22183e-06 6.71387e-08 -3.86059e-05 
0.0853149 0.93 1 0.0899935 0.933904 0.00138862 1.69623e-07 0.0169638 -0 -0 -0 -0 0 0 -3.84713e-05 3.22183e-06 -2.48704e-07 -3.86052e-05 
0.0931251 0.93 1 0.0981748 0.93465 0.00152072 2.21074e-09 0.0166563 -0 -0 -0 -0 0 0 -3.84713e-05 3.22183e-06 -5.6453e-07 -3.86018e-05 
ZONE I=5
0.0931251 0.93 1 0.0981748 0.93465 0.00152072 2.21074e-09 0.0166563 -0 -0 -0 -0 0 0 -6.99064e-05 8.13337e-06 1.24218e-06 -7.03669e-05 
0.100924 0.93 1 0.106356 0.935458 0.00162907 0 0.019843 -0 -0 -0 -0 0 0 -6.99064e-05 8.13337e-06 6.66461e-07 -7.03748e-05 
0.108747 0.93 1 0.114537 0.936335 0.00174802 2.21074e-09 0.021537 -0 -0 -0 -0 0 0 -6.99064e-05 8.13337e-06 9.06926e-08 -7.03778e-05 
0.116596 0.93 1 0.122718 0.937279 0.00187757 2.8857e-07 0.0217383 -0 -0 -0 -0 0 0 -6.99064e-05 8.13337e-06 -4.85081e-07 -7.03762e-05 
0.124472 0.93 1 0.1309 0.938291 0.00201772 2.21074e-09 0.0204468 -0 -0 -0 -0 0 0 -6.99064e-05 8.13337e-06 -1.06082e-06 -7.03699e-05 
ZONE I=5
0.124472 0.93 1 0.1309 0.938291 0.00201772 2.21074e-09 0.0204468 -0 -0 -0 -0 0 0 -0.000104147 1.55167e-05 1.79008e-06 -0.000105281 
0.132315 0.93 1 0.139081 0.939363 0.0021086 0 0.0241573 -0 -0 -0 -0 0 0 -0.000104147 1.55167e-05 9.28703e-07 -0.000105292 
0.140196 0.93 1 0.147262 0.940505 0.00221884 2.21074e-09 0.0253994 -0 -0 -0 -0 0 0 -0.000104147 1.55167e-05 6.72625e-08 -0.000105296 
0.148115 0.93 1 0.155443 0.941718 0.00234845 4.43984e-07 0.024173 -0 -0 -0 -0 0 0 -0.000104147 1.55167e-05 -7.94183e-07 -0.000105293 
0.156075 0.93 1 0.163625 0.943002 0.00249741 2.21074e-09 0.0204782 -0 -0 -0 -0 0 0 -0.000104147 1.55167e-05 -1.65557e-06 -0.000105283 
ZONE I=5
0.156075 0.93 1 0.163625 0.943002 0.00249741 2.21074e-09 0.0204782 -0 -0 -0 -0 0 0 -0.000103862 1.87577e-05 1.58851e-06 -0.00010553 
0.16396 0.929999 1 0.171806 0.944338 0.00255146 0 0.0234309 -0 -0 -0 -0 0 0 -0.000103862 1.87577e-05 7.25103e-07 -0.00010554 
0.1719 0.93 1 0.179987 0.94575 0.00263698 2.20042e-09 0.0222442 -0 -0 -0 -0 0 0 -0.000103862 1.87577e-05 -1.38355e-07 -0.000105542 
0.179895 0.930001 1 0.188168 0.947236 0.00275395 6.43711e-07 0.0169182 -0 -0 -0 -0 0 0 -0.000103862 1.87577e-05 -1.0018e-06 -0.000105537 
0.187948 0.93 1 0.19635 0.948797 0.00290239 2.09963e-09 0.007453 -0 -0 -0 -0 0 0 -0.000103862 1.87577e-05 -1.86519e-06 -0.000105526 
ZONE I=5
0.187948 0.93 1 0.19635 0.948797 0.00290239 2.09963e-09 0.007453 -0 -0 -0 -0 0 0 -7.2561e-06 1.40826e-06 -3.43941e-08 -7.39142e-06 
0.195893 0.929915 1 0.204531 0.95032 0.00293678 0 0.00279485 -0 -0 -0 -0 0 0 -7.2561e-06 1.40826e-06 -9.48632e-08 -7.39089e-06 
0.203887 0.929738 1 0.212712 0.951826 0.00301363 0 -3.08444e-08 0 0 -0 -0 0 0 -7.2561e-06 1.40826e-06 -1.55326e-07 -7.38986e-06 
0.21193 0.929466 1 0.220893 0.953316 0.00313292 0 -0.000931653 0 0 -0 -0 0 0 -7.2561e-06 1.40826e-06 -2.15778e-07 -7.38834e-06 
0.220019 0.9291 1 0.229074 0.95479 0.00329466 0 -1.44547e-08 0 0 -0 -0 0 0 -7.2561e-06 1.40826e-06 -2.76216e-07 -7.38633e-06 
ZONE I=5
0.220019 0.9291 1 0.229074 0.95479 0.00329466 0 -1.44547e-08 0 0 -0 -0 0 0 1.17306e-10 -2.07036e-11 6.47455e-12 1.18943e-10 
0.228031 0.928645 1 0.237256 0.956226 0.00337763 0 -1.38949e-08 0 0 -0 -0 0 0 1.17306e-10 -2.07036e-11 7.44742e-12 1.18886e-10 
0.236078 0.928114 1 0.245437 0.957661 0.00348999 0 -1.46478e-08 0 0 -0 -0 0 0 1.17306e-10 -2.07036e-11 8.41979e-12 1.18821e-10 
0.244161 0.927505 1 0.253618 0.959097 0.00363176 0 -1.67134e-08 0 0 -0 -0 0 0 1.17306e-10 -2.07036e-11 9.3916e-12 1.18748e-10 
0.252277 0.926818 1 0.261799 0.960532 0.00380292 0 -2.00916e-08 0 0 -0 -0 0 0 1.17306e-10 -2.07036e-11 1.03628e-11 1.18667e-10 
ZONE I=5
0.252277 0.926818 1 0.261799 0.960532 0.00380292 0 -2.00916e-08 0 0 -0 -0 0 0 1.00889e-10 -1.71995e-11 9.49846e-12 1.01903e-10 
0.260334 0.926049 1 0.269981 0.961938 0.00391415 0 -1.71935e-08 0 0 -0 -0 0 0 1.00889e-10 -1.71995e-11 1.03318e-11 1.01821e-10 
0.268414 0.925196 1 0.278162 0.963336 0.0040484 0 -1.28788e-08 0 0 -0 -0 0 0 1.00889e-10 -1.71995e-11 1.11645e-11 1.01734e-10 
0.276517 0.924256 1 0.286343 0.964724 0.00420565 0 -7.14768e-09 0 0 -0 -0 0 0 1.00889e-10 -1.71995e-11 1.19964e-11 1.01639e-10 
0.284642 0.92323 1 0.294524 0.966104 0.00438591 0 0 -0 -0 -0 -0 0 0 1.00889e-10 -1.71995e-11 1.28275e-11 1.01537e-10 
ZONE I=5
0.284642 0.92323 1 0.294524 0.966104 0.00438591 0 0 -0 -0 -0 -0 0 0 0 0 0 0 
0.292712 0.922118 1 0.302706 0.967451 0.00451632 0 0 -0 -0 -0 -0 0 0 0 0 0 0 
0.300793 0.920914 1 0.310887 0.968782 0.00466337 0 0 -0 -0 -0 -0 0 0 0 0 0 0 
0.308885 0.91962 1 0.319068 0.970096 0.00482706 0 0 -0 -0 -0 -0 0 0 0 0 0 0 
0.316986 0.918233 1 0.327249 0.971394 0.0050074 0 0 -0 -0 -0 -0 0 0 0 0 0 0 
ZONE I=5
0.316986 0.918233 1 0.327249 0.971394 0.0050074 0 0 -0 -0 -0 -0 0 0 0 0 0 0 
0.325036 0.916757 1 0.33543 0.972659 0.0051469 0 0 -0 -0 -0 -0 0 0 0 0 0 0 
0.333085 0.915187 1 0.343612 0.973902 0.00529744 0 0 -0 -0 -0 -0 0 0 0 0 0 0 
0.341134 0.913522 1 0.351793 0.975123 0.00545902 0 0 -0 -0 -0 -0 0 0 0 0 0 0 
0.349181 0.911763 1 0.359974 0.976323 0.00563163 0 0 -0 -0 -0 -0 0 0 0 0 0 0 
ZONE I=5
0.349181 0.911763 1 0.359974 0.976323 0.00563163 0 0 -0 -0 -0 -0 0 0 0 0 0 0 
0.357178 0.909914 1 0.368155 0.97749 0.0057715 0 0 -0 -0 -0 -0 0 0 0 0 0 0 
0.365166 0.907969 1 0.376337 0.978631 0.00591772 0 0 -0 -0 -0 -0 0 0 0 0 0 0 
0.373143 0.90593 1 0.384518 0.979749 0.00607029 0 0 -0 -0 -0 -0 0 0 0 0 0 0 
0.381107 0.903796 1 0.392699 0.980841 0.00622922 0 0 -0 -0 -0 -0 0 0 0 0 0 0 
ZONE I=5
0.381107 0.903796 1 0.392699 0.980841 0.00622922 0 0 -0 -0 -0 -0 0 0 0 0 0 0 
0.389024 0.901571 1 0.40088 0.981901 0.00636256 0 0 -0 -0 -0 -0 0 0 0 0 0 0 
0.396923 0.899252 1 0.409062 0.982935 0.00649844 0 0 -0 -0 -0 -0 0 0 0 0 0 0 
0.404801 0.89684 1 0.417243 0.983942 0.00663687 0 0 -0 -0 -0 -0 0 0 0 0 0 0 
0.412659 0.894334 1 0.425424 0.984924 0.00677783 0 0 -0 -0 -0 -0 0 0 0 0 0 0 
ZONE I=5
0.412659 0.894334 1 0.425424 0.984924 0.00677783 0 0 -0 -0 -0 -0 0 0 0 0 0 0 
0.420471 0.891739 1 0.433605 0.985873 0.00689942 0 0 -0 -0 -0 -0 0 0 0 0 0 0 
0.428257 0.889052 1 0.441786 0.986797 0.00702054 0 0 -0 -0 -0 -0 0 0 0 0 0 0 
0.436015 0.886274 1 0.449968 0.987694 0.00714119 0 0 -0 -0 -0 -0 0 0 0 0 0 0 
0.443744 0.883405 1 0.458149 0.988565 0.00726137 0 0 -0 -0 -0 -0 0 0 0 0 0 0 
ZONE I=5
0.443744 0.883405 1 0.458149 0.988565 0.00726137 0 0 -0 -0 -0 -0 0 0 0 0 0 0 
0.451429 0.880449 1 0.46633 0.989406 0.00736744 0 0 -0 -0 -0 -0 0 0 0 0 0 0 
0.459081 0.877404 1 0.474511 0.990221 0.00747075 0 0 -0 -0 -0 -0 0 0 0 0 0 0 
0.4667 0.874272 1 0.482693 0.991011 0.00757131 0 0 -0 -0 -0 -0 0 0 0 0 0 0 
0.474283 0.871052 1 0.490874 0.991775 0.00766912 0 0 -0 -0 -0 -0 0 0 0 0 0 0 
ZONE I=5
0.474283 0.871052 1 0.490874 0.991775 0.00766912 0 0 -0 -0 -0 -0 0 0 0 0 0 0 
0.481823 0.867747 1 0.499055 0.992511 0.00775719 0 0 -0 -0 -0 -0 0 0 0 0 0 0 
0.489325 0.864357 1 0.507236 0.993223 0.00784086 0 0 -0 -0 -0 -0 0 0 0 0 0 0 
0.496788 0.860884 1 0.515418 0.99391 0.00792015 0 0 -0 -0 -0 -0 0 0 0 0 0 0 
0.50421 0.857328 1 0.523599 0.994573 0.00799504 0 0 -0 -0 -0 -0 0 0 0 0 0 0 
ZONE I=5
0.50421 0.857328 1 0.523599 0.994573 0.00799504 0 0 -0 -0 -0 -0 0 0 0 0 0 0 
0.51159 0.853689 1 0.53178 0.99521 0.00806375 0 0 -0 -0 -0 -0 0 0 0 0 0 0 
0.518927 0.849969 1 0.539961 0.995825 0.00812699 0 0 -0 -0 -0 -0 0 0 0 0 0 0 
0.526221 0.84617 1 0.548142 0.996417 0.00818475 0 0 -0 -0 -0 -0 0 0 0 0 0 0 
0.533471 0.842293 1 0.556324 0.996986 0.00823704 0 0 -0 -0 -0 -0 0 0 0 0 0 0 
ZONE I=5
0.533471 0.842293 1 0.556324 0.996986 0.00823704 0 0 -0 -0 -0 -0 0 0 0 0 0 0 
0.540678 0.838335 1 0.564505 0.997532 0.00828598 0 0 -0 -0 -0 -0 0 0 0 0 0 0 
0.547839 0.834302 1 0.572686 0.998057 0.00832882 0 0 -0 -0 -0 -0 0 0 0 0 0 0 
0.554954 0.830194 1 0.580867 0.998562 0.00836558 0 0 -0 -0 -0 -0 0 0 0 0 0 0 
0.562021 0.826011 1 0.589049 0.999046 0.00839625 0 0 -0 -0 -0 -0 0 0 0 0 0 0 
ZONE I=5
0.562021 0.826011 1 0.589049 0.999046 0.00839625 0 0 -0 -0 -0 -0 0 0 0 0 0 0 
0.569045 0.821752 1 0.59723 0.999509 0.00842577 0 0 -0 -0 -0 -0 0 0 0 0 0 0 
0.576021 0.817421 1 0.605411 0.999953 0.00844896 0 0 -0 -0 -0 -0 0 0 0 0 0 0 
0.582948 0.81302 1 0.613592 1.00038 0.00846581 0 0 -0 -0 -0 -0 0 0 0 0 0 0 
0.589825 0.808548 1 0.621774 1.00079 0.00847634 0 0 -0 -0 -0 -0 0 0 0 0 0 0 
ZONE I=5
0.589825 0.808548 1 0.621774 1.00079 0.00847634 0 0 -0 -0 -0 -0 0 0 0 0 0 0 
0.596659 0.804003 1 0.629955 1.00117 0.00848738 0 0 -0 -0 -0 -0 0 0 0 0 0 0 
0.603442 0.799391 1 0.638136 1.00155 0.00849213 0 0 -0 -0 -0 -0 0 0 0 0 0 0 
0.610174 0.794713 1 0.646317 1.0019 0.00849061 0 0 -0 -0 -0 -0 0 0 0 0 0 0 
0.616856 0.789968 1 0.654498 1.00224 0.00848281 0 0 -0 -0 -0 -0 0 0 0 0 0 0 
ZONE I=5
0.616856 0.789968 1 0.654498 1.00224 0.00848281 0 0 -0 -0 -0 -0 0 0 0 0 0 0 
0.623492 0.785153 1 0.66268 1.00256 0.00847673 0 0 -0 -0 -0 -0 0 0 0 0 0 0 
0.630077 0.780275 1 0.670861 1.00287 0.00846464 0 0 -0 -0 -0 -0 0 0 0 0 0 0 
0.63661 0.775334 1 0.679042 1.00317 0.00844653 0 0 -0 -0 -0 -0 0 0 0 0 0 0 
0.64309 0.770331 1 0.687223 1.00345 0.00842241 0 0 -0 -0 -0 -0 0 0 0 0 0 0 
ZONE I=5
0.64309 0.770331 1 0.687223 1.00345 0.00842241 0 0 -0 -0 -0 -0 0 0 0 0 0 0 
0.649524 0.765262 1 0.695405 1.00371 0.00840085 0 0 -0 -0 -0 -0 0 0 0 0 0 0 
0.655906 0.760133 1 0.703586 1.00396 0.00837369 0 0 -0 -0 -0 -0 0 0 0 0 0 0 
0.662235 0.754945 1 0.711767 1.0042 0.00834094 0 0 -0 -0 -0 -0 0 0 0 0 0 0 
0.66851 0.749698 1 0.719948 1.00443 0.00830258 0 0 -0 -0 -0 -0 0 0 0 0 0 0 
ZONE I=5
0.66851 0.749698 1 0.719948 1.00443 0.00830258 0 0 -0 -0 -0 -0 0 0 0 0 0 0 
0.674739 0.744388 1 0.72813 1.00465 0.00826734 0 0 -0 -0 -0 -0 0 0 0 0 0 0 
0.680914 0.739022 1 0.736311 1.00485 0.008227 0 0 -0 -0 -0 -0 0 0 0 0 0 0 
0.687035 0.7336 1 0.744492 1.00505 0.00818157 0 0 -0 -0 -0 -0 0 0 0 0 0 0 
0.693102 0.728123 1 0.752673 1.00523 0.00813106 0 0 -0 -0 -0 -0 0 0 0 0 0 0 
ZONE I=5
0.693102 0.728123 1 0.752673 1.00523 0.00813106 0 0 -0 -0 -0 -0 0 0 0 0 0 0 
0.699122 0.722587 1 0.760854 1.0054 0.00808396 0 0 -0 -0 -0 -0 0 0 0 0 0 0 
0.705087 0.716997 1 0.769036 1.00557 0.00803234 0 0 -0 -0 -0 -0 0 0 0 0 0 0 
0.710998 0.711354 1 0.777217 1.00572 0.00797618 0 0 -0 -0 -0 -0 0 0 0 0 0 0 
0.716854 0.70566 1 0.785398 1.00587 0.0079155 0 0 -0 -0 -0 -0 0 0 0 0 0 0 
ZONE I=5
0.716854 0.70566 1 0.785398 1.00587 0.0079155 0 0 -0 -0 -0 -0 0 0 0 0 0 0 
0.722661 0.699908 1 0.793579 1.00601 0.00785836 0 0 -0 -0 -0 -0 0 0 0 0 0 0 
0.728413 0.694107 1 0.801761 1.00614 0.00779727 0 0 -0 -0 -0 -0 0 0 0 0 0 0 
0.734111 0.688256 1 0.809942 1.00626 0.00773222 0 0 -0 -0 -0 -0 0 0 0 0 0 0 
0.739754 0.682355 1 0.818123 1.00637 0.00766322 0 0 -0 -0 -0 -0 0 0 0 0 0 0 
ZONE I=5
0.739754 0.682355 1 0.818123 1.00637 0.00766322 0 0 -0 -0 -0 -0 0 0 0 0 0 0 
0.745346 0.676401 1 0.826304 1.00648 0.00759775 0 0 -0 -0 -0 -0 0 0 0 0 0 0 
0.750883 0.6704 1 0.834486 1.00658 0.0075289 0 0 -0 -0 -0 -0 0 0 0 0 0 0 
0.756365 0.664351 1 0.842667 1.00668 0.00745666 0 0 -0 -0 -0 -0 0 0 0 0 0 0 
0.761792 0.658256 1 0.850848 1.00676 0.00738103 0 0 -0 -0 -0 -0 0 0 0 0 0 0 
ZONE I=5
0.761792 0.658256 1 0.850848 1.00676 0.00738103 0 0 -0 -0 -0 -0 0 0 0 0 0 0 
0.767167 0.652111 1 0.859029 1.00685 0.00730882 0 0 -0 -0 -0 -0 0 0 0 0 0 0 
0.772487 0.64592 1 0.86721 1.00692 0.00723377 0 0 -0 -0 -0 -0 0 0 0 0 0 0 
0.777751 0.639684 1 0.875392 1.007 0.00715587 0 0 -0 -0 -0 -0 0 0 0 0 0 0 
0.782959 0.633405 1 0.883573 1.00706 0.00707512 0 0 -0 -0 -0 -0 0 0 0 0 0 0 
ZONE I=5
0.782959 0.633405 1 0.883573 1.00706 0.00707512 0 0 -0 -0 -0 -0 0 0 0 0 0 0 
0.788114 0.627078 1 0.891754 1.00713 0.0069976 0 0 -0 -0 -0 -0 0 0 0 0 0 0 
0.793214 0.620708 1 0.899935 1.00718 0.00691773 0 0 -0 -0 -0 -0 0 0 0 0 0 0 
0.798258 0.614296 1 0.908117 1.00724 0.00683552 0 0 -0 -0 -0 -0 0 0 0 0 0 0 
0.803245 0.607842 1 0.916298 1.00729 0.00675097 0 0 -0 -0 -0 -0 0 0 0 0 0 0 
ZONE I=5
0.803245 0.607842 1 0.916298 1.00729 0.00675097 0 0 -0 -0 -0 -0 0 0 0 0 0 0 
0.808178 0.601343 1 0.924479 1.00733 0.0066694 0 0 -0 -0 -0 -0 0 0 0 0 0 0 
0.813056 0.594804 1 0.93266 1.00738 0.00658595 0 0 -0 -0 -0 -0 0 0 0 0 0 0 
0.817876 0.588224 1 0.940842 1.00742 0.0065006 0 0 -0 -0 -0 -0 0 0 0 0 0 0 
0.82264 0.581605 1 0.949023 1.00745 0.00641336 0 0 -0 -0 -0 -0 0 0 0 0 0 0 
ZONE I=5
0.82264 0.581605 1 0.949023 1.00745 0.00641336 0 0 -0 -0 -0 -0 0 0 0 0 0 0 
0.827349 0.574944 1 0.957204 1.00749 0.00632884 0 0 -0 -0 -0 -0 0 0 0 0 0 0 
0.832001 0.568244 1 0.965385 1.00752 0.00624284 0 0 -0 -0 -0 -0 0 0 0 0 0 0 
0.836596 0.561506 1 0.973566 1.00754 0.00615535 0 0 -0 -0 -0 -0 0 0 0 0 0 0 
0.841133 0.554731 1 0.981748 1.00757 0.00606637 0 0 -0 -0 -0 -0 0 0 0 0 0 0 
ZONE I=5
0.841133 0.554731 1 0.981748 1.00757 0.00606637 0 0 -0 -0 -0 -0 0 0 0 0 0 0 
0.845616 0.547917 1 0.989929 1.00759 0.00597983 0 0 -0 -0 -0 -0 0 0 0 0 0 0 
0.85004 0.541065 1 0.99811 1.00761 0.00589216 0 0 -0 -0 -0 -0 0 0 0 0 0 0 
0.854407 0.534178 1 1.00629 1.00763 0.00580336 0 0 -0 -0 -0 -0 0 0 0 0 0 0 
0.858715 0.527256 1 1.01447 1.00765 0.00571341 0 0 -0 -0 -0 -0 0 0 0 0 0 0 
ZONE I=5
0.858715 0.527256 1 1.01447 1.00765 0.00571341 0 0 -0 -0 -0 -0 0 0 0 0 0 0 
0.862968 0.520296 1 1.02265 1.00767 0.00562563 0 0 -0 -0 -0 -0 0 0 0 0 0 0 
0.867162 0.513301 1 1.03084 1.00768 0.00553702 0 0 -0 -0 -0 -0 0 0 0 0 0 0 
0.871297 0.506273 1 1.03902 1.00769 0.00544757 0 0 -0 -0 -0 -0 0 0 0 0 0 0 
0.875374 0.499212 1 1.0472 1.0077 0.00535728 0 0 -0 -0 -0 -0 0 0 0 0 0 0 
ZONE I=5
0.875374 0.499212 1 1.0472 1.0077 0.00535728 0 0 -0 -0 -0 -0 0 0 0 0 0 0 
0.879394 0.492115 1 1.05538 1.00771 0.00526889 0 0 -0 -0 -0 -0 0 0 0 0 0 0 
0.883355 0.484986 1 1.06356 1.00772 0.00517992 0 0 -0 -0 -0 -0 0 0 0 0 0 0 
0.887257 0.477825 1 1.07174 1.00773 0.00509036 0 0 -0 -0 -0 -0 0 0 0 0 0 0 
0.891099 0.470633 1 1.07992 1.00773 0.00500022 0 0 -0 -0 -0 -0 0 0 0 0 0 0 
ZONE I=5
0.891099 0.470633 1 1.07992 1.00773 0.00500022 0 0 -0 -0 -0 -0 0 0 0 0 0 0 
0.894884 0.463408 1 1.0881 1.00774 0.00491172 0 0 -0 -0 -0 -0 0 0 0 0 0 0 
0.898608 0.456152 1 1.09628 1.00774 0.00482285 0 0 -0 -0 -0 -0 0 0 0 0 0 0 
0.902274 0.448867 1 1.10447 1.00775 0.0047336 0 0 -0 -0 -0 -0 0 0 0 0 0 0 
0.905879 0.441552 1 1.11265 1.00775 0.00464398 0 0 -0 -0 -0 -0 0 0 0 0 0 0 
ZONE I=5
0.905879 0.441552 1 1.11265 1.00775 0.00464398 0 0 -0 -0 -0 -0 0 0 0 0 0 0 
0.909425 0.434207 1 1.12083 1.00775 0.00455575 0 0 -0 -0 -0 -0 0 0 0 0 0 0 
0.912911 0.426833 1 1.12901 1.00776 0.00446732 0 0 -0 -0 -0 -0 0 0 0 0 0 0 
0.916336 0.419431 1 1.13719 1.00776 0.00437868 0 0 -0 -0 -0 -0 0 0 0 0 0 0 
0.919701 0.412001 1 1.14537 1.00776 0.00428985 0 0 -0 -0 -0 -0 0 0 0 0 0 0 
ZONE I=5
0.919701 0.412001 1 1.14537 1.00776 0.00428985 0 0 -0 -0 -0 -0 0 0 0 0 0 0 
0.923006 0.404544 1 1.15355 1.00776 0.00420218 0 0 -0 -0 -0 -0 0 0 0 0 0 0 
0.92625 0.39706 1 1.16173 1.00776 0.00411444 0 0 -0 -0 -0 -0 0 0 0 0 0 0 
0.929433 0.389549 1 1.16992 1.00776 0.00402664 0 0 -0 -0 -0 -0 0 0 0 0 0 0 
0.932554 0.382013 1 1.1781 1.00776 0.00393877 0 0 -0 -0 -0 -0 0 0 0 0 0 0 
ZONE I=5
0.932554 0.382013 1 1.1781 1.00776 0.00393877 0 0 -0 -0 -0 -0 0 0 0 0 0 0 
0.935615 0.374452 1 1.18628 1.00776 0.00385187 0 0 -0 -0 -0 -0 0 0 0 0 0 0 
0.938615 0.366865 1 1.19446 1.00776 0.003765 0 0 -0 -0 -0 -0 0 0 0 0 0 0 
0.941552 0.359254 1 1.20264 1.00776 0.00367816 0 0 -0 -0 -0 -0 0 0 0 0 0 0 
0.944428 0.35162 1 1.21082 1.00775 0.00359136 0 0 -0 -0 -0 -0 0 0 0 0 0 0 
ZONE I=5
0.944428 0.35162 1 1.21082 1.00775 0.00359136 0 0 -0 -0 -0 -0 0 0 0 0 0 0 
0.947242 0.343962 1 1.219 1.00775 0.00350535 0 0 -0 -0 -0 -0 0 0 0 0 0 0 
0.949994 0.336282 1 1.22718 1.00775 0.00341945 0 0 -0 -0 -0 -0 0 0 0 0 0 0 
0.952684 0.328579 1 1.23537 1.00775 0.00333366 0 0 -0 -0 -0 -0 0 0 0 0 0 0 
0.955311 0.320854 1 1.24355 1.00775 0.00324797 0 0 -0 -0 -0 -0 0 0 0 0 0 0 
ZONE I=5
0.955311 0.320854 1 1.24355 1.00775 0.00324797 0 0 -0 -0 -0 -0 0 0 0 0 0 0 
0.957876 0.313108 1 1.25173 1.00775 0.00316293 0 0 -0 -0 -0 -0 0 0 0 0 0 0 
0.960377 0.305342 1 1.25991 1.00774 0.00307804 0 0 -0 -0 -0 -0 0 0 0 0 0 0 
0.962816 0.297555 1 1.26809 1.00774 0.00299331 0 0 -0 -0 -0 -0 0 0 0 0 0 0 
0.965192 0.289748 1 1.27627 1.00774 0.00290874 0 0 -0 -0 -0 -0 0 0 0 0 0 0 
ZONE I=5
0.965192 0.289748 1 1.27627 1.00774 0.00290874 0 0 -0 -0 -0 -0 0 0 0 0 0 0 
0.967505 0.281922 1 1.28445 1.00774 0.00282468 0 0 -0 -0 -0 -0 0 0 0 0 0 0 
0.969754 0.274078 1 1.29263 1.00774 0.0027408 0 0 -0 -0 -0 -0 0 0 0 0 0 0 
0.97194 0.266215 1 1.30082 1.00774 0.00265712 0 0 -0 -0 -0 -0 0 0 0 0 0 0 
0.974062 0.258335 1 1.309 1.00773 0.00257362 0 0 -0 -0 -0 -0 0 0 0 0 0 0 
ZONE I=5
0.974062 0.258335 1 1.309 1.00773 0.00257362 0 0 -0 -0 -0 -0 0 0 0 0 0 0 
0.976121 0.250437 1 1.31718 1.00773 0.00249052 0 0 -0 -0 -0 -0 0 0 0 0 0 0 
0.978115 0.242523 1 1.32536 1.00773 0.00240762 0 0 -0 -0 -0 -0 0 0 0 0 0 0 
0.980046 0.234593 1 1.33354 1.00773 0.00232492 0 0 -0 -0 -0 -0 0 0 0 0 0 0 
0.981912 0.226647 1 1.34172 1.00773 0.00224242 0 0 -0 -0 -0 -0 0 0 0 0 0 0 
ZONE I=5
0.981912 0.226647 1 1.34172 1.00773 0.00224242 0 0 -0 -0 -0 -0 0 0 0 0 0 0 
0.983714 0.218686 1 1.3499 1.00773 0.00216023 0 0 -0 -0 -0 -0 0 0 0 0 0 0 
0.985451 0.210711 1 1.35808 1.00772 0.00207824 0 0 -0 -0 -0 -0 0 0 0 0 0 0 
0.987124 0.202722 1 1.36627 1.00772 0.00199644 0 0 -0 -0 -0 -0 0 0 0 0 0 0 
0.988733 0.194719 1 1.37445 1.00772 0.00191485 0 0 -0 -0 -0 -0 0 0 0 0 0 0 
ZONE I=5
0.988733 0.194719 1 1.37445 1.00772 0.00191485 0 0 -0 -0 -0 -0 0 0 0 0 0 0 
0.990276 0.186703 1 1.38263 1.00772 0.00183348 0 0 -0 -0 -0 -0 0 0 0 0 0 0 
0.991755 0.178675 1 1.39081 1.00772 0.00175231 0 0 -0 -0 -0 -0 0 0 0 0 0 0 
0.993169 0.170635 1 1.39899 1.00772 0.00167132 0 0 -0 -0 -0 -0 0 0 0 0 0 0 
0.994517 0.162583 1 1.40717 1.00772 0.00159051 0 0 -0 -0 -0 -0 0 0 0 0 0 0 
ZONE I=5
0.994517 0.162583 1 1.40717 1.00772 0.00159051 0 0 -0 -0 -0 -0 0 0 0 0 0 0 
0.995801 0.154521 1 1.41535 1.00772 0.00150988 0 0 -0 -0 -0 -0 0 0 0 0 0 0 
0.997019 0.146449 1 1.42353 1.00772 0.00142941 0 0 -0 -0 -0 -0 0 0 0 0 0 0 
0.998172 0.138367 1 1.43172 1.00772 0.0013491 0 0 -0 -0 -0 -0 0 0 0 0 0 0 
0.999259 0.130275 1 1.4399 1.00771 0.00126896 0 0 -0 -0 -0 -0 0 0 0 0 0 0 
ZONE I=5
0.999259 0.130275 1 1.4399 1.00771 0.00126896 0 0 -0 -0 -0 -0 0 0 0 0 0 0 
1.00028 0.122175 1 1.44808 1.00771 0.00118894 0 0 -0 -0 -0 -0 0 0 0 0 0 0 
1.00124 0.114067 1 1.45626 1.00771 0.00110905 0 0 -0 -0 -0 -0 0 0 0 0 0 0 
1.00213 0.105951 1 1.46444 1.00771 0.0010293 0 0 -0 -0 -0 -0 0 0 0 0 0 0 
1.00295 0.097828 1 1.47262 1.00771 0.000949683 0 0 -0 -0 -0 -0 0 0 0 0 0 0 
ZONE I=5
1.00295 0.097828 1 1.47262 1.00771 0.000949683 0 0 -0 -0 -0 -0 0 0 0 0 0 0 
1.00371 0.0896986 1 1.4808 1.00771 0.00087015 0 0 -0 -0 -0 -0 0 0 0 0 0 0 
1.00441 0.0815632 1 1.48898 1.00771 0.000790716 0 0 -0 -0 -0 -0 0 0 0 0 0 0 
1.00503 0.0734224 1 1.49717 1.00771 0.000711381 0 0 -0 -0 -0 -0 0 0 0 0 0 0 
1.00559 0.0652766 1 1.50535 1.00771 0.000632145 0 0 -0 -0 -0 -0 0 0 0 0 0 0 
ZONE I=5
1.00559 0.0652766 1 1.50535 1.00771 0.000632145 0 0 -0 -0 -0 -0 0 0 0 0 0 0 
1.00609 0.0571266 1 1.51353 1.00771 0.000552962 0 0 -0 -0 -0 -0 0 0 0 0 0 0 
1.00652 0.0489727 1 1.52171 1.00771 0.00047384 0 0 -0 -0 -0 -0 0 0 0 0 0 0 
1.00688 0.0408156 1 1.52989 1.00771 0.000394778 0 0 -0 -0 -0 -0 0 0 0 0 0 0 
1.00718 0.0326557 1 1.53807 1.00771 0.000315778 0 0 -0 -0 -0 -0 0 0 0 0 0 0 
ZONE I=5
1.00718 0.0326557 1 1.53807 1.00771 0.000315778 0 0 -0 -0 -0 -0 0 0 0 0 0 0 
1.00741 0.0244937 1 1.54625 1.00771 0.000236803 0 0 -0 -0 -0 -0 0 0 0 0 0 0 
1.00758 0.01633 1 1.55443 1.00771 0.000157848 0 0 -0 -0 -0 -0 0 0 0 0 0 0 
1.00768 0.0081653 1 1.56262 1.00771 7.89136e-05 0 0 -0 -0 -0 -0 0 0 0 0 0 0 
1.00771 4.93434e-12 1 1.5708 1.00771 0 0 0 -0 -0 -0 -0 0 0 0 0 0 0 
