ZONE I=5
0 0.5 1 0 0.5 0 1.64528e-08 0.468722 -0 -0 -0 -0 0 0 -8.93492e-05 1.76646e-06 1.76646e-06 -8.93492e-05 
0.0104352 0.50001 1 0.00818126 0.500079 0.00634417 1.01332e-05 0.217742 -0 -0 -0 -0 0 0 -8.93492e-05 1.76646e-06 1.03542e-06 -8.93607e-05 
0.0200453 0.5 1 0.0163625 0.500261 0.0118617 1.64528e-08 0.0906751 -0 -0 -0 -0 0 0 -8.93492e-05 1.76646e-06 3.04312e-07 -8.93661e-05 
0.0288316 0.49999 1 0.0245437 0.500547 0.0165526 0 0.0875203 -0 -0 -0 -0 0 0 -8.93492e-05 1.76646e-06 -4.26813e-07 -8.93656e-05 
0.036796 0.5 1 0.0327249 0.500936 0.0204168 1.64528e-08 0.208278 -0 -0 -0 -0 0 0 -8.93492e-05 1.76646e-06 -1.15791e-06 -8.93591e-05 
ZONE I=5
0.036796 0.5 1 0.0327249 0.500936 0.0204168 1.64528e-08 0.208278 -0 -0 -0 -0 0 0 -0.000333853 1.64049e-05 5.4728e-06 -0.000334211 
0.0486204 0.500016 1 0.0409062 0.501586 0.0281317 1.55435e-05 0.15515 -0 -0 -0 -0 0 0 -0.000333853 1.64049e-05 2.73838e-06 -0.000334244 
0.0591796 0.5 1 0.0490874 0.502302 0.0345745 1.64528e-08 0.130732 -0 -0 -0 -0 0 0 -0.000333853 1.64049e-05 3.79152e-09 -0.000334255 
0.0684751 0.499984 1 0.0572686 0.503084 0.0397451 0 0.135023 -0 -0 -0 -0 0 0 -0.000333853 1.64049e-05 -2.73079e-06 -0.000334244 
0.0765088 0.5 1 0.0654498 0.503933 0.0436434 1.64528e-08 0.168024 -0 -0 -0 -0 0 0 -0.000333853 1.64049e-05 -5.46519e-06 -0.000334211 
ZONE I=5
0.0765088 0.5 1 0.0654498 0.503933 0.0436434 1.64528e-08 0.168024 -0 -0 -0 -0 0 0 -0.000567485 4.63769e-05 9.16232e-06 -0.000569303 
0.0880217 0.500013 1 0.0736311 0.505134 0.051 1.30527e-05 0.151074 -0 -0 -0 -0 0 0 -0.000567485 4.63769e-05 4.50445e-06 -0.000569359 
0.0984732 0.5 1 0.0818123 0.506375 0.0572833 1.64528e-08 0.143034 -0 -0 -0 -0 0 0 -0.000567485 4.63769e-05 -1.53717e-07 -0.000569377 
0.107865 0.499987 1 0.0899936 0.507658 0.0624935 0 0.143904 -0 -0 -0 -0 0 0 -0.000567485 4.63769e-05 -4.81187e-06 -0.000569356 
0.116199 0.5 1 0.0981748 0.508982 0.0666304 1.64528e-08 0.153684 -0 -0 -0 -0 0 0 -0.000567485 4.63769e-05 -9.46971e-06 -0.000569298 
ZONE I=5
0.116199 0.5 1 0.0981748 0.508982 0.0666304 1.64528e-08 0.153684 -0 -0 -0 -0 0 0 -0.000794556 9.10906e-05 1.27718e-05 -0.000799659 
0.12755 0.500012 1 0.106356 0.510727 0.0737506 1.18973e-05 0.149766 -0 -0 -0 -0 0 0 -0.000794556 9.10906e-05 6.22949e-06 -0.000799736 
0.137936 0.5 1 0.114537 0.512488 0.0798885 1.64528e-08 0.147381 -0 -0 -0 -0 0 0 -0.000794556 9.10906e-05 -3.13453e-07 -0.000799761 
0.147356 0.499988 1 0.122718 0.514266 0.0850439 0 0.146528 -0 -0 -0 -0 0 0 -0.000794556 9.10906e-05 -6.85653e-06 -0.000799731 
0.155813 0.5 1 0.1309 0.51606 0.0892169 1.64528e-08 0.147208 -0 -0 -0 -0 0 0 -0.000794556 9.10906e-05 -1.33993e-05 -0.000799648 
ZONE I=5
0.155813 0.5 1 0.1309 0.51606 0.0892169 1.64528e-08 0.147208 -0 -0 -0 -0 0 0 -0.00101619 0.000150224 1.62996e-05 -0.0010271 
0.167111 0.500012 1 0.139081 0.51835 0.0961795 1.15605e-05 0.148887 -0 -0 -0 -0 0 0 -0.00101619 0.000150224 7.89659e-06 -0.0010272 
0.177471 0.5 1 0.147262 0.520629 0.102185 1.64528e-08 0.148904 -0 -0 -0 -0 0 0 -0.00101619 0.000150224 -5.07241e-07 -0.00102723 
0.186894 0.499988 1 0.155443 0.522895 0.107233 0 0.147258 -0 -0 -0 -0 0 0 -0.00101619 0.000150224 -8.9113e-06 -0.00102719 
0.195382 0.5 1 0.163625 0.525149 0.111325 1.64528e-08 0.14395 -0 -0 -0 -0 0 0 -0.00101619 0.000150224 -1.7315e-05 -0.00102709 
ZONE I=5
0.195382 0.5 1 0.163625 0.525149 0.111325 1.64528e-08 0.14395 -0 -0 -0 -0 0 0 -0.00123365 0.000223713 1.97689e-05 -0.00125361 
0.20669 0.500012 1 0.171806 0.527986 0.118164 1.16918e-05 0.148267 -0 -0 -0 -0 0 0 -0.00123365 0.000223713 9.51275e-06 -0.00125373 
0.217049 0.5 1 0.179987 0.530778 0.124034 1.64528e-08 0.14942 -0 -0 -0 -0 0 0 -0.00123365 0.000223713 -7.44367e-07 -0.00125377 
0.226462 0.499988 1 0.188168 0.533525 0.128937 0 0.147407 -0 -0 -0 -0 0 0 -0.00123365 0.000223713 -1.10017e-05 -0.00125372 
0.23493 0.5 1 0.19635 0.536225 0.132871 1.64528e-08 0.142229 -0 -0 -0 -0 0 0 -0.00123365 0.000223713 -2.12587e-05 -0.00125359 
ZONE I=5
0.23493 0.5 1 0.19635 0.536225 0.132871 1.64528e-08 0.142229 -0 -0 -0 -0 0 0 -0.00144715 0.000311503 2.31918e-05 -0.00148012 
0.246284 0.500012 1 0.204531 0.539612 0.139594 1.2106e-05 0.147846 -0 -0 -0 -0 0 0 -0.00144715 0.000311503 1.10823e-05 -0.00148026 
0.256657 0.5 1 0.212712 0.542914 0.145317 1.64528e-08 0.149567 -0 -0 -0 -0 0 0 -0.00144715 0.000311503 -1.02787e-06 -0.0014803 
0.266051 0.499988 1 0.220893 0.546131 0.150039 0 0.147393 -0 -0 -0 -0 0 0 -0.00144715 0.000311503 -1.3138e-05 -0.00148024 
0.274468 0.5 1 0.229074 0.549264 0.15376 1.64528e-08 0.141324 -0 -0 -0 -0 0 0 -0.00144715 0.000311503 -2.52473e-05 -0.00148008 
ZONE I=5
0.274468 0.5 1 0.229074 0.549264 0.15376 1.64528e-08 0.141324 -0 -0 -0 -0 0 0 -0.00165637 0.000413503 2.65793e-05 -0.001707 
0.285889 0.500013 1 0.237256 0.5532 0.16036 1.26812e-05 0.147556 -0 -0 -0 -0 0 0 -0.00165637 0.000413503 1.26125e-05 -0.00170716 
0.296284 0.5 1 0.245437 0.557007 0.165915 1.64528e-08 0.149564 -0 -0 -0 -0 0 0 -0.00165637 0.000413503 -1.35466e-06 -0.0017072 
0.305654 0.499987 1 0.253618 0.560684 0.170426 0 0.147347 -0 -0 -0 -0 0 0 -0.00165637 0.000413503 -1.53213e-05 -0.00170714 
0.314001 0.5 1 0.261799 0.564232 0.173893 1.64528e-08 0.140905 -0 -0 -0 -0 0 0 -0.00165637 0.000413503 -2.92865e-05 -0.00170695 
ZONE I=5
0.314001 0.5 1 0.261799 0.564232 0.173893 1.64528e-08 0.140905 -0 -0 -0 -0 0 0 -0.00186036 0.000529465 2.99283e-05 -0.001934 
0.325501 0.500013 1 0.269981 0.568716 0.18035 1.33424e-05 0.147346 -0 -0 -0 -0 0 0 -0.00186036 0.000529465 1.41042e-05 -0.00193418 
0.33592 0.5 1 0.278162 0.573021 0.185714 1.64528e-08 0.149479 -0 -0 -0 -0 0 0 -0.00186036 0.000529465 -1.72042e-06 -0.00193424 
0.345262 0.499987 1 0.286343 0.577147 0.189985 0 0.147304 -0 -0 -0 -0 0 0 -0.00186036 0.000529465 -1.75444e-05 -0.00193416 
0.353527 0.5 1 0.294524 0.581094 0.193163 1.64528e-08 0.14082 -0 -0 -0 -0 0 0 -0.00186036 0.000529465 -3.33667e-05 -0.00193395 
ZONE I=5
0.353527 0.5 1 0.294524 0.581094 0.193163 1.64528e-08 0.14082 -0 -0 -0 -0 0 0 -0.00205816 0.000659067 3.32374e-05 -0.00216085 
0.365109 0.500014 1 0.302706 0.586121 0.199453 1.40574e-05 0.147179 -0 -0 -0 -0 0 0 -0.00205816 0.000659067 1.55572e-05 -0.00216105 
0.375555 0.5 1 0.310887 0.590915 0.2046 1.64528e-08 0.149325 -0 -0 -0 -0 0 0 -0.00205816 0.000659067 -2.12344e-06 -0.0021611 
0.384864 0.499986 1 0.319068 0.595476 0.208603 0 0.147259 -0 -0 -0 -0 0 0 -0.00205816 0.000659067 -1.98034e-05 -0.00216102 
0.393041 0.5 1 0.327249 0.599804 0.211462 1.64528e-08 0.140982 -0 -0 -0 -0 0 0 -0.00205816 0.000659067 -3.74816e-05 -0.00216078 
ZONE I=5
0.393041 0.5 1 0.327249 0.599804 0.211462 1.64528e-08 0.140982 -0 -0 -0 -0 0 0 -0.0022488 0.000801914 3.65039e-05 -0.00238722 
0.404707 0.500015 1 0.335431 0.605368 0.21756 1.48024e-05 0.147032 -0 -0 -0 -0 0 0 -0.0022488 0.000801914 1.69715e-05 -0.00238744 
0.415177 0.5 1 0.343612 0.610641 0.222463 1.64528e-08 0.149108 -0 -0 -0 -0 0 0 -0.0022488 0.000801914 -2.56139e-06 -0.0023875 
0.424452 0.499985 1 0.351793 0.615623 0.226171 0 0.14721 -0 -0 -0 -0 0 0 -0.0022488 0.000801914 -2.20935e-05 -0.0023874 
0.432534 0.5 1 0.359974 0.620313 0.228686 1.64528e-08 0.141337 -0 -0 -0 -0 0 0 -0.0022488 0.000801914 -4.16236e-05 -0.00238714 
ZONE I=5
0.432534 0.5 1 0.359974 0.620313 0.228686 1.64528e-08 0.141337 -0 -0 -0 -0 0 0 -0.00243141 0.000957563 3.97262e-05 -0.00261287 
0.444285 0.500016 1 0.368156 0.626407 0.234561 1.55615e-05 0.146894 -0 -0 -0 -0 0 0 -0.00243141 0.000957563 1.83476e-05 -0.00261311 
0.454778 0.5 1 0.376337 0.632147 0.239193 1.64528e-08 0.148833 -0 -0 -0 -0 0 0 -0.00243141 0.000957563 -3.03164e-06 -0.00261317 
0.464016 0.499984 1 0.384518 0.637533 0.242582 0 0.147154 -0 -0 -0 -0 0 0 -0.00243141 0.000957563 -2.441e-05 -0.00261306 
0.471999 0.5 1 0.392699 0.642566 0.244728 1.64528e-08 0.141857 -0 -0 -0 -0 0 0 -0.00243141 0.000957563 -4.5786e-05 -0.00261277 
ZONE I=5
0.471999 0.5 1 0.392699 0.642566 0.244728 1.64528e-08 0.141857 -0 -0 -0 -0 0 0 -0.00260491 0.00112542 4.28956e-05 -0.00283731 
0.483833 0.500016 1 0.400881 0.64918 0.250353 1.63274e-05 0.146758 -0 -0 -0 -0 0 0 -0.00260491 0.00112542 1.96807e-05 -0.00283756 
0.494348 0.5 1 0.409062 0.655374 0.254687 1.64528e-08 0.148495 -0 -0 -0 -0 0 0 -0.00260491 0.00112542 -3.53487e-06 -0.00283763 
0.503545 0.499984 1 0.417243 0.661147 0.257732 0 0.147068 -0 -0 -0 -0 0 0 -0.00260491 0.00112542 -2.67495e-05 -0.0028375 
0.511427 0.5 1 0.425424 0.666501 0.259487 1.64528e-08 0.142478 -0 -0 -0 -0 0 0 -0.00260491 0.00112542 -4.99616e-05 -0.00283719 
ZONE I=5
0.511427 0.5 1 0.425424 0.666501 0.259487 1.64528e-08 0.142478 -0 -0 -0 -0 0 0 -0.00276897 0.00130513 4.60261e-05 -0.00306079 
0.52334 0.500017 1 0.433605 0.673623 0.264829 1.70681e-05 0.146622 -0 -0 -0 -0 0 0 -0.00276897 0.00130513 2.09849e-05 -0.00306106 
0.533874 0.5 1 0.441786 0.680255 0.268839 1.64528e-08 0.14813 -0 -0 -0 -0 0 0 -0.00276897 0.00130513 -4.05843e-06 -0.00306113 
0.54303 0.499983 1 0.449967 0.686399 0.271517 0 0.147 -0 -0 -0 -0 0 0 -0.00276897 0.00130513 -2.91023e-05 -0.003061 
0.550811 0.5 1 0.458149 0.692054 0.272863 1.64528e-08 0.143232 -0 -0 -0 -0 0 0 -0.00276897 0.00130513 -5.4145e-05 -0.00306066 
ZONE I=5
0.550811 0.5 1 0.458149 0.692054 0.272863 1.64528e-08 0.143232 -0 -0 -0 -0 0 0 -0.00292249 0.00149596 4.91031e-05 -0.00328275 
0.562801 0.500018 1 0.46633 0.69967 0.277894 1.78149e-05 0.146489 -0 -0 -0 -0 0 0 -0.00292249 0.00149596 2.2246e-05 -0.00328304 
0.573352 0.5 1 0.474511 0.706725 0.281554 1.64528e-08 0.147714 -0 -0 -0 -0 0 0 -0.00292249 0.00149596 -4.61336e-06 -0.00328311 
0.582465 0.499982 1 0.482692 0.713219 0.283843 0 0.146908 -0 -0 -0 -0 0 0 -0.00292249 0.00149596 -3.14733e-05 -0.00328296 
0.590142 0.5 1 0.490874 0.719152 0.284761 1.64528e-08 0.144072 -0 -0 -0 -0 0 0 -0.00292249 0.00149596 -5.83319e-05 -0.0032826 
ZONE I=5
0.590142 0.5 1 0.490874 0.719152 0.284761 1.64528e-08 0.144072 -0 -0 -0 -0 0 0 -0.00306496 0.00169737 5.21315e-05 -0.00350318 
0.602205 0.500019 1 0.499055 0.727247 0.28945 1.85448e-05 0.146359 -0 -0 -0 -0 0 0 -0.00306496 0.00169737 2.3471e-05 -0.00350349 
0.61277 0.5 1 0.507236 0.734706 0.292734 1.64528e-08 0.147271 -0 -0 -0 -0 0 0 -0.00306496 0.00169737 -5.192e-06 -0.00350357 
0.621838 0.499981 1 0.515417 0.74153 0.294613 0 0.146808 -0 -0 -0 -0 0 0 -0.00306496 0.00169737 -3.38555e-05 -0.00350341 
0.629413 0.5 1 0.523599 0.747719 0.295087 1.64528e-08 0.14497 -0 -0 -0 -0 0 0 -0.00306496 0.00169737 -6.25176e-05 -0.00350301 
ZONE I=5
0.629413 0.5 1 0.523599 0.747719 0.295087 1.64528e-08 0.14497 -0 -0 -0 -0 0 0 -0.00319586 0.00190877 5.51137e-05 -0.00372208 
0.641543 0.500019 1 0.53178 0.756276 0.299406 1.92493e-05 0.146242 -0 -0 -0 -0 0 0 -0.00319586 0.00190877 2.46623e-05 -0.0037224 
0.652119 0.5 1 0.539961 0.76412 0.30229 1.64528e-08 0.14682 -0 -0 -0 -0 0 0 -0.00319586 0.00190877 -5.79163e-06 -0.00372248 
0.661142 0.499981 1 0.548142 0.771254 0.30374 0 0.146704 -0 -0 -0 -0 0 0 -0.00319586 0.00190877 -3.62461e-05 -0.00372231 
0.668615 0.5 1 0.556324 0.777675 0.303755 1.64528e-08 0.145893 -0 -0 -0 -0 0 0 -0.00319586 0.00190877 -6.66991e-05 -0.00372189 
ZONE I=5
0.668615 0.5 1 0.556324 0.777675 0.303755 1.64528e-08 0.145893 -0 -0 -0 -0 0 0 -0.00331488 0.00212969 5.80547e-05 -0.00393963 
0.680807 0.50002 1 0.564505 0.786674 0.307673 1.99185e-05 0.14616 -0 -0 -0 -0 0 0 -0.00331488 0.00212969 2.58235e-05 -0.00393997 
0.691391 0.5 1 0.572686 0.794883 0.310133 1.64528e-08 0.146396 -0 -0 -0 -0 0 0 -0.00331488 0.00212969 -6.41045e-06 -0.00394005 
0.700369 0.49998 1 0.580867 0.802304 0.311136 0 0.146601 -0 -0 -0 -0 0 0 -0.00331488 0.00212969 -3.86449e-05 -0.00393987 
0.707742 0.5 1 0.589049 0.808936 0.310681 1.64528e-08 0.146774 -0 -0 -0 -0 0 0 -0.00331488 0.00212969 -7.08778e-05 -0.00393942 
ZONE I=5
0.707742 0.5 1 0.589049 0.808936 0.310681 1.64528e-08 0.146774 -0 -0 -0 -0 0 0 -0.00342233 0.00236006 6.09732e-05 -0.00415674 
0.719989 0.500021 1 0.59723 0.818354 0.314168 2.05342e-05 0.146154 -0 -0 -0 -0 0 0 -0.00342233 0.00236006 2.69658e-05 -0.0041571 
0.730578 0.5 1 0.605411 0.826906 0.316181 1.64528e-08 0.146072 -0 -0 -0 -0 0 0 -0.00342233 0.00236006 -7.04449e-06 -0.00415718 
0.739512 0.49998 1 0.613592 0.834592 0.316721 0 0.146528 -0 -0 -0 -0 0 0 -0.00342233 0.00236006 -4.10553e-05 -0.00415699 
0.746791 0.5 1 0.621774 0.841413 0.315788 1.64528e-08 0.147522 -0 -0 -0 -0 0 0 -0.00342233 0.00236006 -7.50645e-05 -0.00415651 
ZONE I=5
0.746791 0.5 1 0.621774 0.841413 0.315788 1.64528e-08 0.147522 -0 -0 -0 -0 0 0 -0.00351857 0.00259996 6.38799e-05 -0.00437448 
0.759083 0.500021 1 0.629955 0.851226 0.318813 2.10802e-05 0.1463 -0 -0 -0 -0 0 0 -0.00351857 0.00259996 2.80905e-05 -0.00437486 
0.769674 0.5 1 0.638136 0.860098 0.320358 1.64528e-08 0.145955 -0 -0 -0 -0 0 0 -0.00351857 0.00259996 -7.70077e-06 -0.00437494 
0.778566 0.499979 1 0.646317 0.868028 0.320422 0 0.146488 -0 -0 -0 -0 0 0 -0.00351857 0.00259996 -4.34915e-05 -0.00437473 
0.78576 0.5 1 0.654498 0.875017 0.319005 1.64528e-08 0.147899 -0 -0 -0 -0 0 0 -0.00351857 0.00259996 -7.92793e-05 -0.00437423 
ZONE I=5
0.78576 0.5 1 0.654498 0.875017 0.319005 1.64528e-08 0.147899 -0 -0 -0 -0 0 0 -0.00360615 0.00285135 6.68461e-05 -0.00459674 
0.798083 0.500021 1 0.66268 0.885196 0.321537 2.14912e-05 0.146746 -0 -0 -0 -0 0 0 -0.00360615 0.00285135 2.92355e-05 -0.00459713 
0.808672 0.5 1 0.670861 0.894363 0.322592 1.64528e-08 0.146292 -0 -0 -0 -0 0 0 -0.00360615 0.00285135 -8.37587e-06 -0.00459722 
0.817531 0.499979 1 0.679042 0.902519 0.322171 0 0.146538 -0 -0 -0 -0 0 0 -0.00360615 0.00285135 -4.59856e-05 -0.00459699 
0.824659 0.5 1 0.687223 0.909663 0.320274 1.64528e-08 0.147482 -0 -0 -0 -0 0 0 -0.00360615 0.00285135 -8.35911e-05 -0.00459646 
ZONE I=5
0.824659 0.5 1 0.687223 0.909663 0.320274 1.64528e-08 0.147482 -0 -0 -0 -0 0 0 -0.00368862 0.00311768 6.99639e-05 -0.00482918 
0.836988 0.500022 1 0.695405 0.920169 0.322273 2.16475e-05 0.147743 -0 -0 -0 -0 0 0 -0.00368862 0.00311768 3.04515e-05 -0.00482959 
0.847572 0.5 1 0.703586 0.929605 0.322818 1.64528e-08 0.147501 -0 -0 -0 -0 0 0 -0.00368862 0.00311768 -9.06171e-06 -0.00482967 
0.856412 0.499978 1 0.711767 0.937973 0.321911 0 0.146756 -0 -0 -0 -0 0 0 -0.00368862 0.00311768 -4.85731e-05 -0.00482944 
0.863511 0.5 1 0.719948 0.945272 0.31955 1.64528e-08 0.14551 -0 -0 -0 -0 0 0 -0.00368862 0.00311768 -8.80801e-05 -0.00482888 
ZONE I=5
0.863511 0.5 1 0.719948 0.945272 0.31955 1.64528e-08 0.14551 -0 -0 -0 -0 0 0 -0.00377127 0.00340495 7.34039e-05 -0.00508043 
0.875801 0.500021 1 0.72813 0.95605 0.320964 2.13321e-05 0.149649 -0 -0 -0 -0 0 0 -0.00377127 0.00340495 3.18357e-05 -0.00508086 
0.886373 0.5 1 0.736311 0.965728 0.32098 1.64528e-08 0.150209 -0 -0 -0 -0 0 0 -0.00377127 0.00340495 -9.73328e-06 -0.00508095 
0.895228 0.499979 1 0.744492 0.974306 0.319595 0 0.147189 -0 -0 -0 -0 0 0 -0.00377127 0.00340495 -5.13004e-05 -0.0050807 
0.902369 0.5 1 0.752673 0.981784 0.31681 1.64528e-08 0.140588 -0 -0 -0 -0 0 0 -0.00377127 0.00340495 -9.28627e-05 -0.00508011 
ZONE I=5
0.902369 0.5 1 0.752673 0.981784 0.31681 1.64528e-08 0.140588 -0 -0 -0 -0 0 0 -0.00385447 0.00371602 7.73052e-05 -0.00535348 
0.914528 0.50002 1 0.760855 0.992742 0.31756 2.0061e-05 0.15285 -0 -0 -0 -0 0 0 -0.00385447 0.00371602 3.3503e-05 -0.00535393 
0.925074 0.5 1 0.769036 1.00263 0.31702 1.64528e-08 0.155142 -0 -0 -0 -0 0 0 -0.00385447 0.00371602 -1.03002e-05 -0.00535403 
0.934008 0.49998 1 0.777217 1.01144 0.315189 0 0.147464 -0 -0 -0 -0 0 0 -0.00385447 0.00371602 -5.41014e-05 -0.00535377 
0.941331 0.5 1 0.785398 1.01917 0.312068 1.64528e-08 0.129816 -0 -0 -0 -0 0 0 -0.00385447 0.00371602 -9.78976e-05 -0.00535314 
ZONE I=5
0.941331 0.5 1 0.785398 1.01917 0.312068 1.64528e-08 0.129816 -0 -0 -0 -0 0 0 -0.00392794 0.00404386 8.19703e-05 -0.00563691 
0.953134 0.500017 1 0.79358 1.03012 0.311985 1.65381e-05 0.157613 -0 -0 -0 -0 0 0 -0.00392794 0.00404386 3.58489e-05 -0.00563739 
0.963612 0.5 1 0.801761 1.04016 0.310845 1.64528e-08 0.163253 -0 -0 -0 -0 0 0 -0.00392794 0.00404386 -1.02734e-05 -0.0056375 
0.972765 0.499984 1 0.809942 1.04928 0.308649 0 0.146736 -0 -0 -0 -0 0 0 -0.00392794 0.00404386 -5.63936e-05 -0.00563722 
0.980595 0.5 1 0.818123 1.0575 0.305395 1.64528e-08 0.108063 -0 -0 -0 -0 0 0 -0.00392794 0.00404386 -0.000102509 -0.00563657 
ZONE I=5
0.980595 0.5 1 0.818123 1.0575 0.305395 1.64528e-08 0.108063 -0 -0 -0 -0 0 0 -0.00404288 0.00445216 9.27126e-05 -0.00601316 
0.991416 0.500007 1 0.826305 1.06792 0.30406 7.10621e-06 0.162025 -0 -0 -0 -0 0 0 -0.00404288 0.00445216 4.35126e-05 -0.00601371 
1.00168 0.5 1 0.834486 1.07798 0.302211 1.64528e-08 0.17646 -0 -0 -0 -0 0 0 -0.00404288 0.00445216 -5.68872e-06 -0.00601387 
1.01139 0.499993 1 0.842667 1.08765 0.299848 0 0.151369 -0 -0 -0 -0 0 0 -0.00404288 0.00445216 -5.48882e-05 -0.00601362 
1.02055 0.5 1 0.850848 1.09696 0.296972 1.64528e-08 0.0867517 -0 -0 -0 -0 0 0 -0.00404288 0.00445216 -0.000104082 -0.00601297 
ZONE I=5
1.02055 0.5 1 0.850848 1.09696 0.296972 1.64528e-08 0.0867517 -0 -0 -0 -0 0 0 -0.00420239 0.00496881 0.000116641 -0.00650658 
1.02944 0.49999 1 0.859029 1.10608 0.293808 0 0.15216 -0 -0 -0 -0 0 0 -0.00420239 0.00496881 6.34086e-05 -0.00650731 
1.03918 0.5 1 0.86721 1.11588 0.291039 1.64528e-08 0.178876 -0 -0 -0 -0 0 0 -0.00420239 0.00496881 1.01699e-05 -0.00650762 
1.04975 0.50001 1 0.875391 1.12635 0.288665 1.00162e-05 0.1669 -0 -0 -0 -0 0 0 -0.00420239 0.00496881 -4.30711e-05 -0.00650748 
1.06116 0.5 1 0.883573 1.13748 0.286686 1.64528e-08 0.116232 -0 -0 -0 -0 0 0 -0.00420239 0.00496881 -9.63108e-05 -0.00650691 
ZONE I=5
1.06116 0.5 1 0.883573 1.13748 0.286686 1.64528e-08 0.116232 -0 -0 -0 -0 0 0 -0.00342849 0.00434161 0.000104028 -0.00553112 
1.06822 0.499977 1 0.891754 1.14527 0.281824 0 0.125885 -0 -0 -0 -0 0 0 -0.00342849 0.00434161 5.87759e-05 -0.00553178 
1.07721 0.5 1 0.899935 1.15459 0.278014 1.64528e-08 0.130904 -0 -0 -0 -0 0 0 -0.00342849 0.00434161 1.35183e-05 -0.00553208 
1.08812 0.500023 1 0.908116 1.16545 0.275257 2.34049e-05 0.131287 -0 -0 -0 -0 0 0 -0.00342849 0.00434161 -3.17417e-05 -0.00553201 
1.10097 0.5 1 0.916298 1.17784 0.273553 1.64528e-08 0.127035 -0 -0 -0 -0 0 0 -0.00342849 0.00434161 -7.7001e-05 -0.00553156 
ZONE I=5
1.10097 0.5 1 0.916298 1.17784 0.273553 1.64528e-08 0.127035 -0 -0 -0 -0 0 0 -0.000237905 0.000341918 1.94036e-05 -0.000416089 
1.10681 0.500096 1 0.924479 1.18476 0.267347 9.58373e-05 0.0476382 -0 -0 -0 -0 0 0 -0.000237905 0.000341918 1.5999e-05 -0.000416234 
1.11531 0.499962 1 0.93266 1.19365 0.262815 0 -2.65139e-08 0 0 -0 -0 0 0 -0.000237905 0.000341918 1.25933e-05 -0.000416351 
1.12646 0.499534 1 0.940841 1.20452 0.259954 0 -0.0158794 0 0 -0 -0 0 0 -0.000237905 0.000341918 9.18656e-06 -0.00041644 
1.14025 0.498746 1 0.949023 1.21736 0.258766 0 0 -0 -0 -0 -0 0 0 -0.000237905 0.000341918 5.77914e-06 -0.000416501 
ZONE I=5
1.14025 0.498746 1 0.949023 1.21736 0.258766 0 0 -0 -0 -0 -0 0 0 0 0 0 0 
1.14574 0.497859 1 0.957204 1.22341 0.252684 0 0 -0 -0 -0 -0 0 0 0 0 0 0 
1.15382 0.496655 1 0.965385 1.23139 0.248255 0 0 -0 -0 -0 -0 0 0 0 0 0 0 
1.16448 0.495071 1 0.973566 1.24131 0.245479 0 0 -0 -0 -0 -0 0 0 0 0 0 0 
1.17773 0.493045 1 0.981748 1.25316 0.244357 0 0 -0 -0 -0 -0 0 0 0 0 0 0 
ZONE I=5
1.17773 0.493045 1 0.981748 1.25316 0.244357 0 0 -0 -0 -0 -0 0 0 0 0 0 0 
1.18344 0.491753 1 0.989929 1.25919 0.238314 0 0 -0 -0 -0 -0 0 0 0 0 0 0 
1.19148 0.489919 1 0.99811 1.26686 0.2339 0 0 -0 -0 -0 -0 0 0 0 0 0 0 
1.20182 0.487489 1 1.00629 1.27617 0.231114 0 0 -0 -0 -0 -0 0 0 0 0 0 0 
1.21445 0.484405 1 1.01447 1.28711 0.229957 0 0 -0 -0 -0 -0 0 0 0 0 0 0 
ZONE I=5
1.21445 0.484405 1 1.01447 1.28711 0.229957 0 0 -0 -0 -0 -0 0 0 0 0 0 0 
1.22119 0.482259 1 1.02266 1.29359 0.224758 0 0 -0 -0 -0 -0 0 0 0 0 0 0 
1.22917 0.479637 1 1.03084 1.30088 0.220513 0 0 -0 -0 -0 -0 0 0 0 0 0 0 
1.23836 0.47651 1 1.03902 1.30898 0.217222 0 0 -0 -0 -0 -0 0 0 0 0 0 0 
1.24877 0.472847 1 1.0472 1.31789 0.214885 0 0 -0 -0 -0 -0 0 0 0 0 0 0 
ZONE I=5
1.24877 0.472847 1 1.0472 1.31789 0.214885 0 0 -0 -0 -0 -0 0 0 0 0 0 0 
1.25579 0.47048 1 1.05538 1.32454 0.209615 0 0 -0 -0 -0 -0 0 0 0 0 0 0 
1.26404 0.467244 1 1.06356 1.33186 0.205613 0 0 -0 -0 -0 -0 0 0 0 0 0 0 
1.27352 0.463107 1 1.07174 1.33983 0.202878 0 0 -0 -0 -0 -0 0 0 0 0 0 0 
1.28419 0.458041 1 1.07992 1.34847 0.20141 0 0 -0 -0 -0 -0 0 0 0 0 0 0 
ZONE I=5
1.28419 0.458041 1 1.07992 1.34847 0.20141 0 0 -0 -0 -0 -0 0 0 0 0 0 0 
1.29466 0.452678 1 1.0881 1.35686 0.199986 0 0 -0 -0 -0 -0 0 0 0 0 0 0 
1.30369 0.447686 1 1.09628 1.3642 0.197442 0 0 -0 -0 -0 -0 0 0 0 0 0 0 
1.31127 0.443099 1 1.10446 1.37048 0.19378 0 0 -0 -0 -0 -0 0 0 0 0 0 0 
1.31744 0.438954 1 1.11265 1.37572 0.188998 0 0 -0 -0 -0 -0 0 0 0 0 0 0 
ZONE I=5
1.31744 0.438954 1 1.11265 1.37572 0.188998 0 0 -0 -0 -0 -0 0 0 0 0 0 0 
1.32646 0.433137 1 1.12083 1.38281 0.186901 0 0 -0 -0 -0 -0 0 0 0 0 0 0 
1.33443 0.427877 1 1.12901 1.38925 0.183745 0 0 -0 -0 -0 -0 0 0 0 0 0 0 
1.34135 0.423197 1 1.13719 1.39502 0.179531 0 0 -0 -0 -0 -0 0 0 0 0 0 0 
1.34725 0.419124 1 1.14537 1.40014 0.174258 0 0 -0 -0 -0 -0 0 0 0 0 0 0 
ZONE I=5
1.34725 0.419124 1 1.14537 1.40014 0.174258 0 0 -0 -0 -0 -0 0 0 0 0 0 0 
1.35718 0.411327 1 1.15355 1.40743 0.173951 0 0 -0 -0 -0 -0 0 0 0 0 0 0 
1.36525 0.404882 1 1.16173 1.41365 0.171554 0 0 -0 -0 -0 -0 0 0 0 0 0 0 
1.3715 0.399833 1 1.16991 1.41879 0.167068 0 0 -0 -0 -0 -0 0 0 0 0 0 0 
1.37597 0.396225 1 1.1781 1.42286 0.160492 0 0 -0 -0 -0 -0 0 0 0 0 0 0 
ZONE I=5
1.37597 0.396225 1 1.1781 1.42286 0.160492 0 0 -0 -0 -0 -0 0 0 0 0 0 0 
1.38579 0.387298 1 1.18628 1.42988 0.160806 0 0 -0 -0 -0 -0 0 0 0 0 0 0 
1.39359 0.380079 1 1.19446 1.43575 0.158687 0 0 -0 -0 -0 -0 0 0 0 0 0 0 
1.39943 0.374615 1 1.20264 1.44048 0.154135 0 0 -0 -0 -0 -0 0 0 0 0 0 0 
1.40333 0.370955 1 1.21082 1.44406 0.147149 0 0 -0 -0 -0 -0 0 0 0 0 0 0 
ZONE I=5
1.40333 0.370955 1 1.21082 1.44406 0.147149 0 0 -0 -0 -0 -0 0 0 0 0 0 0 
1.41258 0.361191 1 1.219 1.45053 0.147687 0 0 -0 -0 -0 -0 0 0 0 0 0 0 
1.41988 0.353359 1 1.22718 1.45592 0.145647 0 0 -0 -0 -0 -0 0 0 0 0 0 0 
1.42527 0.347506 1 1.23536 1.46023 0.141029 0 0 -0 -0 -0 -0 0 0 0 0 0 0 
1.42881 0.343677 1 1.24355 1.46345 0.133833 0 0 -0 -0 -0 -0 0 0 0 0 0 0 
ZONE I=5
1.42881 0.343677 1 1.24355 1.46345 0.133833 0 0 -0 -0 -0 -0 0 0 0 0 0 0 
1.43734 0.333191 1 1.25173 1.46931 0.134491 0 0 -0 -0 -0 -0 0 0 0 0 0 0 
1.44405 0.32482 1 1.25991 1.47419 0.132488 0 0 -0 -0 -0 -0 0 0 0 0 0 0 
1.44897 0.318607 1 1.26809 1.47807 0.127823 0 0 -0 -0 -0 -0 0 0 0 0 0 0 
1.45216 0.314594 1 1.27627 1.48096 0.120496 0 0 -0 -0 -0 -0 0 0 0 0 0 0 
ZONE I=5
1.45216 0.314594 1 1.27627 1.48096 0.120496 0 0 -0 -0 -0 -0 0 0 0 0 0 0 
1.45991 0.303498 1 1.28445 1.48619 0.121211 0 0 -0 -0 -0 -0 0 0 0 0 0 0 
1.46597 0.294658 1 1.29263 1.49053 0.119213 0 0 -0 -0 -0 -0 0 0 0 0 0 0 
1.47041 0.288115 1 1.30081 1.49399 0.114502 0 0 -0 -0 -0 -0 0 0 0 0 0 0 
1.47328 0.283906 1 1.309 1.49656 0.107078 0 0 -0 -0 -0 -0 0 0 0 0 0 0 
ZONE I=5
1.47328 0.283906 1 1.309 1.49656 0.107078 0 0 -0 -0 -0 -0 0 0 0 0 0 0 
1.48019 0.272287 1 1.31718 1.50116 0.107812 0 0 -0 -0 -0 -0 0 0 0 0 0 0 
1.48558 0.263045 1 1.32536 1.50497 0.105804 0 0 -0 -0 -0 -0 0 0 0 0 0 0 
1.48952 0.256215 1 1.33354 1.50801 0.101054 0 0 -0 -0 -0 -0 0 0 0 0 0 0 
1.49207 0.251832 1 1.34172 1.51028 0.0935625 0 0 -0 -0 -0 -0 0 0 0 0 0 0 
ZONE I=5
1.49207 0.251832 1 1.34172 1.51028 0.0935625 0 0 -0 -0 -0 -0 0 0 0 0 0 0 
1.49811 0.239754 1 1.3499 1.51424 0.0943161 0 0 -0 -0 -0 -0 0 0 0 0 0 0 
1.50281 0.230159 1 1.35808 1.51753 0.0922964 0 0 -0 -0 -0 -0 0 0 0 0 0 0 
1.50624 0.223079 1 1.36626 1.52016 0.0875034 0 0 -0 -0 -0 -0 0 0 0 0 0 0 
1.50846 0.218544 1 1.37445 1.52211 0.0799371 0 0 -0 -0 -0 -0 0 0 0 0 0 0 
ZONE I=5
1.50846 0.218544 1 1.37445 1.52211 0.0799371 0 0 -0 -0 -0 -0 0 0 0 0 0 0 
1.51362 0.206053 1 1.38263 1.52545 0.0807192 0 0 -0 -0 -0 -0 0 0 0 0 0 0 
1.51763 0.196155 1 1.39081 1.52823 0.0786934 0 0 -0 -0 -0 -0 0 0 0 0 0 0 
1.52053 0.188875 1 1.39899 1.53044 0.0738597 0 0 -0 -0 -0 -0 0 0 0 0 0 0 
1.5224 0.184238 1 1.40717 1.53208 0.0662181 0 0 -0 -0 -0 -0 0 0 0 0 0 0 
ZONE I=5
1.5224 0.184238 1 1.40717 1.53208 0.0662181 0 0 -0 -0 -0 -0 0 0 0 0 0 0 
1.52668 0.171351 1 1.41535 1.5348 0.0670783 0 0 -0 -0 -0 -0 0 0 0 0 0 0 
1.52996 0.16118 1 1.42353 1.53705 0.0650637 0 0 -0 -0 -0 -0 0 0 0 0 0 0 
1.53233 0.153744 1 1.43171 1.53885 0.0601745 0 0 -0 -0 -0 -0 0 0 0 0 0 0 
1.53385 0.149067 1 1.4399 1.54018 0.0524106 0 0 -0 -0 -0 -0 0 0 0 0 0 0 
ZONE I=5
1.53385 0.149067 1 1.4399 1.54018 0.0524106 0 0 -0 -0 -0 -0 0 0 0 0 0 0 
1.53722 0.135779 1 1.44808 1.54228 0.0534111 0 0 -0 -0 -0 -0 0 0 0 0 0 0 
1.53978 0.125358 1 1.45626 1.54402 0.0514386 0 0 -0 -0 -0 -0 0 0 0 0 0 0 
1.54161 0.117823 1 1.46444 1.5454 0.0464931 0 0 -0 -0 -0 -0 0 0 0 0 0 0 
1.54276 0.11319 1 1.47262 1.54643 0.0385747 0 0 -0 -0 -0 -0 0 0 0 0 0 0 
ZONE I=5
1.54276 0.11319 1 1.47262 1.54643 0.0385747 0 0 -0 -0 -0 -0 0 0 0 0 0 0 
1.54516 0.0994503 1 1.4808 1.54784 0.0398251 0 0 -0 -0 -0 -0 0 0 0 0 0 0 
1.54696 0.0888433 1 1.48898 1.54905 0.0378796 0 0 -0 -0 -0 -0 0 0 0 0 0 0 
1.54825 0.0813812 1 1.49716 1.55004 0.032738 0 0 -0 -0 -0 -0 0 0 0 0 0 0 
1.5491 0.0770751 1 1.50535 1.55083 0.0244005 0 0 -0 -0 -0 -0 0 0 0 0 0 0 
ZONE I=5
1.5491 0.0770751 1 1.50535 1.55083 0.0244005 0 0 -0 -0 -0 -0 0 0 0 0 0 0 
1.55039 0.0624425 1 1.51353 1.55142 0.0263965 0 0 -0 -0 -0 -0 0 0 0 0 0 0 
1.55132 0.0515751 1 1.52171 1.55199 0.0246053 0 0 -0 -0 -0 -0 0 0 0 0 0 0 
1.552 0.0444791 1 1.52989 1.55252 0.0190269 0 0 -0 -0 -0 -0 0 0 0 0 0 0 
1.5525 0.0411593 1 1.53807 1.55302 0.0096614 0 0 -0 -0 -0 -0 0 0 0 0 0 0 
ZONE I=5
1.5525 0.0411593 1 1.53807 1.55302 0.0096614 0 0 -0 -0 -0 -0 0 0 0 0 0 0 
1.55314 0.0250149 1 1.54625 1.55328 0.0131145 0 0 -0 -0 -0 -0 0 0 0 0 0 0 
1.5533 0.0127671 1 1.55443 1.5533 0.0126553 0 0 -0 -0 -0 -0 0 0 0 0 0 0 
1.55309 0.00442448 1 1.56261 1.55307 0.0082838 0 0 -0 -0 -0 -0 0 0 0 0 0 0 
1.5526 -5.70303e-06 1 1.5708 1.5526 0 0 0 -0 -0 -0 -0 0 0 0 0 0 -0 
