ZONE I=5, J=5
0 0.616905 0.125297 0.616905 0 0.9 0 
0 0.638322 0.0774051 0.638322 0 0.925 0 
0 0.660977 0.029513 0.660977 0 0.95 0 
0 0.68487 -0.0183791 0.68487 0 0.975 0 
0 0.71 -0.0662712 0.71 0 1 0 
0.0080661 0.616906 0.125331 0.616951 0.00301884 0.9 0.00818123 
0.00806228 0.638323 0.0774392 0.638368 0.0028398 0.925 0.00818123 
0.00805941 0.660978 0.0295471 0.661022 0.00265159 0.95 0.00818123 
0.0080575 0.68487 -0.018345 0.684913 0.00245421 0.975 0.00818123 
0.00805653 0.71 -0.0662371 0.710042 0.00224766 1 0.00818123 
0.0161307 0.616908 0.125365 0.617089 0.00603485 0.9 0.0163625 
0.016123 0.638325 0.0774734 0.638503 0.00567679 0.925 0.0163625 
0.0161173 0.660979 0.0295813 0.661154 0.00530038 0.95 0.0163625 
0.0161135 0.684871 -0.0183109 0.685043 0.00490564 0.975 0.0163625 
0.0161115 0.71 -0.066203 0.710169 0.00449256 1 0.0163625 
0.0241951 0.616912 0.1254 0.61732 0.00904804 0.9 0.0245437 
0.0241836 0.638328 0.0775075 0.638729 0.00851096 0.925 0.0245437 
0.0241749 0.660981 0.0296154 0.661375 0.00794637 0.95 0.0245437 
0.0241692 0.684872 -0.0182767 0.685259 0.00735429 0.975 0.0245437 
0.0241663 0.71 -0.0661688 0.710379 0.00673471 1 0.0245437 
0.0322606 0.616917 0.125434 0.617642 0.0120584 0.9 0.0327249 
0.0322452 0.638332 0.0775416 0.639045 0.0113423 0.925 0.0327249 
0.0322336 0.660984 0.0296495 0.661684 0.0105896 0.95 0.0327249 
0.0322258 0.684873 -0.0182426 0.685561 0.00980016 0.975 0.0327249 
0.0322219 0.71 -0.0661347 0.710674 0.00897411 1 0.0327249 

ZONE I=5, J=5
0.0322606 0.616917 0.125479 0.617642 0.0120584 0.9 0.0327249 
0.0322452 0.638332 0.077564 0.639045 0.0113423 0.925 0.0327249 
0.0322336 0.660984 0.0296494 0.661684 0.0105896 0.95 0.0327249 
0.0322258 0.684873 -0.0182652 0.685561 0.00980016 0.975 0.0327249 
0.0322219 0.71 -0.0661798 0.710674 0.00897411 1 0.0327249 
0.0403258 0.616924 0.125562 0.618057 0.0150632 0.9 0.0409062 
0.0403068 0.638337 0.0776479 0.639451 0.0141684 0.925 0.0409062 
0.0402925 0.660987 0.0297333 0.662082 0.0132279 0.95 0.0409062 
0.0402829 0.684875 -0.0181813 0.685949 0.0122414 0.975 0.0409062 
0.0402781 0.71 -0.0660959 0.711053 0.0112091 1 0.0409062 
0.0483897 0.616932 0.125646 0.618563 0.01806 0.9 0.0490874 
0.0483669 0.638343 0.0777318 0.639947 0.0169866 0.925 0.0490874 
0.0483498 0.660991 0.0298172 0.662568 0.0158582 0.95 0.0490874 
0.0483383 0.684877 -0.0180974 0.686424 0.0146748 0.975 0.0490874 
0.0483325 0.71 -0.066012 0.711516 0.0134363 1 0.0490874 
0.0564535 0.616941 0.12573 0.619161 0.0210489 0.9 0.0572686 
0.0564268 0.63835 0.0778158 0.640533 0.0197969 0.925 0.0572686 
0.0564067 0.660996 0.0299012 0.663141 0.0184806 0.95 0.0572686 
0.0563933 0.68488 -0.0180134 0.686985 0.0171002 0.975 0.0572686 
0.0563865 0.71 -0.065928 0.712063 0.0156556 1 0.0572686 
0.0645187 0.616952 0.125814 0.619851 0.02403 0.9 0.0654498 
0.0644879 0.638359 0.0778997 0.64121 0.0225991 0.925 0.0654498 
0.0644647 0.661002 0.0299851 0.663803 0.0210951 0.95 0.0654498 
0.0644492 0.684883 -0.0179295 0.687631 0.0195177 0.975 0.0654498 
0.0644413 0.71 -0.0658441 0.712694 0.0178671 1 0.0654498 

ZONE I=5, J=5
0.0645187 0.616952 0.125911 0.619851 0.02403 0.9 0.0654498 
0.0644879 0.638359 0.0779482 0.64121 0.0225991 0.925 0.0654498 
0.0644647 0.661002 0.029986 0.663803 0.0210951 0.95 0.0654498 
0.0644492 0.684883 -0.0179763 0.687631 0.0195177 0.975 0.0654498 
0.0644413 0.71 -0.0659386 0.712694 0.0178671 1 0.0654498 
0.0725825 0.616965 0.126053 0.620633 0.0269991 0.9 0.0736311 
0.0725483 0.638368 0.0780908 0.641976 0.0253904 0.925 0.0736311 
0.0725225 0.661009 0.0301285 0.664553 0.0236992 0.95 0.0736311 
0.0725053 0.684886 -0.0178337 0.688364 0.0219255 0.975 0.0736311 
0.0724966 0.71 -0.065796 0.713409 0.0200693 1 0.0736311 
0.0806451 0.616979 0.126196 0.621505 0.0299552 0.9 0.0818123 
0.0806071 0.638379 0.0782334 0.642831 0.0281685 0.925 0.0818123 
0.0805786 0.661016 0.0302711 0.66539 0.0262901 0.95 0.0818123 
0.0805595 0.68489 -0.0176912 0.689182 0.0243201 0.975 0.0818123 
0.0805499 0.71 -0.0656535 0.714208 0.0222585 1 0.0818123 
0.0887077 0.616994 0.126338 0.62247 0.0328982 0.9 0.0899935 
0.0886658 0.638391 0.078376 0.643776 0.0309334 0.925 0.0899935 
0.0886342 0.661024 0.0304137 0.666315 0.0288679 0.95 0.0899935 
0.0886132 0.684894 -0.0175486 0.690086 0.0267017 0.975 0.0899935 
0.0886025 0.71 -0.0655109 0.71509 0.0244347 1 0.0899935 
0.0967716 0.617011 0.126481 0.623525 0.035828 0.9 0.0981748 
0.0967254 0.638404 0.0785185 0.644811 0.0336852 0.925 0.0981748 
0.0966907 0.661033 0.0305562 0.667327 0.0314325 0.95 0.0981748 
0.0966674 0.684898 -0.017406 0.691076 0.0290702 0.975 0.0981748 
0.0966556 0.71 -0.0653683 0.716055 0.026598 1 0.0981748 

ZONE I=5, J=5
0.0967716 0.617011 0.126619 0.623525 0.035828 0.9 0.0981748 
0.0967254 0.638404 0.0785853 0.644811 0.0336852 0.925 0.0981748 
0.0966907 0.661033 0.0305511 0.667327 0.0314325 0.95 0.0981748 
0.0966674 0.684898 -0.0174831 0.691076 0.0290702 0.975 0.0981748 
0.0966556 0.71 -0.0655173 0.716055 0.026598 1 0.0981748 
0.104833 0.617029 0.126821 0.624671 0.03874 0.9 0.106356 
0.104784 0.638418 0.0787864 0.645934 0.0364203 0.925 0.106356 
0.104747 0.661043 0.0307522 0.668427 0.0339816 0.95 0.106356 
0.104722 0.684903 -0.017282 0.69215 0.0314239 0.975 0.106356 
0.104709 0.71 -0.0653162 0.717104 0.0287472 1 0.106356 
0.112894 0.617049 0.127022 0.625908 0.0416338 0.9 0.114537 
0.112841 0.638433 0.0789874 0.647146 0.0391371 0.925 0.114537 
0.112801 0.661053 0.0309532 0.669613 0.0365123 0.95 0.114537 
0.112774 0.684909 -0.017081 0.69331 0.0337594 0.975 0.114537 
0.112761 0.71 -0.0651151 0.718235 0.0308783 1 0.114537 
0.120955 0.61707 0.127223 0.627236 0.0445092 0.9 0.122718 
0.120898 0.638449 0.0791885 0.648447 0.0418355 0.925 0.122718 
0.120855 0.661064 0.0311543 0.670887 0.0390246 0.95 0.122718 
0.120826 0.684914 -0.0168799 0.694554 0.0360765 0.975 0.122718 
0.120811 0.71 -0.0649141 0.719449 0.0329913 1 0.122718 
0.129017 0.617093 0.127424 0.628654 0.0473663 0.9 0.1309 
0.128955 0.638467 0.0793895 0.649837 0.0445155 0.925 0.1309 
0.128909 0.661076 0.0313554 0.672247 0.0415185 0.95 0.1309 
0.128878 0.68492 -0.0166788 0.695883 0.0383754 0.975 0.1309 
0.128862 0.71 -0.064713 0.720746 0.0350861 1 0.1309 

ZONE I=5, J=5
0.129017 0.617093 0.127608 0.628654 0.0473663 0.9 0.1309 
0.128955 0.638467 0.0794764 0.649837 0.0445155 0.925 0.1309 
0.128909 0.661076 0.0313452 0.672247 0.0415185 0.95 0.1309 
0.128878 0.68492 -0.0167859 0.695883 0.0383754 0.975 0.1309 
0.128862 0.71 -0.0649171 0.720746 0.0350861 1 0.1309 
0.137076 0.617117 0.127867 0.630161 0.0501997 0.9 0.139081 
0.137012 0.638486 0.0797361 0.651315 0.0471734 0.925 0.139081 
0.136963 0.661089 0.031605 0.673693 0.0439917 0.95 0.139081 
0.13693 0.684927 -0.0165262 0.697296 0.0406547 0.975 0.139081 
0.136914 0.71 -0.0646573 0.722125 0.0371623 1 0.139081 
0.145134 0.617143 0.128127 0.631758 0.0530097 0.9 0.147262 
0.145066 0.638505 0.0799959 0.65288 0.0498077 0.925 0.147262 
0.145015 0.661102 0.0318647 0.675225 0.0464413 0.95 0.147262 
0.14498 0.684934 -0.0162665 0.698794 0.0429105 0.975 0.147262 
0.144963 0.71 -0.0643976 0.723586 0.0392152 1 0.147262 
0.153192 0.617169 0.128387 0.633445 0.0557963 0.9 0.155443 
0.15312 0.638526 0.0802556 0.654533 0.0524186 0.925 0.155443 
0.153066 0.661116 0.0321244 0.676843 0.0488674 0.95 0.155443 
0.153029 0.684941 -0.0160067 0.700374 0.0451429 0.975 0.155443 
0.153011 0.71 -0.0641379 0.725128 0.0412449 1 0.155443 
0.161252 0.617198 0.128646 0.635222 0.0585594 0.9 0.163625 
0.161175 0.638548 0.0805153 0.656274 0.0550058 0.925 0.163625 
0.161117 0.661131 0.0323842 0.678546 0.05127 0.95 0.163625 
0.161078 0.684949 -0.015747 0.702039 0.0473518 0.975 0.163625 
0.161058 0.71 -0.0638781 0.726752 0.0432514 1 0.163625 

ZONE I=5, J=5
0.161252 0.617198 0.128879 0.635222 0.0585594 0.9 0.163625 
0.161175 0.638548 0.0806242 0.656274 0.0550058 0.925 0.163625 
0.161117 0.661131 0.0323694 0.678546 0.05127 0.95 0.163625 
0.161078 0.684949 -0.0158855 0.702039 0.0473518 0.975 0.163625 
0.161058 0.71 -0.0641403 0.726752 0.0432514 1 0.163625 
0.169308 0.617228 0.129198 0.637086 0.0612929 0.9 0.171806 
0.169228 0.638571 0.0809429 0.658101 0.0575655 0.925 0.171806 
0.169168 0.661147 0.0326881 0.680335 0.0536466 0.95 0.171806 
0.169128 0.684957 -0.0155667 0.703787 0.0495363 0.975 0.171806 
0.169107 0.71 -0.0638215 0.728458 0.0452345 1 0.171806 
0.177363 0.617259 0.129517 0.639039 0.0639979 0.9 0.179987 
0.17728 0.638595 0.0812617 0.660015 0.0600965 0.925 0.179987 
0.177217 0.661163 0.0330069 0.682208 0.0559947 0.95 0.179987 
0.177175 0.684965 -0.0152479 0.705617 0.0516923 0.975 0.179987 
0.177153 0.71 -0.0635027 0.730244 0.0471893 1 0.179987 
0.185418 0.617292 0.129835 0.64108 0.0666745 0.9 0.188168 
0.18533 0.63862 0.0815805 0.662015 0.0625989 0.925 0.188168 
0.185265 0.66118 0.0333257 0.684165 0.058314 0.95 0.188168 
0.18522 0.684974 -0.0149292 0.70753 0.0538196 0.975 0.188168 
0.185197 0.71 -0.063184 0.73211 0.0491159 1 0.188168 
0.193474 0.617326 0.130154 0.64321 0.0693225 0.9 0.19635 
0.193382 0.638646 0.0818992 0.664102 0.0650727 0.925 0.19635 
0.193313 0.661198 0.0336444 0.686207 0.0606047 0.95 0.19635 
0.193266 0.684983 -0.0146104 0.709525 0.0559185 0.975 0.19635 
0.193241 0.71 -0.0628652 0.734057 0.0510141 1 0.19635 

ZONE I=5, J=5
0.193474 0.617326 0.130441 0.64321 0.0693225 0.9 0.19635 
0.193382 0.638646 0.082033 0.664102 0.0650727 0.925 0.19635 
0.193313 0.661198 0.0336248 0.686207 0.0606047 0.95 0.19635 
0.193266 0.684983 -0.0147834 0.709525 0.0559185 0.975 0.19635 
0.193241 0.71 -0.0631915 0.734057 0.0510141 1 0.19635 
0.201527 0.617362 0.130819 0.645425 0.0719351 0.9 0.204531 
0.201432 0.638673 0.0824111 0.666274 0.0675134 0.925 0.204531 
0.20136 0.661217 0.0340029 0.688333 0.0628645 0.95 0.204531 
0.201311 0.684993 -0.0144053 0.711603 0.0579881 0.975 0.204531 
0.201287 0.71 -0.0628135 0.736084 0.0528845 1 0.204531 
0.209578 0.617399 0.131197 0.647728 0.0745142 0.9 0.212712 
0.209479 0.638702 0.0827891 0.66853 0.0699205 0.925 0.212712 
0.209405 0.661236 0.034381 0.690541 0.0650905 0.95 0.212712 
0.209355 0.685002 -0.0140272 0.713761 0.0600242 0.975 0.212712 
0.209329 0.71 -0.0624354 0.73819 0.0547215 1 0.212712 
0.217629 0.617437 0.131575 0.650118 0.0770599 0.9 0.220893 
0.217526 0.638731 0.0831672 0.670872 0.0722939 0.925 0.220893 
0.217448 0.661256 0.034759 0.692832 0.0672828 0.95 0.220893 
0.217396 0.685013 -0.0136491 0.716 0.0620266 0.975 0.220893 
0.217369 0.71 -0.0620573 0.740374 0.0565253 1 0.220893 
0.225682 0.617478 0.131953 0.652594 0.0795722 0.9 0.229074 
0.225574 0.638762 0.0835453 0.673298 0.0746337 0.925 0.229074 
0.225492 0.661277 0.0351371 0.695207 0.0694414 0.95 0.229074 
0.225437 0.685023 -0.0132711 0.71832 0.0639954 0.975 0.229074 
0.225408 0.71 -0.0616792 0.742637 0.0582956 1 0.229074 

ZONE I=5, J=5
0.225682 0.617478 0.132305 0.652594 0.0795722 0.9 0.229074 
0.225574 0.638762 0.0837085 0.673298 0.0746337 0.925 0.229074 
0.225492 0.661277 0.0351124 0.695207 0.0694414 0.95 0.229074 
0.225437 0.685023 -0.0134838 0.71832 0.0639954 0.975 0.229074 
0.225408 0.71 -0.0620799 0.742637 0.0582956 1 0.229074 
0.23373 0.617519 0.132742 0.655155 0.082043 0.9 0.237256 
0.233619 0.638794 0.0841456 0.675808 0.076935 0.925 0.237256 
0.233535 0.661299 0.0355495 0.697663 0.0715641 0.95 0.237256 
0.233479 0.685034 -0.0130467 0.72072 0.0659304 0.975 0.237256 
0.233449 0.71 -0.0616428 0.74498 0.0600338 1 0.237256 
0.241777 0.617562 0.133179 0.657801 0.0844756 0.9 0.245437 
0.241662 0.638827 0.0845828 0.678401 0.0791977 0.925 0.245437 
0.241576 0.661321 0.0359866 0.7002 0.0736481 0.95 0.245437 
0.241517 0.685046 -0.0126095 0.7232 0.0678267 0.975 0.245437 
0.241487 0.71 -0.0612057 0.747399 0.0617337 1 0.245437 
0.249824 0.617606 0.133616 0.660532 0.08687 0.9 0.253618 
0.249705 0.63886 0.0850199 0.681077 0.0814219 0.925 0.253618 
0.249615 0.661344 0.0364238 0.702819 0.0756934 0.95 0.253618 
0.249554 0.685057 -0.0121724 0.725758 0.0696845 0.975 0.253618 
0.249522 0.71 -0.0607685 0.749895 0.0633952 1 0.253618 
0.257873 0.617652 0.134053 0.663349 0.0892261 0.9 0.261799 
0.257748 0.638896 0.085457 0.683836 0.0836075 0.925 0.261799 
0.257654 0.661368 0.0368609 0.705518 0.0777 0.95 0.261799 
0.25759 0.685069 -0.0117353 0.728395 0.0715036 0.975 0.261799 
0.257556 0.71 -0.0603314 0.752468 0.0650185 1 0.261799 

ZONE I=5, J=5
0.257873 0.617652 0.134482 0.663349 0.0892261 0.9 0.261799 
0.257748 0.638896 0.0856561 0.683836 0.0836075 0.925 0.261799 
0.257654 0.661368 0.0368305 0.705518 0.0777 0.95 0.261799 
0.25759 0.685069 -0.0119951 0.728395 0.0715036 0.975 0.261799 
0.257556 0.71 -0.0608207 0.752468 0.0650185 1 0.261799 
0.265916 0.6177 0.134976 0.666247 0.0915348 0.9 0.269981 
0.265788 0.638932 0.0861505 0.686677 0.0857492 0.925 0.269981 
0.265692 0.661393 0.0373249 0.708298 0.0796657 0.95 0.269981 
0.265627 0.685082 -0.0115007 0.731112 0.0732844 0.975 0.269981 
0.265592 0.71 -0.0603263 0.755118 0.0666053 1 0.269981 
0.273958 0.617749 0.135471 0.669229 0.0938006 0.9 0.278162 
0.273827 0.638969 0.0866449 0.689598 0.0878475 0.925 0.278162 
0.273727 0.661418 0.0378193 0.711157 0.0815879 0.95 0.278162 
0.27366 0.685095 -0.0110063 0.733905 0.0750217 0.975 0.278162 
0.273625 0.71 -0.059832 0.757843 0.068149 1 0.278162 
0.282001 0.617799 0.135965 0.672295 0.0960235 0.9 0.286343 
0.281864 0.639008 0.0871393 0.692601 0.0899024 0.925 0.286343 
0.281761 0.661444 0.0383137 0.714095 0.0834664 0.95 0.286343 
0.281691 0.685108 -0.0105119 0.736776 0.0767155 0.975 0.286343 
0.281654 0.71 -0.0593376 0.760643 0.0696495 1 0.286343 
0.290046 0.617852 0.136459 0.675443 0.0982033 0.9 0.294524 
0.289903 0.639048 0.0876337 0.695685 0.0919139 0.925 0.294524 
0.289795 0.661472 0.0388081 0.717112 0.0853014 0.95 0.294524 
0.289722 0.685122 -0.0100175 0.739723 0.0783657 0.975 0.294524 
0.289683 0.71 -0.0588432 0.763518 0.0711069 1 0.294524 

ZONE I=5, J=5
0.290046 0.617852 0.136979 0.675443 0.0982033 0.9 0.294524 
0.289903 0.639048 0.0878752 0.695685 0.0919139 0.925 0.294524 
0.289795 0.661472 0.0387719 0.717112 0.0853014 0.95 0.294524 
0.289722 0.685122 -0.0103315 0.739723 0.0783657 0.975 0.294524 
0.289683 0.71 -0.0594348 0.763518 0.0711069 1 0.294524 
0.298083 0.617906 0.137525 0.678671 0.10033 0.9 0.302706 
0.297937 0.63909 0.0884216 0.698849 0.0938762 0.925 0.302706 
0.297828 0.6615 0.0393182 0.720208 0.0870907 0.95 0.302706 
0.297753 0.685137 -0.00978512 0.742747 0.0799733 0.975 0.302706 
0.297714 0.71 -0.0588885 0.766468 0.0725239 1 0.302706 
0.30612 0.617961 0.138071 0.681981 0.102409 0.9 0.310887 
0.30597 0.639132 0.0889679 0.702091 0.0957903 0.925 0.310887 
0.305857 0.661529 0.0398646 0.72338 0.0888315 0.95 0.310887 
0.305781 0.685152 -0.00923875 0.745847 0.0815325 0.975 0.310887 
0.305741 0.71 -0.0583421 0.769492 0.0738932 1 0.310887 
0.314157 0.618019 0.138618 0.685372 0.10444 0.9 0.319068 
0.314003 0.639177 0.0895143 0.705413 0.0976561 0.925 0.319068 
0.313885 0.66156 0.040411 0.72663 0.090524 0.95 0.319068 
0.313806 0.685167 -0.00869239 0.749021 0.0830435 0.975 0.319068 
0.313765 0.71 -0.0577957 0.772587 0.0752147 1 0.319068 
0.322198 0.618079 0.139164 0.688844 0.106424 0.9 0.327249 
0.322036 0.639223 0.0900607 0.708814 0.0994738 0.925 0.327249 
0.321913 0.661591 0.0409573 0.729956 0.092168 0.95 0.327249 
0.321831 0.685184 -0.00814602 0.75227 0.0845062 0.975 0.327249 
0.321788 0.71 -0.0572494 0.775756 0.0764885 1 0.327249 

ZONE I=5, J=5
0.322198 0.618079 0.139773 0.688844 0.106424 0.9 0.327249 
0.322036 0.639223 0.0903448 0.708814 0.0994738 0.925 0.327249 
0.321913 0.661591 0.0409166 0.729956 0.092168 0.95 0.327249 
0.321831 0.685184 -0.00851169 0.75227 0.0845062 0.975 0.327249 
0.321788 0.71 -0.05794 0.775756 0.0764885 1 0.327249 
0.330229 0.61814 0.140359 0.692394 0.108348 0.9 0.33543 
0.330064 0.639271 0.090931 0.712292 0.101237 0.925 0.33543 
0.32994 0.661624 0.0415028 0.733359 0.0937616 0.95 0.33543 
0.329857 0.685201 -0.0079255 0.755594 0.085922 0.975 0.33543 
0.329814 0.71 -0.0573538 0.778998 0.0777182 1 0.33543 
0.33826 0.618204 0.140945 0.696022 0.11022 0.9 0.343612 
0.338091 0.63932 0.0915172 0.715848 0.102947 0.925 0.343612 
0.337964 0.661658 0.0420889 0.736837 0.0953019 0.95 0.343612 
0.337879 0.685218 -0.00733932 0.758991 0.087285 0.975 0.343612 
0.337836 0.71 -0.0567676 0.78231 0.078896 1 0.343612 
0.346292 0.61827 0.141532 0.69973 0.112039 0.9 0.351793 
0.346117 0.639372 0.0921034 0.71948 0.104604 0.925 0.351793 
0.345986 0.661694 0.0426751 0.74039 0.0967891 0.95 0.351793 
0.345899 0.685237 -0.00675313 0.762461 0.0885952 0.975 0.351793 
0.345856 0.71 -0.0561814 0.785693 0.080022 1 0.351793 
0.354326 0.618338 0.142118 0.703518 0.113806 0.9 0.359974 
0.354144 0.639426 0.0926896 0.72319 0.106208 0.925 0.359974 
0.354008 0.661732 0.0432613 0.744019 0.0982231 0.95 0.359974 
0.353918 0.685257 -0.00616694 0.766004 0.0898526 0.975 0.359974 
0.353875 0.71 -0.0555952 0.789146 0.0810961 1 0.359974 

ZONE I=5, J=5
0.354326 0.618338 0.142763 0.703518 0.113806 0.9 0.359974 
0.354144 0.639426 0.0929924 0.72319 0.106208 0.925 0.359974 
0.354008 0.661732 0.0432215 0.744019 0.0982231 0.95 0.359974 
0.353918 0.685257 -0.00654933 0.766004 0.0898526 0.975 0.359974 
0.353875 0.71 -0.0563202 0.789146 0.0810961 1 0.359974 
0.362351 0.618409 0.143365 0.70738 0.115508 0.9 0.368155 
0.362166 0.639483 0.0935945 0.726975 0.107752 0.925 0.368155 
0.362029 0.661772 0.0438236 0.747721 0.0996019 0.95 0.368155 
0.36194 0.685278 -0.00594725 0.76962 0.0910589 0.975 0.368155 
0.361898 0.71 -0.0557181 0.79267 0.0821227 1 0.368155 
0.370374 0.618483 0.143967 0.711319 0.117152 0.9 0.376337 
0.370186 0.639542 0.0941966 0.730834 0.109237 0.925 0.376337 
0.370047 0.661815 0.0444257 0.751497 0.100923 0.95 0.376337 
0.369958 0.6853 -0.00534517 0.773307 0.0922084 0.975 0.376337 
0.369919 0.71 -0.055116 0.796263 0.0830943 1 0.376337 
0.378398 0.61856 0.14457 0.715334 0.118738 0.9 0.384518 
0.378205 0.639605 0.0947986 0.73477 0.110665 0.925 0.384518 
0.378064 0.661859 0.0450278 0.755346 0.102186 0.95 0.384518 
0.377975 0.685325 -0.00474309 0.777065 0.0933012 0.975 0.384518 
0.377938 0.71 -0.054514 0.799924 0.084011 1 0.384518 
0.386424 0.61864 0.145172 0.719426 0.120266 0.9 0.392699 
0.386224 0.63967 0.0954007 0.73878 0.112034 0.925 0.392699 
0.38608 0.661907 0.0456299 0.759269 0.103391 0.95 0.392699 
0.385991 0.685351 -0.00414101 0.780894 0.0943371 0.975 0.392699 
0.385957 0.71 -0.0539119 0.803654 0.0848727 1 0.392699 

ZONE I=5, J=5
0.386424 0.61864 0.145659 0.719426 0.120266 0.9 0.392699 
0.386224 0.63967 0.0956325 0.73878 0.112034 0.925 0.392699 
0.38608 0.661907 0.0456062 0.759269 0.103391 0.95 0.392699 
0.385991 0.685351 -0.00442021 0.780894 0.0943371 0.975 0.392699 
0.385957 0.71 -0.0544466 0.803654 0.0848727 1 0.392699 
0.394441 0.618724 0.146237 0.723592 0.121725 0.9 0.40088 
0.394239 0.63974 0.0962102 0.742864 0.113338 0.925 0.40088 
0.394096 0.661958 0.0461838 0.763265 0.104536 0.95 0.40088 
0.39401 0.685378 -0.00384252 0.784794 0.0953173 0.975 0.40088 
0.393981 0.71 -0.0538689 0.807453 0.0856828 1 0.40088 
0.402453 0.618811 0.146814 0.72783 0.123118 0.9 0.409062 
0.402251 0.639814 0.0967879 0.747021 0.114578 0.925 0.409062 
0.402109 0.662014 0.0467615 0.767332 0.105618 0.95 0.409062 
0.402027 0.685409 -0.00326483 0.788765 0.0962377 0.975 0.409062 
0.402006 0.71 -0.0532912 0.811318 0.0864369 1 0.409062 
0.410463 0.618901 0.147392 0.732142 0.124445 0.9 0.417243 
0.410261 0.639893 0.0973656 0.751251 0.115753 0.925 0.417243 
0.410121 0.662073 0.0473392 0.771472 0.106638 0.95 0.417243 
0.410046 0.685442 -0.00268714 0.792805 0.0970982 0.975 0.417243 
0.410033 0.71 -0.0527135 0.815251 0.087135 1 0.417243 
0.418471 0.618995 0.14797 0.736526 0.125707 0.9 0.425424 
0.418269 0.639976 0.0979433 0.755554 0.116864 0.925 0.425424 
0.418134 0.662137 0.0479169 0.775684 0.107594 0.95 0.425424 
0.418065 0.685478 -0.00210945 0.796916 0.097899 0.975 0.425424 
0.418064 0.71 -0.0521358 0.819251 0.0877771 1 0.425424 

ZONE I=5, J=5
0.418471 0.618995 0.147782 0.736526 0.125707 0.9 0.425424 
0.418269 0.639976 0.0978617 0.755554 0.116864 0.925 0.425424 
0.418134 0.662137 0.0479413 0.775684 0.107594 0.95 0.425424 
0.418065 0.685478 -0.0019791 0.796916 0.097899 0.975 0.425424 
0.418064 0.71 -0.0518995 0.819251 0.0877771 1 0.425424 
0.426477 0.619096 0.148283 0.740985 0.1269 0.9 0.433605 
0.426276 0.640065 0.0983622 0.75993 0.117907 0.925 0.433605 
0.426146 0.662206 0.0484418 0.779967 0.108486 0.95 0.433605 
0.426086 0.685518 -0.00147859 0.801096 0.0986378 0.975 0.433605 
0.426097 0.71 -0.051399 0.823317 0.0883612 1 0.433605 
0.434471 0.619199 0.148783 0.745509 0.128015 0.9 0.441786 
0.434277 0.640161 0.0988627 0.764375 0.118877 0.925 0.441786 
0.434156 0.662281 0.0489423 0.784321 0.109311 0.95 0.441786 
0.43411 0.685561 -0.000978088 0.805346 0.0993157 0.975 0.441786 
0.434138 0.71 -0.0508985 0.82745 0.0888917 1 0.441786 
0.442453 0.619305 0.149284 0.750098 0.129053 0.9 0.449968 
0.442271 0.640262 0.0993632 0.768891 0.119775 0.925 0.449968 
0.442167 0.662363 0.0494428 0.788747 0.110068 0.95 0.449968 
0.442139 0.68561 -0.000477583 0.809667 0.0999325 0.975 0.449968 
0.442188 0.71 -0.050398 0.831651 0.0893687 1 0.449968 
0.450425 0.619414 0.149784 0.754753 0.130014 0.9 0.458149 
0.450262 0.640369 0.0998637 0.773475 0.120599 0.925 0.458149 
0.450178 0.662452 0.0499433 0.793244 0.110757 0.95 0.458149 
0.450174 0.685662 2.29215e-05 0.814059 0.100488 0.975 0.458149 
0.45025 0.71 -0.0498975 0.83592 0.089792 1 0.458149 

ZONE I=5, J=5
0.450425 0.619414 0.147753 0.754753 0.130014 0.9 0.458149 
0.450262 0.640369 0.0989086 0.773475 0.120599 0.925 0.458149 
0.450178 0.662452 0.0500644 0.793244 0.110757 0.95 0.458149 
0.450174 0.685662 0.00122028 0.814059 0.100488 0.975 0.458149 
0.45025 0.71 -0.0476239 0.83592 0.089792 1 0.458149 
0.458412 0.619534 0.148147 0.75949 0.130915 0.9 0.46633 
0.458259 0.640486 0.0993032 0.778136 0.121358 0.925 0.46633 
0.458189 0.662548 0.0504591 0.797811 0.111377 0.95 0.46633 
0.458205 0.685719 0.00161491 0.818515 0.100973 0.975 0.46633 
0.458304 0.71 -0.0472292 0.840248 0.0901446 1 0.46633 
0.466368 0.619652 0.148542 0.764276 0.131721 0.9 0.474511 
0.466241 0.640608 0.0996978 0.782859 0.122032 0.925 0.474511 
0.4662 0.662651 0.0508537 0.802448 0.111925 0.95 0.474511 
0.466247 0.685782 0.00200954 0.823044 0.101398 0.975 0.474511 
0.466381 0.71 -0.0468346 0.844648 0.0904515 1 0.474511 
0.474295 0.61977 0.148937 0.769112 0.13243 0.9 0.482693 
0.47421 0.640736 0.100092 0.787643 0.122622 0.925 0.482693 
0.474212 0.662764 0.0512483 0.807155 0.1124 0.95 0.482693 
0.474303 0.685852 0.00240418 0.827647 0.101764 0.975 0.482693 
0.474481 0.71 -0.04644 0.849119 0.0907126 1 0.482693 
0.482193 0.619887 0.149331 0.773996 0.133043 0.9 0.490874 
0.482167 0.640871 0.100487 0.79249 0.123128 0.925 0.490874 
0.482227 0.662885 0.051643 0.811932 0.112804 0.95 0.490874 
0.482373 0.685928 0.00279881 0.832323 0.102071 0.975 0.490874 
0.482605 0.71 -0.0460453 0.853663 0.090928 1 0.490874 

ZONE I=5, J=5
0.482193 0.619887 0.143141 0.773996 0.133043 0.9 0.490874 
0.482167 0.640871 0.0975104 0.79249 0.123128 0.925 0.490874 
0.482227 0.662885 0.0518802 0.811932 0.112804 0.95 0.490874 
0.482373 0.685928 0.00624988 0.832323 0.102071 0.975 0.490874 
0.482605 0.71 -0.0393804 0.853663 0.090928 1 0.490874 
0.490143 0.620021 0.143548 0.778981 0.133623 0.9 0.499055 
0.490147 0.641017 0.0979181 0.797418 0.123578 0.925 0.499055 
0.490241 0.663012 0.0522878 0.816775 0.113134 0.95 0.499055 
0.490424 0.686006 0.0066575 0.837052 0.102289 0.975 0.499055 
0.490696 0.71 -0.0389728 0.85825 0.0910454 1 0.499055 
0.498029 0.62014 0.143956 0.783983 0.134081 0.9 0.507236 
0.498098 0.641162 0.0983257 0.802391 0.12393 0.925 0.507236 
0.498255 0.663146 0.0526954 0.821683 0.113388 0.95 0.507236 
0.498499 0.686092 0.00706511 0.841859 0.102455 0.975 0.507236 
0.498832 0.71 -0.0385652 0.862918 0.0911319 1 0.507236 
0.505851 0.620247 0.144364 0.789002 0.134415 0.9 0.515418 
0.506021 0.641307 0.0987333 0.80741 0.124183 0.925 0.515418 
0.506271 0.663286 0.053103 0.826656 0.113568 0.95 0.515418 
0.506602 0.686184 0.00747272 0.846743 0.102569 0.975 0.515418 
0.507013 0.71 -0.0381576 0.867668 0.0911874 1 0.515418 
0.51361 0.620343 0.144771 0.794038 0.134627 0.9 0.523599 
0.513916 0.641453 0.0991409 0.812473 0.124338 0.925 0.523599 
0.51429 0.663433 0.0535106 0.831695 0.113672 0.95 0.523599 
0.514732 0.686282 0.00788034 0.851703 0.10263 0.975 0.523599 
0.515241 0.71 -0.0377499 0.872499 0.0912121 1 0.523599 

ZONE I=5, J=5
0.51361 0.620343 0.130587 0.794038 0.134627 0.9 0.523599 
0.513916 0.641453 0.0921397 0.812473 0.124338 0.925 0.523599 
0.51429 0.663433 0.0536925 0.831695 0.113672 0.95 0.523599 
0.514732 0.686282 0.0152453 0.851703 0.10263 0.975 0.523599 
0.515241 0.71 -0.0232019 0.872499 0.0912121 1 0.523599 
0.521484 0.620457 0.13155 0.799204 0.134856 0.9 0.53178 
0.521865 0.641605 0.0931025 0.817625 0.124461 0.925 0.53178 
0.522308 0.663578 0.0546553 0.836788 0.113701 0.95 0.53178 
0.522812 0.686376 0.0162081 0.856693 0.102575 0.975 0.53178 
0.523377 0.709999 -0.0222391 0.87734 0.0910836 1 0.53178 
0.529246 0.620528 0.132513 0.804332 0.134934 0.9 0.539961 
0.529759 0.641735 0.0940653 0.822785 0.124472 0.925 0.539961 
0.530321 0.663716 0.0556181 0.841928 0.113653 0.95 0.539961 
0.53093 0.686471 0.0171709 0.861759 0.102478 0.975 0.539961 
0.531588 0.71 -0.0212763 0.882278 0.0909454 1 0.539961 
0.536896 0.62056 0.133475 0.809422 0.134863 0.9 0.548142 
0.537599 0.641845 0.0950281 0.827955 0.12437 0.925 0.548142 
0.53833 0.663846 0.0565809 0.847114 0.113529 0.95 0.548142 
0.539089 0.686565 0.0181337 0.8669 0.102338 0.975 0.548142 
0.539876 0.710001 -0.0203135 0.887312 0.0907975 1 0.548142 
0.544435 0.620554 0.134438 0.814474 0.134641 0.9 0.556324 
0.545385 0.641935 0.0959909 0.833133 0.124157 0.925 0.556324 
0.546336 0.66397 0.0575437 0.852347 0.113328 0.95 0.556324 
0.547288 0.686658 0.0190965 0.872117 0.102156 0.975 0.556324 
0.548242 0.71 -0.0193507 0.892442 0.0906398 1 0.556324 

ZONE I=5, J=5
0.544435 0.620554 0.107133 0.814474 0.134641 0.9 0.556324 
0.545385 0.641935 0.0822617 0.833133 0.124157 0.925 0.556324 
0.546336 0.66397 0.0573907 0.852347 0.113328 0.95 0.556324 
0.547288 0.686658 0.0325198 0.872117 0.102156 0.975 0.556324 
0.548242 0.71 0.00764888 0.892442 0.0906398 1 0.556324 
0.552184 0.620539 0.109678 0.819682 0.134528 0.9 0.564505 
0.553266 0.642004 0.0848074 0.838395 0.123958 0.925 0.564505 
0.55433 0.664069 0.0599365 0.857606 0.113053 0.95 0.564505 
0.555375 0.686734 0.0350655 0.877314 0.10181 0.975 0.564505 
0.556402 0.709999 0.0101946 0.897519 0.0902306 1 0.564505 
0.559794 0.620461 0.112224 0.824813 0.134255 0.9 0.572686 
0.561056 0.642004 0.0873531 0.843603 0.123642 0.925 0.572686 
0.562291 0.664108 0.0624822 0.862849 0.112702 0.95 0.572686 
0.563498 0.686773 0.0376113 0.882552 0.101434 0.975 0.572686 
0.564677 0.71 0.0127404 0.902712 0.0898391 1 0.572686 
0.567265 0.620323 0.11477 0.829868 0.133824 0.9 0.580867 
0.568755 0.641938 0.0898989 0.848755 0.123209 0.925 0.580867 
0.570219 0.664089 0.065028 0.868077 0.112277 0.95 0.580867 
0.571657 0.686777 0.040157 0.887833 0.101029 0.975 0.580867 
0.573069 0.710001 0.0152861 0.908023 0.0894653 1 0.580867 
0.574596 0.620129 0.117316 0.834847 0.133234 0.9 0.589049 
0.576361 0.641808 0.0924446 0.853852 0.122657 0.925 0.589049 
0.578113 0.664012 0.0675737 0.873288 0.111778 0.95 0.589049 
0.579852 0.686743 0.0427028 0.893154 0.100595 0.975 0.589049 
0.581577 0.71 0.0178318 0.913451 0.0891091 1 0.589049 

ZONE I=5, J=5
0.574596 0.620129 0.0845926 0.834847 0.133234 0.9 0.589049 
0.576361 0.641808 0.0763032 0.853852 0.122657 0.925 0.589049 
0.578113 0.664012 0.0680138 0.873288 0.111778 0.95 0.589049 
0.579852 0.686743 0.0597245 0.893154 0.100595 0.975 0.589049 
0.581577 0.71 0.0514351 0.913451 0.0891091 1 0.589049 
0.58217 0.619831 0.0862206 0.839922 0.13283 0.9 0.59723 
0.584061 0.641612 0.0779312 0.858996 0.122145 0.925 0.59723 
0.585965 0.663855 0.0696419 0.878459 0.111211 0.95 0.59723 
0.587882 0.686562 0.0613525 0.898314 0.100027 0.975 0.59723 
0.589814 0.709731 0.0530631 0.918558 0.0885948 1 0.59723 
0.589625 0.619455 0.0878486 0.844914 0.132298 0.9 0.605411 
0.591693 0.641316 0.0795592 0.864066 0.121557 0.925 0.605411 
0.5938 0.663578 0.0712699 0.88357 0.110621 0.95 0.605411 
0.595947 0.68624 0.0629805 0.903427 0.0994885 0.975 0.605411 
0.598133 0.709304 0.0546911 0.923636 0.0881609 1 0.605411 
0.596959 0.619004 0.0894766 0.849822 0.131637 0.9 0.613592 
0.599255 0.640922 0.0811873 0.869064 0.120894 0.925 0.613592 
0.601616 0.66318 0.0728979 0.888621 0.110007 0.95 0.613592 
0.604042 0.685779 0.0646085 0.908495 0.0989787 0.975 0.613592 
0.606534 0.708719 0.0563191 0.928685 0.0878073 1 0.613592 
0.604171 0.61848 0.0911046 0.854646 0.130848 0.9 0.621774 
0.606746 0.640431 0.0828153 0.873988 0.120155 0.925 0.621774 
0.609411 0.662663 0.0745259 0.893612 0.109371 0.95 0.621774 
0.612167 0.685177 0.0662365 0.913518 0.0984979 0.975 0.621774 
0.615014 0.707972 0.0579471 0.933704 0.087534 1 0.621774 

ZONE I=5, J=5
0.604171 0.61848 0.0706436 0.854646 0.130848 0.9 0.621774 
0.606746 0.640431 0.0718437 0.873988 0.120155 0.925 0.621774 
0.609411 0.662663 0.0730437 0.893612 0.109371 0.95 0.621774 
0.612167 0.685177 0.0742437 0.913518 0.0984979 0.975 0.621774 
0.615014 0.707972 0.0754437 0.933704 0.087534 1 0.621774 
0.611479 0.61783 0.0717198 0.859467 0.130139 0.9 0.629955 
0.614299 0.639812 0.0729198 0.878892 0.119468 0.925 0.629955 
0.617213 0.662015 0.0741199 0.898549 0.108743 0.95 0.629955 
0.62022 0.684439 0.0753199 0.918441 0.0979629 0.975 0.629955 
0.623321 0.707083 0.0765199 0.938565 0.0871284 1 0.629955 
0.618705 0.617074 0.072796 0.8642 0.129358 0.9 0.638136 
0.621804 0.639067 0.073996 0.883712 0.118746 0.925 0.638136 
0.624999 0.661229 0.075196 0.903416 0.108111 0.95 0.638136 
0.628291 0.683559 0.0763961 0.923312 0.0974524 0.975 0.638136 
0.631679 0.706057 0.0775961 0.943401 0.0867714 1 0.638136 
0.625848 0.616213 0.0738722 0.868844 0.128504 0.9 0.646317 
0.629259 0.638197 0.0750722 0.888449 0.117987 0.925 0.646317 
0.632768 0.660305 0.0762722 0.908211 0.107474 0.95 0.646317 
0.636377 0.682537 0.0774722 0.928132 0.0969663 0.975 0.646317 
0.640085 0.704891 0.0786723 0.948211 0.086463 1 0.646317 
0.632906 0.61525 0.0749484 0.873399 0.127577 0.9 0.654498 
0.636661 0.637204 0.0761484 0.893103 0.117192 0.925 0.654498 
0.640518 0.659245 0.0773484 0.912937 0.106834 0.95 0.654498 
0.644477 0.681372 0.0785484 0.932901 0.0965048 0.975 0.654498 
0.648537 0.703585 0.0797484 0.952996 0.0862032 1 0.654498 

ZONE I=5, J=5
0.632906 0.61525 0.0614908 0.873399 0.127577 0.9 0.654498 
0.636661 0.637204 0.0689699 0.893103 0.117192 0.925 0.654498 
0.640518 0.659245 0.076449 0.912937 0.106834 0.95 0.654498 
0.644477 0.681372 0.0839281 0.932901 0.0965048 0.975 0.654498 
0.648537 0.703585 0.0914072 0.952996 0.0862032 1 0.654498 
0.640016 0.614144 0.0626319 0.877917 0.126713 0.9 0.66268 
0.64409 0.636071 0.070111 0.897709 0.116434 0.925 0.66268 
0.648255 0.658046 0.0775901 0.917595 0.106199 0.95 0.66268 
0.652512 0.680069 0.0850692 0.937576 0.0960053 0.975 0.66268 
0.65686 0.702139 0.0925483 0.95765 0.0858549 1 0.66268 
0.647065 0.612923 0.0637729 0.88235 0.125807 0.9 0.670861 
0.651473 0.634807 0.0712521 0.902231 0.115656 0.925 0.670861 
0.655965 0.656706 0.0787312 0.922177 0.105561 0.95 0.670861 
0.660541 0.678619 0.0862103 0.942185 0.0955224 0.975 0.670861 
0.6652 0.700546 0.0936894 0.962257 0.0855409 1 0.670861 
0.654051 0.611589 0.064914 0.886698 0.124859 0.9 0.679042 
0.658809 0.633413 0.0723932 0.90667 0.114855 0.925 0.679042 
0.663646 0.655224 0.0798723 0.92668 0.104921 0.95 0.679042 
0.668562 0.677021 0.0873514 0.94673 0.095056 0.975 0.679042 
0.673556 0.698805 0.0948305 0.966818 0.0852612 1 0.679042 
0.660973 0.610142 0.0660551 0.890963 0.123869 0.9 0.687223 
0.666097 0.63189 0.0735342 0.911025 0.114033 0.925 0.687223 
0.671296 0.653602 0.0810134 0.931107 0.104278 0.95 0.687223 
0.676572 0.675277 0.0884925 0.951209 0.0946061 0.975 0.687223 
0.681925 0.696916 0.0959716 0.971332 0.0850159 1 0.687223 

ZONE I=5, J=5
0.660973 0.610142 0.0573105 0.890963 0.123869 0.9 0.687223 
0.666097 0.63189 0.0688344 0.911025 0.114033 0.925 0.687223 
0.671296 0.653602 0.0803583 0.931107 0.104278 0.95 0.687223 
0.676572 0.675277 0.0918822 0.951209 0.0946061 0.975 0.687223 
0.681925 0.696916 0.103406 0.971332 0.0850159 1 0.687223 
0.667913 0.608552 0.0584555 0.895172 0.122923 0.9 0.695405 
0.673383 0.630226 0.0699794 0.915318 0.113237 0.925 0.695405 
0.678919 0.65184 0.0815033 0.93546 0.103639 0.95 0.695405 
0.68452 0.673393 0.0930272 0.955597 0.0941302 0.975 0.695405 
0.690186 0.694887 0.104551 0.97573 0.0847094 1 0.695405 
0.6748 0.606845 0.0596005 0.899302 0.121951 0.9 0.703586 
0.680625 0.628431 0.0711244 0.91953 0.112428 0.925 0.703586 
0.686505 0.649937 0.0826483 0.939733 0.102998 0.95 0.703586 
0.692442 0.671363 0.0941722 0.959912 0.0936633 0.975 0.703586 
0.698434 0.692709 0.105696 0.980066 0.0844227 1 0.703586 
0.681634 0.605022 0.0607456 0.903353 0.120956 0.9 0.711767 
0.687818 0.626506 0.0722695 0.92366 0.111605 0.925 0.711767 
0.694052 0.647894 0.0837934 0.943927 0.102355 0.95 0.711767 
0.700335 0.669186 0.0953173 0.964153 0.0932054 0.975 0.711767 
0.706667 0.690382 0.106841 0.984339 0.0841558 1 0.711767 
0.688413 0.603084 0.0618906 0.907325 0.119935 0.9 0.719948 
0.694962 0.624453 0.0734145 0.927709 0.11077 0.925 0.719948 
0.701556 0.645713 0.0849384 0.948041 0.10171 0.95 0.719948 
0.708197 0.666864 0.0964623 0.968322 0.0927565 0.975 0.719948 
0.714883 0.687907 0.107986 0.988551 0.0839087 1 0.719948 

ZONE I=5, J=5
0.688413 0.603084 0.0567409 0.907325 0.119935 0.9 0.719948 
0.694962 0.624453 0.07063 0.927709 0.11077 0.925 0.719948 
0.701556 0.645713 0.0845192 0.948041 0.10171 0.95 0.719948 
0.708197 0.666864 0.0984084 0.968322 0.0927565 0.975 0.719948 
0.714883 0.687907 0.112298 0.988551 0.0839087 1 0.719948 
0.695181 0.601009 0.0578347 0.911231 0.118941 0.9 0.72813 
0.702084 0.622262 0.0717238 0.931688 0.10995 0.925 0.72813 
0.709022 0.643394 0.085613 0.952079 0.101066 0.95 0.72813 
0.715996 0.664405 0.0995022 0.972402 0.0922898 0.975 0.72813 
0.723006 0.685293 0.113391 0.992659 0.0836214 1 0.72813 
0.701902 0.598817 0.0589284 0.915063 0.117934 0.9 0.736311 
0.709158 0.619945 0.0728176 0.93559 0.109122 0.925 0.736311 
0.716441 0.64094 0.0867068 0.956038 0.100419 0.95 0.736311 
0.723753 0.661804 0.100596 0.976407 0.0918254 0.975 0.736311 
0.731093 0.682535 0.114485 0.996697 0.0833412 1 0.736311 
0.708573 0.59651 0.0600222 0.918821 0.116913 0.9 0.744492 
0.716182 0.617501 0.0739114 0.939413 0.108286 0.925 0.744492 
0.723812 0.638351 0.0878006 0.959918 0.0997691 0.95 0.744492 
0.731465 0.659063 0.10169 0.980335 0.0913632 0.975 0.744492 
0.739139 0.679634 0.115579 1.00066 0.0830679 1 0.744492 
0.715192 0.594089 0.061116 0.922504 0.115878 0.9 0.752673 
0.723154 0.614931 0.0750052 0.943159 0.107441 0.925 0.752673 
0.731133 0.635629 0.0888944 0.96372 0.0991164 0.95 0.752673 
0.73913 0.656182 0.102784 0.984187 0.0909032 0.975 0.752673 
0.747145 0.676591 0.116673 1.00456 0.0828018 1 0.752673 

ZONE I=5, J=5
0.715192 0.594089 0.0586358 0.922504 0.115878 0.9 0.752673 
0.723154 0.614931 0.0736599 0.943159 0.107441 0.925 0.752673 
0.731133 0.635629 0.088684 0.96372 0.0991164 0.95 0.752673 
0.73913 0.656182 0.103708 0.984187 0.0909032 0.975 0.752673 
0.747145 0.676591 0.118732 1.00456 0.0828018 1 0.752673 
0.721781 0.591539 0.0596556 0.926118 0.114857 0.9 0.760854 
0.730087 0.612233 0.0746797 0.946832 0.106604 0.925 0.760854 
0.738404 0.632776 0.0897038 0.967446 0.0984618 0.95 0.760854 
0.746731 0.653169 0.104728 0.987957 0.0904309 0.975 0.760854 
0.755069 0.673412 0.119752 1.00837 0.0825112 1 0.760854 
0.728322 0.588876 0.0606755 0.929661 0.113829 0.9 0.769036 
0.736969 0.609412 0.0756996 0.950432 0.105761 0.925 0.769036 
0.745621 0.629795 0.0907237 0.971095 0.097803 0.95 0.769036 
0.754277 0.650024 0.105748 0.991651 0.0899551 0.975 0.769036 
0.762937 0.670099 0.120772 1.0121 0.0822175 1 0.769036 
0.734814 0.586099 0.0616954 0.933135 0.112795 0.9 0.777217 
0.743798 0.60647 0.0767195 0.953958 0.104913 0.925 0.777217 
0.752782 0.626686 0.0917435 0.974669 0.0971401 0.95 0.777217 
0.761765 0.646746 0.106768 0.995269 0.0894759 0.975 0.777217 
0.770748 0.666651 0.121792 1.01576 0.0819205 1 0.777217 
0.741256 0.583211 0.0627152 0.936539 0.111755 0.9 0.785398 
0.750572 0.603409 0.0777393 0.957409 0.10406 0.925 0.785398 
0.759885 0.623452 0.0927634 0.978167 0.0964731 0.95 0.785398 
0.769194 0.643339 0.107787 0.998812 0.0889932 0.975 0.785398 
0.778499 0.66307 0.122812 1.01934 0.0816204 1 0.785398 

ZONE I=5, J=5
0.741256 0.583211 0.0621516 0.936539 0.111755 0.9 0.785398 
0.750572 0.603409 0.0774323 0.957409 0.10406 0.925 0.785398 
0.759885 0.623452 0.0927129 0.978167 0.0964731 0.95 0.785398 
0.769194 0.643339 0.107994 0.998812 0.0889932 0.975 0.785398 
0.778499 0.66307 0.123274 1.01934 0.0816204 1 0.785398 
0.747651 0.580204 0.0630908 0.939873 0.110717 0.9 0.793579 
0.757295 0.600228 0.0783714 0.96079 0.103206 0.925 0.793579 
0.766931 0.620095 0.093652 0.981591 0.0958014 0.95 0.793579 
0.776558 0.639805 0.108933 1.00228 0.0885018 0.975 0.793579 
0.786176 0.65936 0.124213 1.02285 0.0813075 1 0.793579 
0.753998 0.577088 0.06403 0.943141 0.109677 0.9 0.801761 
0.763963 0.596931 0.0793106 0.964101 0.102349 0.925 0.801761 
0.773916 0.616618 0.0945912 0.984944 0.0951242 0.95 0.801761 
0.783857 0.636149 0.109872 1.00567 0.0880024 0.975 0.801761 
0.793784 0.655524 0.125152 1.02628 0.0809837 1 0.801761 
0.760295 0.573864 0.0649691 0.946343 0.108635 0.9 0.809942 
0.770575 0.59352 0.0802497 0.967343 0.101488 0.925 0.809942 
0.78084 0.613022 0.0955303 0.988225 0.0944415 0.95 0.809942 
0.791089 0.632371 0.110811 1.00899 0.0874951 0.975 0.809942 
0.801322 0.651566 0.126092 1.02964 0.0806489 1 0.809942 
0.76654 0.570531 0.0659083 0.949481 0.107591 0.9 0.818123 
0.77713 0.589995 0.0811889 0.970515 0.100624 0.925 0.818123 
0.787701 0.609309 0.0964695 0.991433 0.0937533 0.95 0.818123 
0.798253 0.628473 0.11175 1.01224 0.0869799 0.975 0.818123 
0.808787 0.647487 0.127031 1.03292 0.0803033 1 0.818123 

ZONE I=5, J=5
0.76654 0.570531 0.0666648 0.949481 0.107591 0.9 0.818123 
0.77713 0.589995 0.0815964 0.970515 0.100624 0.925 0.818123 
0.787701 0.609309 0.096528 0.991433 0.0937533 0.95 0.818123 
0.798253 0.628473 0.11146 1.01224 0.0869799 0.975 0.818123 
0.808787 0.647487 0.126391 1.03292 0.0803033 1 0.818123 
0.772728 0.567092 0.0675236 0.95255 0.106542 0.9 0.826304 
0.783623 0.586361 0.0824552 0.973619 0.0997528 0.925 0.826304 
0.794497 0.605483 0.0973868 0.994573 0.0930582 0.95 0.826304 
0.80535 0.624457 0.112318 1.01541 0.0864583 0.975 0.826304 
0.816183 0.643283 0.12725 1.03613 0.0799531 1 0.826304 
0.778866 0.563547 0.0683824 0.955557 0.105493 0.9 0.834486 
0.790059 0.582619 0.083314 0.976658 0.098879 0.925 0.834486 
0.801229 0.601546 0.0982456 0.997645 0.0923564 0.95 0.834486 
0.812376 0.620328 0.113177 1.01852 0.0859256 0.975 0.834486 
0.8235 0.638966 0.128109 1.03928 0.0795865 1 0.834486 
0.784953 0.5599 0.0692412 0.958504 0.104446 0.9 0.842667 
0.796436 0.578769 0.0841728 0.979632 0.0980026 0.925 0.842667 
0.807894 0.597499 0.0991044 1.00065 0.0916479 0.95 0.842667 
0.819329 0.616088 0.114036 1.02155 0.0853816 0.975 0.842667 
0.830739 0.634538 0.128968 1.04235 0.0792037 1 0.842667 
0.790986 0.556149 0.0701 0.961389 0.103398 0.9 0.850848 
0.802752 0.574813 0.0850316 0.982542 0.0971234 0.925 0.850848 
0.814492 0.593344 0.0999632 1.00359 0.0909328 0.95 0.850848 
0.826207 0.611739 0.114895 1.02452 0.0848265 0.975 0.850848 
0.837896 0.63 0.129826 1.04535 0.0788046 1 0.850848 

ZONE I=5, J=5
0.790986 0.556149 0.0717171 0.961389 0.103398 0.9 0.850848 
0.802752 0.574813 0.0859024 0.982542 0.0971234 0.925 0.850848 
0.814492 0.593344 0.100088 1.00359 0.0909328 0.95 0.850848 
0.826207 0.611739 0.114273 1.02452 0.0848265 0.975 0.850848 
0.837896 0.63 0.128458 1.04535 0.0788046 1 0.850848 
0.796953 0.552303 0.0724991 0.964209 0.10234 0.9 0.859029 
0.809 0.570759 0.0866844 0.985386 0.0962334 0.925 0.859029 
0.821022 0.589084 0.10087 1.00646 0.090209 0.95 0.859029 
0.833017 0.607279 0.115055 1.02743 0.0842666 0.975 0.859029 
0.844986 0.625344 0.12924 1.04829 0.0784062 1 0.859029 
0.802868 0.548357 0.0732811 0.966972 0.101283 0.9 0.86721 
0.815189 0.566603 0.0874663 0.988171 0.095341 0.925 0.86721 
0.827483 0.584723 0.101652 1.00927 0.0894777 0.95 0.86721 
0.839751 0.602718 0.115837 1.03026 0.0836933 0.975 0.86721 
0.851992 0.620586 0.130022 1.05116 0.077988 1 0.86721 
0.80873 0.544314 0.0740631 0.969678 0.100229 0.9 0.875392 
0.821316 0.562348 0.0882483 0.990896 0.0944462 0.925 0.875392 
0.833875 0.580262 0.102434 1.01202 0.0887387 0.95 0.875392 
0.846408 0.598055 0.116619 1.03304 0.0831067 0.975 0.875392 
0.858914 0.615728 0.130804 1.05396 0.0775502 1 0.875392 
0.814537 0.540173 0.074845 0.972327 0.0991773 0.9 0.883573 
0.82738 0.557994 0.0890303 0.993561 0.093549 0.925 0.883573 
0.840196 0.575701 0.103216 1.0147 0.0879922 0.95 0.883573 
0.852986 0.593293 0.117401 1.03575 0.0825067 0.975 0.883573 
0.86575 0.610772 0.131586 1.0567 0.0770926 1 0.883573 

ZONE I=5, J=5
0.814537 0.540173 0.0769789 0.972327 0.0991773 0.9 0.883573 
0.82738 0.557994 0.0901763 0.993561 0.093549 0.925 0.883573 
0.840196 0.575701 0.103374 1.0147 0.0879922 0.95 0.883573 
0.852986 0.593293 0.116571 1.03575 0.0825067 0.975 0.883573 
0.86575 0.610772 0.129768 1.0567 0.0770926 1 0.883573 
0.820272 0.535947 0.0776888 0.974915 0.0981096 0.9 0.891754 
0.833371 0.553551 0.0908862 0.996165 0.0926382 0.925 0.891754 
0.846446 0.571045 0.104084 1.01733 0.087236 0.95 0.891754 
0.859495 0.588429 0.117281 1.0384 0.0819029 0.975 0.891754 
0.872518 0.605705 0.130478 1.05938 0.0766391 1 0.891754 
0.825953 0.531628 0.0783987 0.97745 0.0970448 0.9 0.899935 
0.839301 0.549014 0.0915961 0.998714 0.091725 0.925 0.899935 
0.852625 0.566295 0.104794 1.01989 0.0864715 0.95 0.899935 
0.865925 0.583473 0.117991 1.04099 0.0812845 0.975 0.899935 
0.8792 0.600546 0.131188 1.062 0.076164 1 0.899935 
0.831578 0.527218 0.0791087 0.979932 0.095983 0.9 0.908117 
0.845167 0.544385 0.0923061 1.00121 0.0908094 0.925 0.908117 
0.858732 0.561454 0.105503 1.0224 0.0856989 0.95 0.908117 
0.872275 0.578425 0.118701 1.04352 0.0806515 0.975 0.908117 
0.885794 0.595298 0.131898 1.06456 0.0756672 1 0.908117 
0.837146 0.522715 0.0798186 0.982361 0.0949241 0.9 0.916298 
0.850968 0.539665 0.093016 1.00364 0.0898915 0.925 0.916298 
0.864767 0.556522 0.106213 1.02486 0.0849181 0.95 0.916298 
0.878544 0.573288 0.119411 1.04599 0.0800039 0.975 0.916298 
0.892299 0.589962 0.132608 1.06706 0.0751489 1 0.916298 

ZONE I=5, J=5
0.837146 0.522715 0.0822189 0.982361 0.0949241 0.9 0.916298 
0.850968 0.539665 0.0943008 1.00364 0.0898915 0.925 0.916298 
0.864767 0.556522 0.106383 1.02486 0.0849181 0.95 0.916298 
0.878544 0.573288 0.118465 1.04599 0.0800039 0.975 0.916298 
0.892299 0.589962 0.130547 1.06706 0.0751489 1 0.916298 
0.842639 0.518138 0.0828619 0.984734 0.0938467 0.9 0.924479 
0.856693 0.534864 0.0949438 1.00603 0.0889582 0.925 0.924479 
0.870728 0.551504 0.107026 1.02725 0.084127 0.95 0.924479 
0.884743 0.568057 0.119108 1.04841 0.0793531 0.975 0.924479 
0.898738 0.584523 0.13119 1.0695 0.0746364 1 0.924479 
0.848076 0.513473 0.0835049 0.987057 0.0927724 0.9 0.93266 
0.862355 0.529977 0.0955868 1.00836 0.0880225 0.925 0.93266 
0.876617 0.5464 0.107669 1.0296 0.0833274 0.95 0.93266 
0.890861 0.562741 0.119751 1.05077 0.0786871 0.975 0.93266 
0.905087 0.579001 0.131833 1.07188 0.0741016 1 0.93266 
0.853454 0.508723 0.0841478 0.98933 0.0917012 0.9 0.940842 
0.867951 0.525006 0.0962298 1.01064 0.0870843 0.925 0.940842 
0.882433 0.541213 0.108312 1.03189 0.0825192 0.95 0.940842 
0.896898 0.557344 0.120394 1.05308 0.078006 0.975 0.940842 
0.911348 0.5734 0.132476 1.07421 0.0735445 1 0.940842 
0.858774 0.503888 0.0847908 0.991555 0.0906331 0.9 0.949023 
0.873481 0.51995 0.0968728 1.01287 0.0861437 0.925 0.949023 
0.888174 0.535943 0.108955 1.03412 0.0817025 0.95 0.949023 
0.902853 0.551866 0.121037 1.05533 0.0773097 0.975 0.949023 
0.917519 0.56772 0.133119 1.07649 0.0729651 1 0.949023 

ZONE I=5, J=5
0.858774 0.503888 0.0872812 0.991555 0.0906331 0.9 0.949023 
0.873481 0.51995 0.0982012 1.01287 0.0861437 0.925 0.949023 
0.888174 0.535943 0.109121 1.03412 0.0817025 0.95 0.949023 
0.902853 0.551866 0.120041 1.05533 0.0773097 0.975 0.949023 
0.917519 0.56772 0.130961 1.07649 0.0729651 1 0.949023 
0.864017 0.498985 0.0878623 0.993727 0.089545 0.9 0.957204 
0.878934 0.514822 0.0987823 1.01504 0.0851869 0.925 0.957204 
0.893841 0.530594 0.109702 1.03631 0.0808754 0.95 0.957204 
0.908737 0.546301 0.120622 1.05753 0.0766106 0.975 0.957204 
0.923622 0.561944 0.131542 1.07871 0.0723924 1 0.957204 
0.869201 0.494003 0.0884434 0.995853 0.0884599 0.9 0.965385 
0.884321 0.509615 0.0993633 1.01717 0.0842275 0.925 0.965385 
0.899434 0.525167 0.110283 1.03845 0.0800396 0.95 0.965385 
0.914539 0.540661 0.121203 1.05969 0.0758963 0.975 0.965385 
0.929636 0.556094 0.132123 1.08088 0.0717976 1 0.965385 
0.874325 0.48894 0.0890245 0.997934 0.0873777 0.9 0.973566 
0.889642 0.504329 0.0999444 1.01925 0.0832655 0.925 0.973566 
0.904953 0.519665 0.110864 1.04054 0.0791951 0.95 0.973566 
0.92026 0.534946 0.121784 1.06179 0.0751668 0.975 0.973566 
0.935561 0.550173 0.132704 1.083 0.0711805 1 0.973566 
0.879389 0.483798 0.0896055 0.999969 0.0862986 0.9 0.981748 
0.894894 0.498967 0.100526 1.02129 0.0823009 0.925 0.981748 
0.910398 0.514087 0.111445 1.04258 0.078342 0.95 0.981748 
0.925898 0.529158 0.122365 1.06384 0.0744222 0.975 0.981748 
0.941396 0.544181 0.133285 1.08507 0.0705412 1 0.981748 

ZONE I=5, J=5
0.879389 0.483798 0.0920662 0.999969 0.0862986 0.9 0.981748 
0.894894 0.498967 0.101833 1.02129 0.0823009 0.925 0.981748 
0.910398 0.514087 0.111601 1.04258 0.078342 0.95 0.981748 
0.925898 0.529158 0.121368 1.06384 0.0744222 0.975 0.981748 
0.941396 0.544181 0.131135 1.08507 0.0705412 1 0.981748 
0.884375 0.478597 0.0925902 1.00196 0.0851987 0.9 0.989929 
0.90007 0.49354 0.102357 1.02328 0.0813199 0.925 0.989929 
0.915766 0.508438 0.112125 1.04457 0.0774786 0.95 0.989929 
0.931463 0.523292 0.121892 1.06585 0.073675 0.975 0.989929 
0.947162 0.538101 0.131659 1.0871 0.0699089 1 0.989929 
0.8893 0.473322 0.0931142 1.0039 0.0841016 0.9 0.99811 
0.905178 0.48804 0.102881 1.02522 0.0803362 0.925 0.99811 
0.921061 0.502718 0.112649 1.04652 0.0766067 0.95 0.99811 
0.936948 0.517356 0.122416 1.06781 0.072913 0.975 0.99811 
0.952839 0.531955 0.132183 1.08907 0.0692551 1 0.99811 
0.894164 0.467973 0.0936382 1.0058 0.0830071 0.9 1.00629 
0.910219 0.482468 0.103405 1.02712 0.0793498 0.925 1.00629 
0.926281 0.496929 0.113173 1.04843 0.0757261 0.95 1.00629 
0.942351 0.511354 0.12294 1.06972 0.0721362 0.975 1.00629 
0.958428 0.525744 0.132707 1.091 0.0685799 1 1.00629 
0.898965 0.462551 0.0941622 1.00766 0.0819153 0.9 1.01447 
0.91519 0.476826 0.103929 1.02898 0.0783606 0.925 1.01447 
0.931425 0.491071 0.113697 1.05029 0.074837 0.95 1.01447 
0.947671 0.505286 0.123464 1.07159 0.0713445 0.975 1.01447 
0.963928 0.519471 0.133231 1.09289 0.0678831 1 1.01447 

ZONE I=5, J=5
0.898965 0.462551 0.0965156 1.00766 0.0819153 0.9 1.01447 
0.91519 0.476826 0.105176 1.02898 0.0783606 0.925 1.01447 
0.931425 0.491071 0.113837 1.05029 0.074837 0.95 1.01447 
0.947671 0.505286 0.122497 1.07159 0.0713445 0.975 1.01447 
0.963928 0.519471 0.131157 1.09289 0.0678831 1 1.01447 
0.903688 0.457076 0.096987 1.00948 0.0808028 0.9 1.02265 
0.920084 0.471126 0.105647 1.03079 0.0773554 0.925 1.02265 
0.936494 0.485149 0.114308 1.0521 0.073938 0.95 1.02265 
0.952918 0.499146 0.122968 1.07342 0.0705505 0.975 1.02265 
0.969357 0.513116 0.131629 1.09473 0.0671931 1 1.02265 
0.908349 0.451532 0.0974584 1.01125 0.0796926 0.9 1.03084 
0.92491 0.465359 0.106119 1.03256 0.0763473 0.925 1.03084 
0.941488 0.479162 0.114779 1.05388 0.0730306 0.95 1.03084 
0.958085 0.492943 0.12344 1.0752 0.0697424 0.975 1.03084 
0.974699 0.506702 0.1321 1.09652 0.0664827 1 1.03084 
0.912947 0.445921 0.0979298 1.01299 0.0785846 0.9 1.03902 
0.929667 0.459526 0.10659 1.0343 0.0753364 0.925 1.03902 
0.946408 0.473113 0.115251 1.05561 0.0721148 0.95 1.03902 
0.96317 0.486681 0.123911 1.07694 0.06892 0.975 1.03902 
0.979953 0.50023 0.132572 1.09828 0.0657519 1 1.03902 
0.917481 0.440243 0.0984012 1.01468 0.077479 0.9 1.0472 
0.934354 0.453629 0.107062 1.03599 0.0743226 0.925 1.0472 
0.951251 0.467001 0.115722 1.05731 0.0711907 0.95 1.0472 
0.968173 0.480359 0.124383 1.07864 0.0680835 0.975 1.0472 
0.985118 0.493702 0.133043 1.09999 0.0650008 1 1.0472 

ZONE I=5, J=5
0.917481 0.440243 0.100601 1.01468 0.077479 0.9 1.0472 
0.934354 0.453629 0.108223 1.03599 0.0743226 0.925 1.0472 
0.951251 0.467001 0.115845 1.05731 0.0711907 0.95 1.0472 
0.968173 0.480359 0.123468 1.07864 0.0680835 0.975 1.0472 
0.985118 0.493702 0.13109 1.09999 0.0650008 1 1.0472 
0.921938 0.434518 0.101024 1.01634 0.0763533 0.9 1.05538 
0.938964 0.44768 0.108646 1.03764 0.0732933 0.925 1.05538 
0.956019 0.460831 0.116268 1.05896 0.0702571 0.95 1.05538 
0.973101 0.47397 0.123891 1.0803 0.0672446 0.975 1.05538 
0.990213 0.487099 0.131513 1.10166 0.0642559 1 1.05538 
0.926331 0.428729 0.101447 1.01796 0.0752293 0.9 1.06356 
0.943505 0.44167 0.109069 1.03926 0.0722612 0.925 1.06356 
0.960712 0.454602 0.116692 1.06058 0.0693156 0.95 1.06356 
0.97795 0.467526 0.124314 1.08192 0.0663925 0.975 1.06356 
0.99522 0.480442 0.131936 1.10329 0.0634919 1 1.06356 
0.930659 0.422879 0.10187 1.01954 0.0741073 0.9 1.07174 
0.947977 0.4356 0.109492 1.04083 0.0712261 0.925 1.07174 
0.96533 0.448316 0.117115 1.06216 0.068366 0.95 1.07174 
0.982718 0.461027 0.124737 1.08351 0.0655269 0.975 1.07174 
1.00014 0.473734 0.13236 1.10489 0.062709 1 1.07174 
0.934922 0.416967 0.102293 1.02108 0.0729871 0.9 1.07992 
0.952378 0.429471 0.109915 1.04237 0.0701881 0.925 1.07992 
0.969872 0.441974 0.117538 1.0637 0.0674084 0.95 1.07992 
0.987404 0.454475 0.12516 1.08505 0.064648 0.975 1.07992 
1.00498 0.466975 0.132783 1.10644 0.061907 1 1.07992 

ZONE I=5, J=5
0.934922 0.416967 0.104313 1.02108 0.0729871 0.9 1.07992 
0.952378 0.429471 0.110979 1.04237 0.0701881 0.925 1.07992 
0.969872 0.441974 0.117645 1.0637 0.0674084 0.95 1.07992 
0.987404 0.454475 0.12431 1.08505 0.064648 0.975 1.07992 
1.00498 0.466975 0.130976 1.10644 0.061907 1 1.07992 
0.939109 0.411013 0.104692 1.02259 0.0718477 0.9 1.0881 
0.956702 0.423295 0.111357 1.04388 0.0691355 0.925 1.0881 
0.974338 0.435578 0.118023 1.0652 0.0664419 0.95 1.0881 
0.992016 0.447862 0.124689 1.08656 0.0637669 0.975 1.0881 
1.00974 0.460147 0.131355 1.10796 0.0611106 1 1.0881 
0.94323 0.405002 0.10507 1.02407 0.0707097 0.9 1.09628 
0.960956 0.417064 0.111736 1.04534 0.0680799 0.925 1.09628 
0.978729 0.429129 0.118402 1.06667 0.0654678 0.95 1.09628 
0.996548 0.441199 0.125068 1.08803 0.0628734 0.975 1.09628 
1.01441 0.453272 0.131733 1.10944 0.0602966 1 1.09628 
0.947286 0.398934 0.105449 1.0255 0.0695731 0.9 1.10447 
0.965141 0.410778 0.112115 1.04678 0.0670214 0.925 1.10447 
0.983045 0.422629 0.118781 1.0681 0.0644861 0.95 1.10447 
1.001 0.434486 0.125446 1.08947 0.0619674 0.975 1.10447 
1.019 0.44635 0.132112 1.11088 0.0594651 1 1.10447 
0.951275 0.39281 0.105828 1.02691 0.068438 0.9 1.11265 
0.969254 0.404439 0.112494 1.04818 0.0659599 0.925 1.11265 
0.987286 0.416077 0.119159 1.0695 0.0634969 0.95 1.11265 
1.00537 0.427725 0.125825 1.09087 0.0610489 0.975 1.11265 
1.02351 0.439382 0.132491 1.11229 0.0586161 1 1.11265 

ZONE I=5, J=5
0.951275 0.39281 0.107659 1.02691 0.068438 0.9 1.11265 
0.969254 0.404439 0.113455 1.04818 0.0659599 0.925 1.11265 
0.987286 0.416077 0.119251 1.0695 0.0634969 0.95 1.11265 
1.00537 0.427725 0.125047 1.09087 0.0610489 0.975 1.11265 
1.02351 0.439382 0.130843 1.11229 0.0586161 1 1.11265 
0.955188 0.386648 0.107997 1.02828 0.0672848 0.9 1.12083 
0.973291 0.398057 0.113793 1.04954 0.0648848 0.925 1.12083 
0.99145 0.409478 0.119589 1.07086 0.0624993 0.95 1.12083 
1.00967 0.420909 0.125385 1.09223 0.0601283 0.975 1.12083 
1.02794 0.432352 0.131181 1.11366 0.0577719 1 1.12083 
0.959036 0.380434 0.108335 1.02961 0.0661327 0.9 1.12901 
0.977258 0.391625 0.114131 1.05087 0.0638068 0.925 1.12901 
0.995541 0.40283 0.119927 1.07219 0.0614946 0.95 1.12901 
1.01388 0.414048 0.125722 1.09357 0.0591963 0.975 1.12901 
1.03229 0.425278 0.131518 1.115 0.0569117 1 1.12901 
0.962817 0.374168 0.108673 1.03092 0.0649816 0.9 1.13719 
0.981154 0.385144 0.114468 1.05217 0.0627258 0.925 1.13719 
0.999555 0.396135 0.120264 1.07349 0.0604829 0.95 1.13719 
1.01802 0.407141 0.12606 1.09487 0.0582528 0.975 1.13719 
1.03655 0.418163 0.131856 1.11631 0.0560355 1 1.13719 
0.96653 0.367851 0.10901 1.03219 0.0638315 0.9 1.14537 
0.984979 0.378614 0.114806 1.05344 0.0616419 0.925 1.14537 
1.00349 0.389394 0.120602 1.07475 0.059464 0.95 1.14537 
1.02208 0.400192 0.126398 1.09613 0.0572978 0.975 1.14537 
1.04072 0.411007 0.132194 1.11758 0.0551432 1 1.14537 

ZONE I=5, J=5
0.96653 0.367851 0.110652 1.03219 0.0638315 0.9 1.14537 
0.984979 0.378614 0.115666 1.05344 0.0616419 0.925 1.14537 
1.00349 0.389394 0.12068 1.07475 0.059464 0.95 1.14537 
1.02208 0.400192 0.125694 1.09613 0.0572978 0.975 1.14537 
1.04072 0.411007 0.130708 1.11758 0.0551432 1 1.14537 
0.970168 0.361501 0.110953 1.03343 0.0626647 0.9 1.15355 
0.988728 0.372046 0.115967 1.05467 0.0605454 0.925 1.15355 
1.00736 0.38261 0.120981 1.07599 0.0584374 0.95 1.15355 
1.02606 0.393192 0.125995 1.09737 0.0563407 0.975 1.15355 
1.04483 0.403794 0.131009 1.11883 0.0542552 1 1.15355 
0.973739 0.355103 0.111253 1.03464 0.0614986 0.9 1.16173 
0.992406 0.365432 0.116267 1.05588 0.0594461 0.925 1.16173 
1.01115 0.375782 0.121281 1.07719 0.0574042 0.95 1.16173 
1.02996 0.386152 0.126295 1.09857 0.0553731 0.975 1.16173 
1.04885 0.396542 0.131309 1.12004 0.0533526 1 1.16173 
0.977243 0.348658 0.111553 1.03582 0.0603331 0.9 1.16992 
0.996013 0.358774 0.116567 1.05705 0.0583438 0.925 1.16992 
1.01486 0.368912 0.121581 1.07836 0.0563645 0.95 1.16992 
1.03378 0.379071 0.126595 1.09975 0.0543951 0.975 1.16992 
1.05278 0.389252 0.131609 1.12121 0.0524355 1 1.16992 
0.980678 0.342167 0.111854 1.03697 0.0591684 0.9 1.1781 
0.999549 0.352072 0.116868 1.05819 0.0572387 0.925 1.1781 
1.0185 0.362 0.121882 1.0795 0.0553181 0.95 1.1781 
1.03753 0.371951 0.126896 1.10089 0.0534066 0.975 1.1781 
1.05664 0.381925 0.13191 1.12236 0.051504 1 1.1781 

ZONE I=5, J=5
0.980678 0.342167 0.113312 1.03697 0.0591684 0.9 1.1781 
0.999549 0.352072 0.11763 1.05819 0.0572387 0.925 1.1781 
1.0185 0.362 0.121948 1.0795 0.0553181 0.95 1.1781 
1.03753 0.371951 0.126265 1.10089 0.0534066 0.975 1.1781 
1.05664 0.381925 0.130583 1.12236 0.051504 1 1.1781 
0.984039 0.335646 0.113578 1.03809 0.0579883 0.9 1.18628 
1.00301 0.345335 0.117896 1.05931 0.0561222 0.925 1.18628 
1.02206 0.355049 0.122214 1.08061 0.0542648 0.95 1.18628 
1.0412 0.364786 0.126531 1.102 0.052416 0.975 1.18628 
1.06041 0.374548 0.130849 1.12348 0.0505759 1 1.18628 
0.987332 0.329082 0.113844 1.03918 0.0568086 0.9 1.19446 
1.0064 0.338558 0.118162 1.06039 0.0550028 0.925 1.19446 
1.02555 0.348058 0.12248 1.0817 0.0532053 0.95 1.19446 
1.04479 0.357584 0.126797 1.10309 0.051416 0.975 1.19446 
1.06411 0.367135 0.131115 1.12457 0.0496349 1 1.19446 
0.990557 0.322476 0.11411 1.04024 0.0556293 0.9 1.20264 
1.00972 0.33174 0.118428 1.06145 0.0538807 0.925 1.20264 
1.02896 0.34103 0.122746 1.08275 0.0521398 0.95 1.20264 
1.0483 0.350346 0.127063 1.10414 0.0504065 0.975 1.20264 
1.06772 0.359688 0.131381 1.12563 0.0486808 1 1.20264 
0.993714 0.315828 0.114376 1.04127 0.0544503 0.9 1.21082 
1.01296 0.324883 0.118694 1.06248 0.0527558 0.925 1.21082 
1.0323 0.333964 0.123012 1.08377 0.0510682 0.95 1.21082 
1.05173 0.343073 0.127329 1.10517 0.0493875 0.975 1.21082 
1.07125 0.352208 0.131647 1.12665 0.0477137 1 1.21082 

ZONE I=5, J=5
0.993714 0.315828 0.115661 1.04127 0.0544503 0.9 1.21082 
1.01296 0.324883 0.119364 1.06248 0.0527558 0.925 1.21082 
1.0323 0.333964 0.123067 1.08377 0.0510682 0.95 1.21082 
1.05173 0.343073 0.12677 1.10517 0.0493875 0.975 1.21082 
1.07125 0.352208 0.130473 1.12665 0.0477137 1 1.21082 
0.996796 0.309154 0.115895 1.04228 0.0532575 0.9 1.219 
1.01613 0.317995 0.119598 1.06347 0.0516205 0.925 1.219 
1.03556 0.326863 0.123301 1.08477 0.0499902 0.95 1.219 
1.05509 0.335759 0.127004 1.10616 0.0483665 0.975 1.219 
1.0747 0.344683 0.130707 1.12766 0.0467495 1 1.219 
0.99981 0.30244 0.11613 1.04325 0.0520649 0.9 1.22718 
1.01923 0.31107 0.119833 1.06445 0.0504826 0.925 1.22718 
1.03875 0.319727 0.123536 1.08574 0.0489067 0.95 1.22718 
1.05836 0.328412 0.127239 1.10713 0.0473371 0.975 1.22718 
1.07808 0.337126 0.130942 1.12863 0.0457737 1 1.22718 
1.00275 0.295689 0.116364 1.0442 0.0508723 0.9 1.23537 
1.02226 0.304109 0.120067 1.06539 0.0493421 0.925 1.23537 
1.04186 0.312557 0.12377 1.08668 0.0478177 0.95 1.23537 
1.06156 0.321033 0.127473 1.10808 0.0462991 0.975 1.23537 
1.08137 0.329538 0.131176 1.12958 0.0447863 1 1.23537 
1.00563 0.288901 0.116599 1.04513 0.04968 0.9 1.24355 
1.02521 0.297113 0.120301 1.06631 0.0481989 0.925 1.24355 
1.0449 0.305353 0.124004 1.0876 0.0467232 0.95 1.24355 
1.06468 0.313623 0.127707 1.10899 0.0452526 0.975 1.24355 
1.08457 0.321922 0.13141 1.13049 0.0437874 1 1.24355 

ZONE I=5, J=5
1.00563 0.288901 0.117721 1.04513 0.04968 0.9 1.24355 
1.02521 0.297113 0.120886 1.06631 0.0481989 0.925 1.24355 
1.0449 0.305353 0.124051 1.0876 0.0467232 0.95 1.24355 
1.06468 0.313623 0.127215 1.10899 0.0452526 0.975 1.24355 
1.08457 0.321922 0.13038 1.13049 0.0437874 1 1.24355 
1.00843 0.282089 0.117926 1.04602 0.0484751 0.9 1.25173 
1.02809 0.290089 0.121091 1.0672 0.0470465 0.925 1.25173 
1.04786 0.298118 0.124256 1.08849 0.0456229 0.95 1.25173 
1.06773 0.306176 0.127421 1.10988 0.0442043 0.975 1.25173 
1.08771 0.314264 0.130586 1.13139 0.0427908 1 1.25173 
1.01117 0.275243 0.118131 1.04689 0.0472703 0.9 1.25991 
1.0309 0.283032 0.121296 1.06806 0.0458915 0.925 1.25991 
1.05075 0.290852 0.124461 1.08935 0.0445176 0.95 1.25991 
1.0707 0.2987 0.127626 1.11074 0.0431484 0.975 1.25991 
1.09076 0.306578 0.130791 1.13225 0.041784 1 1.25991 
1.01383 0.268363 0.118336 1.04773 0.0460654 0.9 1.26809 
1.03364 0.275944 0.121501 1.0689 0.0447342 0.925 1.26809 
1.05356 0.283555 0.124666 1.09019 0.0434073 0.95 1.26809 
1.07359 0.291195 0.127831 1.11158 0.0420849 0.975 1.26809 
1.09373 0.298865 0.130996 1.13309 0.0407669 1 1.26809 
1.01642 0.26145 0.118541 1.04855 0.0448604 0.9 1.27627 
1.0363 0.268824 0.121706 1.06972 0.0435743 0.925 1.27627 
1.05629 0.276228 0.124871 1.091 0.0422921 0.95 1.27627 
1.0764 0.283662 0.128036 1.11239 0.0410139 0.975 1.27627 
1.09661 0.291126 0.131201 1.1339 0.0397396 1 1.27627 

ZONE I=5, J=5
1.01642 0.26145 0.119513 1.04855 0.0448604 0.9 1.27627 
1.0363 0.268824 0.122211 1.06972 0.0435743 0.925 1.27627 
1.05629 0.276228 0.12491 1.091 0.0422921 0.95 1.27627 
1.0764 0.283662 0.127608 1.11239 0.0410139 0.975 1.27627 
1.09661 0.291126 0.130306 1.1339 0.0397396 1 1.27627 
1.01895 0.254516 0.119691 1.04934 0.0436445 0.9 1.28445 
1.03889 0.26168 0.122389 1.0705 0.0424062 0.925 1.28445 
1.05896 0.268874 0.125088 1.09178 0.0411717 0.95 1.28445 
1.07913 0.276098 0.127786 1.11318 0.0399411 0.975 1.28445 
1.09942 0.283351 0.130484 1.13469 0.0387143 1 1.28445 
1.0214 0.247551 0.119869 1.05011 0.0424283 0.9 1.29263 
1.04141 0.254507 0.122567 1.07127 0.0412358 0.925 1.29263 
1.06154 0.261492 0.125266 1.09254 0.0400469 0.95 1.29263 
1.08179 0.268507 0.127964 1.11394 0.0388617 0.975 1.29263 
1.10216 0.275551 0.130662 1.13545 0.03768 1 1.29263 
1.02378 0.240557 0.120047 1.05085 0.041212 0.9 1.30082 
1.04386 0.247305 0.122745 1.07201 0.0400632 0.925 1.30082 
1.06406 0.254083 0.125444 1.09328 0.0389177 0.95 1.30082 
1.08437 0.260891 0.128142 1.11467 0.0377756 0.975 1.30082 
1.10481 0.267727 0.13084 1.13619 0.0366367 1 1.30082 
1.02609 0.233534 0.120225 1.05157 0.0399955 0.9 1.309 
1.04623 0.240077 0.122924 1.07272 0.0388883 0.925 1.309 
1.06649 0.246649 0.125622 1.09399 0.0377841 0.95 1.309 
1.08687 0.25325 0.12832 1.11538 0.0366828 0.975 1.309 
1.10738 0.259881 0.131019 1.1369 0.0355845 1 1.309 

ZONE I=5, J=5
1.02609 0.233534 0.121058 1.05157 0.0399955 0.9 1.309 
1.04623 0.240077 0.123356 1.07272 0.0388883 0.925 1.309 
1.06649 0.246649 0.125654 1.09399 0.0377841 0.95 1.309 
1.08687 0.25325 0.127951 1.11538 0.0366828 0.975 1.309 
1.10738 0.259881 0.130249 1.1369 0.0355845 1 1.309 
1.02833 0.226493 0.121211 1.05226 0.0387693 0.9 1.31718 
1.04853 0.232827 0.123509 1.07341 0.0377062 0.925 1.31718 
1.06885 0.239189 0.125807 1.09468 0.0366459 0.95 1.31718 
1.0893 0.245581 0.128104 1.11607 0.0355884 0.975 1.31718 
1.10987 0.252002 0.130402 1.13759 0.0345338 1 1.31718 
1.0305 0.219424 0.121364 1.05293 0.0375429 0.9 1.32536 
1.05076 0.225551 0.123662 1.07407 0.036522 0.925 1.32536 
1.07114 0.231706 0.125959 1.09534 0.0355038 0.95 1.32536 
1.09165 0.23789 0.128257 1.11673 0.0344883 0.975 1.32536 
1.11228 0.244102 0.130555 1.13826 0.0334754 1 1.32536 
1.0326 0.21233 0.121517 1.05358 0.0363163 0.9 1.33354 
1.05291 0.218251 0.123815 1.07471 0.0353358 0.925 1.33354 
1.07335 0.224199 0.126112 1.09598 0.0343578 0.95 1.33354 
1.09392 0.230176 0.12841 1.11737 0.0333823 0.975 1.33354 
1.11461 0.236181 0.130708 1.1389 0.0324093 1 1.33354 
1.03463 0.205211 0.12167 1.0542 0.0350893 0.9 1.34172 
1.05499 0.210927 0.123967 1.07533 0.0341476 0.925 1.34172 
1.07549 0.21667 0.126265 1.09659 0.033208 0.95 1.34172 
1.09611 0.222441 0.128563 1.11799 0.0322706 0.975 1.34172 
1.11686 0.22824 0.130861 1.13951 0.0313354 1 1.34172 

ZONE I=5, J=5
1.03463 0.205211 0.122374 1.0542 0.0350893 0.9 1.34172 
1.05499 0.210927 0.124333 1.07533 0.0341476 0.925 1.34172 
1.07549 0.21667 0.126291 1.09659 0.033208 0.95 1.34172 
1.09611 0.222441 0.12825 1.11799 0.0322706 0.975 1.34172 
1.11686 0.22824 0.130209 1.13951 0.0313354 1 1.34172 
1.03659 0.198076 0.122503 1.0548 0.0338541 0.9 1.3499 
1.057 0.203584 0.124462 1.07593 0.0329531 0.925 1.3499 
1.07755 0.20912 0.126421 1.09719 0.0320542 0.95 1.3499 
1.09823 0.214682 0.128379 1.11858 0.0311575 0.975 1.3499 
1.11904 0.220272 0.130338 1.14011 0.0302628 1 1.3499 
1.03847 0.190918 0.122633 1.05537 0.0326185 0.9 1.35808 
1.05894 0.19622 0.124591 1.0765 0.0317568 0.925 1.35808 
1.07954 0.201548 0.12655 1.09776 0.0308971 0.95 1.35808 
1.10027 0.206903 0.128509 1.11915 0.0300394 0.975 1.35808 
1.12113 0.212285 0.130467 1.14068 0.0291836 1 1.35808 
1.04029 0.183738 0.122762 1.05592 0.0313826 0.9 1.36627 
1.0608 0.188834 0.124721 1.07705 0.0305587 0.925 1.36627 
1.08145 0.193957 0.126679 1.0983 0.0297366 0.95 1.36627 
1.10223 0.199105 0.128638 1.1197 0.0289163 0.975 1.36627 
1.12315 0.20428 0.130597 1.14123 0.0280979 1 1.36627 
1.04203 0.176536 0.122892 1.05645 0.0301464 0.9 1.37445 
1.06259 0.181429 0.12485 1.07757 0.0293588 0.925 1.37445 
1.08329 0.186347 0.126809 1.09883 0.0285727 0.95 1.37445 
1.10412 0.19129 0.128767 1.12022 0.0277883 0.975 1.37445 
1.12508 0.196258 0.130726 1.14175 0.0270055 1 1.37445 

ZONE I=5, J=5
1.04203 0.176536 0.123477 1.05645 0.0301464 0.9 1.37445 
1.06259 0.181429 0.125154 1.07757 0.0293588 0.925 1.37445 
1.08329 0.186347 0.12683 1.09883 0.0285727 0.95 1.37445 
1.10412 0.19129 0.128506 1.12022 0.0277883 0.975 1.37445 
1.12508 0.196258 0.130182 1.14175 0.0270055 1 1.37445 
1.04371 0.169321 0.123585 1.05696 0.0289032 0.9 1.38263 
1.06431 0.174007 0.125261 1.07807 0.0281536 0.925 1.38263 
1.08505 0.178718 0.126937 1.09933 0.0274056 0.95 1.38263 
1.10592 0.183453 0.128613 1.12072 0.0266591 0.975 1.38263 
1.12694 0.188213 0.130289 1.14225 0.0259141 1 1.38263 
1.04531 0.162087 0.123692 1.05744 0.0276597 0.9 1.39081 
1.06595 0.166568 0.125368 1.07855 0.0269469 0.925 1.39081 
1.08674 0.171072 0.127044 1.09981 0.0262356 0.95 1.39081 
1.10766 0.1756 0.12872 1.1212 0.0255257 0.975 1.39081 
1.12871 0.180152 0.130397 1.14273 0.0248173 1 1.39081 
1.04684 0.154834 0.123799 1.0579 0.0264158 0.9 1.39899 
1.06753 0.15911 0.125475 1.07901 0.0257386 0.925 1.39899 
1.08835 0.163409 0.127151 1.10026 0.0250627 0.95 1.39899 
1.10931 0.167731 0.128828 1.12165 0.0243882 0.975 1.39899 
1.13041 0.172076 0.130504 1.14319 0.0237149 1 1.39899 
1.0483 0.147563 0.123906 1.05834 0.0251716 0.9 1.40717 
1.06902 0.151636 0.125582 1.07945 0.0245288 0.925 1.40717 
1.08988 0.15573 0.127259 1.1007 0.0238871 0.95 1.40717 
1.11089 0.159847 0.128935 1.12209 0.0232465 0.975 1.40717 
1.13203 0.163986 0.130611 1.14362 0.0226071 1 1.40717 

ZONE I=5, J=5
1.0483 0.147563 0.124382 1.05834 0.0251716 0.9 1.40717 
1.06902 0.151636 0.125829 1.07945 0.0245288 0.925 1.40717 
1.08988 0.15573 0.127275 1.1007 0.0238871 0.95 1.40717 
1.11089 0.159847 0.128722 1.12209 0.0232465 0.975 1.40717 
1.13203 0.163986 0.130169 1.14362 0.0226071 1 1.40717 
1.04969 0.140281 0.124468 1.05875 0.0239217 0.9 1.41535 
1.07045 0.144148 0.125915 1.07986 0.0233146 0.925 1.41535 
1.09135 0.148037 0.127362 1.10111 0.0227086 0.95 1.41535 
1.11239 0.151946 0.128808 1.1225 0.0221038 0.975 1.41535 
1.13357 0.155876 0.130255 1.14403 0.0215 1 1.41535 
1.05101 0.132983 0.124554 1.05915 0.0226714 0.9 1.42353 
1.0718 0.136646 0.126001 1.08025 0.0220991 0.925 1.42353 
1.09273 0.140328 0.127448 1.1015 0.0215279 0.95 1.42353 
1.11381 0.144031 0.128895 1.12289 0.0209577 0.975 1.42353 
1.13503 0.147754 0.130341 1.14442 0.0203886 1 1.42353 
1.05226 0.12567 0.12464 1.05952 0.0214208 0.9 1.43172 
1.07308 0.129129 0.126087 1.08062 0.0208824 0.925 1.43172 
1.09405 0.132607 0.127534 1.10187 0.0203449 0.95 1.43172 
1.11516 0.136103 0.128981 1.12326 0.0198083 0.975 1.43172 
1.13641 0.13962 0.130428 1.14479 0.0192727 1 1.43172 
1.05344 0.118343 0.124727 1.05987 0.02017 0.9 1.4399 
1.07429 0.121599 0.126173 1.08097 0.0196643 0.925 1.4399 
1.09528 0.124872 0.12762 1.10221 0.0191595 0.95 1.4399 
1.11643 0.128164 0.129067 1.1236 0.0186555 0.975 1.4399 
1.13771 0.131474 0.130514 1.14514 0.0181524 1 1.4399 

ZONE I=5, J=5
1.05344 0.118343 0.125099 1.05987 0.02017 0.9 1.4399 
1.07429 0.121599 0.126366 1.08097 0.0196643 0.925 1.4399 
1.09528 0.124872 0.127633 1.10221 0.0191595 0.95 1.4399 
1.11643 0.128164 0.1289 1.1236 0.0186555 0.975 1.4399 
1.13771 0.131474 0.130167 1.14514 0.0181524 1 1.4399 
1.05454 0.111007 0.125165 1.0602 0.0189145 0.9 1.44808 
1.07542 0.114058 0.126432 1.08129 0.0184429 0.925 1.44808 
1.09645 0.117126 0.127699 1.10254 0.017972 0.95 1.44808 
1.11762 0.12021 0.128966 1.12393 0.0175019 0.975 1.44808 
1.13894 0.123313 0.130233 1.14547 0.0170326 1 1.44808 
1.05557 0.103659 0.125231 1.06051 0.0176588 0.9 1.45626 
1.07648 0.106505 0.126498 1.0816 0.0172204 0.925 1.45626 
1.09753 0.109368 0.127765 1.10284 0.0167827 0.95 1.45626 
1.11873 0.112246 0.129032 1.12423 0.0163457 0.975 1.45626 
1.14008 0.115141 0.130299 1.14577 0.0159095 1 1.45626 
1.05654 0.0962987 0.125297 1.06079 0.0164028 0.9 1.46444 
1.07747 0.0989414 0.126564 1.08188 0.0159969 0.925 1.46444 
1.09855 0.101599 0.127831 1.10312 0.0155916 0.95 1.46444 
1.11977 0.104272 0.129098 1.12451 0.0151869 0.975 1.46444 
1.14115 0.10696 0.130366 1.14605 0.0147829 1 1.46444 
1.05743 0.0889278 0.125363 1.06105 0.0151466 0.9 1.47262 
1.07838 0.0913675 0.12663 1.08214 0.0147724 0.925 1.47262 
1.09948 0.0938212 0.127897 1.10338 0.0143987 0.95 1.47262 
1.12073 0.0962891 0.129165 1.12477 0.0140255 0.975 1.47262 
1.14213 0.0987711 0.130432 1.14631 0.013653 1 1.47262 

ZONE I=5, J=5
1.05743 0.0889278 0.125637 1.06105 0.0151466 0.9 1.47262 
1.07838 0.0913675 0.126772 1.08214 0.0147724 0.925 1.47262 
1.09948 0.0938212 0.127907 1.10338 0.0143987 0.95 1.47262 
1.12073 0.0962891 0.129041 1.12477 0.0140255 0.975 1.47262 
1.14213 0.0987711 0.130176 1.14631 0.013653 1 1.47262 
1.05825 0.0815501 0.125684 1.0613 0.0138869 0.9 1.4808 
1.07922 0.0837858 0.126819 1.08239 0.0135453 0.925 1.4808 
1.10035 0.0860343 0.127953 1.10362 0.0132042 0.95 1.4808 
1.12162 0.0882959 0.129088 1.12501 0.0128635 0.975 1.4808 
1.14304 0.0905704 0.130223 1.14655 0.0125234 1 1.4808 
1.059 0.0741634 0.125731 1.06152 0.0126271 0.9 1.48898 
1.07999 0.0761953 0.126865 1.0826 0.0123175 0.925 1.48898 
1.10113 0.0782391 0.128 1.10384 0.0120084 0.95 1.48898 
1.12242 0.0802947 0.129135 1.12523 0.0116997 0.975 1.48898 
1.14387 0.0823621 0.130269 1.14677 0.0113915 1 1.48898 
1.05968 0.0667684 0.125778 1.06172 0.0113671 0.9 1.49717 
1.08069 0.068597 0.126912 1.0828 0.011089 0.925 1.49717 
1.10184 0.0704363 0.128047 1.10404 0.0108113 0.95 1.49717 
1.12316 0.0722863 0.129181 1.12543 0.010534 0.975 1.49717 
1.14462 0.0741471 0.130316 1.14697 0.0102571 1 1.49717 
1.06028 0.059366 0.125824 1.06189 0.0101069 0.9 1.50535 
1.08131 0.0609917 0.126959 1.08298 0.00985973 0.925 1.50535 
1.10248 0.062627 0.128094 1.10422 0.00961292 0.95 1.50535 
1.12381 0.0642718 0.129228 1.12561 0.00936646 0.975 1.50535 
1.14529 0.0659262 0.130363 1.14715 0.00912032 1 1.50535 

ZONE I=5, J=5
1.06028 0.059366 0.126005 1.06189 0.0101069 0.9 1.50535 
1.08131 0.0609917 0.127052 1.08298 0.00985973 0.925 1.50535 
1.10248 0.062627 0.1281 1.10422 0.00961292 0.95 1.50535 
1.12381 0.0642718 0.129147 1.12561 0.00936646 0.975 1.50535 
1.14529 0.0659262 0.130194 1.14715 0.00912032 1 1.50535 
1.06082 0.0519591 0.126033 1.06205 0.00884437 0.9 1.51353 
1.08186 0.0533812 0.12708 1.08314 0.00862878 0.925 1.51353 
1.10304 0.0548117 0.128127 1.10437 0.00841349 0.95 1.51353 
1.12439 0.0562506 0.129175 1.12576 0.0081985 0.975 1.51353 
1.14588 0.0576978 0.130222 1.1473 0.00798381 1 1.51353 
1.06128 0.0445465 0.126061 1.06219 0.00758176 0.9 1.52171 
1.08233 0.0457652 0.127108 1.08327 0.00739739 0.925 1.52171 
1.10353 0.0469911 0.128155 1.10451 0.00721329 0.95 1.52171 
1.12489 0.0482242 0.129203 1.1259 0.00702944 0.975 1.52171 
1.14639 0.0494645 0.13025 1.14744 0.00684586 1 1.52171 
1.06167 0.0371289 0.126088 1.0623 0.00631903 0.9 1.52989 
1.08273 0.0381444 0.127136 1.08339 0.00616557 0.925 1.52989 
1.10394 0.039166 0.128183 1.10462 0.00601232 0.95 1.52989 
1.12531 0.0401936 0.129231 1.12601 0.00585929 0.975 1.52989 
1.14683 0.0412272 0.130278 1.14755 0.00570647 1 1.52989 
1.06199 0.0297072 0.126116 1.0624 0.00505618 0.9 1.53807 
1.08306 0.0305198 0.127164 1.08348 0.00493331 0.925 1.53807 
1.10428 0.0313373 0.128211 1.10472 0.0048106 0.95 1.53807 
1.12565 0.0321596 0.129258 1.1261 0.00468805 0.975 1.53807 
1.14718 0.0329867 0.130306 1.14765 0.00456565 1 1.53807 

ZONE I=5, J=5
1.06199 0.0297072 0.126206 1.0624 0.00505618 0.9 1.53807 
1.08306 0.0305198 0.12721 1.08348 0.00493331 0.925 1.53807 
1.10428 0.0313373 0.128214 1.10472 0.0048106 0.95 1.53807 
1.12565 0.0321596 0.129218 1.1261 0.00468805 0.975 1.53807 
1.14718 0.0329867 0.130222 1.14765 0.00456565 1 1.53807 
1.06224 0.0222833 0.126215 1.06247 0.00379219 0.9 1.54625 
1.08332 0.0228926 0.127219 1.08355 0.0037002 0.925 1.54625 
1.10454 0.0235056 0.128223 1.10479 0.00360833 0.95 1.54625 
1.12592 0.0241222 0.129227 1.12618 0.00351658 0.975 1.54625 
1.14746 0.0247425 0.130231 1.14772 0.00342496 1 1.54625 
1.06242 0.0148569 0.126224 1.06252 0.00252817 0.9 1.55443 
1.0835 0.015263 0.127228 1.08361 0.00246695 0.925 1.55443 
1.10473 0.0156716 0.128232 1.10484 0.00240581 0.95 1.55443 
1.12612 0.0160826 0.129237 1.12623 0.00234475 0.975 1.55443 
1.14765 0.016496 0.130241 1.14777 0.00228378 1 1.55443 
1.06253 0.00742885 0.126234 1.06256 0.00126411 0.9 1.56262 
1.08361 0.00763188 0.127238 1.08364 0.00123355 0.925 1.56262 
1.10484 0.00783612 0.128242 1.10487 0.00120303 0.95 1.56262 
1.12623 0.00804157 0.129246 1.12626 0.00117256 0.975 1.56262 
1.14777 0.00824823 0.13025 1.1478 0.00114213 1 1.56262 
1.06257 5.20295e-12 0.126243 1.06257 0 0.9 1.5708 
1.08365 5.30617e-12 0.127247 1.08365 0 0.925 1.5708 
1.10488 5.41015e-12 0.128251 1.10488 0 0.95 1.5708 
1.12627 5.51488e-12 0.129255 1.12627 0 0.975 1.5708 
1.14781 5.62036e-12 0.130259 1.14781 0 1 1.5708 

