ZONE I=5, J=5
0 0.440391 0.547017 0.440391 0 0.9 0 
0 0.45588 0.485598 0.45588 0 0.925 0 
0 0.471811 0.424179 0.471811 0 0.95 0 
0 0.488185 0.362761 0.488185 0 0.975 0 
0 0.505 0.301342 0.505 0 1 0 
0.0122581 0.441233 0.551101 0.441319 0.00864786 0.9 0.00818126 
0.0100875 0.456348 0.489682 0.456416 0.00635368 0.925 0.00818126 
0.00900796 0.472016 0.428263 0.472073 0.00514602 0.95 0.00818126 
0.00901954 0.488235 0.366845 0.488293 0.0050249 0.975 0.00818126 
0.0101222 0.505007 0.305426 0.505073 0.00599031 1 0.00818126 
0.0221688 0.441644 0.555185 0.441948 0.0149397 0.9 0.0163625 
0.0198889 0.456599 0.493766 0.456863 0.0124155 0.925 0.0163625 
0.0187123 0.472143 0.432347 0.472386 0.0109847 0.95 0.0163625 
0.018639 0.488277 0.370929 0.488517 0.0106474 0.975 0.0163625 
0.0196689 0.505 0.30951 0.505254 0.0114036 1 0.0163625 
0.029724 0.441682 0.559269 0.442278 0.0188757 0.9 0.0245437 
0.0294008 0.45664 0.49785 0.457224 0.0181854 0.925 0.0245437 
0.0291126 0.472178 0.436431 0.47275 0.017516 0.95 0.0245437 
0.0288596 0.488295 0.375013 0.488856 0.0168675 0.975 0.0245437 
0.0286417 0.504993 0.313594 0.505544 0.0162399 1 0.0245437 
0.0349166 0.441404 0.563353 0.44231 0.0204556 0.9 0.0327249 
0.0386197 0.456477 0.501934 0.457497 0.0236635 0.925 0.0327249 
0.0402083 0.472101 0.440515 0.473164 0.0247401 0.95 0.0327249 
0.0396824 0.488275 0.379097 0.489312 0.0236853 0.975 0.0327249 
0.0370422 0.505 0.317678 0.505942 0.0204992 1 0.0327249 

ZONE I=5, J=5
0.0349166 0.441404 0.613605 0.44231 0.0204556 0.9 0.0327249 
0.0386197 0.456477 0.530852 0.457497 0.0236635 0.925 0.0327249 
0.0402083 0.472101 0.448099 0.473164 0.0247401 0.95 0.0327249 
0.0396824 0.488275 0.365347 0.489312 0.0236853 0.975 0.0327249 
0.0370422 0.505 0.282594 0.505942 0.0204992 1 0.0327249 
0.0497404 0.441991 0.615998 0.443655 0.0316237 0.9 0.0409062 
0.0489752 0.456742 0.533245 0.458363 0.0302559 0.925 0.0409062 
0.0484837 0.472162 0.450492 0.47375 0.0291341 0.95 0.0409062 
0.0482657 0.488252 0.367739 0.489817 0.0282584 0.975 0.0409062 
0.0483215 0.505012 0.284986 0.506565 0.0276287 1 0.0409062 
0.0610433 0.442203 0.61839 0.444665 0.0392719 0.9 0.0490874 
0.0588856 0.456852 0.535637 0.459192 0.036398 0.925 0.0490874 
0.057768 0.472202 0.452885 0.474468 0.0345286 0.95 0.0490874 
0.0576905 0.488251 0.370132 0.490494 0.0336636 0.975 0.0490874 
0.0586531 0.505 0.287379 0.50727 0.0338032 1 0.0490874 
0.0688192 0.442125 0.620783 0.44534 0.0434003 0.9 0.0572686 
0.068349 0.45682 0.53803 0.459983 0.0420897 0.925 0.0572686 
0.0680621 0.472196 0.455277 0.475317 0.0409233 0.95 0.0572686 
0.0679586 0.488252 0.372525 0.491341 0.039901 0.975 0.0572686 
0.0680385 0.504988 0.289772 0.508055 0.0390227 1 0.0572686 
0.0730633 0.441846 0.623176 0.445678 0.0440088 0.9 0.0654498 
0.0773635 0.456656 0.540423 0.460738 0.0473312 0.925 0.0654498 
0.0793663 0.472119 0.45767 0.476299 0.0483183 0.95 0.0654498 
0.0790716 0.488233 0.374917 0.49236 0.0469704 0.975 0.0654498 
0.0764795 0.505 0.292164 0.508921 0.0432872 1 0.0654498 

ZONE I=5, J=5
0.0730633 0.441846 0.664608 0.445678 0.0440088 0.9 0.0654498 
0.0773635 0.456656 0.565178 0.460738 0.0473312 0.925 0.0654498 
0.0793663 0.472119 0.465748 0.476299 0.0483183 0.95 0.0654498 
0.0790716 0.488233 0.366317 0.49236 0.0469704 0.975 0.0654498 
0.0764795 0.505 0.266887 0.508921 0.0432872 1 0.0654498 
0.088666 0.442453 0.666553 0.447777 0.0558769 0.9 0.0736311 
0.0879845 0.45692 0.567122 0.462154 0.054133 0.925 0.073631 
0.0875661 0.472168 0.467692 0.477331 0.0525939 0.95 0.0736311 
0.0874108 0.488198 0.368261 0.493306 0.0512599 0.975 0.0736311 
0.0875187 0.50501 0.268831 0.51008 0.0501308 1 0.0736311 
0.100304 0.442648 0.668497 0.449365 0.0637944 0.9 0.0818123 
0.0980134 0.457023 0.569066 0.463504 0.0603371 0.925 0.0818123 
0.0968274 0.472207 0.469636 0.47854 0.0579143 0.95 0.0818123 
0.0967456 0.488199 0.370206 0.494472 0.0565258 0.975 0.0818123 
0.097768 0.505 0.270775 0.511301 0.0561719 1 0.0818123 
0.107969 0.442529 0.670441 0.450441 0.0677613 0.9 0.0899936 
0.107448 0.456981 0.571011 0.464788 0.0659437 0.925 0.0899936 
0.107151 0.472208 0.47158 0.479927 0.0642793 0.95 0.0899936 
0.107078 0.488211 0.37215 0.495859 0.0627682 0.975 0.0899935 
0.107229 0.50499 0.272719 0.512584 0.0614104 1 0.0899936 
0.111658 0.442192 0.672385 0.451007 0.0677776 0.9 0.0981748 
0.116287 0.456807 0.572955 0.466005 0.0709526 0.925 0.0981748 
0.118538 0.472146 0.473524 0.481492 0.071689 0.95 0.0981748 
0.11841 0.488211 0.374094 0.497466 0.069987 0.975 0.0981748 
0.115903 0.505 0.274663 0.513929 0.0658465 1 0.0981748 

ZONE I=5, J=5
0.111658 0.442192 0.702209 0.451007 0.0677776 0.9 0.0981748 
0.116287 0.456807 0.590761 0.466005 0.0709526 0.925 0.0981748 
0.118538 0.472146 0.479313 0.481492 0.071689 0.95 0.0981748 
0.11841 0.488211 0.367864 0.497466 0.069987 0.975 0.0981748 
0.115903 0.505 0.256416 0.513929 0.0658465 1 0.0981748 
0.127743 0.442819 0.70426 0.453877 0.0800137 0.9 0.106356 
0.127081 0.457075 0.592812 0.467983 0.0778416 0.925 0.106356 
0.126704 0.472192 0.481364 0.482974 0.0758623 0.95 0.106356 
0.126613 0.48817 0.369916 0.498852 0.0740761 0.975 0.106356 
0.126809 0.505009 0.258468 0.515617 0.0724827 1 0.106356 
0.139586 0.443007 0.706312 0.456057 0.0880418 0.9 0.114537 
0.137192 0.457177 0.594864 0.469861 0.0840434 0.925 0.114537 
0.135963 0.472233 0.483416 0.484678 0.0811021 0.95 0.114537 
0.1359 0.488174 0.371968 0.500507 0.0792177 0.975 0.114537 
0.137003 0.505 0.26052 0.517349 0.0783904 1 0.114537 
0.14718 0.442861 0.708364 0.457547 0.0918618 0.9 0.122718 
0.146618 0.45713 0.596916 0.47164 0.0895582 0.925 0.122718 
0.146316 0.472242 0.485468 0.486601 0.0874082 0.95 0.122718 
0.146272 0.488195 0.37402 0.502429 0.085412 0.975 0.122718 
0.146487 0.504991 0.262572 0.519125 0.0835695 1 0.122718 
0.150517 0.442485 0.710416 0.458346 0.0914737 0.9 0.1309 
0.155359 0.45695 0.598968 0.47332 0.0943858 0.925 0.1309 
0.157764 0.472191 0.48752 0.488744 0.0947809 0.95 0.1309 
0.157732 0.488208 0.376072 0.504619 0.092659 0.975 0.1309 
0.155264 0.505 0.264624 0.520946 0.0880201 1 0.1309 

ZONE I=5, J=5
0.150517 0.442485 0.730692 0.458346 0.0914737 0.9 0.1309 
0.155359 0.45695 0.610586 0.47332 0.0943858 0.925 0.1309 
0.157764 0.472191 0.49048 0.488744 0.0947809 0.95 0.1309 
0.157732 0.488208 0.370373 0.504619 0.092659 0.975 0.1309 
0.155264 0.505 0.250267 0.520946 0.0880201 1 0.1309 
0.166931 0.443126 0.733055 0.46199 0.103887 0.9 0.139081 
0.166261 0.457224 0.612949 0.475859 0.101269 0.925 0.139081 
0.165902 0.472237 0.492842 0.490677 0.0988321 0.95 0.139081 
0.165853 0.488165 0.372736 0.506444 0.0965758 0.975 0.139081 
0.166115 0.505008 0.252629 0.523161 0.0945002 1 0.139081 
0.178911 0.443311 0.735418 0.464765 0.111928 0.9 0.147262 
0.176425 0.457328 0.615311 0.478265 0.107412 0.925 0.147262 
0.175159 0.472281 0.495205 0.492871 0.103965 0.95 0.147262 
0.175112 0.488172 0.375099 0.508583 0.101587 0.975 0.147262 
0.176284 0.505 0.254992 0.5254 0.100277 1 0.147262 
0.186451 0.443149 0.73778 0.466672 0.115595 0.9 0.155443 
0.18585 0.457279 0.617674 0.480538 0.112814 0.925 0.155443 
0.185537 0.472296 0.497568 0.495326 0.11018 0.95 0.155443 
0.185511 0.4882 0.377461 0.511034 0.107692 0.975 0.155443 
0.185773 0.504992 0.257355 0.527664 0.105351 1 0.155443 
0.189544 0.442748 0.740143 0.46771 0.11489 0.9 0.163625 
0.194533 0.457095 0.620037 0.482678 0.117476 0.925 0.163625 
0.197036 0.472253 0.49993 0.498042 0.117476 0.95 0.163625 
0.197053 0.488221 0.379824 0.513799 0.114892 0.975 0.163625 
0.194584 0.505 0.259718 0.529952 0.109722 1 0.163625 

ZONE I=5, J=5
0.189544 0.442748 0.75317 0.46771 0.11489 0.9 0.163625 
0.194533 0.457095 0.626635 0.482678 0.117476 0.925 0.163625 
0.197036 0.472253 0.5001 0.498042 0.117476 0.95 0.163625 
0.197053 0.488221 0.373565 0.513799 0.114892 0.975 0.163625 
0.194584 0.505 0.24703 0.529952 0.109722 1 0.163625 
0.206194 0.4434 0.755949 0.472124 0.127354 0.9 0.171806 
0.205504 0.457374 0.629414 0.485774 0.124285 0.925 0.171806 
0.205146 0.4723 0.502879 0.500419 0.12138 0.95 0.171806 
0.20512 0.488178 0.376344 0.516059 0.11864 0.975 0.171806 
0.205427 0.505008 0.249809 0.532694 0.116066 1 0.171806 
0.218271 0.443583 0.758728 0.475492 0.135336 0.9 0.179987 
0.215702 0.457479 0.632193 0.488703 0.130321 0.925 0.179987 
0.214399 0.472347 0.505658 0.503098 0.126378 0.95 0.179987 
0.214362 0.488187 0.379123 0.518675 0.123505 0.975 0.179987 
0.21559 0.505 0.252588 0.535437 0.121704 1 0.179987 
0.225765 0.44341 0.761507 0.477815 0.138836 0.9 0.188168 
0.225126 0.457429 0.634972 0.491466 0.135586 0.925 0.188168 
0.224798 0.472365 0.508437 0.506078 0.132469 0.95 0.188168 
0.224781 0.488219 0.381902 0.521649 0.129487 0.975 0.188168 
0.225074 0.504992 0.255367 0.53818 0.126638 1 0.188168 
0.228672 0.442992 0.764286 0.479092 0.137855 0.9 0.19635 
0.233774 0.457242 0.637751 0.494063 0.140078 0.925 0.19635 
0.236343 0.472327 0.511216 0.509359 0.139655 0.95 0.19635 
0.236379 0.488246 0.384681 0.52498 0.136584 0.975 0.19635 
0.233882 0.505 0.258145 0.540925 0.130867 1 0.19635 

ZONE I=5, J=5
0.228672 0.442992 0.771793 0.479092 0.137855 0.9 0.19635 
0.233774 0.457242 0.640262 0.494063 0.140078 0.925 0.19635 
0.236343 0.472327 0.50873 0.509359 0.139655 0.95 0.19635 
0.236379 0.488246 0.377199 0.52498 0.136584 0.975 0.19635 
0.233882 0.505 0.245667 0.540925 0.130867 1 0.19635 
0.245504 0.443653 0.775049 0.48427 0.150277 0.9 0.204531 
0.244788 0.457526 0.643518 0.497707 0.146758 0.925 0.204531 
0.244422 0.472375 0.511986 0.512174 0.143385 0.95 0.204531 
0.244408 0.488203 0.380455 0.527668 0.140156 0.975 0.204531 
0.244745 0.505009 0.248923 0.544192 0.137073 1 0.204531 
0.257651 0.443836 0.778305 0.488226 0.158145 0.9 0.212712 
0.255007 0.457632 0.646774 0.501153 0.152648 0.925 0.212712 
0.253669 0.472424 0.515242 0.515329 0.148218 0.95 0.212712 
0.253638 0.488214 0.383711 0.530756 0.144854 0.975 0.212712 
0.254913 0.505 0.252179 0.547433 0.142557 1 0.212712 
0.265105 0.443654 0.781561 0.490959 0.161459 0.9 0.220893 
0.26443 0.45758 0.65003 0.504399 0.157749 0.925 0.220893 
0.264085 0.472445 0.518498 0.518827 0.154155 0.95 0.220893 
0.26407 0.488249 0.386967 0.534243 0.150678 0.975 0.220893 
0.264386 0.504991 0.255435 0.550648 0.147318 1 0.220893 
0.267861 0.443225 0.784817 0.492471 0.160218 0.9 0.229074 
0.273055 0.457391 0.653286 0.507446 0.162059 0.925 0.229074 
0.27567 0.472409 0.521754 0.522666 0.161196 0.95 0.229074 
0.275707 0.488278 0.390223 0.53813 0.157629 0.975 0.229074 
0.273166 0.505 0.258691 0.553837 0.151357 1 0.229074 

ZONE I=5, J=5
0.267861 0.443225 0.787965 0.492471 0.160218 0.9 0.229074 
0.273055 0.457391 0.652359 0.507446 0.162059 0.925 0.229074 
0.27567 0.472409 0.516752 0.522666 0.161196 0.95 0.229074 
0.275707 0.488278 0.381146 0.53813 0.157629 0.975 0.229074 
0.273166 0.505 0.245539 0.553837 0.151357 1 0.229074 
0.284838 0.443894 0.791728 0.498406 0.172528 0.9 0.237256 
0.284095 0.457678 0.656121 0.51163 0.168566 0.925 0.237256 
0.283719 0.472459 0.520515 0.525908 0.164726 0.95 0.237256 
0.283709 0.488236 0.384908 0.54124 0.161009 0.975 0.237256 
0.284066 0.505009 0.249301 0.557628 0.157413 1 0.237256 
0.29704 0.444076 0.79549 0.502943 0.180236 0.9 0.245437 
0.294327 0.457786 0.659883 0.515582 0.174274 0.925 0.245437 
0.292957 0.472509 0.524277 0.529532 0.169367 0.95 0.245437 
0.29293 0.488248 0.38867 0.544792 0.165517 0.975 0.245437 
0.294245 0.505 0.253064 0.561361 0.162722 1 0.245437 
0.304458 0.443889 0.799252 0.50608 0.183343 0.9 0.253618 
0.303749 0.457733 0.663646 0.519304 0.179183 0.925 0.253618 
0.303387 0.472532 0.528039 0.533538 0.17512 0.95 0.253618 
0.303372 0.488284 0.392433 0.548783 0.171153 0.975 0.253618 
0.303703 0.504991 0.256826 0.565038 0.167282 1 0.253618 
0.307085 0.44345 0.803015 0.507819 0.181849 0.9 0.261799 
0.312358 0.457541 0.667408 0.522795 0.183295 0.925 0.261799 
0.315009 0.472496 0.531802 0.537927 0.181984 0.95 0.261799 
0.315037 0.488316 0.396195 0.553215 0.177917 0.975 0.261799 
0.312443 0.505 0.260589 0.568659 0.171093 1 0.261799 

ZONE I=5, J=5
0.307085 0.44345 0.802587 0.507819 0.181849 0.9 0.261799 
0.312358 0.457541 0.663504 0.522795 0.183295 0.925 0.261799 
0.315009 0.472496 0.524421 0.537927 0.181984 0.95 0.261799 
0.315037 0.488316 0.385338 0.553215 0.177917 0.975 0.261799 
0.312443 0.505 0.246255 0.568659 0.171093 1 0.261799 
0.324183 0.444126 0.806867 0.514502 0.193985 0.9 0.269981 
0.323413 0.457832 0.667784 0.527506 0.189588 0.925 0.269981 
0.323024 0.472548 0.528701 0.541585 0.185288 0.95 0.269981 
0.323015 0.488274 0.389618 0.556738 0.181085 0.975 0.269981 
0.323386 0.505009 0.250535 0.572967 0.176979 1 0.269981 
0.336427 0.444309 0.811148 0.51961 0.201493 0.9 0.278162 
0.333651 0.457941 0.672065 0.531955 0.195081 0.925 0.278162 
0.332251 0.4726 0.532982 0.545666 0.189709 0.95 0.278162 
0.332226 0.488286 0.393899 0.560743 0.185378 0.975 0.278162 
0.333577 0.505 0.254815 0.577185 0.182088 1 0.278162 
0.34381 0.444117 0.815428 0.523142 0.204372 0.9 0.286343 
0.34307 0.457888 0.676345 0.536143 0.199773 0.925 0.286343 
0.342691 0.472623 0.537262 0.550171 0.195247 0.95 0.286343 
0.342674 0.488324 0.398179 0.565228 0.190796 0.975 0.286343 
0.343017 0.504991 0.259096 0.581313 0.186418 1 0.286343 
0.346325 0.443671 0.819708 0.525099 0.202622 0.9 0.294524 
0.351668 0.457693 0.680625 0.540068 0.203664 0.925 0.294524 
0.354346 0.472588 0.541542 0.5551 0.201903 0.95 0.294524 
0.354359 0.488357 0.402459 0.570194 0.197338 0.975 0.294524 
0.351708 0.505 0.263376 0.58535 0.18997 1 0.294524 

ZONE I=5, J=5
0.346325 0.443671 0.816205 0.525099 0.202622 0.9 0.294524 
0.351668 0.457693 0.67405 0.540068 0.203664 0.925 0.294524 
0.354346 0.472588 0.531896 0.5551 0.201903 0.95 0.294524 
0.354359 0.488357 0.389742 0.570194 0.197338 0.975 0.294524 
0.351708 0.505 0.247588 0.58535 0.18997 1 0.294524 
0.363524 0.444354 0.821006 0.532518 0.214532 0.9 0.302706 
0.362729 0.457987 0.678852 0.545295 0.209709 0.925 0.302706 
0.362326 0.472641 0.536698 0.559162 0.204956 0.95 0.302706 
0.362316 0.488315 0.394544 0.574121 0.200274 0.975 0.302706 
0.362698 0.50501 0.25239 0.59017 0.195662 1 0.302706 
0.375802 0.444537 0.825808 0.538186 0.221802 0.9 0.310887 
0.372968 0.458097 0.683654 0.550229 0.214955 0.925 0.310887 
0.37154 0.472694 0.5415 0.563689 0.20913 0.95 0.310887 
0.371517 0.488328 0.399346 0.578568 0.204327 0.975 0.310887 
0.372901 0.505 0.257191 0.594863 0.200544 1 0.310887 
0.383151 0.444342 0.83061 0.542103 0.224431 0.9 0.319068 
0.382382 0.458043 0.688456 0.554871 0.219403 0.925 0.319068 
0.381987 0.472718 0.546302 0.568682 0.214425 0.95 0.319068 
0.381967 0.488367 0.404147 0.583535 0.209496 0.975 0.319068 
0.38232 0.50499 0.261993 0.599429 0.204617 1 0.319068 
0.385565 0.443889 0.835412 0.544268 0.22242 0.9 0.327249 
0.39097 0.457846 0.693258 0.559221 0.223052 0.925 0.327249 
0.39367 0.472683 0.551103 0.574139 0.220839 0.95 0.327249 
0.393666 0.488401 0.408949 0.589021 0.215783 0.975 0.327249 
0.390956 0.505 0.266795 0.603868 0.207881 1 0.327249 

ZONE I=5, J=5
0.385565 0.443889 0.829177 0.544268 0.22242 0.9 0.327249 
0.39097 0.457846 0.684234 0.559221 0.223052 0.925 0.327249 
0.39367 0.472683 0.539292 0.574139 0.220839 0.95 0.327249 
0.393666 0.488401 0.394349 0.589021 0.215783 0.975 0.327249 
0.390956 0.505 0.249406 0.603868 0.207881 1 0.327249 
0.40285 0.444578 0.834498 0.55241 0.234054 0.9 0.335431 
0.402031 0.458143 0.689556 0.564949 0.228816 0.925 0.335431 
0.401615 0.472737 0.544613 0.578592 0.223619 0.95 0.335431 
0.401602 0.488359 0.39967 0.59334 0.218464 0.975 0.335431 
0.401993 0.50501 0.254728 0.609192 0.213352 1 0.335431 
0.415155 0.444762 0.83982 0.558625 0.241051 0.9 0.343612 
0.412267 0.458254 0.694877 0.570355 0.233786 0.925 0.343612 
0.410813 0.472791 0.549934 0.583553 0.22752 0.95 0.343612 
0.410793 0.488373 0.404992 0.598217 0.222252 0.975 0.343612 
0.412208 0.505 0.260049 0.614349 0.217983 1 0.343612 
0.422472 0.444564 0.845141 0.562913 0.243409 0.9 0.351793 
0.421676 0.4582 0.700199 0.57544 0.237963 0.925 0.351793 
0.421265 0.472816 0.555256 0.589019 0.232542 0.95 0.351793 
0.421241 0.488413 0.410313 0.603653 0.227145 0.975 0.351793 
0.421603 0.50499 0.265371 0.619339 0.221772 1 0.351793 
0.424793 0.444106 0.850463 0.565275 0.24113 0.9 0.359974 
0.430255 0.458001 0.70552 0.580203 0.241347 0.925 0.359974 
0.432973 0.472781 0.560577 0.594993 0.238685 0.95 0.359974 
0.432948 0.488447 0.415635 0.609647 0.233143 0.975 0.359974 
0.43018 0.505 0.270692 0.624163 0.224722 1 0.359974 

ZONE I=5, J=5
0.424793 0.444106 0.841744 0.565275 0.24113 0.9 0.359974 
0.430255 0.458001 0.694216 0.580203 0.241347 0.925 0.359974 
0.432973 0.472781 0.546688 0.594993 0.238685 0.95 0.359974 
0.432948 0.488447 0.399161 0.609647 0.233143 0.975 0.359974 
0.43018 0.505 0.251633 0.624163 0.224722 1 0.359974 
0.442152 0.444801 0.84758 0.574125 0.252442 0.9 0.368156 
0.44131 0.458301 0.700052 0.586417 0.246798 0.925 0.368156 
0.440881 0.472836 0.552525 0.599823 0.241167 0.95 0.368156 
0.440866 0.488405 0.404997 0.614344 0.235549 0.975 0.368156 
0.441263 0.505011 0.257469 0.62998 0.229945 1 0.368156 
0.454478 0.444987 0.853416 0.580873 0.259132 0.9 0.376337 
0.451539 0.458413 0.705889 0.59228 0.251465 0.925 0.376337 
0.450061 0.472891 0.558361 0.605202 0.244769 0.95 0.376337 
0.450045 0.48842 0.410833 0.619638 0.239047 0.975 0.376337 
0.451489 0.505 0.263305 0.635588 0.234297 1 0.376337 
0.461762 0.444786 0.859253 0.58552 0.261199 0.9 0.384518 
0.46094 0.458359 0.711725 0.597793 0.255346 0.925 0.384518 
0.460516 0.472917 0.564197 0.611129 0.249491 0.95 0.384518 
0.460488 0.48846 0.416669 0.625527 0.243635 0.975 0.384518 
0.460858 0.504989 0.269141 0.640988 0.237778 1 0.384518 
0.463997 0.444324 0.865089 0.588065 0.258642 0.9 0.392699 
0.469511 0.458157 0.717561 0.602956 0.258442 0.925 0.392699 
0.472245 0.472881 0.570033 0.617606 0.255333 0.95 0.392699 
0.472198 0.488496 0.422505 0.632013 0.249315 0.975 0.392699 
0.469371 0.505 0.274977 0.64618 0.240387 1 0.392699 

ZONE I=5, J=5
0.463997 0.444324 0.854067 0.588065 0.258642 0.9 0.392699 
0.469511 0.458157 0.704106 0.602956 0.258442 0.925 0.392699 
0.472245 0.472881 0.554144 0.617606 0.255333 0.95 0.392699 
0.472198 0.488496 0.404183 0.632013 0.249315 0.975 0.392699 
0.469371 0.505 0.254222 0.64618 0.240387 1 0.392699 
0.481419 0.445025 0.860413 0.597606 0.269589 0.9 0.400881 
0.480555 0.458461 0.710451 0.609639 0.263551 0.925 0.400881 
0.480114 0.472937 0.56049 0.622796 0.257496 0.95 0.400881 
0.480096 0.488454 0.410529 0.637076 0.251424 0.975 0.400881 
0.480501 0.505011 0.260568 0.652478 0.245335 1 0.400881 
0.49376 0.445211 0.866758 0.604871 0.27594 0.9 0.409062 
0.490775 0.458574 0.716797 0.615945 0.267885 0.925 0.409062 
0.489275 0.472994 0.566836 0.628578 0.260775 0.95 0.409062 
0.489262 0.488469 0.416875 0.642771 0.254607 0.975 0.409062 
0.490735 0.505 0.266914 0.658524 0.249383 1 0.409062 
0.501012 0.445009 0.873104 0.609862 0.277694 0.9 0.417243 
0.500167 0.45852 0.723143 0.621871 0.271446 0.925 0.417243 
0.499729 0.47302 0.573182 0.63495 0.265169 0.95 0.417243 
0.499698 0.48851 0.423221 0.649099 0.258864 0.975 0.417243 
0.500074 0.504989 0.273259 0.664317 0.25253 1 0.417243 
0.503167 0.444542 0.87945 0.612578 0.274851 0.9 0.425424 
0.508729 0.458316 0.729489 0.62742 0.274232 0.925 0.425424 
0.511475 0.472984 0.579528 0.641914 0.27068 0.95 0.425424 
0.511406 0.488546 0.429566 0.656059 0.264195 0.975 0.425424 
0.508522 0.505 0.279605 0.669857 0.254777 1 0.425424 

ZONE I=5, J=5
0.503167 0.444542 0.866307 0.612578 0.274851 0.9 0.425424 
0.508729 0.458316 0.714018 0.62742 0.274232 0.925 0.425424 
0.511475 0.472984 0.561729 0.641914 0.27068 0.95 0.425424 
0.511406 0.488546 0.409439 0.656059 0.264195 0.975 0.425424 
0.508522 0.505 0.25715 0.669857 0.254777 1 0.425424 
0.520642 0.445249 0.873148 0.622789 0.285391 0.9 0.433605 
0.519758 0.458623 0.720858 0.634554 0.27897 0.925 0.433605 
0.519305 0.473041 0.568569 0.647448 0.272502 0.95 0.433605 
0.519284 0.488504 0.41628 0.661471 0.265985 0.975 0.433605 
0.519694 0.505012 0.263991 0.676623 0.259422 1 0.433605 
0.532994 0.445437 0.879988 0.630554 0.291372 0.9 0.441786 
0.529964 0.458738 0.727699 0.641283 0.282947 0.925 0.441786 
0.528445 0.473099 0.575409 0.653615 0.275433 0.95 0.441786 
0.528434 0.488519 0.42312 0.667551 0.26883 0.975 0.441786 
0.529934 0.505 0.270831 0.68309 0.263139 1 0.441786 
0.540213 0.445232 0.886828 0.635873 0.292793 0.9 0.449967 
0.539346 0.458683 0.734539 0.647607 0.286162 0.925 0.449967 
0.538895 0.473126 0.58225 0.660416 0.279474 0.95 0.449967 
0.538861 0.488561 0.429961 0.6743 0.27273 0.975 0.449967 
0.539244 0.504988 0.277671 0.689259 0.26593 1 0.449967 
0.542293 0.444762 0.893669 0.638745 0.289655 0.9 0.458149 
0.547899 0.458478 0.741379 0.653526 0.288616 0.925 0.458149 
0.550656 0.47309 0.58909 0.667851 0.284626 0.95 0.458149 
0.550565 0.488597 0.436801 0.681718 0.277686 0.975 0.458149 
0.547625 0.505 0.284512 0.695129 0.267794 1 0.458149 

ZONE I=5, J=5
0.542293 0.444762 0.878494 0.638745 0.289655 0.9 0.458149 
0.547899 0.458478 0.723967 0.653526 0.288616 0.925 0.458149 
0.550656 0.47309 0.569441 0.667851 0.284626 0.95 0.458149 
0.550565 0.488597 0.414915 0.681718 0.277686 0.975 0.458149 
0.547625 0.505 0.260389 0.695129 0.267794 1 0.458149 
0.559813 0.445474 0.885826 0.649607 0.299749 0.9 0.46633 
0.55891 0.458787 0.7313 0.661092 0.292956 0.925 0.46633 
0.558447 0.473148 0.576773 0.673711 0.286086 0.95 0.46633 
0.558422 0.488556 0.422247 0.687463 0.279136 0.975 0.46633 
0.558838 0.505012 0.267721 0.702349 0.272109 1 0.46633 
0.572171 0.445664 0.893158 0.657852 0.30533 0.9 0.474511 
0.569101 0.458904 0.738632 0.668227 0.29655 0.925 0.474511 
0.567563 0.473206 0.584105 0.680246 0.288647 0.95 0.474511 
0.567557 0.488572 0.429579 0.693911 0.281621 0.975 0.474511 
0.569082 0.505 0.275053 0.709221 0.275471 1 0.474511 
0.579358 0.445458 0.90049 0.663482 0.306399 0.9 0.482692 
0.57847 0.458849 0.745964 0.67493 0.299397 0.925 0.482692 
0.578007 0.473234 0.591438 0.687457 0.29231 0.95 0.482692 
0.57797 0.488614 0.436911 0.701063 0.285138 0.975 0.482692 
0.578359 0.504988 0.282385 0.715747 0.277883 1 0.482692 
0.581368 0.444985 0.907822 0.666497 0.302956 0.9 0.490874 
0.587013 0.458643 0.753296 0.681203 0.301496 0.925 0.490874 
0.589779 0.473198 0.59877 0.695344 0.297074 0.95 0.490874 
0.589665 0.488651 0.444243 0.708918 0.28969 0.975 0.490874 
0.586671 0.505 0.289717 0.721925 0.279342 1 0.490874 

ZONE I=5, J=5
0.581368 0.444985 0.890706 0.666497 0.302956 0.9 0.490874 
0.587013 0.458643 0.734016 0.681203 0.301496 0.925 0.490874 
0.589779 0.473198 0.577327 0.695344 0.297074 0.95 0.490874 
0.589665 0.488651 0.420637 0.708918 0.28969 0.975 0.490874 
0.586671 0.505 0.263948 0.721925 0.279342 1 0.490874 
0.598923 0.445702 0.898521 0.677984 0.312564 0.9 0.499055 
0.598002 0.458955 0.741831 0.68918 0.305414 0.925 0.499055 
0.597529 0.473257 0.585142 0.701511 0.298152 0.95 0.499055 
0.597502 0.48861 0.428452 0.714979 0.290781 0.975 0.499055 
0.597922 0.505012 0.271762 0.729582 0.2833 1 0.499055 
0.611283 0.445893 0.906336 0.68669 0.317718 0.9 0.507236 
0.608175 0.459073 0.749646 0.6967 0.3086 0.925 0.507236 
0.606621 0.473317 0.592957 0.708396 0.300321 0.95 0.507236 
0.606618 0.488626 0.436267 0.721776 0.292883 0.975 0.507236 
0.608169 0.505 0.279577 0.736842 0.286284 1 0.507236 
0.618437 0.445687 0.914151 0.692613 0.318416 0.9 0.515417 
0.617529 0.459018 0.757461 0.703765 0.311055 0.925 0.515417 
0.617056 0.473345 0.600772 0.715997 0.303581 0.95 0.515417 
0.617017 0.488669 0.444082 0.72931 0.295994 0.975 0.515417 
0.617412 0.504988 0.287392 0.743704 0.288295 1 0.515417 
0.62038 0.445211 0.921966 0.695754 0.31466 0.9 0.523599 
0.626062 0.458811 0.765276 0.710373 0.31278 0.925 0.523599 
0.628835 0.47331 0.608586 0.724316 0.307932 0.95 0.523599 
0.628699 0.488706 0.451897 0.737581 0.300116 0.975 0.523599 
0.625654 0.505 0.295207 0.75017 0.289332 1 0.523599 

ZONE I=5, J=5
0.62038 0.445211 0.902976 0.695754 0.31466 0.9 0.523599 
0.626062 0.458811 0.744191 0.710373 0.31278 0.925 0.523599 
0.628835 0.47331 0.585406 0.724316 0.307932 0.95 0.523599 
0.628699 0.488706 0.426621 0.737581 0.300116 0.975 0.523599 
0.625654 0.505 0.267835 0.75017 0.289332 1 0.523599 
0.637963 0.445933 0.911266 0.707843 0.323746 0.9 0.53178 
0.637027 0.459125 0.75248 0.718739 0.316249 0.925 0.53178 
0.636544 0.473369 0.593695 0.730771 0.30861 0.95 0.53178 
0.636515 0.488665 0.43491 0.74394 0.300829 0.975 0.53178 
0.636939 0.505013 0.276125 0.758245 0.292906 1 0.53178 
0.650321 0.446126 0.919555 0.716986 0.328444 0.9 0.539961 
0.647179 0.459245 0.760769 0.726624 0.319005 0.925 0.539961 
0.645609 0.47343 0.601984 0.737984 0.310366 0.95 0.539961 
0.645611 0.488682 0.443199 0.751067 0.302527 0.975 0.539961 
0.647185 0.505 0.284414 0.765873 0.295488 1 0.539961 
0.657443 0.445918 0.927844 0.723184 0.328754 0.9 0.548142 
0.656517 0.459191 0.769059 0.734029 0.321047 0.925 0.548142 
0.656033 0.47346 0.610273 0.745955 0.313199 0.95 0.548142 
0.655992 0.488725 0.451488 0.758963 0.305209 0.975 0.548142 
0.656393 0.504987 0.292703 0.773052 0.297078 1 0.548142 
0.659323 0.44544 0.936133 0.726436 0.324676 0.9 0.556324 
0.665037 0.458983 0.777348 0.740954 0.322376 0.925 0.556324 
0.667815 0.473425 0.618563 0.754685 0.317109 0.95 0.556324 
0.667658 0.488763 0.459777 0.767628 0.308876 0.975 0.556324 
0.664565 0.505 0.300992 0.779783 0.297675 1 0.556324 

ZONE I=5, J=5
0.659323 0.44544 0.915307 0.726436 0.324676 0.9 0.556324 
0.665037 0.458983 0.754499 0.740954 0.322376 0.925 0.556324 
0.667815 0.473425 0.593692 0.754685 0.317109 0.95 0.556324 
0.667658 0.488763 0.432885 0.767628 0.308876 0.975 0.556324 
0.664565 0.505 0.272078 0.779783 0.297675 1 0.556324 
0.676925 0.446166 0.924062 0.739099 0.333205 0.9 0.564505 
0.675974 0.4593 0.763255 0.749685 0.325375 0.925 0.564505 
0.675483 0.473485 0.602448 0.761407 0.317371 0.95 0.564505 
0.675452 0.488723 0.441641 0.774264 0.309192 0.975 0.564505 
0.675881 0.505013 0.280834 0.788257 0.300839 1 0.564505 
0.689276 0.446361 0.932818 0.748656 0.337422 0.9 0.572686 
0.686104 0.459421 0.772011 0.757913 0.327679 0.925 0.572686 
0.684521 0.473547 0.611204 0.768928 0.318693 0.95 0.572686 
0.684528 0.48874 0.450397 0.781701 0.310466 0.975 0.572686 
0.686124 0.505 0.289589 0.796231 0.302997 1 0.572686 
0.696366 0.446154 0.941574 0.755109 0.337326 0.9 0.580867 
0.695423 0.459367 0.780767 0.765638 0.329287 0.925 0.580867 
0.69493 0.473578 0.61996 0.777247 0.321077 0.95 0.580867 
0.694888 0.488784 0.459152 0.789936 0.312698 0.975 0.580867 
0.695296 0.504987 0.298345 0.803706 0.304148 1 0.580867 
0.698187 0.445673 0.95033 0.758456 0.332918 0.9 0.589049 
0.703929 0.45916 0.789523 0.772859 0.3302 0.925 0.589049 
0.706711 0.473543 0.628716 0.786365 0.324522 0.95 0.589049 
0.706535 0.488823 0.467908 0.798971 0.315887 0.975 0.589049 
0.703399 0.505 0.307101 0.81068 0.304292 1 0.589049 

ZONE I=5, J=5
0.698187 0.445673 0.927649 0.758456 0.332918 0.9 0.589049 
0.703929 0.45916 0.764919 0.772859 0.3302 0.925 0.589049 
0.706711 0.473543 0.602189 0.786365 0.324522 0.95 0.589049 
0.706535 0.488823 0.43946 0.798971 0.315887 0.975 0.589049 
0.703399 0.505 0.27673 0.81068 0.304292 1 0.589049 
0.7158 0.446404 0.936865 0.771663 0.340856 0.9 0.59723 
0.714837 0.459478 0.774136 0.781932 0.332707 0.925 0.59723 
0.714339 0.473604 0.611406 0.793333 0.324351 0.95 0.59723 
0.714306 0.488783 0.448676 0.805866 0.315788 0.975 0.59723 
0.714739 0.505014 0.285947 0.819531 0.307019 1 0.59723 
0.72814 0.446601 0.946082 0.78161 0.344566 0.9 0.605411 
0.724941 0.459601 0.783352 0.790479 0.334537 0.925 0.605411 
0.723348 0.473668 0.620622 0.801139 0.325221 0.95 0.605411 
0.72336 0.488801 0.457893 0.813589 0.316619 0.975 0.605411 
0.724977 0.505 0.295163 0.82783 0.30873 1 0.605411 
0.735197 0.446393 0.955298 0.788297 0.344049 0.9 0.613592 
0.734239 0.459549 0.792569 0.798501 0.335691 0.925 0.613592 
0.73374 0.4737 0.629839 0.809783 0.327134 0.95 0.613592 
0.733698 0.488845 0.467109 0.822142 0.318379 0.975 0.613592 
0.734115 0.504986 0.30438 0.835578 0.309426 1 0.613592 
0.736965 0.445911 0.964515 0.791723 0.339306 0.9 0.621774 
0.742729 0.459341 0.801785 0.805997 0.336168 0.925 0.621774 
0.745515 0.473666 0.639055 0.819264 0.330089 0.95 0.621774 
0.745324 0.488886 0.476326 0.831524 0.321068 0.975 0.621774 
0.742154 0.505 0.313596 0.842776 0.309106 1 0.621774 

ZONE I=5, J=5
0.736965 0.445911 0.939832 0.791723 0.339306 0.9 0.621774 
0.742729 0.459341 0.775351 0.805997 0.336168 0.925 0.621774 
0.745515 0.473666 0.610869 0.819264 0.330089 0.95 0.621774 
0.745324 0.488886 0.446388 0.831524 0.321068 0.975 0.621774 
0.742154 0.505 0.281906 0.842776 0.309106 1 0.621774 
0.754578 0.446646 0.949514 0.805442 0.346616 0.9 0.629955 
0.753606 0.459662 0.785032 0.815387 0.338163 0.925 0.629955 
0.753104 0.473729 0.620551 0.826458 0.329471 0.95 0.629955 
0.753071 0.488846 0.456069 0.838655 0.320539 0.975 0.629955 
0.753509 0.505014 0.291587 0.851977 0.311368 1 0.629955 
0.766902 0.446845 0.959195 0.815752 0.349796 0.9 0.638136 
0.763683 0.459787 0.794714 0.82423 0.339501 0.925 0.638136 
0.762083 0.473794 0.630232 0.834527 0.329872 0.95 0.638136 
0.762101 0.488865 0.46575 0.846643 0.320909 0.975 0.638136 
0.763738 0.505 0.301269 0.860578 0.312612 1 0.638136 
0.773927 0.446637 0.968877 0.822651 0.348844 0.9 0.646317 
0.772957 0.459736 0.804395 0.832525 0.340181 0.925 0.646317 
0.772453 0.473827 0.639913 0.84347 0.331293 0.95 0.646317 
0.772416 0.488911 0.475432 0.855489 0.322178 0.975 0.646317 
0.772844 0.504986 0.31095 0.868579 0.312839 1 0.646317 
0.775646 0.446154 0.978558 0.826141 0.343761 0.9 0.654498 
0.781427 0.45953 0.814076 0.840272 0.340204 0.925 0.654498 
0.784217 0.473796 0.649595 0.853288 0.333733 0.95 0.654498 
0.784017 0.488953 0.485113 0.865192 0.324347 0.975 0.654498 
0.780827 0.505 0.320631 0.875981 0.312048 1 0.654498 

ZONE I=5, J=5
0.775646 0.446154 0.951541 0.826141 0.343761 0.9 0.654498 
0.781427 0.45953 0.785616 0.840272 0.340204 0.925 0.654498 
0.784217 0.473796 0.619691 0.853288 0.333733 0.95 0.654498 
0.784017 0.488953 0.453766 0.865192 0.324347 0.975 0.654498 
0.780827 0.505 0.28784 0.875981 0.312048 1 0.654498 
0.793247 0.446894 0.961697 0.840338 0.350411 0.9 0.66268 
0.792273 0.459853 0.795772 0.849955 0.34167 0.925 0.66268 
0.791771 0.47386 0.629847 0.860688 0.332656 0.95 0.66268 
0.791741 0.488913 0.463922 0.872537 0.323371 0.975 0.66268 
0.792182 0.505014 0.297997 0.885502 0.313814 1 0.66268 
0.80555 0.447095 0.971853 0.850982 0.353036 0.9 0.670861 
0.802322 0.459981 0.805928 0.859069 0.342496 0.925 0.670861 
0.800721 0.473927 0.640003 0.868997 0.332572 0.95 0.670861 
0.800747 0.488933 0.474078 0.880768 0.323264 0.975 0.670861 
0.8024 0.505 0.308153 0.894381 0.314571 1 0.670861 
0.812546 0.446888 0.982009 0.858074 0.351636 0.9 0.679042 
0.811569 0.459932 0.816084 0.867612 0.342683 0.925 0.679042 
0.811066 0.473964 0.650159 0.878215 0.333479 0.95 0.679042 
0.811037 0.488981 0.484234 0.889883 0.324025 0.975 0.679042 
0.811483 0.504986 0.318309 0.902617 0.31432 1 0.679042 
0.814227 0.446403 0.992166 0.861615 0.346211 0.9 0.687223 
0.820013 0.459728 0.82624 0.875585 0.34223 0.925 0.687223 
0.822809 0.473936 0.660315 0.888342 0.335378 0.95 0.687223 
0.822615 0.489027 0.49439 0.899884 0.325655 0.975 0.687223 
0.819431 0.505 0.328465 0.910212 0.313061 1 0.687223 

ZONE I=5, J=5
0.814227 0.446403 0.962149 0.861615 0.346211 0.9 0.687223 
0.820013 0.459728 0.795351 0.875585 0.34223 0.925 0.687223 
0.822809 0.473936 0.628553 0.888342 0.335378 0.95 0.687223 
0.822615 0.489027 0.461755 0.899884 0.325655 0.975 0.687223 
0.819431 0.505 0.294957 0.910212 0.313061 1 0.687223 
0.831796 0.447147 0.972808 0.876246 0.352163 0.9 0.695405 
0.830832 0.460054 0.80601 0.885538 0.343153 0.925 0.695405 
0.830337 0.474001 0.639212 0.895929 0.333838 0.95 0.695405 
0.830313 0.488988 0.472414 0.90742 0.324217 0.975 0.695405 
0.830759 0.505014 0.305616 0.920011 0.314292 1 0.695405 
0.844071 0.447351 0.983467 0.887194 0.35421 0.9 0.703586 
0.84085 0.460185 0.816669 0.894897 0.343451 0.925 0.703586 
0.839258 0.474071 0.649871 0.904455 0.333253 0.95 0.703586 
0.839294 0.48901 0.483073 0.91587 0.323617 0.975 0.703586 
0.84096 0.505 0.316275 0.92914 0.314542 1 0.703586 
0.851041 0.447146 0.994126 0.89446 0.352352 0.9 0.711767 
0.850065 0.460141 0.827328 0.903662 0.343125 0.925 0.711767 
0.849572 0.474112 0.66053 0.913919 0.333626 0.95 0.711767 
0.849562 0.489061 0.493732 0.925232 0.323855 0.975 0.711767 
0.850036 0.504986 0.326934 0.9376 0.313811 1 0.711767 
0.8527 0.446661 1.00479 0.898042 0.34659 0.9 0.719948 
0.858474 0.459941 0.837987 0.911833 0.342175 0.925 0.719948 
0.86128 0.474091 0.671189 0.924322 0.334955 0.95 0.719948 
0.861118 0.489111 0.504391 0.935507 0.32493 0.975 0.719948 
0.857988 0.505 0.337593 0.94539 0.3121 1 0.719948 

ZONE I=5, J=5
0.8527 0.446661 0.970424 0.898042 0.34659 0.9 0.719948 
0.858474 0.459941 0.803832 0.911833 0.342175 0.925 0.719948 
0.86128 0.474091 0.63724 0.924322 0.334955 0.95 0.719948 
0.861118 0.489111 0.470647 0.935507 0.32493 0.975 0.719948 
0.857988 0.505 0.304055 0.94539 0.3121 1 0.719948 
0.870207 0.447409 0.981651 0.913056 0.351801 0.9 0.72813 
0.869273 0.460271 0.815058 0.922035 0.342544 0.925 0.72813 
0.8688 0.474159 0.648466 0.932086 0.332949 0.95 0.72813 
0.868788 0.489073 0.481873 0.943211 0.323016 0.975 0.72813 
0.869238 0.505013 0.315281 0.955408 0.312743 1 0.72813 
0.882442 0.447617 0.992877 0.924274 0.353245 0.9 0.736311 
0.87926 0.460406 0.826284 0.931614 0.342299 0.925 0.736311 
0.877695 0.474233 0.659692 0.940808 0.331853 0.95 0.736311 
0.877746 0.489098 0.4931 0.951856 0.321909 0.975 0.736311 
0.879413 0.505 0.326507 0.964758 0.312465 1 0.736311 
0.889396 0.447414 1.0041 0.931696 0.350923 0.9 0.744492 
0.888434 0.460368 0.83751 0.940571 0.341438 0.925 0.744492 
0.887967 0.474281 0.670918 0.950486 0.331667 0.95 0.744492 
0.887994 0.489154 0.504326 0.961443 0.321609 0.975 0.744492 
0.888516 0.504987 0.337733 0.973441 0.311265 1 0.744492 
0.891061 0.446931 1.01533 0.935321 0.344835 0.9 0.752673 
0.896791 0.460177 0.848737 0.948905 0.339962 0.925 0.752673 
0.899615 0.47427 0.682144 0.961122 0.33239 0.95 0.752673 
0.899534 0.489211 0.515552 0.971972 0.322117 0.975 0.752673 
0.896548 0.505 0.348959 0.981455 0.309145 1 0.752673 

ZONE I=5, J=5
0.891061 0.446931 0.974307 0.935321 0.344835 0.9 0.752673 
0.896791 0.460177 0.809873 0.948905 0.339962 0.925 0.752673 
0.899615 0.47427 0.645439 0.961122 0.33239 0.95 0.752673 
0.899534 0.489211 0.481004 0.971972 0.322117 0.975 0.752673 
0.896548 0.505 0.31657 0.981455 0.309145 1 0.752673 
0.908456 0.447679 0.986206 0.950648 0.349254 0.9 0.760855 
0.907591 0.460509 0.821772 0.959344 0.33978 0.925 0.760855 
0.907163 0.474342 0.657337 0.969066 0.329932 0.95 0.760855 
0.907172 0.489176 0.492903 0.979816 0.31971 0.975 0.760855 
0.907619 0.505012 0.328468 0.991593 0.309114 1 0.760855 
0.920637 0.447891 0.998105 0.962096 0.35007 0.9 0.769036 
0.917551 0.460651 0.83367 0.969119 0.338979 0.925 0.769036 
0.916041 0.474422 0.669236 0.977965 0.328317 0.95 0.769036 
0.916108 0.489205 0.504801 0.988635 0.318084 0.975 0.769036 
0.917751 0.505 0.340367 1.00113 0.30828 1 0.769036 
0.927593 0.447694 1.01 0.969667 0.347284 0.9 0.777217 
0.926667 0.460622 0.845569 0.978233 0.337558 0.925 0.777217 
0.926251 0.47448 0.681134 0.98782 0.327542 0.95 0.777217 
0.926344 0.489269 0.5167 0.998427 0.317237 0.975 0.777217 
0.926947 0.504988 0.352266 1.01006 0.306643 1 0.777217 
0.929318 0.447219 1.0219 0.973358 0.340896 0.9 0.785398 
0.934937 0.460444 0.857468 0.986684 0.335517 0.925 0.785398 
0.937792 0.474483 0.693033 0.998629 0.327609 0.95 0.785398 
0.937882 0.489335 0.528599 1.00919 0.317171 0.975 0.785398 
0.935208 0.505 0.364164 1.01838 0.304203 1 0.785398 

ZONE I=5, J=5
0.929318 0.447219 0.970993 0.973358 0.340896 0.9 0.785398 
0.934937 0.460444 0.811992 0.986684 0.335517 0.925 0.785398 
0.937792 0.474483 0.652992 0.998629 0.327609 0.95 0.785398 
0.937882 0.489335 0.493991 1.00919 0.317171 0.975 0.785398 
0.935208 0.505 0.33499 1.01838 0.304203 1 0.785398 
0.946519 0.447956 0.983624 0.988894 0.344458 0.9 0.79358 
0.945791 0.46078 0.824623 0.997369 0.334806 0.925 0.79358 
0.945442 0.474563 0.665622 1.00679 0.324736 0.95 0.79358 
0.945472 0.489306 0.506621 1.01715 0.314247 0.975 0.79358 
0.94588 0.505008 0.347621 1.02845 0.30334 1 0.79358 
0.958626 0.448172 0.996254 1.00053 0.344621 0.9 0.801761 
0.955734 0.460929 0.837253 1.00732 0.333443 0.925 0.801761 
0.95432 0.474653 0.678253 1.01585 0.322597 0.95 0.801761 
0.954384 0.489343 0.519252 1.02611 0.312086 0.975 0.801761 
0.955925 0.505 0.360251 1.03811 0.301907 1 0.801761 
0.965629 0.447992 1.00888 1.00826 0.341383 0.9 0.809942 
0.964763 0.460915 0.849884 1.01655 0.331426 0.925 0.809942 
0.964427 0.474723 0.690883 1.02582 0.321194 0.95 0.809942 
0.964621 0.489416 0.531882 1.0361 0.310687 0.975 0.809942 
0.965345 0.504992 0.372882 1.04736 0.299905 1 0.809942 
0.967521 0.447541 1.02151 1.01209 0.334746 0.9 0.818123 
0.972875 0.460761 0.862514 1.02504 0.328757 0.925 0.818123 
0.975763 0.474744 0.703514 1.03671 0.320526 0.95 0.818123 
0.976185 0.48949 0.544513 1.04709 0.310051 0.975 0.818123 
0.974141 0.505 0.385512 1.0562 0.297334 1 0.818123 

ZONE I=5, J=5
0.967521 0.447541 0.957408 1.01209 0.334746 0.9 0.818123 
0.972875 0.460761 0.809239 1.02504 0.328757 0.925 0.818123 
0.975763 0.474744 0.66107 1.03671 0.320526 0.95 0.818123 
0.976185 0.48949 0.512901 1.04709 0.310051 0.975 0.818123 
0.974141 0.505 0.364732 1.0562 0.297334 1 0.818123 
0.984367 0.448238 0.970281 1.02766 0.337357 0.9 0.826305 
0.983892 0.461096 0.822112 1.03602 0.327579 0.925 0.826305 
0.983666 0.474842 0.673943 1.04517 0.317316 0.95 0.826305 
0.983689 0.489476 0.525774 1.05511 0.306569 0.975 0.826305 
0.983962 0.505 0.377605 1.06582 0.295338 1 0.826305 
0.996362 0.448451 0.983155 1.03942 0.336835 0.9 0.834486 
0.993844 0.461254 0.834986 1.04615 0.325657 0.925 0.834486 
0.992579 0.474947 0.686817 1.05441 0.314662 0.95 0.834486 
0.992568 0.489529 0.538648 1.06419 0.303851 0.975 0.834486 
0.993811 0.505 0.390479 1.0755 0.293222 1 0.834486 
1.0035 0.448298 0.996028 1.04736 0.333182 0.9 0.842667 
1.00273 0.461263 0.847859 1.05542 0.322994 0.925 0.842667 
1.0025 0.475034 0.69969 1.06441 0.312565 0.95 0.842667 
1.00282 0.489613 0.551521 1.07435 0.301896 0.975 0.842667 
1.00369 0.505 0.403352 1.08524 0.290986 1 0.842667 
1.00576 0.447901 1.0089 1.0515 0.326397 0.9 0.850848 
1.01054 0.461149 0.860733 1.06382 0.319587 0.925 0.850848 
1.01344 0.475081 0.712564 1.07519 0.311023 0.95 0.850848 
1.01446 0.489698 0.564395 1.08559 0.300704 0.975 0.850848 
1.0136 0.505 0.416226 1.09503 0.288631 1 0.850848 

ZONE I=5, J=5
1.00576 0.447901 0.927615 1.0515 0.326397 0.9 0.850848 
1.01054 0.461149 0.80083 1.06382 0.319587 0.925 0.850848 
1.01344 0.475081 0.674044 1.07519 0.311023 0.95 0.850848 
1.01446 0.489698 0.547259 1.08559 0.300704 0.975 0.850848 
1.0136 0.505 0.420474 1.09503 0.288631 1 0.850848 
1.02187 0.448484 0.938083 1.06671 0.327862 0.9 0.859029 
1.02181 0.461453 0.811298 1.07513 0.318004 0.925 0.859029 
1.02181 0.475194 0.684512 1.08411 0.3076 0.95 0.859029 
1.02187 0.489705 0.557727 1.09363 0.29665 0.975 0.859029 
1.02199 0.504987 0.430942 1.1037 0.285155 1 0.859029 
1.03359 0.448643 0.948551 1.07839 0.326585 0.9 0.86721 
1.03178 0.46159 0.821766 1.08539 0.315545 0.925 0.86721 
1.03082 0.475299 0.69498 1.09353 0.30447 0.95 0.86721 
1.03071 0.489769 0.568195 1.1028 0.293362 0.975 0.86721 
1.03144 0.505 0.44141 1.11321 0.282219 1 0.86721 
1.04092 0.448488 0.959019 1.08655 0.322564 0.9 0.875391 
1.04046 0.461592 0.832234 1.0946 0.31221 0.925 0.875391 
1.04048 0.475381 0.705448 1.10345 0.301635 0.95 0.875391 
1.04097 0.489854 0.578663 1.1131 0.290839 0.975 0.875391 
1.04194 0.505013 0.451878 1.12356 0.279823 1 0.875391 
1.04384 0.448127 0.969487 1.09119 0.315801 0.9 0.883573 
1.04783 0.461491 0.842702 1.10275 0.308 0.925 0.883573 
1.05077 0.475424 0.715916 1.11386 0.299094 0.95 0.883573 
1.05266 0.489927 0.589131 1.12453 0.289083 0.975 0.883573 
1.05351 0.505 0.462346 1.13474 0.277967 1 0.883573 

ZONE I=5, J=5
1.04384 0.448127 0.869024 1.09119 0.315801 0.9 0.883573 
1.04783 0.461491 0.781039 1.10275 0.308 0.925 0.883573 
1.05077 0.475424 0.693055 1.11386 0.299094 0.95 0.883573 
1.05266 0.489927 0.605071 1.12453 0.289083 0.975 0.883573 
1.05351 0.505 0.517086 1.13474 0.277967 1 0.883573 
1.05853 0.448366 0.871463 1.10532 0.315903 0.9 0.891754 
1.0592 0.461621 0.783478 1.11416 0.306006 0.925 0.891754 
1.05972 0.475474 0.695494 1.12327 0.295554 0.95 0.891754 
1.0601 0.489926 0.60751 1.13264 0.284545 0.975 0.891754 
1.06033 0.504976 0.519525 1.14227 0.272981 1 0.891754 
1.06962 0.448285 0.873902 1.1165 0.313803 0.9 0.899935 
1.06909 0.46157 0.785918 1.12435 0.303071 0.925 0.899935 
1.06884 0.475451 0.697933 1.13278 0.292043 0.95 0.899935 
1.06887 0.489928 0.609949 1.1418 0.28072 0.975 0.899935 
1.06917 0.505 0.521965 1.1514 0.269101 1 0.899935 
1.07709 0.447972 0.876341 1.12472 0.309501 0.9 0.908116 
1.07751 0.461375 0.788357 1.1333 0.299194 0.925 0.908116 
1.07814 0.475352 0.700372 1.1424 0.288563 0.95 0.908116 
1.07897 0.489901 0.612388 1.15201 0.277608 0.975 0.908116 
1.08002 0.505024 0.524404 1.16214 0.266328 1 0.908116 
1.08095 0.447518 0.87878 1.13 0.302998 0.9 0.916298 
1.08445 0.461073 0.790796 1.14103 0.294376 0.925 0.916298 
1.0876 0.475171 0.702812 1.15212 0.285112 0.95 0.916298 
1.09042 0.489814 0.614827 1.16327 0.275208 0.975 0.916298 
1.09288 0.505 0.526843 1.17447 0.264662 1 0.916298 

ZONE I=5, J=5
1.08095 0.447518 0.784394 1.13 0.302998 0.9 0.916298 
1.08445 0.461073 0.740553 1.14103 0.294376 0.925 0.916298 
1.0876 0.475171 0.696712 1.15212 0.285112 0.95 0.916298 
1.09042 0.489814 0.652871 1.16327 0.275208 0.975 0.916298 
1.09288 0.505 0.609029 1.17447 0.264662 1 0.916298 
1.09405 0.447003 0.781647 1.1426 0.302048 0.9 0.924479 
1.0954 0.46066 0.737806 1.1519 0.291959 0.925 0.924479 
1.09667 0.47483 0.693965 1.16145 0.281411 0.95 0.924479 
1.09787 0.489515 0.650123 1.17124 0.270407 0.975 0.924479 
1.09898 0.504715 0.606282 1.18129 0.258945 1 0.924479 
1.10438 0.446365 0.7789 1.15294 0.299352 0.9 0.93266 
1.10498 0.460094 0.735059 1.16161 0.288687 0.925 0.93266 
1.10569 0.474307 0.691217 1.17064 0.277692 0.95 0.93266 
1.1065 0.489003 0.647376 1.18005 0.266368 0.975 0.93266 
1.1074 0.504184 0.603535 1.18982 0.254715 1 0.93266 
1.11191 0.445672 0.776153 1.16104 0.294911 0.9 0.940841 
1.11319 0.45941 0.732312 1.17016 0.284561 0.925 0.940841 
1.11465 0.473602 0.68847 1.1797 0.273955 0.95 0.940841 
1.1163 0.48825 0.644629 1.18967 0.263092 0.975 0.940841 
1.11815 0.503353 0.600788 1.20005 0.251973 1 0.940841 
1.11667 0.444993 0.773406 1.16688 0.288723 0.9 0.949023 
1.12002 0.458641 0.729564 1.17755 0.279581 0.925 0.949023 
1.12356 0.472719 0.685723 1.18863 0.270199 0.95 0.949023 
1.12729 0.487226 0.641882 1.20011 0.260578 0.975 0.949023 
1.1312 0.502163 0.598041 1.21199 0.250718 1 0.949023 

ZONE I=5, J=5
1.11667 0.444993 0.734946 1.16688 0.288723 0.9 0.949023 
1.12002 0.458641 0.713373 1.17755 0.279581 0.925 0.949023 
1.12356 0.472719 0.6918 1.18863 0.270199 0.95 0.949023 
1.12729 0.487226 0.670227 1.20011 0.260578 0.975 0.949023 
1.1312 0.502163 0.648654 1.21199 0.250718 1 0.949023 
1.12853 0.443533 0.734099 1.17806 0.287191 0.9 0.957204 
1.13055 0.45737 0.712526 1.18768 0.27704 0.925 0.957204 
1.13265 0.471589 0.690953 1.19758 0.266626 0.95 0.957204 
1.13484 0.48619 0.66938 1.20778 0.255947 0.975 0.957204 
1.13711 0.501172 0.647807 1.21826 0.245004 1 0.957204 
1.13815 0.442138 0.733253 1.18748 0.284164 0.9 0.965385 
1.13985 0.456024 0.71168 1.19679 0.273715 0.925 0.965385 
1.14161 0.47026 0.690107 1.20634 0.263012 0.95 0.965385 
1.14343 0.484846 0.668534 1.21613 0.252054 0.975 0.965385 
1.14531 0.499781 0.646961 1.22618 0.240841 1 0.965385 
1.14553 0.440864 0.732406 1.19515 0.279643 0.9 0.973566 
1.14793 0.454635 0.710833 1.20488 0.269605 0.925 0.973566 
1.15044 0.468737 0.68926 1.21489 0.259357 0.95 0.973566 
1.15306 0.48317 0.667687 1.22518 0.248899 0.975 0.973566 
1.1558 0.497935 0.646114 1.23574 0.23823 1 0.973566 
1.15067 0.439766 0.731559 1.20107 0.273627 0.9 0.981748 
1.15478 0.453232 0.709986 1.21196 0.264711 0.925 0.981748 
1.15913 0.467022 0.688413 1.22324 0.255662 0.95 0.981748 
1.16373 0.481137 0.66684 1.23491 0.246481 0.975 0.981748 
1.16858 0.495576 0.645267 1.24696 0.237169 1 0.981748 

ZONE I=5, J=5
1.15067 0.439766 0.731137 1.20107 0.273627 0.9 0.981748 
1.15478 0.453232 0.712544 1.21196 0.264711 0.925 0.981748 
1.15913 0.467022 0.693952 1.22324 0.255662 0.95 0.981748 
1.16373 0.481137 0.67536 1.23491 0.246481 0.975 0.981748 
1.16858 0.495576 0.656767 1.24696 0.237169 1 0.981748 
1.16199 0.43733 0.731564 1.21139 0.272036 0.9 0.989929 
1.16496 0.451033 0.712972 1.22139 0.262212 0.925 0.989929 
1.16805 0.465061 0.69438 1.23167 0.25218 0.95 0.989929 
1.17125 0.479413 0.675787 1.24223 0.241941 0.975 0.989929 
1.17458 0.494089 0.657195 1.25306 0.231496 1 0.989929 
1.17123 0.435135 0.731992 1.22015 0.268971 0.9 0.99811 
1.174 0.448862 0.7134 1.22992 0.258938 0.925 0.99811 
1.17683 0.462922 0.694807 1.23992 0.248653 0.95 0.99811 
1.17971 0.477314 0.676215 1.25014 0.238116 0.975 0.99811 
1.18263 0.492038 0.657623 1.26057 0.227327 1 0.99811 
1.17841 0.433231 0.73242 1.22736 0.264431 0.9 1.00629 
1.18192 0.446745 0.713827 1.23755 0.25489 0.925 1.00629 
1.18547 0.460607 0.695235 1.24797 0.245082 0.95 1.00629 
1.18908 0.474816 0.676643 1.25862 0.235006 0.975 1.00629 
1.19273 0.489373 0.65805 1.2695 0.224662 1 1.00629 
1.18354 0.431671 0.732847 1.23302 0.258417 0.9 1.01447 
1.1887 0.444711 0.714255 1.24428 0.250068 0.925 1.01447 
1.19397 0.45812 0.695662 1.25584 0.241466 0.95 1.01447 
1.19936 0.471898 0.67707 1.26769 0.23261 0.975 1.01447 
1.20486 0.486045 0.658478 1.27983 0.223502 1 1.01447 

ZONE I=5, J=5
1.18354 0.431671 0.754225 1.23302 0.258417 0.9 1.01447 
1.1887 0.444711 0.723178 1.24428 0.250068 0.925 1.01447 
1.19397 0.45812 0.69213 1.25584 0.241466 0.95 1.01447 
1.19936 0.471898 0.661082 1.26769 0.23261 0.975 1.01447 
1.20486 0.486045 0.630034 1.27983 0.223502 1 1.01447 
1.19478 0.428291 0.75882 1.24292 0.257054 0.9 1.02266 
1.19838 0.441736 0.727773 1.253 0.247458 0.925 1.02266 
1.20239 0.455464 0.696725 1.26358 0.23783 0.95 1.02266 
1.2068 0.469474 0.665677 1.27464 0.228171 0.975 1.02266 
1.21161 0.483767 0.63463 1.2862 0.21848 1 1.02266 
1.20373 0.425374 0.763415 1.25116 0.253978 0.9 1.03084 
1.20713 0.43881 0.732368 1.26098 0.244202 0.925 1.03084 
1.2109 0.452555 0.70132 1.27129 0.234354 0.95 1.03084 
1.21506 0.466608 0.670272 1.28208 0.224435 0.975 1.03084 
1.21959 0.48097 0.639225 1.29334 0.214445 1 1.03084 
1.21041 0.422975 0.76801 1.25774 0.24919 0.9 1.03902 
1.21494 0.435956 0.736963 1.26823 0.240301 0.925 1.03902 
1.21952 0.449391 0.705915 1.27898 0.231039 0.95 1.03902 
1.22412 0.463281 0.674867 1.29 0.221403 0.975 1.03902 
1.22877 0.477627 0.64382 1.30127 0.211395 1 1.03902 
1.21484 0.421152 0.772605 1.26266 0.242689 0.9 1.0472 
1.22183 0.433197 0.741558 1.27474 0.235754 0.925 1.0472 
1.22822 0.445971 0.71051 1.28665 0.227883 0.95 1.0472 
1.23399 0.459474 0.679462 1.2984 0.219076 0.975 1.0472 
1.23915 0.473705 0.648415 1.30999 0.209331 1 1.0472 

ZONE I=5, J=5
1.21484 0.421152 0.814459 1.26266 0.242689 0.9 1.0472 
1.22183 0.433197 0.763684 1.27474 0.235754 0.925 1.0472 
1.22822 0.445971 0.712909 1.28665 0.227883 0.95 1.0472 
1.23399 0.459474 0.662135 1.2984 0.219076 0.975 1.0472 
1.23915 0.473705 0.61136 1.30999 0.209331 1 1.0472 
1.22651 0.416406 0.813871 1.27242 0.242234 0.9 1.05538 
1.23117 0.429348 0.763096 1.28285 0.233269 0.925 1.05538 
1.23599 0.442774 0.712321 1.29366 0.223962 0.95 1.05538 
1.24097 0.456685 0.661546 1.30485 0.214314 0.975 1.05538 
1.24611 0.47108 0.610772 1.31642 0.204324 1 1.05538 
1.23582 0.41245 0.813282 1.28057 0.239797 0.9 1.06356 
1.23958 0.425744 0.762508 1.29032 0.230005 0.925 1.06356 
1.2439 0.439376 0.711733 1.30071 0.220187 0.95 1.06356 
1.24877 0.453347 0.660958 1.31176 0.210343 0.975 1.06356 
1.25421 0.467658 0.610183 1.32346 0.200472 1 1.06356 
1.24279 0.409343 0.812694 1.28712 0.235378 0.9 1.07174 
1.24708 0.422407 0.761919 1.29715 0.225963 0.925 1.07174 
1.25195 0.435773 0.711144 1.30782 0.216557 0.95 1.07174 
1.2574 0.449441 0.66037 1.31914 0.207161 0.975 1.07174 
1.26341 0.463411 0.609595 1.33111 0.197774 1 1.07174 
1.24744 0.40714 0.812106 1.29207 0.228977 0.9 1.07992 
1.25368 0.419361 0.761331 1.30334 0.221142 0.925 1.07992 
1.26014 0.431963 0.710556 1.31497 0.213073 0.95 1.07992 
1.26682 0.444947 0.659781 1.32698 0.204769 0.975 1.07992 
1.27371 0.458312 0.609007 1.33936 0.19623 1 1.07992 

ZONE I=5, J=5
1.24744 0.40714 0.815936 1.29207 0.228977 0.9 1.07992 
1.25368 0.419361 0.763828 1.30334 0.221142 0.925 1.07992 
1.26014 0.431963 0.711721 1.31497 0.213073 0.95 1.07992 
1.26682 0.444947 0.659613 1.32698 0.204769 0.975 1.07992 
1.27371 0.458312 0.607505 1.33936 0.19623 1 1.07992 
1.25187 0.404713 0.821085 1.29669 0.222607 0.9 1.0881 
1.25997 0.415791 0.768977 1.30901 0.216556 0.925 1.0881 
1.268 0.427504 0.71687 1.32156 0.209907 0.95 1.0881 
1.27594 0.439852 0.664762 1.33433 0.202657 0.975 1.0881 
1.28381 0.452835 0.612654 1.34732 0.194808 1 1.0881 
1.25845 0.400909 0.826234 1.30259 0.218381 0.9 1.09628 
1.26703 0.411665 0.774126 1.31514 0.212736 0.925 1.09628 
1.27558 0.423059 0.722018 1.32795 0.206507 0.95 1.09628 
1.2841 0.435091 0.669911 1.34102 0.199695 0.975 1.09628 
1.29257 0.44776 0.617803 1.35435 0.192299 1 1.09628 
1.26715 0.395674 0.831383 1.30974 0.216301 0.9 1.10446 
1.27485 0.406962 0.779275 1.3217 0.209682 0.925 1.10446 
1.2829 0.418633 0.727167 1.33414 0.202876 0.95 1.10446 
1.29129 0.430686 0.675059 1.34705 0.195882 0.975 1.10446 
1.30002 0.443121 0.622952 1.36044 0.188701 1 1.10446 
1.27793 0.388957 0.836532 1.31817 0.216365 0.9 1.11265 
1.28341 0.401665 0.784424 1.32871 0.207394 0.925 1.11265 
1.28995 0.414233 0.732316 1.34013 0.199012 0.95 1.11265 
1.29753 0.426661 0.680208 1.35243 0.191219 0.975 1.11265 
1.30616 0.438949 0.628101 1.3656 0.184016 1 1.11265 

ZONE I=5, J=5
1.27793 0.388957 0.797015 1.31817 0.216365 0.9 1.11265 
1.28341 0.401665 0.764146 1.32871 0.207394 0.925 1.11265 
1.28995 0.414233 0.731276 1.34013 0.199012 0.95 1.11265 
1.29753 0.426661 0.698406 1.35243 0.191219 0.975 1.11265 
1.30616 0.438949 0.665537 1.3656 0.184016 1 1.11265 
1.28187 0.386559 0.796179 1.3224 0.209447 0.9 1.12083 
1.28965 0.39772 0.76331 1.33426 0.202784 0.925 1.12083 
1.2978 0.409164 0.73044 1.34658 0.196022 0.95 1.12083 
1.30631 0.420893 0.697571 1.35934 0.189161 0.975 1.12083 
1.31518 0.432907 0.664701 1.37255 0.182201 1 1.12083 
1.28765 0.382645 0.795343 1.32763 0.204636 0.9 1.12901 
1.29649 0.393115 0.762474 1.34009 0.198951 0.925 1.12901 
1.30535 0.404072 0.729604 1.35278 0.192831 0.95 1.12901 
1.31422 0.415518 0.696735 1.3657 0.186276 0.975 1.12901 
1.3231 0.427453 0.663865 1.37883 0.179288 1 1.12901 
1.29526 0.377171 0.794508 1.33386 0.201932 0.9 1.13719 
1.30392 0.387836 0.761638 1.3462 0.195893 0.925 1.13719 
1.31259 0.398964 0.728768 1.35874 0.189438 0.95 1.13719 
1.32127 0.410556 0.695899 1.37149 0.182565 0.975 1.13719 
1.32996 0.422612 0.663029 1.38444 0.175277 1 1.13719 
1.30464 0.370092 0.793672 1.34109 0.201336 0.9 1.14537 
1.31192 0.381868 0.760802 1.35258 0.193612 0.925 1.14537 
1.31953 0.393846 0.727933 1.36446 0.185843 0.95 1.14537 
1.32748 0.406027 0.695063 1.37672 0.178028 0.975 1.14537 
1.33577 0.418411 0.662193 1.38938 0.170168 1 1.14537 

ZONE I=5, J=5
1.30464 0.370092 0.764692 1.34109 0.201336 0.9 1.14537 
1.31192 0.381868 0.748361 1.35258 0.193612 0.925 1.14537 
1.31953 0.393846 0.73203 1.36446 0.185843 0.95 1.14537 
1.32748 0.406027 0.715699 1.37672 0.178028 0.975 1.14537 
1.33577 0.418411 0.699368 1.38938 0.170168 1 1.14537 
1.30888 0.366958 0.768306 1.3453 0.194942 0.9 1.15355 
1.31753 0.377645 0.751976 1.35754 0.188679 0.925 1.15355 
1.32649 0.388508 0.735645 1.37013 0.182376 0.95 1.15355 
1.33574 0.399547 0.719314 1.38306 0.176032 0.975 1.15355 
1.34528 0.410764 0.702983 1.39633 0.169648 1 1.15355 
1.31457 0.362443 0.771921 1.35027 0.190335 0.9 1.16173 
1.32386 0.372623 0.75559 1.36284 0.18469 0.925 1.16173 
1.33339 0.382994 0.739259 1.37571 0.178964 0.95 1.16173 
1.34315 0.393558 0.722928 1.38887 0.173157 0.975 1.16173 
1.35316 0.404313 0.706598 1.40233 0.167269 1 1.16173 
1.32168 0.356511 0.775536 1.35601 0.187513 0.9 1.16991 
1.33087 0.366785 0.759205 1.36849 0.181644 0.925 1.16991 
1.34023 0.377307 0.742874 1.38121 0.175607 0.95 1.16991 
1.34975 0.388078 0.726543 1.39418 0.169403 0.975 1.16991 
1.35942 0.399098 0.710212 1.40738 0.163032 1 1.16991 
1.33017 0.349127 0.77915 1.36252 0.186479 0.9 1.1781 
1.33856 0.360113 0.762819 1.37448 0.179541 0.925 1.1781 
1.34702 0.371447 0.746488 1.38663 0.172304 0.95 1.1781 
1.35553 0.383129 0.730158 1.39896 0.16477 0.975 1.1781 
1.3641 0.395158 0.713827 1.41149 0.156936 1 1.1781 

ZONE I=5, J=5
1.33017 0.349127 0.755542 1.36252 0.186479 0.9 1.1781 
1.33856 0.360113 0.747799 1.37448 0.179541 0.925 1.1781 
1.34702 0.371447 0.740056 1.38663 0.172304 0.95 1.1781 
1.35553 0.383129 0.732313 1.39896 0.16477 0.975 1.1781 
1.3641 0.395158 0.72457 1.41149 0.156936 1 1.1781 
1.33427 0.345527 0.760055 1.36645 0.180203 0.9 1.18628 
1.34372 0.355551 0.752312 1.37897 0.174454 0.925 1.18628 
1.35339 0.365714 0.744569 1.39175 0.168662 0.95 1.18628 
1.3633 0.376018 0.736826 1.4048 0.162828 0.975 1.18628 
1.37344 0.386461 0.729083 1.41811 0.156949 1 1.18628 
1.33964 0.340526 0.764568 1.37104 0.175645 0.9 1.19446 
1.34957 0.350104 0.756825 1.38379 0.170385 0.925 1.19446 
1.35977 0.359756 0.749082 1.39683 0.165157 0.95 1.19446 
1.37025 0.369483 0.741339 1.41014 0.159962 0.975 1.19446 
1.381 0.379283 0.733597 1.42374 0.154798 1 1.19446 
1.34626 0.334094 0.769081 1.37629 0.172806 0.9 1.20264 
1.3561 0.343756 0.761338 1.38895 0.167334 0.925 1.20264 
1.36615 0.353573 0.753595 1.40185 0.161789 0.95 1.20264 
1.37638 0.363543 0.745852 1.41499 0.156171 0.975 1.20264 
1.38681 0.373666 0.73811 1.42837 0.150481 1 1.20264 
1.35408 0.326199 0.773594 1.38219 0.171685 0.9 1.21082 
1.3633 0.336491 0.765851 1.39445 0.165301 0.925 1.21082 
1.37251 0.347164 0.758108 1.40683 0.158558 0.95 1.21082 
1.38172 0.358218 0.750365 1.41935 0.151457 0.975 1.21082 
1.39093 0.369653 0.742623 1.43199 0.143998 1 1.21082 

ZONE I=5, J=5
1.35408 0.326199 0.756271 1.38219 0.171685 0.9 1.21082 
1.3633 0.336491 0.752408 1.39445 0.165301 0.925 1.21082 
1.37251 0.347164 0.748546 1.40683 0.158558 0.95 1.21082 
1.38172 0.358218 0.744683 1.41935 0.151457 0.975 1.21082 
1.39093 0.369653 0.74082 1.43199 0.143998 1 1.21082 
1.35791 0.322282 0.760746 1.3858 0.165373 0.9 1.219 
1.36804 0.331597 0.756883 1.39852 0.16012 0.925 1.219 
1.37839 0.341016 0.75302 1.41148 0.154842 0.95 1.219 
1.38895 0.350538 0.749158 1.42467 0.149542 0.975 1.219 
1.39972 0.360164 0.745295 1.4381 0.144218 1 1.219 
1.36289 0.316893 0.765221 1.38998 0.160783 0.9 1.22718 
1.37344 0.325751 0.761358 1.4029 0.155995 0.925 1.22718 
1.38427 0.334622 0.757495 1.41608 0.151292 0.95 1.22718 
1.39538 0.343505 0.753632 1.42954 0.146672 0.975 1.22718 
1.40678 0.352399 0.74977 1.44326 0.142136 1 1.22718 
1.36899 0.310002 0.769696 1.39473 0.157914 0.9 1.23536 
1.37947 0.318937 0.765833 1.40757 0.152928 0.925 1.23536 
1.39016 0.327982 0.76197 1.42064 0.147905 0.95 1.23536 
1.40105 0.337136 0.758107 1.43394 0.142847 0.975 1.23536 
1.41214 0.346399 0.754244 1.44747 0.137753 1 1.23536 
1.37615 0.301584 0.77417 1.40006 0.156767 0.9 1.24355 
1.3861 0.31114 0.770308 1.41256 0.150917 0.925 1.24355 
1.39604 0.321095 0.766445 1.42517 0.144684 0.95 1.24355 
1.40596 0.33145 0.762582 1.43789 0.138067 0.975 1.24355 
1.41587 0.342205 0.758719 1.45073 0.131068 1 1.24355 

ZONE I=5, J=5
1.37615 0.301584 0.760305 1.40006 0.156767 0.9 1.24355 
1.3861 0.31114 0.75816 1.41256 0.150917 0.925 1.24355 
1.39604 0.321095 0.756014 1.42517 0.144684 0.95 1.24355 
1.40596 0.33145 0.753869 1.43789 0.138067 0.975 1.24355 
1.41587 0.342205 0.751724 1.45073 0.131068 1 1.24355 
1.37968 0.297396 0.764732 1.40334 0.150393 0.9 1.25173 
1.39045 0.305935 0.762587 1.41623 0.145661 0.925 1.25173 
1.40141 0.314556 0.760441 1.42935 0.140916 0.95 1.25173 
1.41259 0.323259 0.758296 1.4427 0.136157 0.975 1.25173 
1.42397 0.332046 0.756151 1.45626 0.131385 1 1.25173 
1.38424 0.291661 0.769159 1.40711 0.145764 0.9 1.25991 
1.39538 0.299726 0.767014 1.42017 0.141491 0.925 1.25991 
1.40679 0.307766 0.764868 1.4335 0.137327 0.95 1.25991 
1.41848 0.315781 0.762723 1.44708 0.133273 0.975 1.25991 
1.43045 0.323771 0.760578 1.46092 0.129327 1 1.25991 
1.3898 0.284355 0.773586 1.41138 0.142879 0.9 1.26809 
1.40087 0.2925 0.771441 1.42437 0.138405 0.925 1.26809 
1.41215 0.300725 0.769295 1.43759 0.133917 0.95 1.26809 
1.42364 0.309032 0.76715 1.45104 0.129413 0.975 1.26809 
1.43534 0.317421 0.765005 1.46471 0.124894 1 1.26809 
1.39631 0.275452 0.778013 1.41614 0.141737 0.9 1.27627 
1.40691 0.284241 0.775868 1.42883 0.136405 0.925 1.27627 
1.41751 0.293433 0.773723 1.44165 0.130685 0.95 1.27627 
1.42811 0.30303 0.771577 1.45458 0.124579 0.975 1.27627 
1.43871 0.313031 0.769432 1.46763 0.118086 1 1.27627 

ZONE I=5, J=5
1.39631 0.275452 0.765775 1.41614 0.141737 0.9 1.27627 
1.40691 0.284241 0.764292 1.42883 0.136405 0.925 1.27627 
1.41751 0.293433 0.76281 1.44165 0.130685 0.95 1.27627 
1.42811 0.30303 0.761327 1.45458 0.124579 0.975 1.27627 
1.43871 0.313031 0.759844 1.46763 0.118086 1 1.27627 
1.39951 0.271034 0.770034 1.41908 0.135294 0.9 1.28445 
1.41084 0.278754 0.768552 1.43212 0.131088 0.925 1.28445 
1.42237 0.286538 0.767069 1.44539 0.126878 0.95 1.28445 
1.43411 0.294388 0.765586 1.45887 0.122664 0.975 1.28445 
1.44606 0.302302 0.764104 1.47256 0.118447 1 1.28445 
1.40363 0.264992 0.774294 1.42244 0.130621 0.9 1.29263 
1.41529 0.272217 0.772811 1.43564 0.126876 0.925 1.29263 
1.42722 0.27939 0.771329 1.44908 0.123255 0.95 1.29263 
1.43943 0.286513 0.769846 1.46277 0.119758 0.975 1.29263 
1.45191 0.293584 0.768363 1.47672 0.116386 1 1.29263 
1.40863 0.257306 0.778553 1.42623 0.127718 0.9 1.30081 
1.42024 0.264617 0.777071 1.43937 0.123767 0.925 1.30081 
1.43205 0.271988 0.775588 1.45272 0.119815 0.95 1.30081 
1.44408 0.27942 0.774105 1.4663 0.115861 0.975 1.30081 
1.45633 0.286911 0.772623 1.4801 0.111906 1 1.30081 
1.41447 0.247952 0.782813 1.43045 0.126585 0.9 1.309 
1.42565 0.255941 0.78133 1.44332 0.121762 0.925 1.309 
1.43686 0.264332 0.779848 1.45632 0.116558 0.95 1.309 
1.44809 0.273124 0.778365 1.46944 0.110972 0.975 1.309 
1.45935 0.282318 0.776882 1.48269 0.105004 1 1.309 

ZONE I=5, J=5
1.41447 0.247952 0.770895 1.43045 0.126585 0.9 1.309 
1.42565 0.255941 0.769796 1.44332 0.121762 0.925 1.309 
1.43686 0.264332 0.768696 1.45632 0.116558 0.95 1.309 
1.44809 0.273124 0.767596 1.46944 0.110972 0.975 1.309 
1.45935 0.282318 0.766496 1.48269 0.105004 1 1.309 
1.41734 0.243327 0.775011 1.43305 0.120076 0.9 1.31718 
1.42917 0.250197 0.773911 1.44623 0.116395 0.925 1.31718 
1.44121 0.257116 0.772811 1.45962 0.112717 0.95 1.31718 
1.45345 0.264084 0.771711 1.47322 0.109044 0.975 1.31718 
1.4659 0.271101 0.770612 1.48703 0.105375 1 1.31718 
1.42101 0.237018 0.779127 1.43601 0.115361 0.9 1.32536 
1.43313 0.24337 0.778027 1.44932 0.112146 0.925 1.32536 
1.44553 0.249651 0.776927 1.46287 0.109063 0.95 1.32536 
1.45818 0.255862 0.775827 1.47665 0.106115 0.975 1.32536 
1.47111 0.262001 0.774727 1.49068 0.1033 1 1.32536 
1.42544 0.229005 0.783242 1.43933 0.112439 0.9 1.33354 
1.43751 0.235449 0.782143 1.45258 0.109015 0.925 1.33354 
1.4498 0.241938 0.781043 1.46605 0.105597 0.95 1.33354 
1.46231 0.248472 0.779943 1.47974 0.102185 0.975 1.33354 
1.47502 0.25505 0.778843 1.49365 0.0987791 1 1.33354 
1.43058 0.21927 0.787358 1.443 0.111311 0.9 1.34172 
1.44229 0.226424 0.786258 1.45603 0.107003 0.925 1.34172 
1.45404 0.233977 0.785158 1.46919 0.102317 0.95 1.34172 
1.46585 0.241928 0.784058 1.48249 0.0972534 0.975 1.34172 
1.4777 0.250278 0.782959 1.49593 0.091813 1 1.34172 

ZONE I=5, J=5
1.43058 0.21927 0.774616 1.443 0.111311 0.9 1.34172 
1.44229 0.226424 0.774184 1.45603 0.107003 0.925 1.34172 
1.45404 0.233977 0.773753 1.46919 0.102317 0.95 1.34172 
1.46585 0.241928 0.773321 1.48249 0.0972534 0.975 1.34172 
1.4777 0.250278 0.772889 1.49593 0.091813 1 1.34172 
1.43311 0.214454 0.778555 1.44527 0.104759 0.9 1.3499 
1.44538 0.220456 0.778123 1.45856 0.101591 0.925 1.3499 
1.45786 0.226487 0.777692 1.47206 0.0984406 0.95 1.3499 
1.47054 0.232546 0.77726 1.48576 0.095308 0.975 1.3499 
1.48343 0.238633 0.776828 1.49967 0.092193 1 1.3499 
1.43631 0.207908 0.782494 1.44783 0.100006 0.9 1.35808 
1.44884 0.213375 0.782062 1.46123 0.0973071 0.925 1.35808 
1.46163 0.218746 0.781631 1.47486 0.0947567 0.95 1.35808 
1.47467 0.224021 0.781199 1.48873 0.0923547 0.975 1.35808 
1.48797 0.2292 0.780767 1.50282 0.0901011 1 1.35808 
1.44015 0.199618 0.786433 1.45068 0.0970514 0.9 1.36626 
1.45264 0.205172 0.786001 1.46404 0.0941508 0.925 1.36626 
1.46535 0.210754 0.78557 1.47761 0.0912649 0.95 1.36626 
1.47826 0.216364 0.785138 1.49139 0.0883937 0.975 1.36626 
1.49138 0.222003 0.784706 1.50538 0.0855373 1 1.36626 
1.44458 0.189565 0.790372 1.4538 0.0958957 0.9 1.37445 
1.45676 0.195837 0.78994 1.46698 0.092122 0.925 1.37445 
1.46901 0.202511 0.789509 1.48029 0.0879651 0.95 1.37445 
1.48132 0.20959 0.789077 1.49375 0.0834249 0.975 1.37445 
1.4937 0.217071 0.788645 1.50735 0.0785015 1 1.37445 

ZONE I=5, J=5
1.44458 0.189565 0.775336 1.4538 0.0958957 0.9 1.37445 
1.45676 0.195837 0.776484 1.46698 0.092122 0.925 1.37445 
1.46901 0.202511 0.777632 1.48029 0.0879651 0.95 1.37445 
1.48132 0.20959 0.77878 1.49375 0.0834249 0.975 1.37445 
1.4937 0.217071 0.779928 1.50735 0.0785015 1 1.37445 
1.44677 0.184551 0.779207 1.45575 0.0893359 0.9 1.38263 
1.45942 0.189671 0.780355 1.46914 0.0866738 0.925 1.38263 
1.47228 0.194793 0.781503 1.48273 0.084047 0.95 1.38263 
1.48534 0.199918 0.78265 1.49652 0.0814555 0.975 1.38263 
1.49861 0.205046 0.783798 1.51051 0.0788993 1 1.38263 
1.4495 0.177802 0.783078 1.45791 0.084554 0.9 1.39081 
1.46237 0.182375 0.784225 1.4714 0.0823595 0.925 1.39081 
1.47549 0.18682 0.785373 1.4851 0.0803351 0.95 1.39081 
1.48886 0.191136 0.786521 1.49902 0.0784807 0.975 1.39081 
1.50247 0.195325 0.787669 1.51316 0.0767963 1 1.39081 
1.45273 0.169304 0.786948 1.46028 0.0815501 0.9 1.39899 
1.46558 0.173942 0.788096 1.47374 0.0791791 0.925 1.39899 
1.47864 0.178592 0.789244 1.4874 0.0768292 0.95 1.39899 
1.4919 0.183256 0.790392 1.50126 0.0745004 0.975 1.39899 
1.50535 0.187933 0.791539 1.51532 0.0721926 1 1.39899 
1.45641 0.159045 0.790819 1.46286 0.0803241 0.9 1.40717 
1.46903 0.164364 0.791967 1.47618 0.0771326 0.925 1.40717 
1.48172 0.170111 0.793114 1.48964 0.0735295 0.95 1.40717 
1.49448 0.176287 0.794262 1.50324 0.0695146 0.975 1.40717 
1.50731 0.182891 0.79541 1.51697 0.0650881 1 1.40717 

ZONE I=5, J=5
1.45641 0.159045 0.771317 1.46286 0.0803241 0.9 1.40717 
1.46903 0.164364 0.775776 1.47618 0.0771326 0.925 1.40717 
1.48172 0.170111 0.780236 1.48964 0.0735295 0.95 1.40717 
1.49448 0.176287 0.784695 1.50324 0.0695146 0.975 1.40717 
1.50731 0.182891 0.789154 1.51697 0.0650881 1 1.40717 
1.45826 0.153802 0.775197 1.46449 0.0738243 0.9 1.41535 
1.47125 0.158033 0.779656 1.47798 0.071655 0.925 1.41535 
1.48443 0.162227 0.784115 1.49165 0.0695519 0.95 1.41535 
1.4978 0.166385 0.788574 1.5055 0.0675151 0.975 1.41535 
1.51137 0.170505 0.793033 1.51955 0.0655445 1 1.41535 
1.46051 0.146869 0.779076 1.46625 0.0690277 0.9 1.42353 
1.47368 0.150558 0.783535 1.47982 0.0673115 0.925 1.42353 
1.48707 0.154064 0.787994 1.49358 0.0658091 0.95 1.42353 
1.5007 0.157387 0.792453 1.50755 0.0645204 0.975 1.42353 
1.51455 0.160529 0.796913 1.52171 0.0634454 1 1.42353 
1.46311 0.138239 0.782955 1.46815 0.0659341 0.9 1.43171 
1.47629 0.141933 0.787414 1.48171 0.0641022 0.925 1.43171 
1.48965 0.145622 0.791873 1.49545 0.062301 0.95 1.43171 
1.50318 0.149304 0.796333 1.50937 0.0605306 0.975 1.43171 
1.5169 0.152981 0.800792 1.52346 0.0587908 1 1.43171 
1.46602 0.1279 0.786834 1.47018 0.0645435 0.9 1.4399 
1.47906 0.132154 0.791294 1.48365 0.062027 0.925 1.4399 
1.49215 0.136902 0.795753 1.49725 0.0590278 0.95 1.4399 
1.50529 0.142145 0.800212 1.51096 0.0555457 0.975 1.4399 
1.51848 0.147881 0.804671 1.52479 0.0515808 1 1.4399 

ZONE I=5, J=5
1.46602 0.1279 0.759668 1.47018 0.0645435 0.9 1.4399 
1.47906 0.132154 0.77039 1.48365 0.062027 0.925 1.4399 
1.49215 0.136902 0.781111 1.49725 0.0590278 0.95 1.4399 
1.50529 0.142145 0.791833 1.51096 0.0555457 0.975 1.4399 
1.51848 0.147881 0.802555 1.52479 0.0515808 1 1.4399 
1.46754 0.122349 0.763723 1.47148 0.0582107 0.9 1.44808 
1.48083 0.12568 0.774445 1.48507 0.0565311 0.925 1.44808 
1.49428 0.128921 0.785167 1.49882 0.0549612 0.95 1.44808 
1.5079 0.132072 0.795888 1.51273 0.0535011 0.975 1.44808 
1.52169 0.135133 0.80661 1.52678 0.0521506 1 1.44808 
1.46929 0.115251 0.767778 1.47284 0.053424 0.9 1.45626 
1.48272 0.118066 0.7785 1.4865 0.0521621 0.925 1.45626 
1.49634 0.120617 0.789222 1.50032 0.0511841 0.95 1.45626 
1.51016 0.122905 0.799944 1.51431 0.05049 0.975 1.45626 
1.52416 0.124929 0.810665 1.52845 0.0500799 1 1.45626 
1.47125 0.1066 0.771833 1.47425 0.0501835 0.9 1.46444 
1.48472 0.109309 0.782555 1.48793 0.04892 0.925 1.46444 
1.49833 0.111993 0.793277 1.50175 0.0476964 0.95 1.46444 
1.51208 0.114651 0.803999 1.51571 0.0465126 0.975 1.46444 
1.52597 0.117285 0.814721 1.5298 0.0453686 1 1.46444 
1.47336 0.0963918 0.775888 1.47571 0.0484891 0.9 1.47262 
1.48679 0.0994066 0.78661 1.48937 0.0468049 0.925 1.47262 
1.50023 0.103049 0.797332 1.50311 0.0444981 0.95 1.47262 
1.51369 0.107318 0.808054 1.51692 0.0415687 0.975 1.47262 
1.52718 0.112215 0.818776 1.53082 0.0380168 1 1.47262 

ZONE I=5, J=5
1.47336 0.0963918 0.73388 1.47571 0.0484891 0.9 1.47262 
1.48679 0.0994066 0.756106 1.48937 0.0468049 0.925 1.47262 
1.50023 0.103049 0.778333 1.50311 0.0444981 0.95 1.47262 
1.51369 0.107318 0.800559 1.51692 0.0415687 0.975 1.47262 
1.52718 0.112215 0.822785 1.53082 0.0380168 1 1.47262 
1.47455 0.0902972 0.739108 1.4767 0.0425949 0.9 1.4808 
1.4881 0.0927936 0.761334 1.49042 0.0413271 0.925 1.4808 
1.50178 0.095086 0.783561 1.50425 0.0402729 0.95 1.4808 
1.51557 0.0971744 0.805787 1.51817 0.0394324 0.975 1.4808 
1.52948 0.0990589 0.828013 1.53219 0.0388056 1 1.4808 
1.4758 0.0830286 0.744336 1.47765 0.0378591 0.9 1.48898 
1.48946 0.0850646 0.766562 1.49143 0.0369466 0.925 1.48898 
1.50326 0.0866826 0.788789 1.50531 0.0364612 0.95 1.48898 
1.51718 0.0878827 0.811015 1.51929 0.0364028 0.975 1.48898 
1.53123 0.0886648 0.833242 1.53335 0.0367715 1 1.48898 
1.47709 0.0745842 0.749564 1.47857 0.0342815 0.9 1.49716 
1.49084 0.0762182 0.77179 1.4924 0.0336634 0.925 1.49716 
1.50466 0.0778396 0.794017 1.5063 0.0330629 0.95 1.49716 
1.51854 0.0794484 0.816243 1.52027 0.03248 0.975 1.49716 
1.5325 0.0810447 0.83847 1.53431 0.0319146 1 1.49716 
1.47838 0.0649626 0.754792 1.47947 0.0318622 0.9 1.50535 
1.4922 0.0662534 0.777018 1.49334 0.0314775 0.925 1.50535 
1.50596 0.068558 0.799245 1.50722 0.0300781 0.95 1.50535 
1.51968 0.0718766 0.821471 1.52113 0.0276639 0.975 1.50535 
1.53335 0.0762089 0.843698 1.53505 0.0242349 1 1.50535 

ZONE I=5, J=5
1.47838 0.0649626 0.689486 1.47947 0.0318622 0.9 1.50535 
1.4922 0.0662534 0.729941 1.49334 0.0314775 0.925 1.50535 
1.50596 0.068558 0.770396 1.50722 0.0300781 0.95 1.50535 
1.51968 0.0718766 0.81085 1.52113 0.0276639 0.975 1.50535 
1.53335 0.0762089 0.851305 1.53505 0.0242349 1 1.50535 
1.4793 0.057533 0.699265 1.48017 0.0272293 0.9 1.51353 
1.49308 0.0594818 0.739719 1.49404 0.0260725 0.925 1.51353 
1.5069 0.0609283 0.780174 1.50792 0.0254191 0.95 1.51353 
1.52075 0.0618726 0.820629 1.5218 0.0252692 0.975 1.51353 
1.53464 0.0623146 0.861084 1.53569 0.0256229 1 1.51353 
1.48013 0.0499062 0.709043 1.48079 0.0227787 0.9 1.52171 
1.49395 0.0516381 0.749498 1.49468 0.021727 0.925 1.52171 
1.50779 0.052511 0.789953 1.50855 0.0215346 0.95 1.52171 
1.52167 0.0525251 0.830408 1.52242 0.0222015 0.975 1.52171 
1.53558 0.0516802 0.870863 1.53627 0.0237277 1 1.52171 
1.48084 0.0420838 0.718822 1.48132 0.0185103 0.9 1.52989 
1.49475 0.0427225 0.759277 1.49525 0.0184412 0.925 1.52989 
1.50863 0.0433067 0.799732 1.50913 0.0184246 0.95 1.52989 
1.52246 0.0438366 0.840186 1.52297 0.0184607 0.975 1.52989 
1.53624 0.0443121 0.880641 1.53677 0.0185495 1 1.52989 
1.48145 0.0340678 0.728601 1.48177 0.0144242 0.9 1.53807 
1.49549 0.0327356 0.769055 1.49576 0.0162149 0.925 1.53807 
1.50937 0.0333161 0.80951 1.50966 0.0160892 0.95 1.53807 
1.52312 0.0358094 0.849965 1.52347 0.0140469 0.975 1.53807 
1.53671 0.0402154 0.89042 1.53721 0.0100882 1 1.53807 

ZONE I=5, J=5
1.48145 0.0340678 0.677804 1.48177 0.0144242 0.9 1.53807 
1.49549 0.0327356 0.739035 1.49576 0.0162149 0.925 1.53807 
1.50937 0.0333161 0.800266 1.50966 0.0160892 0.95 1.53807 
1.52312 0.0358094 0.861497 1.52347 0.0140469 0.975 1.53807 
1.53671 0.0402154 0.922728 1.53721 0.0100882 1 1.53807 
1.48145 0.0271016 0.673373 1.48167 0.009269 0.9 1.54625 
1.49563 0.026469 0.734604 1.49583 0.0102494 0.925 1.54625 
1.50966 0.0259321 0.795835 1.50985 0.0111306 0.95 1.54625 
1.52356 0.025491 0.857066 1.52373 0.0119127 0.975 1.54625 
1.53732 0.0251456 0.918297 1.53747 0.0125956 1 1.54625 
1.48158 0.0191029 0.668942 1.48169 0.00514656 0.9 1.55443 
1.49577 0.0189233 0.730173 1.49588 0.00555836 0.925 1.55443 
1.50982 0.0179153 0.791404 1.50991 0.0067962 0.95 1.55443 
1.52373 0.0160788 0.852635 1.52379 0.00886009 0.975 1.55443 
1.53751 0.013414 0.913866 1.53752 0.01175 1 1.55443 
1.4818 0.0100682 0.664511 1.48183 0.00205689 0.9 1.56261 
1.49587 0.0100983 0.725742 1.4959 0.0021419 0.925 1.56261 
1.50982 0.00926837 0.786973 1.50984 0.00308601 0.95 1.56261 
1.52365 0.00757829 0.848204 1.52366 0.0048892 0.975 1.56261 
1.53736 0.00502811 0.909435 1.53735 0.00755149 1 1.56261 
1.48208 -5.444e-06 0.660081 1.48208 0 0.9 1.5708 
1.4959 -5.49474e-06 0.721311 1.4959 0 0.925 1.5708 
1.50965 -5.54526e-06 0.782542 1.50965 0 0.95 1.5708 
1.52334 -5.59554e-06 0.843773 1.52334 0 0.975 1.5708 
1.53696 -5.64559e-06 0.905004 1.53696 0 1 1.5708 

