ZONE I=2, J=2
0.00000000000000000 0.94285713287817186 13.63189987833931660 0.94285713287817186 0.00000000000000000 0.84999999999999998 0.00000000000000000 
0.00000000000000000 1.05000000017190676 0.67968489464367898 1.05000000017190676 0.00000000000000000 1.00000000000000000 0.00000000000000000 
0.05689600488017114 0.94297258997083777 13.66471697097173710 0.94465798563069903 0.00746665867602428 0.84999999999999998 0.05235987755966667 
0.05791341792159281 1.05000000045828967 0.71250198727609793 1.05159196605618765 0.00288129551618301 1.00000000000000000 0.05235987755966667 

ZONE I=2, J=2
0.05689600488017114 0.94297258997083777 13.44701024183829574 0.94465798563069903 0.00746665867602428 0.84999999999999998 0.05235987755966667 
0.05791341792159281 1.05000000045828967 0.85529902601709851 1.05159196605618765 0.00288129551618301 1.00000000000000000 0.05235987755966667 
0.11356142758559955 0.94322916466990947 13.52401653547724436 0.94993245812615046 0.01434503111128939 0.84999999999999998 0.10471975511933333 
0.11608634932920264 1.05000000061831700 0.93230531965604668 1.05638231845334851 0.00569552966593908 1.00000000000000000 0.10471975511933333 

ZONE I=2, J=2
0.11356142758559955 0.94322916466990947 12.99939018364962706 0.94993245812615046 0.01434503111128939 0.84999999999999998 0.10471975511933333 
0.11608634932920264 1.05000000061831700 1.30321454023727457 1.05638231845334851 0.00569552966593908 1.00000000000000000 0.10471975511933333 
0.16967634505114385 0.94348245333850589 13.18098480644744797 0.95840984698658582 0.01999417481942784 0.84999999999999998 0.15707963267899999 
0.17475821880923476 1.05000000118578574 1.48480916303509458 1.06441096726688356 0.00835046666383608 1.00000000000000000 0.15707963267899999 

ZONE I=2, J=2
0.16967634505114385 0.94348245333850589 12.13575053971256423 0.95840984698658582 0.01999417481942784 0.84999999999999998 0.15707963267899999 
0.17475821880923476 1.05000000118578574 2.25083676342701633 1.06441096726688356 0.00835046666383608 1.00000000000000000 0.15707963267899999 
0.22479343406726474 0.94321114197223255 12.57715768769225662 0.96933689846717219 0.02377653486864428 0.84999999999999998 0.20943951023866667 
0.23397257479166589 1.05000000102280566 2.69224391140671049 1.07570061540086392 0.01055243709938062 1.00000000000000000 0.20943951023866667 

ZONE I=2, J=2
0.22479343406726474 0.94321114197223255 10.71681863050362438 0.96933689846717219 0.02377653486864428 0.84999999999999998 0.20943951023866667 
0.23397257479166589 1.05000000102280566 4.29650185653681760 1.07570061540086392 0.01055243709938062 1.00000000000000000 0.20943951023866667 
0.27912113562481172 0.94165435904677119 11.49924954470074567 0.98181013063127931 0.02589223153882906 0.84999999999999998 0.26179938779833334 
0.29295431218705131 1.04928612878919525 5.07893277073393890 1.08935472630327035 0.01139690217257206 1.00000000000000000 0.26179938779833334 

ZONE I=2, J=2
0.27912113562481172 0.94165435904677119 9.96568729799184538 0.98181013063127931 0.02589223153882906 0.84999999999999998 0.26179938779833334 
0.29295431218705131 1.04928612878919525 6.34565193433981545 1.08935472630327035 0.01139690217257206 1.00000000000000000 0.26179938779833334 
0.33248341997763442 0.93613549133614793 10.29107639249371076 0.99306078629137440 0.02692874727038885 0.84999999999999998 0.31415926535799998 
0.35157067748959531 1.04275143994843233 6.67104102884168260 1.10035686590729798 0.01213566791284605 1.00000000000000000 0.31415926535799998 

ZONE I=2, J=2
0.33248341997763442 0.93613549133614793 9.67949392142771181 0.99306078629137440 0.02692874727038885 0.84999999999999998 0.31415926535799998 
0.35157067748959531 1.04275143994843233 7.10123025503195215 1.10035686590729798 0.01213566791284605 1.00000000000000000 0.31415926535799998 
0.38462166248609764 0.92677413946537113 9.86285900453180808 1.00305427292447491 0.02694910765316461 0.84999999999999998 0.36651914291766668 
0.41007802442877112 1.03148406921178970 7.28459533813604843 1.10993215802792289 0.01318998607253860 1.00000000000000000 0.36651914291766668 

ZONE I=2, J=2
0.38462166248609764 0.92677413946537113 9.58299860133595871 1.00305427292447491 0.02694910765316461 0.84999999999999998 0.36651914291766668 
0.41007802442877112 1.03148406921178970 7.51127494271788354 1.10993215802792289 0.01318998607253860 1.00000000000000000 0.36651914291766668 
0.43578978802575918 0.91343350046188621 9.74580904298128914 1.01171470067381386 0.02658690568844028 0.84999999999999998 0.41887902047733333 
0.46790438177630084 1.01580737086031436 7.67408538436321219 1.11830006701344464 0.01428584254889055 1.00000000000000000 0.41887902047733333 

ZONE I=2, J=2
0.43578978802575918 0.91343350046188621 9.63238588274615459 1.01171470067381386 0.02658690568844028 0.84999999999999998 0.41887902047733333 
0.46790438177630084 1.01580737086031436 7.76847346966747132 1.11830006701344464 0.01428584254889055 1.00000000000000000 0.41887902047733333 
0.48592062099288985 0.89635586991800320 9.77813057611602865 1.01926227364975563 0.02602139421527484 0.84999999999999998 0.47123889803699998 
0.52459871022350513 0.99600638491813975 7.91421816303734538 1.12561101771240168 0.01524343695883404 1.00000000000000000 0.47123889803699998 

ZONE I=2, J=2
0.48592062099288985 0.89635586991800320 9.74813486156743636 1.01926227364975563 0.02602139421527484 0.84999999999999998 0.47123889803699998 
0.52459871022350513 0.99600638491813975 7.93940733152675904 1.12561101771240168 0.01524343695883404 1.00000000000000000 0.47123889803699998 
0.53487051874395108 0.87575825841888044 9.87659400596612258 1.02586415873670189 0.02533232775985657 0.84999999999999998 0.52359877559666668 
0.57984304905069883 0.97235191933135467 8.06786647592544526 1.13200298808483368 0.01598285102190186 1.00000000000000000 0.52359877559666668 

ZONE I=2, J=2
0.53487051874395108 0.87575825841888044 9.88907445084941017 1.02586415873670189 0.02533232775985657 0.84999999999999998 0.52359877559666668 
0.57984304905069883 0.97235191933135467 8.05785931408690104 1.13200298808483368 0.01598285102190186 1.00000000000000000 0.52359877559666668 
0.58247759905096430 0.85185207294152232 10.00136188771636725 1.03166329928429623 0.02455492783099036 0.84999999999999998 0.57595865315633332 
0.63340958718258622 0.94510320414163385 8.17014675095385812 1.13760982731686489 0.01648188113322914 1.00000000000000000 0.57595865315633332 

ZONE I=2, J=2
0.58247759905096430 0.85185207294152232 10.03394726676861026 1.03166329928429623 0.02455492783099036 0.84999999999999998 0.57595865315633332 
0.63340958718258622 0.94510320414163385 8.14361800212886777 1.13760982731686489 0.01648188113322914 1.00000000000000000 0.57595865315633332 
0.62858034079773484 0.82483752698244250 10.13168965192280524 1.03677783112883914 0.02370484413971973 0.84999999999999998 0.62831853071599997 
0.68511976928285157 0.91449771816290149 8.24136038728306275 1.14254749174934744 0.01674526454303586 1.00000000000000000 0.62831853071599997 

ZONE I=2, J=2
0.62858034079773484 0.82483752698244250 10.17239088656436152 1.03677783112883914 0.02370484413971973 0.84999999999999998 0.62831853071599997 
0.68511976928285157 0.91449771816290149 8.20829278276161389 1.14254749174934744 0.01674526454303586 1.00000000000000000 0.62831853071599997 
0.67302485267126677 0.79490455186221931 10.25733022397010075 1.04130512569277944 0.02278890279062972 0.84999999999999998 0.68067840827566661 
0.73482356141583594 0.88075290097015857 8.29323212016735312 1.14691301105328258 0.01678940308336003 1.00000000000000000 0.68067840827566661 

ZONE I=2, J=2
0.67302485267126677 0.79490455186221931 10.29979128257931009 1.04130512569277944 0.02278890279062972 0.84999999999999998 0.68067840827566661 
0.73482356141583594 0.88075290097015857 8.25885941063653917 1.14691301105328258 0.01678940308336003 1.00000000000000000 0.68067840827566661 
0.71566718189913225 0.76223387787159547 10.37357586413252264 1.04532497751909603 0.02181034610723329 0.84999999999999998 0.73303828583533337 
0.78238821447316431 0.84406983354874099 8.33264399218975171 1.15078602950172715 0.01663479357116991 1.00000000000000000 0.73303828583533337 

ZONE I=2, J=2
0.71566718189913225 0.76223387787159547 10.41455568854433622 1.04532497751909603 0.02181034610723329 0.84999999999999998 0.73303828583533337 
0.78238821447316431 0.84406983354874099 8.29959370384436212 1.15078602950172715 0.01663479357116991 1.00000000000000000 0.73303828583533337 
0.75637365013241820 0.72699866828492377 10.47865942562076214 1.04890262537726220 0.02077124886416309 0.84999999999999998 0.78539816339500002 
0.82769240432663416 0.80463728104636767 8.36369744092078804 1.15423138965931327 0.01630243401539418 1.00000000000000000 0.78539816339500002 

ZONE I=2, J=2
0.75637365013241820 0.72699866828492377 10.51662614487652547 1.04890262537726220 0.02077124886416309 0.84999999999999998 0.78539816339500002 
0.82769240432663416 0.80463728104636767 8.33318269507302389 1.15423138965931327 0.01630243401539418 1.00000000000000000 0.78539816339500002 
0.79502045156895695 0.68936621900367778 10.57232890437839146 1.05209137085736470 0.01967357831727783 0.84999999999999998 0.83775804095466666 
0.87062323176550171 0.76263523423017854 8.38888545457488988 1.15730172633796657 0.01581222293948359 1.00000000000000000 0.83775804095466666 

ZONE I=2, J=2
0.79502045156895695 0.68936621900367778 10.60667667617878962 1.05209137085736470 0.01967357831727783 0.84999999999999998 0.83775804095466666 
0.87062323176550171 0.76263523423017854 8.36136400378278211 1.15730172633796657 0.01581222293948359 1.00000000000000000 0.83775804095466666 
0.83149307444769249 0.64949953633246182 10.65507280984869354 1.05493478697784626 0.01851960514063291 0.84999999999999998 0.89011791851433331 
0.91107478405805864 0.71823776746346246 8.40976013745268602 1.16003976170282841 0.01518235903218176 1.00000000000000000 0.89011791851433331 

ZONE I=2, J=2
0.83149307444769249 0.64949953633246182 10.68568373869146448 1.05493478697784626 0.01851960514063291 0.84999999999999998 0.89011791851433331 
0.91107478405805864 0.71823776746346246 8.38529856636015047 1.16003976170282841 0.01518235903218176 1.00000000000000000 0.89011791851433331 
0.86568576595578539 0.60755869463031309 10.72770136229817517 1.05746853705243704 0.01731201731524849 0.84999999999999998 0.94247779607399995 
0.94894753986022362 0.67161523859665273 8.42731618996686116 1.16248021897917941 0.01442922742660137 1.00000000000000000 0.94247779607399995 

ZONE I=2, J=2
0.86568576595578539 0.60755869463031309 10.75470165592896699 1.05746853705243704 0.01731201731524849 0.84999999999999998 0.94247779607399995 
0.94894753986022362 0.67161523859665273 8.40578987879335138 1.16248021897917941 0.01442922742660137 1.00000000000000000 0.94247779607399995 
0.89750111158640677 0.56370194672123819 10.79112445849155044 1.05972185128411867 0.01605390753397912 0.84999999999999998 0.99483767363366671 
0.98414822319860651 0.62293592985703550 8.44221268135593483 1.16465137300593757 0.01356750851144342 1.00000000000000000 0.99483767363366671 

ZONE I=2, J=2
0.89750111158640677 0.56370194672123819 10.81475005494645636 1.05972185128411867 0.01605390753397912 0.84999999999999998 0.99483767363366671 
0.98414822319860651 0.62293592985703550 8.42341433648823390 1.16465137300593757 0.01356750851144342 1.00000000000000000 0.99483767363366671 
0.92684973602134268 0.51808659559692249 10.84623802398554027 1.06171871468379675 0.01474871486700729 0.84999999999999998 1.04719755119333335 
1.01658988838137643 0.57236723899754516 8.45490230552731781 1.16657628806739044 0.01261037492866310 1.00000000000000000 1.04719755119333335 

ZONE I=2, J=2
0.92684973602134268 0.51808659559692249 10.86676189809394089 1.06171871468379675 0.01474871486700729 0.84999999999999998 1.04719755119333335 
1.01658988838137643 0.57236723899754516 8.43859966733670319 1.16657628806739044 0.01261037492866310 1.00000000000000000 1.04719755119333335 
0.95365010888068691 0.47086965252929541 10.89386960745939703 1.06347881766955510 0.01340015706514959 0.84999999999999998 1.09955742875299989 
1.04619211548204771 0.52007651823981693 8.46570737670215934 1.16827379886739324 0.01156971050642547 1.00000000000000000 1.09955742875299989 

ZONE I=2, J=2
0.95365010888068691 0.47086965252929541 10.91156365743032985 1.06347881766955510 0.01340015706514959 0.84999999999999998 1.09955742875299989 
1.04619211548204771 0.52007651823981693 8.45167283193522145 1.16827379886739324 0.01156971050642547 1.00000000000000000 1.09955742875299989 
0.97782843248253326 0.42220831214017890 10.93475580565427840 1.06501831440675576 0.01201216840123187 0.84999999999999998 1.15191730631266664 
1.07288125032181059 0.46623164093627428 8.47486498015917000 1.16975928535150886 0.01045632039247161 1.00000000000000000 1.15191730631266664 

ZONE I=2, J=2
0.97782843248253326 0.42220831214017890 10.94987194004815301 1.06501831440675576 0.01201216840123187 0.84999999999999998 1.15191730631266664 
1.07288125032181059 0.46623164093627428 8.46288980545918967 1.16975928535150886 0.01045632039247161 1.00000000000000000 1.15191730631266664 
0.99931858970143317 0.37226027474247814 10.96953627159878586 1.06635042653663836 0.01058884787575869 0.84999999999999998 1.20427718387233340 
1.09659065303047698 0.41100135887190226 8.48255413700982253 1.17104528378825834 0.00928011991490994 1.00000000000000000 1.20427718387233340 

ZONE I=2, J=2
0.99931858970143317 0.37226027474247814 10.98229797789085360 1.06635042653663836 0.01058884787575869 0.84999999999999998 1.20427718387233340 
1.09659065303047698 0.41100135887190226 8.47245449186714161 1.17104528378825834 0.00928011991490994 1.00000000000000000 1.20427718387233340 
1.01806213337141771 0.32118394348650747 10.99875587946412203 1.06748592279389021 0.00913441816334681 0.84999999999999998 1.25663706143199994 
1.11726093595128306 0.35455549882545101 8.48891239344041004 1.17214196812460947 0.00805029881857396 1.00000000000000000 1.25663706143199994 

ZONE I=2, J=2
1.01806213337141771 0.32118394348650747 11.00935534976553143 1.06748592279389021 0.00913441816334681 0.84999999999999998 1.25663706143199994 
1.11726093595128306 0.35455549882545101 8.48053102909928924 1.17214196812460947 0.00805029881857396 1.00000000000000000 1.25663706143199994 
1.03400830243279374 0.26913852021868334 11.02287044394222804 1.06843349872042692 0.00765319393964505 0.84999999999999998 1.30899693899166669 
1.13484018082095717 0.29706503573447351 8.49404612327598585 1.17305752824763365 0.00677546184542582 1.00000000000000000 1.30899693899166669 

ZONE I=2, J=2
1.03400830243279374 0.26913852021868334 11.03146849442411970 1.06843349872042692 0.00765319393964505 0.84999999999999998 1.30899693899166669 
1.13484018082095717 0.29706503573447351 8.48725200252061818 1.17305752824763365 0.00677546184542582 1.00000000000000000 1.30899693899166669 
1.04711405340389119 0.21628402034485961 11.04225352846683883 1.06920007539840256 0.00614955774939206 0.84999999999999998 1.36135681655133323 
1.14928413013266728 0.23870207122595860 8.49803703656333731 1.17379846568097457 0.00546374847102066 1.00000000000000000 1.36135681655133323 

ZONE I=2, J=2
1.04711405340389119 0.21628402034485961 11.04898077704494064 1.06920007539840256 0.00614955774939206 0.84999999999999998 1.36135681655133323 
1.14928413013266728 0.23870207122595860 8.49272406542075053 1.17379846568097457 0.00546374847102066 1.00000000000000000 1.36135681655133323 
1.05734409855566258 0.16278122377340487 11.05720306044075052 1.06979103180007051 0.00462794163691471 0.84999999999999998 1.41371669411099998 
1.16055635024243142 0.17963973988068666 8.50094634881656042 1.17436982234627996 0.00412293521669541 1.00000000000000000 1.41371669411099998 

ZONE I=2, J=2
1.05734409855566258 0.16278122377340487 11.06216152203386649 1.06979103180007051 0.00462794163691471 0.84999999999999998 1.41371669411099998 
1.16055635024243142 0.17963973988068666 8.49703186625497331 1.17436982234627996 0.00412293521669541 1.00000000000000000 1.41371669411099998 
1.06467094439061283 0.10879157633098242 11.06794711817189558 1.07021038184921080 0.00309281301497224 0.84999999999999998 1.46607657167066674 
1.16862836515315194 0.12005206091019369 8.50281746239300240 1.17477535413228384 0.00276052398654477 1.00000000000000000 1.46607657167066674 

ZONE I=2, J=2
1.06467094439061283 0.10879157633098242 11.07121176568764476 1.07021038184921080 0.00309281301497224 0.84999999999999998 1.46607657167066674 
1.16862836515315194 0.12005206091019369 8.50024082781687618 1.17477535413228384 0.00276052398654477 1.00000000000000000 1.46607657167066674 
1.06907492578105212 0.05447705391150080 11.07464859687660486 1.07046090446026221 0.00154866353873067 0.84999999999999998 1.51843644923033327 
1.17347976059349923 0.06011374954173975 8.50367765900583628 1.17501765793100410 0.00138381967074293 1.00000000000000000 1.51843644923033327 

ZONE I=2, J=2
1.06907492578105212 0.05447705391150080 11.07626866083234063 1.07046090446026221 0.00154866353873067 0.84999999999999998 1.51843644923033327 
1.17347976059349923 0.06011374954173975 8.50239910953275668 1.17501765793100410 0.00138381967074293 1.00000000000000000 1.51843644923033327 
1.07054423247902841 0.00000000000524201 11.07740863111180474 1.07054423247902841 0.00000000000000000 0.84999999999999998 1.57079632679000003 
1.17509825826185677 0.00000000000575397 8.50353907981222079 1.17509825826185677 0.00000000000000000 1.00000000000000000 1.57079632679000003 

