ZONE I=2, J=2
0.00000000000000000 0.51354351985640756 47.97643300295241175 0.51354351985640756 0.00000000000000000 0.84999999999999998 0.00000000000000000 
0.00000000000000000 0.59000000000801989 -0.46130082579571402 0.59000000000801989 0.00000000000000000 1.00000000000000000 0.00000000000000000 
0.06795370868672478 0.51358718953130000 48.03154274083616571 0.51643975846191881 0.04098150381250949 0.84999999999999998 0.05235987755966667 
0.06789062375566898 0.59000000162179589 -0.40619108791195307 0.59274454783894870 0.03691936774720318 1.00000000000000000 0.05235987755966667 

ZONE I=2, J=2
0.06795370868672478 0.51358718953130000 48.12205176319883293 0.51643975846191881 0.04098150381250949 0.84999999999999998 0.05235987755966667 
0.06789062375566898 0.59000000162179589 -0.46422292615394001 0.59274454783894870 0.03691936774720318 1.00000000000000000 0.05235987755966667 
0.13590218352761768 0.51367754745817540 48.27646294286686413 0.52506921450506472 0.08146377249584445 0.84999999999999998 0.10471975511933333 
0.13577499804767845 0.59000000371373529 -0.30981174648590282 0.60096027385674078 0.07335941468609036 1.00000000000000000 0.10471975511933333 

ZONE I=2, J=2
0.13590218352761768 0.51367754745817540 48.46011934932123211 0.52506921450506472 0.08146377249584445 0.84999999999999998 0.10471975511933333 
0.13577499804767845 0.59000000371373529 -0.42875455908365900 0.60096027385674078 0.07335941468609036 1.00000000000000000 0.10471975511933333 
0.20383699528234472 0.51382804060801124 48.72189337885136240 0.53938909609172003 0.12094700896739784 0.84999999999999998 0.15707963267899999 
0.20364702425683123 0.59000000121420249 -0.16698052955352513 0.61459353544698381 0.10884345689198903 1.00000000000000000 0.15707963267899999 

ZONE I=2, J=2
0.20383699528234472 0.51382804060801124 48.99810912237446558 0.53938909609172003 0.12094700896739784 0.84999999999999998 0.15707963267899999 
0.20364702425683123 0.59000000121420249 -0.34833000641294265 0.61459353544698381 0.10884345689198903 1.00000000000000000 0.15707963267899999 
0.27175126422371521 0.51403805350267950 49.36999072775649466 0.55930535354603406 0.15893832624875873 0.84999999999999998 0.20943951023866667 
0.27150004622587692 0.59000000240981421 0.02355159896909131 0.63355512045792794 0.14289922073186592 1.00000000000000000 0.20943951023866667 

ZONE I=2, J=2
0.27175126422371521 0.51403805350267950 49.74168637147162286 0.55930535354603406 0.15893832624875873 0.84999999999999998 0.20943951023866667 
0.27150004622587692 0.59000000240981421 -0.22197151756283295 0.63355512045792794 0.14289922073186592 1.00000000000000000 0.20943951023866667 
0.33963745185941507 0.51430673526722959 50.22798898705411119 0.58468679920017985 0.19495220821483703 0.84999999999999998 0.26179938779833334 
0.33932740914932497 0.59000000168352096 0.26433109801965804 0.65772063514970447 0.17506187101941267 1.00000000000000000 0.26179938779833334 

ZONE I=2, J=2
0.33963745185941507 0.51430673526722959 50.69877939050443416 0.58468679920017985 0.19495220821483703 0.84999999999999998 0.26179938779833334 
0.33932740914932497 0.59000000168352096 -0.04774494980341082 0.65772063514970447 0.17506187101941267 1.00000000000000000 0.26179938779833334 
0.40748727034099819 0.51463307527874902 51.30540533086922750 0.61536563127147170 0.22851305763715871 0.84999999999999998 0.31415926535799998 
0.40712232061248044 0.59000000200019387 0.55888099056137897 0.68693106237485979 0.20487630864906409 1.00000000000000000 0.31415926535799998 

ZONE I=2, J=2
0.40748727034099819 0.51463307527874902 51.87938443388355836 0.61536563127147170 0.22851305763715871 0.84999999999999998 0.31415926535799998 
0.40712232061248044 0.59000000200019387 0.17738727901036422 0.68693106237485979 0.20487630864906409 1.00000000000000000 0.31415926535799998 
0.47529139749384808 0.51501590306673961 52.61401414342859084 0.65113796999398288 0.25915755241825306 0.84999999999999998 0.36651914291766668 
0.47487802391341682 0.59000000292193011 0.91201698855539737 0.72099351807491607 0.23189973682120651 1.00000000000000000 0.36651914291766668 

ZONE I=2, J=2
0.47529139749384808 0.51501590306673961 53.29527364654201449 0.65113796999398288 0.25915755241825306 0.84999999999999998 0.36651914291766668 
0.47487802391341682 0.59000000292193011 0.45802194964871584 0.72099351807491607 0.23189973682120651 1.00000000000000000 0.36651914291766668 
0.54303902937025039 0.51545392946724433 54.16768964510664830 0.69176446775365319 0.28643683767300521 0.84999999999999998 0.41887902047733333 
0.54258826358453116 0.59000000343202663 1.33043794821334571 0.75968235204681267 0.25570442275817357 1.00000000000000000 0.41887902047733333 

ZONE I=2, J=2
0.54303902937025039 0.51545392946724433 54.95927465121050659 0.69176446775365319 0.28643683767300521 0.84999999999999998 0.41887902047733333 
0.54258826358453116 0.59000000343202663 0.80119758486557391 0.75968235204681267 0.25570442275817357 1.00000000000000000 0.41887902047733333 
0.61071715672785842 0.51594582008267442 55.98187581580202732 0.73697087900332103 0.30991847038151082 0.84999999999999998 0.47123889803699998 
0.61024826251848940 0.59000000353628013 1.82379874945709286 0.80274076608753953 0.27588078682799894 1.00000000000000000 0.47123889803699998 

ZONE I=2, J=2
0.61071715672785842 0.51594582008267442 56.88365374401244168 0.73697087900332103 0.30991847038151082 0.84999999999999998 0.47123889803699998 
0.61024826251848940 0.59000000353628013 1.21806288694418186 0.80274076608753953 0.27588078682799894 1.00000000000000000 0.47123889803699998 
0.67830933255977222 0.51649030658740436 58.07228686093602477 0.78644839259245414 0.32918796032841124 0.84999999999999998 0.52359877559666668 
0.67785663718116462 0.59000000257479501 2.40669600386776494 0.84988330905276233 0.29204106663676949 1.00000000000000000 0.52359877559666668 

ZONE I=2, J=2
0.67830933255977222 0.51649030658740436 59.07670097691170952 0.78644839259245414 0.32918796032841124 0.84999999999999998 0.52359877559666668 
0.67785663718116462 0.59000000257479501 1.72701701879975511 0.84988330905276233 0.29204106663676949 1.00000000000000000 0.52359877559666668 
0.74579347972426779 0.51708634663859998 60.45205496643301046 0.83985334112912602 0.34384963235916072 0.84999999999999998 0.57595865315633332 
0.74541905606129044 0.59000000302018640 3.10237100832105162 0.90079995299522964 0.30382399080210437 1.00000000000000000 0.57595865315633332 

ZONE I=2, J=2
0.74579347972426779 0.51708634663859998 61.53575974214722777 0.83985334112912602 0.34384963235916072 0.84999999999999998 0.57595865315633332 
0.74541905606129044 0.59000000302018640 2.35976622617561427 0.90079995299522964 0.30382399080210437 1.00000000000000000 0.57595865315633332 
0.81313787026478701 0.51773330527085948 63.12574286887601005 0.89680549073949756 0.35352635435697238 0.84999999999999998 0.62831853071599997 
0.81295506180703447 0.59000000362329974 3.94974935290439921 0.95516302571861189 0.31090115968461629 1.00000000000000000 0.62831853071599997 

ZONE I=2, J=2
0.81313787026478701 0.51773330527085948 64.23329008167367249 0.89680549073949756 0.35352635435697238 0.84999999999999998 0.62831853071599997 
0.81295506180703447 0.59000000362329974 3.17315318909700839 0.95516302571861189 0.31090115968461629 1.00000000000000000 0.62831853071599997 
0.88029354493264012 0.51843104602829948 66.07708064386322633 0.95688327164970333 0.35785734472416647 0.84999999999999998 0.68067840827566661 
0.88051052346769665 0.59000000606878178 5.01694375128656755 1.01263934892746588 0.31298616279682046 1.00000000000000000 0.68067840827566661 

ZONE I=2, J=2
0.88029354493264012 0.51843104602829948 67.08952397248316402 0.95688327164970333 0.35785734472416647 0.84999999999999998 0.68067840827566661 
0.88051052346769665 0.59000000606878178 4.27279211937146286 1.01263934892746588 0.31298616279682046 1.00000000000000000 0.68067840827566661 
0.94717954750363220 0.51917949361604987 69.24395508110788455 1.01961237912574099 0.35649269015528146 0.84999999999999998 0.73303828583533337 
0.94817959562389098 0.59000000516825390 6.42722322799618340 1.07291143862862692 0.30984769890363129 1.00000000000000000 0.73303828583533337 

ZONE I=2, J=2
0.94717954750363220 0.51917949361604987 69.91982142343847784 1.01961237912574099 0.35649269015528146 0.84999999999999998 0.73303828583533337 
0.94817959562389098 0.59000000516825390 5.86184174189247642 1.07291143862862692 0.30984769890363129 1.00000000000000000 0.73303828583533337 
1.01365278598678454 0.51997609449630433 72.46723782252796298 1.08443938121227079 0.34908213626931273 0.84999999999999998 0.78539816339500002 
1.01614028441368087 0.59000000583644852 8.40925814098196156 1.13571269077205850 0.30132668072146601 1.00000000000000000 0.78539816339500002 

ZONE I=2, J=2
1.01365278598678454 0.51997609449630433 72.33589294515397228 1.08443938121227079 0.34908213626931273 0.84999999999999998 0.78539816339500002 
1.01614028441368087 0.59000000583644852 8.34496705361584823 1.13571269077205850 0.30132668072146601 1.00000000000000000 0.78539816339500002 
1.07944196908989554 0.52080099210238373 75.38942105481621070 1.15066559736917240 0.33525709692494698 0.84999999999999998 0.83775804095466666 
1.08469697621024364 0.59000000556426357 11.39849516327808310 1.20087400655581367 0.28734849424360021 1.00000000000000000 0.83775804095466666 

ZONE I=2, J=2
1.07944196908989554 0.52080099210238373 73.55610204915184624 1.15066559736917240 0.33525709692494698 0.84999999999999998 0.83775804095466666 
1.08469697621024364 0.59000000556426357 12.55128117890655837 1.20087400655581367 0.28734849424360021 1.00000000000000000 0.83775804095466666 
1.14398731401673293 0.52150687629201053 77.30825712029736962 1.21724003236850575 0.31464758103406520 0.84999999999999998 0.89011791851433331 
1.15423605064659052 0.59000000497084226 16.30343625005207286 1.26830891917495481 0.26786816163756894 1.00000000000000000 0.89011791851433331 

ZONE I=2, J=2
1.14398731401673293 0.52150687629201053 71.52703897983981562 1.21724003236850575 0.31464758103406520 0.84999999999999998 0.89011791851433331 
1.15423605064659052 0.59000000497084226 21.16175217671853659 1.26830891917495481 0.26786816163756894 1.00000000000000000 0.89011791851433331 
1.20695195119518139 0.52187161281705308 77.14672053378335193 1.28319307751401146 0.28722555349106388 0.84999999999999998 0.94247779607399995 
1.22327215814150514 0.59000000710641454 26.78143373066208710 1.33644126771109062 0.24170130166906006 1.00000000000000000 0.94247779607399995 

ZONE I=2, J=2
1.20695195119518139 0.52187161281705308 70.77928560632038568 1.28319307751401146 0.28722555349106388 0.84999999999999998 0.94247779607399995 
1.22327215814150514 0.59000000710641454 32.55233347293594193 1.33644126771109062 0.24170130166906006 1.00000000000000000 0.94247779607399995 
1.26810614504024222 0.51379897514563289 75.29260784746163893 1.34335827889020409 0.25975202884034465 0.84999999999999998 0.99483767363366671 
1.28975946423596910 0.57898405459747238 37.06565571407718096 1.39702061916814846 0.21687646410670225 1.00000000000000000 0.99483767363366671 

ZONE I=2, J=2
1.26810614504024222 0.51379897514563289 73.09656241740105997 1.34335827889020409 0.25975202884034465 0.84999999999999998 0.99483767363366671 
1.28975946423596910 0.57898405459747238 38.26544209228578808 1.39702061916814846 0.21687646410670225 1.00000000000000000 0.99483767363366671 
1.32562378596083974 0.49520261429490342 77.13164779525376957 1.39562518164968052 0.23395384898512245 0.84999999999999998 1.04719755119333335 
1.35422109251971223 0.55650733395582930 42.30052747013851189 1.45104353544006481 0.19516105766649428 1.00000000000000000 1.04719755119333335 

ZONE I=2, J=2
1.32562378596083974 0.49520261429490342 77.32038555443234884 1.39562518164968052 0.23395384898512245 0.84999999999999998 1.04719755119333335 
1.35422109251971223 0.55650733395582930 42.16077685717192480 1.45104353544006481 0.19516105766649428 1.00000000000000000 1.04719755119333335 
1.37893436394934454 0.46765306132489159 81.21698735151828430 1.44094956172130217 0.20934117230519492 0.84999999999999998 1.09955742875299989 
1.41465613073472163 0.52408778916488874 46.05737865425784605 1.49839871927747104 0.17527480436363244 1.00000000000000000 1.09955742875299989 

ZONE I=2, J=2
1.37893436394934454 0.46765306132489159 82.50391271737480281 1.44094956172130217 0.20934117230519492 0.84999999999999998 1.09955742875299989 
1.41465613073472163 0.52408778916488874 45.08642720619606337 1.49839871927747104 0.17527480436363244 1.00000000000000000 1.09955742875299989 
1.42747630676950599 0.43247170197619533 86.19906869626457535 1.47996658422812755 0.18552436219166660 0.84999999999999998 1.15191730631266664 
1.46970532172101431 0.48327018103704006 48.78158318508583591 1.53920631186446877 0.15629373017246609 1.00000000000000000 1.15191730631266664 

ZONE I=2, J=2
1.42747630676950599 0.43247170197619533 87.95851354568708302 1.47996658422812755 0.18552436219166660 0.84999999999999998 1.15191730631266664 
1.46970532172101431 0.48327018103704006 47.40960095759582060 1.53920631186446877 0.15629373017246609 1.00000000000000000 1.15191730631266664 
1.47083262543865190 0.39088302919691198 91.34762648219239622 1.51322049944775983 0.16217852700028967 0.84999999999999998 1.20427718387233340 
1.51863980854709957 0.43556148476952672 50.79871389410111959 1.57386367635627522 0.13760015757591051 1.00000000000000000 1.20427718387233340 

ZONE I=2, J=2
1.47083262543865190 0.39088302919691198 93.23138369828053840 1.51322049944775983 0.16217852700028967 0.84999999999999998 1.20427718387233340 
1.51863980854709957 0.43556148476952672 49.31379137316342565 1.57386367635627522 0.13760015757591051 1.00000000000000000 1.20427718387233340 
1.50871552599716652 0.34398919416647966 96.23549381316287565 1.54117223911351631 0.13906557256935032 0.84999999999999998 1.25663706143199994 
1.56111456334751320 0.38229748529401864 52.31790148804576290 1.60284459801710844 0.11882441569475888 1.00000000000000000 1.25663706143199994 

ZONE I=2, J=2
1.50871552599716652 0.34398919416647966 98.04107996869679198 1.54117223911351631 0.13906557256935032 0.84999999999999998 1.25663706143199994 
1.56111456334751320 0.38229748529401864 50.89483370978572196 1.60284459801710844 0.11882441569475888 1.00000000000000000 1.25663706143199994 
1.54093872782890084 0.29277541751183145 100.61247209688984583 1.56420836792838736 0.11602495302730925 0.84999999999999998 1.30899693899166669 
1.59700042857588032 0.32462185948478628 53.46622583797876160 1.62660227824700332 0.09977348810462708 1.00000000000000000 1.30899693899166669 

ZONE I=2, J=2
1.54093872782890084 0.29277541751183145 102.21969504480927071 1.56420836792838736 0.11602495302730925 0.84999999999999998 1.30899693899166669 
1.59700042857588032 0.32462185948478628 52.20548866379513697 1.62660227824700332 0.09977348810462708 1.00000000000000000 1.30899693899166669 
1.56738849425833426 0.23812171064490589 104.33354923900995459 1.58264558255676713 0.09296021206632447 0.84999999999999998 1.36135681655133323 
1.62627911141096182 0.26350688931105326 54.31934285799582085 1.64552717384858593 0.08037380824560440 1.00000000000000000 1.36135681655133323 

ZONE I=2, J=2
1.56738849425833426 0.23812171064490589 105.67147416350836409 1.58264558255676713 0.09296021206632447 0.84999999999999998 1.36135681655133323 
1.62627911141096182 0.26350688931105326 53.27613077773008143 1.64552717384858593 0.08037380824560440 1.00000000000000000 1.36135681655133323 
1.58799962205419143 0.18081963838462661 107.31715821138381273 1.59673513497156971 0.06982442278404830 0.84999999999999998 1.41371669411099998 
1.64898179280519530 0.19978769811489566 54.92181482560551586 1.65993377228331407 0.06062960460345321 1.00000000000000000 1.41371669411099998 

ZONE I=2, J=2
1.58799962205419143 0.18081963838462661 108.34482173680667927 1.59673513497156971 0.06982442278404830 0.84999999999999998 1.41371669411099998 
1.64898179280519530 0.19978769811489566 54.12498708718509022 1.65993377228331407 0.06062960460345321 1.00000000000000000 1.41371669411099998 
1.60273733881795510 0.12159081057337628 109.51939782433233006 1.60666707655522534 0.04660694766487306 0.84999999999999998 1.46607657167066674 
1.66515448925966814 0.13419694057238057 55.29956317471074101 1.67005999871258015 0.04059424418251237 1.00000000000000000 1.46607657167066674 

ZONE I=2, J=2
1.60273733881795510 0.12159081057337628 110.21402243261633203 1.60666707655522534 0.04660694766487306 0.84999999999999998 1.46607657167066674 
1.66515448925966814 0.13419694057238057 54.76330312438766157 1.67005999871258015 0.04059424418251237 1.00000000000000000 1.46607657167066674 
1.61158468882393713 0.06110540734103148 110.91793927697312938 1.61257407794254015 0.02332216125975789 0.84999999999999998 1.51843644923033327 
1.67483920814149512 0.06739568326311078 55.46721996874444471 1.67607111674518539 0.02035099169768666 1.00000000000000000 1.51843644923033327 

ZONE I=2, J=2
1.61158468882393713 0.06110540734103148 111.26772848909754998 1.61257407794254015 0.02332216125975789 0.84999999999999998 1.51843644923033327 
1.67483920814149512 0.06739568326311078 55.19791013764533716 1.67607111674518539 0.02035099169768666 1.00000000000000000 1.51843644923033327 
1.61453445057592271 0.00000000000790571 111.50218578025905458 1.61453445057592271 0.00000000000000000 0.84999999999999998 1.57079632679000003 
1.67806416499498923 0.00000000000821679 55.43236742880682755 1.67806416499498923 0.00000000000000000 1.00000000000000000 1.57079632679000003 

