ZONE I=2, J=2
0.00000000000000000 0.74506271759206533 14.67849846015345783 0.74506271759206533 0.00000000000000000 0.84999999999999998 0.00000000000000000 
0.00000000000000000 0.85000000017190680 -0.26001890271064976 0.85000000017190680 0.00000000000000000 1.00000000000000000 0.00000000000000000 
0.05803680360247125 0.74512098107620517 14.70046555999223692 0.74713723028181867 0.01896064711899674 0.84999999999999998 0.05235987755966667 
0.05793638429015049 0.85000000042868928 -0.23805180287186911 0.85186726104257104 0.01337142166023612 1.00000000000000000 0.05235987755966667 

ZONE I=2, J=2
0.05803680360247125 0.74512098107620517 14.72379837944087555 0.74713723028181867 0.01896064711899674 0.84999999999999998 0.05235987755966667 
0.05793638429015049 0.85000000042868928 -0.25513337014860771 0.85186726104257104 0.01337142166023612 1.00000000000000000 0.05235987755966667 
0.11607314395576090 0.74527296095829176 14.78125071204733132 0.75332322506329408 0.03753504580457956 0.84999999999999998 0.10471975511933333 
0.11587849931666951 0.85000000054875890 -0.19768103754215172 0.85745621306810971 0.02639451093825886 1.00000000000000000 0.10471975511933333 

ZONE I=2, J=2
0.11607314395576090 0.74527296095829176 14.82858250350531293 0.75332322506329408 0.03753504580457956 0.84999999999999998 0.10471975511933333 
0.11587849931666951 0.85000000054875890 -0.23097776057015459 0.85745621306810971 0.02639451093825886 1.00000000000000000 0.10471975511933333 
0.17410446693363940 0.74552979809395037 14.92517021786928311 0.76358702828949332 0.05533439689988275 0.84999999999999998 0.15707963267899999 
0.17383743904196997 0.85000000113027707 -0.13439004620618447 0.86672925740270379 0.03872791624008565 1.00000000000000000 0.15707963267899999 

ZONE I=2, J=2
0.17410446693363940 0.74552979809395037 14.99104802962871830 0.76358702828949332 0.05533439689988275 0.84999999999999998 0.15707963267899999 
0.17383743904196997 0.85000000113027707 -0.18171834138974849 0.86672925740270379 0.03872791624008565 1.00000000000000000 0.15707963267899999 
0.23212228290347886 0.74589725111266469 15.12710471829222669 0.77785854288468748 0.07196909544424644 0.84999999999999998 0.20943951023866667 
0.23183376432025637 0.85000000114036156 -0.04566165272624015 0.87962641166761457 0.05004270290732968 1.00000000000000000 0.20943951023866667 

ZONE I=2, J=2
0.23212228290347886 0.74589725111266469 15.20121780017079161 0.77785854288468748 0.07196909544424644 0.84999999999999998 0.20943951023866667 
0.23183376432025637 0.85000000114036156 -0.10022124385983534 0.87962641166761457 0.05004270290732968 1.00000000000000000 0.20943951023866667 
0.29010587492016970 0.74638557771328196 15.37771525838424580 0.79603803140834406 0.08704195444218275 0.84999999999999998 0.26179938779833334 
0.28990950734399745 0.85000000195598391 0.07627621435361799 0.89607105609191007 0.06003489158765016 1.00000000000000000 0.26179938779833334 

ZONE I=2, J=2
0.29010587492016970 0.74638557771328196 15.43540845853578780 0.79603803140834406 0.08704195444218275 0.84999999999999998 0.26179938779833334 
0.28990950734399745 0.85000000195598391 0.03083856912608166 0.89607105609191007 0.06003489158765016 1.00000000000000000 0.26179938779833334 
0.34800866605484887 0.74700881034155653 15.65543964564400348 0.81798818880583402 0.10013749223609615 0.84999999999999998 0.31415926535799998 
0.34814568156718428 0.85000000184739177 0.25086975623429708 0.91598097273029633 0.06844177328580441 1.00000000000000000 0.31415926535799998 

ZONE I=2, J=2
0.34800866605484887 0.74700881034155653 15.64225197655804678 0.81798818880583402 0.10013749223609615 0.84999999999999998 0.31415926535799998 
0.34814568156718428 0.85000000184739177 0.25139032676069195 0.91598097273029633 0.06844177328580441 1.00000000000000000 0.31415926535799998 
0.40573090832790665 0.74777648022208376 15.91498576915143914 0.84351043901480682 0.11080331050543797 0.84999999999999998 0.36651914291766668 
0.40668650070566092 0.85000000169946321 0.52412411935408454 0.93928677147476236 0.07506179905798026 1.00000000000000000 0.36651914291766668 

ZONE I=2, J=2
0.40573090832790665 0.74777648022208376 15.71905734314944780 0.84351043901480682 0.11080331050543797 0.84999999999999998 0.36651914291766668 
0.40668650070566092 0.85000000169946321 0.64955065383272714 0.93928677147476236 0.07506179905798026 1.00000000000000000 0.36651914291766668 
0.46306855055333557 0.74866008015310670 16.06986237352392877 0.87228196330810148 0.11852668312994771 0.84999999999999998 0.41887902047733333 
0.46575695116957005 0.85000000264044095 1.00035568420720633 0.96595406021619978 0.07976399941929442 1.00000000000000000 0.41887902047733333 

ZONE I=2, J=2
0.46306855055333557 0.74866008015310670 15.47905062739694770 0.87228196330810148 0.11852668312994771 0.84999999999999998 0.41887902047733333 
0.46575695116957005 0.85000000264044095 1.41093182891173474 0.96595406021619978 0.07976399941929442 1.00000000000000000 0.41887902047733333 
0.51962962070871510 0.74947918962062154 15.97979768907919862 0.90369775888022508 0.12273695037406317 0.84999999999999998 0.47123889803699998 
0.52561870820051482 0.85000000393348540 1.91167889059398699 0.99598144907315955 0.08243777167920401 1.00000000000000000 0.47123889803699998 

ZONE I=2, J=2
0.51962962070871510 0.74947918962062154 14.61736910742938100 0.90369775888022508 0.12273695037406317 0.84999999999999998 0.47123889803699998 
0.52561870820051482 0.85000000393348540 2.93065442902339601 0.99598144907315955 0.08243777167920401 1.00000000000000000 0.47123889803699998 
0.57481885476766215 0.74963719671251328 15.47541497942389022 0.93661428335841934 0.12298913244834528 0.84999999999999998 0.52359877559666668 
0.58625273004780676 0.85000000377343987 3.78870030101790523 1.02924796150843600 0.08270975537434130 1.00000000000000000 0.52359877559666668 

ZONE I=2, J=2
0.57481885476766215 0.74963719671251328 12.94994073117887723 0.93661428335841934 0.12298913244834528 0.84999999999999998 0.52359877559666668 
0.58625273004780676 0.85000000377343987 6.15431724735036667 1.02924796150843600 0.08270975537434130 1.00000000000000000 0.52359877559666668 
0.62903279032639781 0.74783153586908713 14.19438507403014427 0.96978011083078930 0.12025304147153085 0.84999999999999998 0.57595865315633332 
0.64627017266189479 0.84825113420701292 7.39876159020163193 1.06338722368317118 0.08001709356953809 1.00000000000000000 0.57595865315633332 

ZONE I=2, J=2
0.62903279032639781 0.74783153586908713 12.40781183493718132 0.96978011083078930 0.12025304147153085 0.84999999999999998 0.57595865315633332 
0.64627017266189479 0.84825113420701292 8.72040034903914218 1.06338722368317118 0.08001709356953809 1.00000000000000000 0.57595865315633332 
0.68154952198128405 0.74036251697957545 13.00744737043505950 0.99957061596204300 0.11621097696220824 0.84999999999999998 0.62831853071599997 
0.70571037745554432 0.83832206008256049 9.32003588453702037 1.09302294562417757 0.07817834488246134 1.00000000000000000 0.62831853071599997 

ZONE I=2, J=2
0.68154952198128405 0.74036251697957545 12.36543651285955292 0.99957061596204300 0.11621097696220824 0.84999999999999998 0.62831853071599997 
0.70571037745554432 0.83832206008256049 9.80679363447401542 1.09302294562417757 0.07817834488246134 1.00000000000000000 0.62831853071599997 
0.73226360092763521 0.72756826405656738 12.88174259816078049 1.02625515378292587 0.11120215573349805 0.84999999999999998 0.68067840827566661 
0.76446339879738034 0.82203897334608556 10.32309971977524299 1.11993667337043723 0.07677375489506501 1.00000000000000000 0.68067840827566661 

ZONE I=2, J=2
0.73226360092763521 0.72756826405656738 12.66056032876120518 1.02625515378292587 0.11120215573349805 0.84999999999999998 0.68067840827566661 
0.76446339879738034 0.82203897334608556 10.51172593207482997 1.11993667337043723 0.07677375489506501 1.00000000000000000 0.68067840827566661 
0.78124518082831318 0.70939563415799500 13.16090757523580557 1.04993875630311173 0.10589998273164540 0.84999999999999998 0.73303828583533337 
0.82151123729249209 0.79967874683434481 11.01207317854943035 1.14397543509415933 0.07541230030650431 1.00000000000000000 0.73303828583533337 

ZONE I=2, J=2
0.78124518082831318 0.70939563415799500 13.17340040724552175 1.04993875630311173 0.10589998273164540 0.84999999999999998 0.73303828583533337 
0.82151123729249209 0.79967874683434481 11.00576174525038375 1.14397543509415933 0.07541230030650431 1.00000000000000000 0.73303828583533337 
0.82830639728946542 0.68629582298090397 13.64692361610040372 1.07098550075313326 0.10041664009640207 0.84999999999999998 0.78539816339500002 
0.87616593493092998 0.77182718266974248 11.47928495410526573 1.16530710880401434 0.07377863926728191 1.00000000000000000 0.78539816339500002 

ZONE I=2, J=2
0.82830639728946542 0.68629582298090397 13.77603250690048498 1.07098550075313326 0.10041664009640207 0.84999999999999998 0.78539816339500002 
0.87616593493092998 0.77182718266974248 11.37243978897890528 1.16530710880401434 0.07377863926728191 1.00000000000000000 0.78539816339500002 
0.87321237851768796 0.65869041680250084 14.21254367244769412 1.08967317863580626 0.09479075348212058 0.84999999999999998 0.83775804095466666 
0.92797980682061165 0.73907152117654484 11.80895095452611443 1.18415876669348741 0.07170251420968887 1.00000000000000000 0.83775804095466666 

ZONE I=2, J=2
0.87321237851768796 0.65869041680250084 14.39755749096256743 1.08967317863580626 0.09479075348212058 0.84999999999999998 0.83775804095466666 
0.92797980682061165 0.73907152117654484 11.65514406907421652 1.18415876669348741 0.07170251420968887 1.00000000000000000 0.83775804095466666 
0.91574132670698982 0.62700715604105073 14.79273123471298312 1.10625306242013921 0.08901861070488612 0.84999999999999998 0.89011791851433331 
0.97668067856334106 0.70197543408677665 12.05031781282463221 1.20079089966523234 0.06910769292509181 1.00000000000000000 0.89011791851433331 

ZONE I=2, J=2
0.91574132670698982 0.62700715604105073 14.99806359057852845 1.10625306242013921 0.08901861070488612 0.84999999999999998 0.89011791851433331 
0.97668067856334106 0.70197543408677665 11.88066417714707868 1.20079089966523234 0.06910769292509181 1.00000000000000000 0.89011791851433331 
0.95569836224920768 0.59165514438044764 15.35116685056883057 1.12094238486547071 0.08308633636030194 0.84999999999999998 0.94247779607399995 
1.02209753108898793 0.66104671016213068 12.23376743713738080 1.21544777986923092 0.06597583258541170 1.00000000000000000 0.94247779607399995 

ZONE I=2, J=2
0.95569836224920768 0.59165514438044764 15.55681073717235030 1.12094238486547071 0.08308633636030194 0.84999999999999998 0.94247779607399995 
1.02209753108898793 0.66104671016213068 12.06535561437891069 1.21544777986923092 0.06597583258541170 1.00000000000000000 0.94247779607399995 
0.99291884236851236 0.55301967337065105 15.86920433142233655 1.13392791070159138 0.07698103660858394 0.84999999999999998 0.99483767363366671 
1.06411913723443652 0.61673635104187718 12.37774920862889694 1.22834409227594321 0.06232219424731636 1.00000000000000000 0.99483767363366671 

ZONE I=2, J=2
0.99291884236851236 0.55301967337065105 16.06415133780226512 1.13392791070159138 0.07698103660858394 0.84999999999999998 0.99483767363366671 
1.06411913723443652 0.61673635104187718 12.21955002804195090 1.22834409227594321 0.06232219424731636 1.00000000000000000 0.99483767363366671 
1.02726559730143352 0.51146000437179373 16.33820643291373642 1.14536810588250249 0.07069544184878222 0.84999999999999998 1.04719755119333335 
1.10266864020775857 0.56944497556610263 12.49360512315342220 1.23966154215922342 0.05818050521027224 1.00000000000000000 1.04719755119333335 

ZONE I=2, J=2
1.02726559730143352 0.51146000437179373 16.51678120123439797 1.14536810588250249 0.07069544184878222 0.84999999999999998 1.04719755119333335 
1.10266864020775857 0.56944497556610263 12.34992424794995003 1.23966154215922342 0.05818050521027224 1.00000000000000000 1.04719755119333335 
1.05862477233144703 0.46731052487276642 16.75524195365935398 1.15539611753506177 0.06422886294785250 0.84999999999999998 1.09955742875299989 
1.13768907511270423 0.51953176096883580 12.58838500037490604 1.24955087221587435 0.05359384321661817 1.00000000000000000 1.09955742875299989 

ZONE I=2, J=2
1.05862477233144703 0.46731052487276642 16.91486386736632852 1.15539611753506177 0.06422886294785250 0.84999999999999998 1.09955742875299989 
1.13768907511270423 0.51953176096883580 12.46092633858405385 1.24955087221587435 0.05359384321661817 1.00000000000000000 1.09955742875299989 
1.08690173600734807 0.42088337349102406 17.12048635256187623 1.16412283429332075 0.05758666941104927 0.84999999999999998 1.15191730631266664 
1.16913526266563528 0.46732301998855752 12.66654882377960512 1.25813560495999677 0.04860932988031316 1.00000000000000000 1.15191730631266664 

ZONE I=2, J=2
1.08690173600734807 0.42088337349102406 17.26032648566086181 1.16412283429332075 0.05758666941104927 0.84999999999999998 1.15191730631266664 
1.16913526266563528 0.46732301998855752 12.55561807460306234 1.25813560495999677 0.04860932988031316 1.00000000000000000 1.15191730631266664 
1.11201768351669239 0.37247164311599018 17.43568759801231494 1.17163984225699958 0.05077926166605043 0.84999999999999998 1.20427718387233340 
1.19696948129659808 0.41311954841921916 12.73097918695451902 1.26551608433692597 0.04327517447776829 1.00000000000000000 1.20427718387233340 

ZONE I=2, J=2
1.11201768351669239 0.37247164311599018 17.55585964832688362 1.17163984225699958 0.05077926166605043 0.84999999999999998 1.20427718387233340 
1.19696948129659808 0.41311954841921916 12.63618021746970399 1.26551608433692597 0.04327517447776829 1.00000000000000000 1.20427718387233340 
1.13390702655577091 0.32235260763709001 17.70326325894019348 1.17802210041949640 0.04382099321352351 0.84999999999999998 1.25663706143199994 
1.22115930004462281 0.35720258412682332 12.78358382808301386 1.27177317867155493 0.03763913128650286 1.00000000000000000 1.25663706143199994 

ZONE I=2, J=2
1.13390702655577091 0.32235260763709001 17.80434080059127311 1.17802210041949640 0.04382099321352351 0.84999999999999998 1.25663706143199994 
1.22115930004462281 0.35720258412682332 12.70421613260579363 1.27177317867155493 0.03763913128650286 1.00000000000000000 1.25663706143199994 
1.15251548094527734 0.27079070737602295 17.92577788021612761 1.18333026054855850 0.03672921847537142 0.84999999999999998 1.30899693899166669 
1.24167661910711180 0.29983851744613477 12.82565321223064458 1.27697143306508831 0.03174778917119280 1.00000000000000000 1.30899693899166669 

ZONE I=2, J=2
1.15251548094527734 0.27079070737602295 18.00850935565047095 1.18333026054855850 0.03672921847537142 0.84999999999999998 1.30899693899166669 
1.24167661910711180 0.29983851744613477 12.76093529061492760 1.27697143306508831 0.03174778917119280 1.00000000000000000 1.30899693899166669 
1.16779870909226480 0.21804019131176172 18.10564666883097473 1.18761261028036502 0.02952351415206975 0.84999999999999998 1.36135681655133323 
1.25849735802942719 0.24128257686917270 12.85807260379543138 1.28116163980794440 0.02564633993956700 1.00000000000000000 1.36135681655133323 

ZONE I=2, J=2
1.16779870909226480 0.21804019131176172 18.17078961880482524 1.18761261028036502 0.02952351415206975 0.84999999999999998 1.36135681655133323 
1.25849735802942719 0.24128257686917270 12.80726487114913859 1.28116163980794440 0.02564633993956700 1.00000000000000000 1.36135681655133323 
1.17972137991398651 0.16434740588412627 18.24497244782393324 1.19090665061198653 0.02222506636980750 0.84999999999999998 1.41371669411099998 
1.27160146778617444 0.18178171500478749 12.88144770016824658 1.28438286895685239 0.01937861491954600 1.00000000000000000 1.41371669411099998 

ZONE I=2, J=2
1.17972137991398651 0.16434740588412627 18.29319890044708430 1.19090665061198653 0.02222506636980750 0.84999999999999998 1.41371669411099998 
1.27160146778617444 0.18178171500478749 12.84391818644460237 1.28438286895685239 0.01937861491954600 1.00000000000000000 1.41371669411099998 
1.18825653315984181 0.10995276638791410 18.34545954396857681 1.19324033324434731 0.01485619575530770 0.84999999999999998 1.46607657167066674 
1.28097308156110534 0.12157689178640872 12.89617882996609843 1.28666402265711999 0.01298726685629039 1.00000000000000000 1.46607657167066674 

ZONE I=2, J=2
1.18825653315984181 0.10995276638791410 18.37730333955311579 1.19324033324434731 0.01485619575530770 0.84999999999999998 1.46607657167066674 
1.28097308156110534 0.12157689178640872 12.87143692222541880 1.28666402265711999 0.01298726685629039 1.00000000000000000 1.46607657167066674 
1.19338516264105943 0.05509246786204457 18.40837074365170167 1.19463298673856122 0.00743998810906076 0.84999999999999998 1.51843644923033327 
1.28660069973390789 0.06090491884461395 12.90250432632400823 1.28802497535778260 0.00651402715944962 1.00000000000000000 1.51843644923033327 

ZONE I=2, J=2
1.19338516264105943 0.05509246786204457 18.42419924325013625 1.19463298673856122 0.00743998810906076 0.84999999999999998 1.51843644923033327 
1.28660069973390789 0.06090491884461395 12.89021716362277026 1.28802497535778260 0.00651402715944962 1.00000000000000000 1.51843644923033327 
1.19509595762678944 0.00000000000585189 18.43450716710420068 1.19509595762678944 0.00000000000000000 0.84999999999999998 1.57079632679000003 
1.28847735108190475 0.00000000000630914 12.90052508747683468 1.28847735108190475 0.00000000000000000 1.00000000000000000 1.57079632679000003 

