ZONE I=2, J=2
0.00000000000000000 0.95310900916788743 13.60252531928501796 0.95310900916788743 0.00000000000000000 0.84999999999999998 0.00000000000000000 
0.00000000000000000 1.06000000028651153 0.82687004320659119 1.06000000028651153 0.00000000000000000 1.00000000000000000 0.00000000000000000 
0.05684045076621389 0.95322545196877029 13.64084501352835943 0.95489388895992022 0.00687458736016237 0.84999999999999998 0.05235987755966667 
0.05809917541872073 1.06000000084232893 0.86518973744993177 1.06158798358348783 0.00254343885659018 1.00000000000000000 0.05235987755966667 

ZONE I=2, J=2
0.05684045076621389 0.95322545196877029 13.37212660399259789 0.95489388895992022 0.00687458736016237 0.84999999999999998 0.05235987755966667 
0.05809917541872073 1.06000000084232893 1.04298588541428749 1.06158798358348783 0.00254343885659018 1.00000000000000000 0.05235987755966667 
0.11340368902198149 0.95346314404478438 13.46228723726367349 0.96009388652155836 0.01311841451886206 0.84999999999999998 0.10471975511933333 
0.11648418733492903 1.06000000073750678 1.13314651868536309 1.06636912292093644 0.00504590362831162 1.00000000000000000 0.10471975511933333 

ZONE I=2, J=2
0.11340368902198149 0.95346314404478438 12.82435129727036127 0.96009388652155836 0.01311841451886206 0.84999999999999998 0.10471975511933333 
0.11648418733492903 1.06000000073750678 1.58806479900474184 1.06636912292093644 0.00504590362831162 1.00000000000000000 0.10471975511933333 
0.16931373928046378 0.95361444809841422 13.04565542009526524 0.96836037603816250 0.01805104014744280 0.84999999999999998 0.15707963267899999 
0.17539273295458868 1.06000000120847071 1.80936892182964537 1.07438711057613001 0.00741282423319872 1.00000000000000000 0.15707963267899999 

ZONE I=2, J=2
0.16931373928046378 0.95361444809841422 11.79146865661246579 0.96836037603816250 0.01805104014744280 0.84999999999999998 0.15707963267899999 
0.17539273295458868 1.06000000120847071 2.74784298381108982 1.07438711057613001 0.00741282423319872 1.00000000000000000 0.15707963267899999 
0.22411683894927542 0.95305530388920612 12.33364331316281692 0.97882526979251661 0.02106800862847924 0.84999999999999998 0.20943951023866667 
0.23473786784476186 1.06000000105914682 3.29001764036143918 1.08564120481638993 0.00922188974739787 1.00000000000000000 0.20943951023866667 

ZONE I=2, J=2
0.22411683894927542 0.95305530388920612 10.30829447249750430 0.97882526979251661 0.02106800862847924 0.84999999999999998 0.20943951023866667 
0.23473786784476186 1.06000000105914682 5.20491695359368833 1.08564120481638993 0.00922188974739787 1.00000000000000000 0.20943951023866667 
0.27839457447868399 0.95059542449266221 11.05651772291622592 0.99025848879795930 0.02287630934250834 0.84999999999999998 0.26179938779833334 
0.29348201864446199 1.05819050244862001 5.95314020401240995 1.09809227126923958 0.00960200598072338 1.00000000000000000 0.26179938779833334 

ZONE I=2, J=2
0.27839457447868399 0.95059542449266221 9.87704890965358118 0.99025848879795930 0.02287630934250834 0.84999999999999998 0.26179938779833334 
0.29348201864446199 1.05819050244862001 6.71835994888039334 1.09809227126923958 0.00960200598072338 1.00000000000000000 0.26179938779833334 
0.33138426451037351 0.94385174749954071 10.07238746682991248 1.00005972427813128 0.02349893401339705 0.84999999999999998 0.31415926535799998 
0.35209256303149533 1.04999425948352409 6.91369850605672642 1.10740646812406407 0.01039385623470300 1.00000000000000000 0.31415926535799998 

ZONE I=2, J=2
0.33138426451037351 0.94385174749954071 9.64575319916761309 1.00005972427813128 0.02349893401339705 0.84999999999999998 0.31415926535799998 
0.35209256303149533 1.04999425948352409 7.24969642213361798 1.10740646812406407 0.01039385623470300 1.00000000000000000 0.31415926535799998 
0.38335194301065950 0.93330992029276671 9.80643829682689905 1.00870092321190064 0.02342150802996854 0.84999999999999998 0.36651914291766668 
0.41049991505005334 1.03748391059672884 7.41038151979290394 1.11568468458387327 0.01143370404397926 1.00000000000000000 0.36651914291766668 

ZONE I=2, J=2
0.38335194301065950 0.93330992029276671 9.59973673556718943 1.00870092321190064 0.02342150802996854 0.84999999999999998 0.36651914291766668 
0.41049991505005334 1.03748391059672884 7.57929321942271805 1.11568468458387327 0.01143370404397926 1.00000000000000000 0.36651914291766668 
0.43438638963844234 0.91892021440240612 9.74314535785827296 1.01615624972260954 0.02307318985676559 0.84999999999999998 0.41887902047733333 
0.46808668248065627 1.02073570952511461 7.72270184171380158 1.12287647679091962 0.01244784660482396 1.00000000000000000 0.41887902047733333 

ZONE I=2, J=2
0.43438638963844234 0.91892021440240612 9.66501354406359603 1.01615624972260954 0.02307318985676559 0.84999999999999998 0.41887902047733333 
0.46808668248065627 1.02073570952511461 7.78772596759850355 1.12287647679091962 0.01244784660482396 1.00000000000000000 0.41887902047733333 
0.48438067403871149 0.90093736859540619 9.79192843631165921 1.02264529757458722 0.02256933455809268 0.84999999999999998 0.47123889803699998 
0.52447551100675915 1.00003499924557704 7.91464085984656496 1.12914460808761197 0.01330471302117240 1.00000000000000000 0.47123889803699998 

ZONE I=2, J=2
0.48438067403871149 0.90093736859540619 9.77673203629885101 1.02264529757458722 0.02256933455809268 0.84999999999999998 0.47123889803699998 
0.52447551100675915 1.00003499924557704 7.92740977019330906 1.12914460808761197 0.01330471302117240 1.00000000000000000 0.47123889803699998 
0.53318229852080923 0.87956405916713531 9.88762606280444878 1.02831596875486708 0.02196738578530965 0.84999999999999998 0.52359877559666668 
0.57939223527105477 0.97563253604072109 8.03830379669890860 1.13461867860540599 0.01395212648167510 1.00000000000000000 0.52359877559666668 

ZONE I=2, J=2
0.53318229852080923 0.87956405916713531 9.90420530309689617 1.02831596875486708 0.02196738578530965 0.84999999999999998 0.52359877559666668 
0.57939223527105477 0.97563253604072109 8.02489505496191491 1.13461867860540599 0.01395212648167510 1.00000000000000000 0.52359877559666668 
0.58063009228240559 0.85499753779516363 10.00059554622515456 1.03329508377594625 0.02129233533756225 0.84999999999999998 0.57595865315633332 
0.63263321362478675 0.94776511714304734 8.12128529809017330 1.13941945206025430 0.01438097775219113 1.00000000000000000 0.57595865315633332 

ZONE I=2, J=2
0.58063009228240559 0.85499753779516363 10.03170784040031194 1.03329508377594625 0.02129233533756225 0.84999999999999998 0.57595865315633332 
0.63263321362478675 0.94776511714304734 8.09601057228871213 1.13941945206025430 0.01438097775219113 1.00000000000000000 0.57595865315633332 
0.62656612129360212 0.82742346625540997 10.11530165665667269 1.03768597142768848 0.02055532936250241 0.84999999999999998 0.62831853071599997 
0.68403200350211701 0.91664878634064340 8.17960438854507288 1.14364836977733986 0.01460087738897193 1.00000000000000000 0.62831853071599997 

ZONE I=2, J=2
0.62656612129360212 0.82742346625540997 10.15182279221465045 1.03768597142768848 0.02055532936250241 0.84999999999999998 0.62831853071599997 
0.68403200350211701 0.91664878634064340 8.15001482341700445 1.14364836977733986 0.01460087738897193 1.00000000000000000 0.62831853071599997 
0.67084062417889168 0.79701817451951740 10.22428910289354498 1.04157313947598529 0.01976129260165917 0.84999999999999998 0.68067840827566661 
0.73344423544658255 0.88248247248993827 8.22248113409589898 1.14738910261657923 0.01462901085164671 1.00000000000000000 0.68067840827566661 

ZONE I=2, J=2
0.67084062417889168 0.79701817451951740 10.26143637372430639 1.04157313947598529 0.01976129260165917 0.84999999999999998 0.68067840827566661 
0.73344423544658255 0.88248247248993827 8.19248750447533958 1.14738910261657923 0.01462901085164671 1.00000000000000000 0.68067840827566661 
0.71331337703220665 0.76395015595275972 10.32428292281485405 1.04502541781634384 0.01891271400706355 0.84999999999999998 0.73303828583533337 
0.78073934131377420 0.84545184563100917 8.25533405356588723 1.15070975313246548 0.01448469543229696 1.00000000000000000 0.73303828583533337 

ZONE I=2, J=2
0.71331337703220665 0.76395015595275972 10.35966762552885534 1.04502541781634384 0.01891271400706355 0.84999999999999998 0.73303828583533337 
0.78073934131377420 0.84545184563100917 8.22685963353894145 1.15070975313246548 0.01448469543229696 1.00000000000000000 0.73303828583533337 
0.75385375399914534 0.72838184506269110 10.41420790666797380 1.04809884341268500 0.01801135954129908 0.84999999999999998 0.78539816339500002 
0.82579635698396336 0.80573305137446094 8.28139991467805991 1.15366550835548298 0.01418689945232177 1.00000000000000000 0.78539816339500002 

ZONE I=2, J=2
0.75385375399914534 0.72838184506269110 10.44674340952713720 1.04809884341268500 0.01801135954129908 0.84999999999999998 0.78539816339500002 
0.82579635698396336 0.80573305137446094 8.25529835607963491 1.15366550835548298 0.01418689945232177 1.00000000000000000 0.78539816339500002 
0.79234032000947785 0.69047126594139352 10.49409994246175870 1.05083906568483454 0.01705901034808568 0.84999999999999998 0.83775804095466666 
0.86850183520821800 0.76349579713129878 8.30265488901425641 1.15630105043947751 0.01375320870781278 1.00000000000000000 0.83775804095466666 

ZONE I=2, J=2
0.79234032000947785 0.69047126594139352 10.52339769730036245 1.05083906568483454 0.01705901034808568 0.84999999999999998 0.83775804095466666 
0.86850183520821800 0.76349579713129878 8.27921427409823174 1.15630105043947751 0.01375320870781278 1.00000000000000000 0.83775804095466666 
0.82866034640292241 0.65037347135767465 10.56452058159261931 1.05328332894977317 0.01605773654433589 0.84999999999999998 0.89011791851433331 
0.90874890673833930 0.71890576570898179 8.32033715839048860 1.15865260045406049 0.01319950486903251 1.00000000000000000 0.89011791851433331 

ZONE I=2, J=2
0.82866034640292241 0.65037347135767465 10.59055410226364558 1.05328332894977317 0.01605773654433589 0.84999999999999998 0.89011791851433331 
0.90874890673833930 0.71890576570898179 8.29955710852974349 1.15865260045406049 0.01319950486903251 1.00000000000000000 0.89011791851433331 
0.86270939214637565 0.60824172983114910 10.62624372887338708 1.05546207807686687 0.01500996159952947 0.84999999999999998 0.94247779607399995 
0.94643695339982881 0.67212643158723795 8.33524673513948500 1.16074958356781921 0.01253997791378224 1.00000000000000000 0.94247779607399995 

ZONE I=2, J=2
0.86270939214637565 0.60824172983114910 10.64916293271113545 1.05546207807686687 0.01500996159952947 0.84999999999999998 0.94247779607399995 
0.94643695339982881 0.67212643158723795 8.31698959001309390 1.16074958356781921 0.01253997791378224 1.00000000000000000 0.94247779607399995 
0.89439099124738197 0.56422846443481678 10.68009208449932856 1.05740024699245860 0.01391843968386450 0.84999999999999998 0.99483767363366671 
0.98147160171930059 0.62332038843737836 8.34791874180128701 1.16261596049991978 0.01178728187591985 1.00000000000000000 0.99483767363366671 

ZONE I=2, J=2
0.89439099124738197 0.56422846443481678 10.70012189165463390 1.05740024699245860 0.01391843968386450 0.84999999999999998 0.99483767363366671 
0.98147160171930059 0.62332038843737836 8.33199096675023121 1.16261596049991978 0.01178728187591985 1.00000000000000000 0.99483767363366671 
0.92361644370496176 0.51848596640172340 10.72685538604394928 1.05911828680235676 0.01278620344632083 0.84999999999999998 1.04719755119333335 
1.01376487666762283 0.57265029079378349 8.35872446113954659 1.16427128205541575 0.01095273902564962 1.00000000000000000 1.04719755119333335 

ZONE I=2, J=2
0.92361644370496176 0.51848596640172340 10.74424151977366826 1.05911828680235676 0.01278620344632083 0.84999999999999998 1.04719755119333335 
1.01376487666762283 0.57265029079378349 8.34491945188696427 1.16427128205541575 0.01095273902564962 1.00000000000000000 1.04719755119333335 
0.95030469242988991 0.47116691419030543 10.76725292017718338 1.06063298375580928 0.01161650769945457 0.84999999999999998 1.09955742875299989 
1.04323542759064747 0.52027949653425476 8.36793085229047939 1.16573152088350018 0.01004654730841325 1.00000000000000000 1.09955742875299989 

ZONE I=2, J=2
0.95030469242988991 0.47116691419030543 10.78223399225963774 1.06063298375580928 0.01161650769945457 0.84999999999999998 1.09955742875299989 
1.04323542759064747 0.52027949653425476 8.35605051658497899 1.16573152088350018 0.01004654730841325 1.00000000000000000 1.09955742875299989 
0.97438226560947172 0.42242472933621433 10.80191949616789060 1.06195810911741706 0.01041277910939888 0.84999999999999998 1.15191730631266664 
1.06980877837854460 0.46637247914800262 8.37573602049323185 1.16700972662546398 0.00907797135972619 1.00000000000000000 1.15191730631266664 

ZONE I=2, J=2
0.97438226560947172 0.42242472933621433 10.81471356885625390 1.06195810911741706 0.01041277910939888 0.84999999999999998 1.15191730631266664 
1.06980877837854460 0.46637247914800262 8.36560083123482379 1.16700972662546398 0.00907797135972619 1.00000000000000000 1.15191730631266664 
0.99578326574896181 0.37241379791821283 10.83140339255871076 1.06310493507898540 0.00917857484804141 0.84999999999999998 1.20427718387233340 
1.09341757600865530 0.41109506325629552 8.38229065493728065 1.16811654183702074 0.00805551022969297 1.00000000000000000 1.20427718387233340 

ZONE I=2, J=2
0.99578326574896181 0.37241379791821283 10.84220235862902371 1.06310493507898540 0.00917857484804141 0.84999999999999998 1.20427718387233340 
1.09341757600865530 0.41109506325629552 8.37374357544481640 1.16811654183702074 0.00805551022969297 1.00000000000000000 1.20427718387233340 
1.01444938981089861 0.32128958277752850 10.85616998357848928 1.06408264382515916 0.00791755007071208 0.84999999999999998 1.25663706143199994 
1.11400182373655676 0.35461452435925034 8.38771120039428197 1.16906060810850709 0.00698704113908887 1.00000000000000000 1.25663706143199994 

ZONE I=2, J=2
1.01444938981089861 0.32128958277752850 10.86513802586121002 1.06408264382515916 0.00791755007071208 0.84999999999999998 1.25663706143199994 
1.11400182373655676 0.35461452435925034 8.38061847732705800 1.16906060810850709 0.00698704113908887 1.00000000000000000 1.25663706143199994 
1.03032996813757749 0.26920864779933557 10.87660764723385043 1.06489865098041681 0.00663343292848781 0.84999999999999998 1.30899693899166669 
1.13150909183011206 0.29709958416297139 8.39208809869969841 1.16984888515298646 0.00587994135430691 1.00000000000000000 1.30899693899166669 

ZONE I=2, J=2
1.03032996813757749 0.26920864779933557 10.88388169378250403 1.06489865098041681 0.00663343292848781 0.84999999999999998 1.30899693899166669 
1.13150909183011206 0.29709958416297139 8.38633857086579049 1.16984888515298646 0.00587994135430691 1.00000000000000000 1.30899693899166669 
1.04338201269042496 0.21632861207733056 10.89303416288788462 1.06555885987118271 0.00533000555831011 0.84999999999999998 1.36135681655133323 
1.14589470230359058 0.23872032561966203 8.39549103997117108 1.17048690028396551 0.00474119130875461 1.00000000000000000 1.36135681655133323 

ZONE I=2, J=2
1.04338201269042496 0.21632861207733056 10.89872518945614033 1.06555885987118271 0.00533000555831011 0.84999999999999998 1.36135681655133323 
1.14589470230359058 0.23872032561966203 8.39099485829229508 1.17048690028396551 0.00474119130875461 1.00000000000000000 1.36135681655133323 
1.05357026746285931 0.16280804882295205 10.90570268820214039 1.06606785919261160 0.00401108960006983 0.84999999999999998 1.41371669411099998 
1.15712188598748811 0.17964804647863511 8.39797235703829514 1.17097894148369019 0.00357746230831487 1.00000000000000000 1.41371669411099998 

ZONE I=2, J=2
1.05357026746285931 0.16280804882295205 10.90989724596558119 1.06606785919261160 0.00401108960006983 0.84999999999999998 1.41371669411099998 
1.15712188598748811 0.17964804647863511 8.39465959241398707 1.17097894148369019 0.00357746230831487 1.00000000000000000 1.41371669411099998 
1.06086725575918783 0.10880634148288411 10.91480688140795863 1.06642907360073558 0.00268053502070883 0.84999999999999998 1.46607657167066674 
1.16516191122851054 0.12005506625358245 8.39956922785636451 1.17132820394887038 0.00239519200499491 1.00000000000000000 1.46607657167066674 

ZONE I=2, J=2
1.06086725575918783 0.10880634148288411 10.91756852013922519 1.06642907360073558 0.00268053502070883 0.84999999999999998 1.46607657167066674 
1.16516191122851054 0.12005506625358245 8.39738861424500094 1.17132820394887038 0.00239519200499491 1.00000000000000000 1.46607657167066674 
1.06525332047963817 0.05448350765638643 10.92048498242151844 1.06664487429900623 0.00134221127062743 0.84999999999999998 1.51843644923033327 
1.16999418398317534 0.06011449871174961 8.40030507652729419 1.17153689739081446 0.00120065054246871 1.00000000000000000 1.51843644923033327 

ZONE I=2, J=2
1.06525332047963817 0.05448350765638643 10.92185540886899808 1.06664487429900623 0.00134221127062743 0.84999999999999998 1.51843644923033327 
1.16999418398317534 0.06011449871174961 8.39922301175132624 1.17153689739081446 0.00120065054246871 1.00000000000000000 1.51843644923033327 
1.06671665467084487 0.00000000000522327 10.92282278421107300 1.06671665467084487 0.00000000000000000 0.84999999999999998 1.57079632679000003 
1.17160631921952296 0.00000000000573687 8.40019038709340116 1.17160631921952296 0.00000000000000000 1.00000000000000000 1.57079632679000003 

