ZONE I=2, J=2
0.00000000000000000 0.76420333997092438 14.33321404224482798 0.76420333997092438 0.00000000000000000 0.84999999999999998 0.00000000000000000 
0.00000000000000000 0.87000000010314393 -0.23196270344722791 0.87000000010314393 0.00000000000000000 1.00000000000000000 0.00000000000000000 
0.05779977026877180 0.76426307132775606 14.35455471421481555 0.76624068159777459 0.01772211903344260 0.84999999999999998 0.05235987755966667 
0.05770329746907822 0.87000000044193448 -0.21062203147724190 0.87182765292922138 0.01209193515100246 1.00000000000000000 0.05235987755966667 

ZONE I=2, J=2
0.05779977026877180 0.76426307132775606 14.37588585413635478 0.76624068159777459 0.01772211903344260 0.84999999999999998 0.05235987755966667 
0.05770329746907822 0.87000000044193448 -0.22642022090873873 0.87182765292922138 0.01209193515100246 1.00000000000000000 0.05235987755966667 
0.11559790653747702 0.76442033216353600 14.43149483485360030 0.77231602912863373 0.03506096649890464 0.84999999999999998 0.10471975511933333 
0.11541587032159564 0.87000000052242776 -0.17081124019149449 0.87729829305137097 0.02384384701063144 1.00000000000000000 0.10471975511933333 

ZONE I=2, J=2
0.11559790653747702 0.76442033216353600 14.47376930361906133 0.77231602912863373 0.03506096649890464 0.84999999999999998 0.10471975511933333 
0.11541587032159564 0.87000000052242776 -0.20080287632757607 0.87729829305137097 0.02384384701063144 1.00000000000000000 0.10471975511933333 
0.17338757998465282 0.76468763504045190 14.56710272286115426 0.78239685464621833 0.05162939004479917 0.84999999999999998 0.15707963267899999 
0.17315448936675681 0.87000000113075604 -0.10746945708548164 0.88637618734799017 0.03492468550779443 1.00000000000000000 0.15707963267899999 

ZONE I=2, J=2
0.17338757998465282 0.76468763504045190 14.62209763966352760 0.78239685464621833 0.05162939004479917 0.84999999999999998 0.15707963267899999 
0.17315448936675681 0.87000000113075604 -0.14759894951264824 0.88637618734799017 0.03492468550779443 1.00000000000000000 0.15707963267899999 
0.23115500230419717 0.76507327735053132 14.75342618214043888 0.79641441799597668 0.06703603220855421 0.84999999999999998 0.20943951023866667 
0.23095021065063162 0.87000000117175658 -0.01627040703573727 0.89900566257562287 0.04502022318239678 1.00000000000000000 0.20943951023866667 

ZONE I=2, J=2
0.23115500230419717 0.76507327735053132 14.80452914522931884 0.79641441799597668 0.06703603220855421 0.84999999999999998 0.20943951023866667 
0.23095021065063162 0.87000000117175658 -0.05547274613748589 0.89900566257562287 0.04502022318239678 1.00000000000000000 0.20943951023866667 
0.28886766674009634 0.76559029371098108 14.97525950839122011 0.81426789071826877 0.08087539092675274 0.84999999999999998 0.26179938779833334 
0.28886409275414426 0.87000000204659511 0.11525761702441518 0.91511899949933817 0.05384871771064484 1.00000000000000000 0.26179938779833334 

ZONE I=2, J=2
0.28886766674009634 0.76559029371098108 14.98472213468576264 0.81426789071826877 0.08087539092675274 0.84999999999999998 0.26179938779833334 
0.28886409275414426 0.87000000204659511 0.10243727672598779 0.91511899949933817 0.05384871771064484 1.00000000000000000 0.26179938779833334 
0.34645410162338108 0.76625214080277138 15.20001433485939479 0.83580929680802629 0.09271249746267704 0.84999999999999998 0.31415926535799998 
0.34700834033616834 0.87000000194943106 0.31772947689962039 0.93465064538446441 0.06117975757778306 1.00000000000000000 0.31415926535799998 

ZONE I=2, J=2
0.34645410162338108 0.76625214080277138 15.08818370572147494 0.83580929680802629 0.09271249746267704 0.84999999999999998 0.31415926535799998 
0.34700834033616834 0.87000000194943106 0.38656069427901318 0.93465064538446441 0.06117975757778306 1.00000000000000000 0.31415926535799998 
0.40376483113066541 0.76705232633624132 15.36380212590815653 0.86080141259734333 0.10205997386944944 0.84999999999999998 0.36651914291766668 
0.40556869512905713 0.87000000179379877 0.66217911446569300 0.95755779440030786 0.06685087862634158 1.00000000000000000 0.36651914291766668 

ZONE I=2, J=2
0.40376483113066541 0.76705232633624132 14.97454865454209916 0.86080141259734333 0.10205997386944944 0.84999999999999998 0.36651914291766668 
0.40556869512905713 0.87000000179379877 0.92772965414894371 0.95755779440030786 0.06685087862634158 1.00000000000000000 0.36651914291766668 
0.46050592368611570 0.76789874072134856 15.35426476128954043 0.88881504003193113 0.10836053877898624 0.84999999999999998 0.41887902047733333 
0.46479531239550914 0.87000000270458022 1.30744576089638409 0.98383383570084471 0.07075076579777764 1.00000000000000000 0.41887902047733333 

ZONE I=2, J=2
0.46050592368611570 0.76789874072134856 14.41075209439635962 0.88881504003193113 0.10836053877898624 0.84999999999999998 0.41887902047733333 
0.46479531239550914 0.87000000270458022 1.98343401692840704 0.98383383570084471 0.07075076579777764 1.00000000000000000 0.41887902047733333 
0.51614815246231083 0.76835964715876781 15.03696785108103562 0.91893981621737952 0.11106339109973040 0.84999999999999998 0.47123889803699998 
0.52487073034672538 0.87000000387439325 2.60964977361308481 1.01346200466465364 0.07269150856359120 1.00000000000000000 0.47123889803699998 

ZONE I=2, J=2
0.51614815246231083 0.76835964715876781 13.01016265163916330 0.91893981621737952 0.11106339109973040 0.84999999999999998 0.47123889803699998 
0.52487073034672538 0.87000000387439325 4.25324583782252397 1.01346200466465364 0.07269150856359120 1.00000000000000000 0.47123889803699998 
0.57049969812021994 0.76789035753032231 14.14925927769440506 0.95026240600230460 0.11012205265985370 0.84999999999999998 0.52359877559666668 
0.58507009919172837 0.87000000299001656 5.39234246387776395 1.04597715347763920 0.07168556740141703 1.00000000000000000 0.52359877559666668 

ZONE I=2, J=2
0.57049969812021994 0.76789035753032231 11.88751760900628263 0.95026240600230460 0.11012205265985370 0.84999999999999998 0.52359877559666668 
0.58507009919172837 0.87000000299001656 7.49004045047215961 1.04597715347763920 0.07168556740141703 1.00000000000000000 0.52359877559666668 
0.62380177988989549 0.76297991357743589 12.65939068897844244 0.97963559689063440 0.10761554916072046 0.84999999999999998 0.57595865315633332 
0.64446029118551995 0.86366689732965307 8.26191353044431942 1.07533023839578146 0.07010317289271942 1.00000000000000000 0.57595865315633332 

ZONE I=2, J=2
0.62380177988989549 0.76297991357743589 11.67073211287100420 0.97963559689063440 0.10761554916072046 0.84999999999999998 0.57595865315633332 
0.64446029118551995 0.86366689732965307 8.91744922885159852 1.07533023839578146 0.07010317289271942 1.00000000000000000 0.57595865315633332 
0.67516867195306329 0.75287796142578967 12.14282821338812468 1.00594525366753218 0.10369236717946179 0.84999999999999998 0.62831853071599997 
0.70347454756532579 0.85053725197376895 9.38954532936871900 1.10159105561762871 0.06918961085718499 1.00000000000000000 0.62831853071599997 

ZONE I=2, J=2
0.67516867195306329 0.75287796142578967 11.77234346341535343 1.00594525366753218 0.10369236717946179 0.84999999999999998 0.62831853071599997 
0.70347454756532579 0.85053725197376895 9.69825896023081313 1.10159105561762871 0.06918961085718499 1.00000000000000000 0.62831853071599997 
0.72492991775593452 0.73746019285058562 12.22994056759559456 1.02932738993479211 0.09927762097712364 0.84999999999999998 0.68067840827566661 
0.76131096028361789 0.83136184065762042 10.15585606441105426 1.12519800821257188 0.06845677953316330 1.00000000000000000 0.68067840827566661 

ZONE I=2, J=2
0.72492991775593452 0.73746019285058562 12.14478959082970277 1.02932738993479211 0.09927762097712364 0.84999999999999998 0.68067840827566661 
0.76131096028361789 0.83136184065762042 10.23213527305831505 1.12519800821257188 0.06845677953316330 1.00000000000000000 0.68067840827566661 
0.77297108916667467 0.71705974955912921 12.58231520412242332 1.05009785603473094 0.09462284014220823 0.84999999999999998 0.73303828583533337 
0.81715538979738545 0.80659102643520786 10.66966088635103560 1.14619762903620415 0.06755005693930471 1.00000000000000000 0.73303828583533337 

ZONE I=2, J=2
0.77297108916667467 0.71705974955912921 12.64747038627282549 1.05009785603473094 0.09462284014220823 0.84999999999999998 0.73303828583533337 
0.81715538979738545 0.80659102643520786 10.61712038607409525 1.14619762903620415 0.06755005693930471 1.00000000000000000 0.73303828583533337 
0.81907867237951926 0.69207587511608037 13.05409050284784911 1.06854762795480740 0.08980453917725403 0.84999999999999998 0.78539816339500002 
0.87047993093980847 0.77677590311819844 11.02374050264911887 1.16478577061135669 0.06625875350000514 1.00000000000000000 0.78539816339500002 

ZONE I=2, J=2
0.81907867237951926 0.69207587511608037 13.19441410047654806 1.06854762795480740 0.08980453917725403 0.84999999999999998 0.78539816339500002 
0.87047993093980847 0.77677590311819844 10.90704444230891745 1.16478577061135669 0.06625875350000514 1.00000000000000000 0.78539816339500002 
0.86302986305050822 0.66291193838008489 13.56453644760191857 1.08493084424901998 0.08484011881727295 0.84999999999999998 0.83775804095466666 
0.92095450478607332 0.74246197587353469 11.27716678943428796 1.18120660684635226 0.06448207073537289 1.00000000000000000 0.83775804095466666 

ZONE I=2, J=2
0.86302986305050822 0.66291193838008489 13.73756387149945013 1.08493084424901998 0.08484011881727295 0.84999999999999998 0.83775804095466666 
0.92095450478607332 0.74246197587353469 11.13362919964574971 1.18120660684635226 0.06448207073537289 1.00000000000000000 0.83775804095466666 
0.90462086911231210 0.62996155845865709 14.06965339573574880 1.09947010939567424 0.07972427807537011 0.84999999999999998 0.89011791851433331 
0.96837052442716853 0.70415137441154896 11.46571872388204838 1.19570206055532702 0.06218692023864910 1.00000000000000000 0.89011791851433331 

ZONE I=2, J=2
0.90462086911231210 0.62996155845865709 14.25120760065213510 1.09947010939567424 0.07972427807537011 0.84999999999999998 0.89011791851433331 
0.96837052442716853 0.70415137441154896 11.31625617571363485 1.19570206055532702 0.06218692023864910 1.00000000000000000 0.89011791851433331 
0.94367476974968179 0.59359862057238932 14.54610563300378168 1.11235744084374533 0.07444674074203703 0.84999999999999998 0.94247779607399995 
1.01259076236134882 0.66229309257791524 11.61115420806528142 1.20848924760971288 0.05937954957446995 1.00000000000000000 0.94247779607399995 

ZONE I=2, J=2
0.94367476974968179 0.59359862057238932 14.72275816814678606 1.11235744084374533 0.07444674074203703 0.84999999999999998 0.94247779607399995 
1.01259076236134882 0.66229309257791524 11.46699579662446311 1.20848924760971288 0.05937954957446995 1.00000000000000000 0.94247779607399995 
0.98004143423596524 0.55417362361560096 14.98251975766637045 1.12375649385729259 0.06899971336243441 0.84999999999999998 0.99483767363366671 
1.05351956573106875 0.61728650226637660 11.72675738614404750 1.21975417745527870 0.05608785821221594 1.00000000000000000 0.99483767363366671 

ZONE I=2, J=2
0.98004143423596524 0.55417362361560096 15.14714931181855384 1.12375649385729259 0.06899971336243441 0.84999999999999998 0.99483767363366671 
1.05351956573106875 0.61728650226637660 11.59354839723540032 1.21975417745527870 0.05608785821221594 1.00000000000000000 0.99483767363366671 
1.01359440572074644 0.51201356001710152 15.37432483722573018 1.13380528449630136 0.06338045280715614 0.84999999999999998 1.04719755119333335 
1.09108548448264364 0.56948904010684387 11.82072392264257665 1.22965226731567223 0.05235076633599398 1.00000000000000000 1.04719755119333335 

ZONE I=2, J=2
1.01359440572074644 0.51201356001710152 15.52348912893144650 1.13380528449630136 0.06338045280715614 0.84999999999999998 1.04719755119333335 
1.09108548448264364 0.56948904010684387 11.70095842508011508 1.22965226731567223 0.05235076633599398 1.00000000000000000 1.04719755119333335 
1.04422719070191050 0.46742381159382679 15.72071728924215073 1.14261920946574103 0.05759155846120587 0.84999999999999998 1.09955742875299989 
1.12523147273850954 0.51922443708869281 11.89818658539081930 1.23831154510281283 0.04821203767140865 1.00000000000000000 1.09955742875299989 

ZONE I=2, J=2
1.04422719070191050 0.46742381159382679 15.85307542612554244 1.14261920946574103 0.05759155846120587 0.84999999999999998 1.09955742875299989 
1.12523147273850954 0.51922443708869281 11.79263414071342453 1.23831154510281283 0.04821203767140865 1.00000000000000000 1.09955742875299989 
1.07184991703906607 0.42069092172180578 16.02286663812172307 1.15029403625904347 0.05164035653124061 0.84999999999999998 1.15191730631266664 
1.15590955707806398 0.46679005958915348 11.96242535270960516 1.24583654717262404 0.04371683433925022 1.00000000000000000 1.15191730631266664 

ZONE I=2, J=2
1.07184991703906607 0.42069092172180578 16.13823422638423466 1.15029403625904347 0.05164035653124061 0.84999999999999998 1.15191730631266664 
1.15590955707806398 0.46679005958915348 11.87095730119753156 1.24583654717262404 0.04371683433925022 1.00000000000000000 1.15191730631266664 
1.09638665508680333 0.37208558026933919 16.28286426628515215 1.15690866751810351 0.04553802277532260 0.84999999999999998 1.20427718387233340 
1.18307809163555500 0.41246297659874187 12.01558734109845261 1.25231206055551314 0.03890990824874312 1.00000000000000000 1.20427718387233340 

ZONE I=2, J=2
1.09638665508680333 0.37208558026933919 16.38165079157454684 1.15690866751810351 0.04553802277532260 0.84999999999999998 1.20427718387233340 
1.18307809163555500 0.41246297659874187 11.93764966976357655 1.25231206055551314 0.03890990824874312 1.00000000000000000 1.20427718387233340 
1.11777340030819228 0.32186546868315064 16.50311551157416190 1.16252757582989452 0.03929872519855249 0.84999999999999998 1.25663706143199994 
1.20670047439938788 0.35650478987820705 12.05911438976319516 1.25780638804229405 0.03383475021054600 1.00000000000000000 1.25663706143199994 

ZONE I=2, J=2
1.11777340030819228 0.32186546868315064 16.58599290990990838 1.16252757582989452 0.03929872519855249 0.84999999999999998 1.25663706143199994 
1.20670047439938788 0.35650478987820705 11.99399431786493153 1.25780638804229405 0.03383475021054600 1.00000000000000000 1.25663706143199994 
1.13595661240050205 0.27027780958743652 16.68599536825287188 1.16720287405117262 0.03293888915081092 0.84999999999999998 1.30899693899166669 
1.22674466319076148 0.29916541068356028 12.09399677620789859 1.26237405835894734 0.02853328580517101 1.00000000000000000 1.30899693899166669 

ZONE I=2, J=2
1.13595661240050205 0.27027780958743652 16.75370560084841287 1.16720287405117262 0.03293888915081092 0.84999999999999998 1.30899693899166669 
1.22674466319076148 0.29916541068356028 12.04097007208631354 1.26237405835894734 0.02853328580517101 1.00000000000000000 1.30899693899166669 
1.15089218627279610 0.21756157733948636 16.83365928000925038 1.17097602610753859 0.02647660551541322 0.84999999999999998 1.36135681655133323 
1.24318310721161351 0.24068599413748198 12.12092375124715105 1.26605800558901671 0.02304587412600652 1.00000000000000000 1.36135681655133323 

ZONE I=2, J=2
1.15089218627279610 0.21756157733948636 16.88690474222967808 1.17097602610753859 0.02647660551541322 0.84999999999999998 1.36135681655133323 
1.24318310721161351 0.24068599413748198 12.07933387772789402 1.26605800558901671 0.02304587412600652 1.00000000000000000 1.36135681655133323 
1.16254474342563752 0.16394938512214940 16.94794369748963092 1.17387922285683843 0.01993116889540639 0.84999999999999998 1.41371669411099998 
1.25599287382317826 0.18130122457012954 12.14037283298785042 1.26889127742242347 0.01741146767292542 1.00000000000000000 1.41371669411099998 

ZONE I=2, J=2
1.16254474342563752 0.16394938512214940 16.98732636000381646 1.17387922285683843 0.01993116889540639 0.84999999999999998 1.41371669411099998 
1.25599287382317826 0.18130122457012954 12.10967177397734673 1.26889127742242347 0.01741146767292542 1.00000000000000000 1.41371669411099998 
1.17088715493884221 0.10966909225283523 17.03031721839236567 1.17593645427322890 0.01332272148035847 0.84999999999999998 1.46607657167066674 
1.26515584568543327 0.12124111471701247 12.15266263236589950 1.27089833699350119 0.01166785314446951 1.00000000000000000 1.46607657167066674 

ZONE I=2, J=2
1.17088715493884221 0.10966909225283523 17.05630593588238497 1.17593645427322890 0.01332272148035847 0.84999999999999998 1.46607657167066674 
1.26515584568543327 0.12124111471701247 12.13243074004434696 1.27089833699350119 0.01166785314446951 1.00000000000000000 1.46607657167066674 
1.17590022995257271 0.05494518661948861 17.08185896146940763 1.17716430843798059 0.00667197683561435 0.84999999999999998 1.51843644923033327 
1.27065891851614121 0.06073245190913041 12.15798376563136962 1.27209601557513952 0.00585192937066908 1.00000000000000000 1.51843644923033327 

ZONE I=2, J=2
1.17590022995257271 0.05494518661948861 17.09477270438588548 1.17716430843798059 0.00667197683561435 0.84999999999999998 1.51843644923033327 
1.27065891851614121 0.06073245190913041 12.14793860479393217 1.27209601557513952 0.00585192937066908 1.00000000000000000 1.51843644923033327 
1.17757252302474558 0.00000000000576609 17.10325041151056880 1.17757252302474558 0.00000000000000000 0.84999999999999998 1.57079632679000003 
1.27249416119491987 0.00000000000623088 12.15641631191861549 1.27249416119491987 0.00000000000000000 1.00000000000000000 1.57079632679000003 

