ZONE I=2, J=2
0.00000000000000000 0.92244342875484153 13.69576179389476245 0.92244342875484153 0.00000000000000000 0.84999999999999998 0.00000000000000000 
0.00000000000000000 1.03000000017190674 0.42887410263207426 1.03000000017190674 0.00000000000000000 1.00000000000000000 0.00000000000000000 
0.05700339618824947 0.92255368995019427 13.71945443000467968 0.92427268942968399 0.00864254546605334 0.84999999999999998 0.05235987755966667 
0.05758970333238898 1.03000000045625884 0.45256673874199260 1.03160243344649216 0.00360474369153503 1.00000000000000000 0.05235987755966667 

ZONE I=2, J=2
0.05700339618824947 0.92255368995019427 13.59305683306095425 0.92427268942968399 0.00864254546605334 0.84999999999999998 0.05235987755966667 
0.05758970333238898 1.03000000045625884 0.53403602530894556 1.03160243344649216 0.00360474369153503 1.00000000000000000 0.05235987755966667 
0.11385932182773645 0.92283225091235854 13.64825274034342506 0.92967841922367378 0.01677335150807171 0.84999999999999998 0.10471975511933333 
0.11538376551320317 1.03000000071220077 0.58923193259141637 1.03641844063274902 0.00708736393312923 1.00000000000000000 0.10471975511933333 

ZONE I=2, J=2
0.11385932182773645 0.92283225091235854 13.32935344312446091 0.92967841922367378 0.01677335150807171 0.84999999999999998 0.10471975511933333 
0.11538376551320317 1.03000000071220077 0.81050009303612969 1.03641844063274902 0.00708736393312923 1.00000000000000000 0.10471975511933333 
0.17034753882759868 0.92323157378204990 13.44701257611165346 0.93851328720123406 0.02382504059671088 0.84999999999999998 0.15707963267899999 
0.17361226790235806 1.03000000137527215 0.92815922602332313 1.04447793442505366 0.01034731358537221 1.00000000000000000 0.15707963267899999 

ZONE I=2, J=2
0.17034753882759868 0.92323157378204990 12.77205423035168330 0.93851328720123406 0.02382504059671088 0.84999999999999998 0.15707963267899999 
0.17361226790235806 1.03000000137527215 1.41252096754395451 1.04447793442505366 0.01034731358537221 1.00000000000000000 0.15707963267899999 
0.22609780751687483 0.92351508367641111 13.02679438445528071 0.95034244079056396 0.02914744541155826 0.84999999999999998 0.20943951023866667 
0.23247392409526313 1.03000000128977254 1.66726112164755103 1.05582607664708461 0.01324476927719292 1.00000000000000000 0.20943951023866667 

ZONE I=2, J=2
0.22609780751687483 0.92351508367641111 11.71162462376705093 0.95034244079056396 0.02914744541155826 0.84999999999999998 0.20943951023866667 
0.23247392409526313 1.03000000128977254 2.66045074811506410 1.05582607664708461 0.01324476927719292 1.00000000000000000 0.20943951023866667 
0.28063606689516729 0.92303264178378996 12.30268677886478557 0.96421502606189702 0.03217519785807793 0.84999999999999998 0.26179938779833334 
0.29183855872067449 1.03000000191689578 3.25151290321279873 1.07043698002148790 0.01531078402442632 1.00000000000000000 0.26179938779833334 

ZONE I=2, J=2
0.28063606689516729 0.92303264178378996 10.18468004217684175 0.96421502606189702 0.03217519785807793 0.84999999999999998 0.26179938779833334 
0.29183855872067449 1.03000000191689578 5.28893288284570406 1.07043698002148790 0.01531078402442632 1.00000000000000000 0.26179938779833334 
0.33461963220378022 0.92047213184317245 10.97523763393362195 0.97882417205997030 0.03380065010057388 0.84999999999999998 0.31415926535799998 
0.35055154027750013 1.02793125707222899 6.07949047460248604 1.08594710369205805 0.01574609919476134 1.00000000000000000 0.31415926535799998 

ZONE I=2, J=2
0.33461963220378022 0.92047213184317245 9.79679555431570925 0.97882417205997030 0.03380065010057388 0.84999999999999998 0.31415926535799998 
0.35055154027750013 1.02793125707222899 6.80820260248220244 1.08594710369205805 0.01574609919476134 1.00000000000000000 0.31415926535799998 
0.38715175276551322 0.91336414539191391 10.01004155198349999 0.99144166820364221 0.03411686249480409 0.84999999999999998 0.36651914291766668 
0.40912302550413182 1.01906113114110042 7.02144860014999317 1.09799210519909551 0.01675040061287695 1.00000000000000000 0.36651914291766668 

ZONE I=2, J=2
0.38715175276551322 0.91336414539191391 9.58981142957403598 0.99144166820364221 0.03411686249480409 0.84999999999999998 0.36651914291766668 
0.40912302550413182 1.01906113114110042 7.36445472572250015 1.09799210519909551 0.01675040061287695 1.00000000000000000 0.36651914291766668 
0.43859027685981272 0.90222664893954052 9.78831067360025209 1.00261579379842480 0.03370351670960462 0.84999999999999998 0.41887902047733333 
0.46740270812532286 1.00564639147550072 7.56295396974871803 1.10881350139452484 0.01796038350914978 1.00000000000000000 0.41887902047733333 

ZONE I=2, J=2
0.43859027685981272 0.90222664893954052 9.58827386800916059 1.00261579379842480 0.03370351670960462 0.84999999999999998 0.41887902047733333 
0.46740270812532286 1.00564639147550072 7.72883635435920002 1.10881350139452484 0.01796038350914978 1.00000000000000000 0.41887902047733333 
0.48899705201245208 0.88702041303266843 9.77016739228047015 1.01234099111461817 0.03300072306158021 0.84999999999999998 0.47123889803699998 
0.52470350163268542 0.98773269322473611 7.91072987863050781 1.11828667873867249 0.01909298421466092 1.00000000000000000 0.47123889803699998 

ZONE I=2, J=2
0.48899705201245208 0.88702041303266843 9.70489507411144992 1.01234099111461817 0.03300072306158021 0.84999999999999998 0.47123889803699998 
0.52470350163268542 0.98773269322473611 7.96602185761059278 1.11828667873867249 0.01909298421466092 1.00000000000000000 0.47123889803699998 
0.53825093275760316 0.86803190244000450 9.86850596077799302 1.02086314518712862 0.03212303016041804 0.84999999999999998 0.52359877559666668 
0.58062070255653264 0.96565166296865046 8.12963274427713678 1.12658922261577388 0.02000644689463930 1.00000000000000000 0.52359877559666668 

ZONE I=2, J=2
0.53825093275760316 0.86803190244000450 9.86940056527560827 1.02086314518712862 0.03212303016041804 0.84999999999999998 0.52359877559666668 
0.58062070255653264 0.96565166296865046 8.12934610597810448 1.12658922261577388 0.02000644689463930 1.00000000000000000 0.52359877559666668 
0.58618810894629148 0.84549459732121623 10.01416005103846274 1.02835236012390774 0.03112935265924066 0.84999999999999998 0.57595865315633332 
0.63486521941693130 0.93970174776642335 8.27410559174095894 1.13387257896637772 0.02064452103379065 1.00000000000000000 0.57595865315633332 

ZONE I=2, J=2
0.58618810894629148 0.84549459732121623 10.04819589351621367 1.02835236012390774 0.03112935265924066 0.84999999999999998 0.57595865315633332 
0.63486521941693130 0.93970174776642335 8.24630926961610733 1.13387257896637772 0.02064452103379065 1.00000000000000000 0.57595865315633332 
0.63263918786916673 0.81963889671368606 10.17523953404813675 1.03495778134382888 0.03004419860216983 0.84999999999999998 0.62831853071599997 
0.68722897286835916 0.91016547166626294 8.37335291014803040 1.14028238947138094 0.02099807668832353 1.00000000000000000 0.62831853071599997 

ZONE I=2, J=2
0.63263918786916673 0.81963889671368606 10.22381032028692793 1.03495778134382888 0.03004419860216983 0.84999999999999998 0.62831853071599997 
0.68722897286835916 0.91016547166626294 8.33367399732217429 1.14028238947138094 0.02099807668832353 1.00000000000000000 0.62831853071599997 
0.67744087274785580 0.79068241850889065 10.33480859989054856 1.04080300328997732 0.02887786957184407 0.84999999999999998 0.68067840827566661 
0.73754728969299665 0.87729947286956589 8.44467227692579492 1.14594329109621218 0.02107945023678715 1.00000000000000000 0.68067840827566661 

ZONE I=2, J=2
0.67744087274785580 0.79068241850889065 10.38798272573348314 1.04080300328997732 0.02887786957184407 0.84999999999999998 0.68067840827566661 
0.73754728969299665 0.87729947286956589 8.40140106170548506 1.14594329109621218 0.02107945023678715 1.00000000000000000 0.68067840827566661 
0.72044073798637476 0.75883123958575738 10.48475279853026620 1.04599045696313553 0.02763459903201788 0.84999999999999998 0.73303828583533337 
0.78568135430092723 0.84133789191844621 8.49817113450226813 1.15095934186543314 0.02091009915336192 1.00000000000000000 0.73303828583533337 

ZONE I=2, J=2
0.72044073798637476 0.75883123958575738 10.53731060501162098 1.04599045696313553 0.02763459903201788 0.84999999999999998 0.73303828583533337 
0.78568135430092723 0.84133789191844621 8.45559034720414182 1.15095934186543314 0.02091009915336192 1.00000000000000000 0.73303828583533337 
0.76149817647266560 0.72428089945325680 10.62159025118586264 1.05060445993223750 0.02631658896029446 0.84999999999999998 0.78539816339500002 
0.83150827209737210 0.80249664568585199 8.53986999337838348 1.15541595785663453 0.02051431777166542 1.00000000000000000 0.78539816339500002 

ZONE I=2, J=2
0.76149817647266560 0.72428089945325680 10.67094903471925882 1.05060445993223750 0.02631658896029446 0.84999999999999998 0.78539816339500002 
0.83150827209737210 0.80249664568585199 8.50005034339991106 1.15541595785663453 0.02051431777166542 1.00000000000000000 0.78539816339500002 
0.80048402744442426 0.68721812882492783 10.74430732445119396 1.05471424611398712 0.02492576625672053 0.84999999999999998 0.83775804095466666 
0.87491588078885540 0.76097784887368891 8.57340863313184620 1.15938277897869368 0.01991624313486866 1.00000000000000000 0.83775804095466666 

ZONE I=2, J=2
0.80048402744442426 0.68721812882492783 10.78933292064047933 1.05471424611398712 0.02492576625672053 0.84999999999999998 0.83775804095466666 
0.87491588078885540 0.76097784887368891 8.53722374540236473 1.15938277897869368 0.01991624313486866 1.00000000000000000 0.83775804095466666 
0.83727977724936398 0.64782264975483184 10.85314396512762869 1.05837660077352291 0.02346448084230607 0.84999999999999998 0.89011791851433331 
0.91580008579345762 0.71697359146310824 8.60103478988951409 1.16291643912824960 0.01913853704138559 1.00000000000000000 0.89011791851433331 

ZONE I=2, J=2
0.83727977724936398 0.64782264975483184 10.89348288761121886 1.05837660077352291 0.02346448084230607 0.84999999999999998 0.89011791851433331 
0.91580008579345762 0.71697359146310824 8.56872551352662448 1.16291643912824960 0.01913853704138559 1.00000000000000000 0.89011791851433331 
0.87177675204930039 0.60626885643129602 10.94893018676615704 1.06163810044335283 0.02193571013594630 0.84999999999999998 0.94247779607399995 
0.95406360028498027 0.67066896280204757 8.62417281268156266 1.16606299185037532 0.01820192549332230 1.00000000000000000 0.94247779607399995 

ZONE I=2, J=2
0.87177675204930039 0.60626885643129602 10.98463293599539625 1.06163810044335283 0.02193571013594630 0.84999999999999998 0.94247779607399995 
0.95406360028498027 0.67066896280204757 8.59566037925584681 1.16606299185037532 0.01820192549332230 1.00000000000000000 0.94247779607399995 
0.90387544426313926 0.56272726830198083 11.03272614564455623 1.06453696857665947 0.02034305203535700 0.84999999999999998 0.99483767363366671 
0.98961544693325842 0.62224437571846358 8.64375358890500678 1.16885992526185922 0.01712515807266967 1.00000000000000000 0.99483767363366671 

ZONE I=2, J=2
0.90387544426313926 0.56272726830198083 11.06403682320232384 1.06453696857665947 0.02034305203535700 0.84999999999999998 0.99483767363366671 
0.98961544693325842 0.62224437571846358 8.61881149764856325 1.16885992526185922 0.01712515807266967 1.00000000000000000 0.99483767363366671 
0.93348500361113085 0.51736572661302949 11.10563222650791992 1.06710459048550144 0.01869063951477052 0.84999999999999998 1.04719755119333335 
1.02237086508549146 0.57187730511265100 8.66040690095415933 1.17133779380938208 0.01592515847122928 1.00000000000000000 1.04719755119333335 

ZONE I=2, J=2
0.93348500361113085 0.51736572661302949 11.13287270364888926 1.06710459048550144 0.01869063951477052 0.84999999999999998 1.04719755119333335 
1.02237086508549146 0.57187730511265100 8.63875371607628395 1.17133779380938208 0.01592515847122928 1.00000000000000000 1.04719755119333335 
0.96052287804535630 0.47035034282402505 11.16869335514869732 1.06936673816188854 0.01698303730830279 0.84999999999999998 1.09955742875299989 
1.05225142414195405 0.51974355869927658 8.67457436757609202 1.17352152194722748 0.01461724819594263 1.00000000000000000 1.09955742875299989 

ZONE I=2, J=2
0.96052287804535630 0.47035034282402505 11.19220106070009102 1.06936673816188854 0.01698303730830279 0.84999999999999998 1.09955742875299989 
1.05225142414195405 0.51974355869927658 8.65592241687817499 1.17352152194722748 0.01461724819594263 1.00000000000000000 1.09955742875299989 
0.98491457595993281 0.42184622494658353 11.22285494693498897 1.07134455446310262 0.01522514572258517 0.84999999999999998 1.15191730631266664 
1.07918523263063593 0.46601818260529942 8.68657630311307294 1.17543143842980813 0.01321538488345075 1.00000000000000000 1.15191730631266664 

ZONE I=2, J=2
0.98491457595993281 0.42184622494658353 11.24295080541465452 1.07134455446310262 0.01522514572258517 0.84999999999999998 1.15191730631266664 
1.07918523263063593 0.46601818260529942 8.67065600989261043 1.17543143842980813 0.01321538488345075 1.00000000000000000 1.15191730631266664 
1.00659352011267145 0.37201801364916370 11.26894649989872121 1.07305534056142338 0.01342211998516425 0.84999999999999998 1.20427718387233340 
1.10310718218205772 0.41087608523200997 8.69665170437667712 1.17708409379540324 0.01173238812329638 1.00000000000000000 1.20427718387233340 

ZONE I=2, J=2
1.00659352011267145 0.37201801364916370 11.28591959096708308 1.07305534056142338 0.01342211998516425 0.84999999999999998 1.20427718387233340 
1.10310718218205772 0.41087608523200997 8.68322266076545546 1.17708409379540324 0.01173238812329638 1.00000000000000000 1.20427718387233340 
1.02550096751529329 0.32103025986849776 11.30767939535213529 1.07451318363033033 0.01157930613852449 0.84999999999999998 1.25663706143199994 
1.12395919340511452 0.35449244487660342 8.70498246515050766 1.17849290478213375 0.01018014207346115 1.00000000000000000 1.25663706143199994 

ZONE I=2, J=2
1.02550096751529329 0.32103025986849776 11.32178067367167706 1.07451318363033033 0.01157930613852449 0.84999999999999998 1.25663706143199994 
1.12395919340511452 0.35449244487660342 8.69383748114853994 1.17849290478213375 0.01018014207346115 1.00000000000000000 1.25663706143199994 
1.04158597452539681 0.26904767290833304 11.33965144503038935 1.07572945488369887 0.00970219155809865 0.84999999999999998 1.30899693899166669 
1.14169044610381976 0.29704295179111784 8.71170825250725223 1.17966866065614329 0.00856977241589581 1.00000000000000000 1.30899693899166669 

ZONE I=2, J=2
1.04158597452539681 0.26904767290833304 11.35109217472414045 1.07572945488369887 0.00970219155809865 0.84999999999999998 1.30899693899166669 
1.14169044610381976 0.29704295179111784 8.70267385908635305 1.17966866065614329 0.00856977241589581 1.00000000000000000 1.30899693899166669 
1.05480539106593652 0.21623526436201368 11.36535410093429732 1.07671320194012776 0.00779636731503227 0.84999999999999998 1.36135681655133323 
1.15625758476402885 0.23870392377811800 8.71693578529650992 1.18061991876471239 0.00691179914484692 1.00000000000000000 1.36135681655133323 

ZONE I=2, J=2
1.05480539106593652 0.21623526436201368 11.37430655973512472 1.07671320194012776 0.00779636731503227 0.84999999999999998 1.36135681655133323 
1.15625758476402885 0.23870392377811800 8.70987111445867868 1.18061991876471239 0.00691179914484692 1.00000000000000000 1.36135681655133323 
1.06512387184702728 0.16275840955941692 11.38518014042350401 1.07747145424305879 0.00586749964307322 0.84999999999999998 1.41371669411099998 
1.16762489483469789 0.17965232566502962 8.72074469514705797 1.18135331027547430 0.00521626837617762 1.00000000000000000 1.41371669411099998 

ZONE I=2, J=2
1.06512387184702728 0.16275840955941692 11.39177923434204232 1.07747145424305879 0.00586749964307322 0.84999999999999998 1.41371669411099998 
1.16762489483469789 0.17965232566502962 8.71553978529606255 1.18135331027547430 0.00521626837617762 1.00000000000000000 1.41371669411099998 
1.07251389562268429 0.10878284501806032 11.39943069235775752 1.07800945590308550 0.00392130813665580 0.84999999999999998 1.46607657167066674 
1.17576444775519939 0.12006571651867136 8.72319124331177775 1.18187377192694254 0.00349286693309468 1.00000000000000000 1.46607657167066674 

ZONE I=2, J=2
1.07251389562268429 0.10878284501806032 11.40377573655960042 1.07800945590308550 0.00392130813665580 0.84999999999999998 1.46607657167066674 
1.17576444775519939 0.12006571651867136 8.71976533107301854 1.18187377192694254 0.00349286693309468 1.00000000000000000 1.46607657167066674 
1.07695578599973607 0.05447461772324068 11.40832104250604040 1.07833083673366814 0.00196354874387850 0.84999999999999998 1.51843644923033327 
1.18065621391670406 0.06012214376094299 8.72431063701945853 1.18218471549383142 0.00175102350266208 1.00000000000000000 1.51843644923033327 

ZONE I=2, J=2
1.07695578599973607 0.05447461772324068 11.41047731924289899 1.07833083673366814 0.00196354874387850 0.84999999999999998 1.51843644923033327 
1.18065621391670406 0.06012214376094299 8.72261072699024531 1.18218471549383142 0.00175102350266208 1.00000000000000000 1.51843644923033327 
1.07843772923764902 0.00000000000528067 11.41198495438983151 1.07843772923764902 0.00000000000000000 0.84999999999999998 1.57079632679000003 
1.18228814327088294 0.00000000000578918 8.72411836213717784 1.18228814327088294 0.00000000000000000 1.00000000000000000 1.57079632679000003 

