ZONE I=2, J=2
0.00000000000000000 0.87734954929459297 1.32570337490665779 0.87734954929459297 0.00000000000000000 0.84999999999999998 0.00000000000000000 
0.00000000000000000 1.01999998358910804 1.14929658371683208 1.01999998358910804 0.00000000000000000 1.00000000000000000 0.00000000000000000 
0.04591692762227190 0.87614717223219885 1.32570344168691068 0.87734954929762587 0.00000000000060870 0.84999999999999998 0.05235987755966667 
0.05338267450607123 1.01860210903260762 1.14929665049708496 1.01999998356034172 -0.00000000000118160 1.00000000000000000 0.05235987755966667 

ZONE I=2, J=2
0.04591692762227190 0.87614717223219885 1.32570339360172662 0.87734954929762587 0.00000000000060870 0.84999999999999998 0.05235987755966667 
0.05338267450607123 1.01860210903260762 1.14929660178829973 1.01999998356034172 -0.00000000000118160 1.00000000000000000 0.05235987755966667 
0.09170800013671251 0.87254333666852824 1.32570343146488590 0.87734954929818243 0.00000000000029156 0.84999999999999998 0.10471975511933333 
0.10661903081326501 1.01441231692566025 1.14929663965145901 1.01999998355982635 -0.00000000000094949 1.00000000000000000 0.10471975511933333 

ZONE I=2, J=2
0.09170800013671251 0.87254333666852824 1.32570339747750587 0.87734954929818243 0.00000000000029156 0.84999999999999998 0.10471975511933333 
0.10661903081326501 1.01441231692566025 1.14929660567671199 1.01999998355982635 -0.00000000000094949 1.00000000000000000 0.10471975511933333 
0.13724770739756212 0.86654792046814755 1.32570342858546120 0.87734954929808773 0.00000000000025558 0.84999999999999998 0.15707963267899999 
0.15956315176794217 1.00744209116935779 1.14929663678466731 1.01999998355970956 -0.00000000000078158 1.00000000000000000 0.15707963267899999 

ZONE I=2, J=2
0.13724770739756212 0.86654792046814755 1.32570339915677127 0.87734954929808773 0.00000000000025558 0.84999999999999998 0.15707963267899999 
0.15956315176794217 1.00744209116935779 1.14929660732450123 1.01999998355970956 -0.00000000000078158 1.00000000000000000 0.15707963267899999 
0.18241122823244374 0.85817735665084816 1.32570342727690282 0.87734954929805808 0.00000000000025119 0.84999999999999998 0.20943951023866667 
0.21206992121468091 0.99771053666769371 1.14929663544463279 1.01999998355967558 -0.00000000000066100 1.00000000000000000 0.20943951023866667 

ZONE I=2, J=2
0.18241122823244374 0.85817735665084816 1.32570340007560539 0.87734954929805808 0.00000000000025119 0.84999999999999998 0.20943951023866667 
0.21206992121468091 0.99771053666769371 1.14929660822647417 1.01999998355967558 -0.00000000000066100 1.00000000000000000 0.20943951023866667 
0.22707477256999448 0.84745458835016974 1.32570342651862250 0.87734954929803799 0.00000000000024942 0.84999999999999998 0.26179938779833334 
0.26399542174812413 0.98524432693504860 1.14929663466949128 1.01999998355964050 -0.00000000000058480 1.00000000000000000 0.26179938779833334 

ZONE I=2, J=2
0.22707477256999448 0.84745458835016974 1.32570340065632020 0.87734954929803799 0.00000000000024942 0.84999999999999998 0.26179938779833334 
0.26399542174812413 0.98524432693504860 1.14929660879376727 1.01999998355964050 -0.00000000000058480 1.00000000000000000 0.26179938779833334 
0.27111592073970769 0.83440900592868894 1.32570342602465518 0.87734954929802200 0.00000000000024744 0.84999999999999998 0.31415926535799998 
0.31519732918062721 0.97007763098579147 1.14929663416210226 1.01999998355961075 -0.00000000000053568 1.00000000000000000 0.31415926535799998 

ZONE I=2, J=2
0.27111592073970769 0.83440900592868894 1.32570340105801954 0.87734954929802200 0.00000000000024744 0.84999999999999998 0.31415926535799998 
0.31519732918062721 0.97007763098579147 1.14929660918451981 1.01999998355961075 -0.00000000000053568 1.00000000000000000 0.31415926535799998 
0.31441395901571512 0.81907636642103276 1.32570342567574206 0.87734954929800801 0.00000000000024691 0.84999999999999998 0.36651914291766668 
0.36553530264293194 0.95225201967929640 1.14929663380224234 1.01999998355958765 -0.00000000000050295 1.00000000000000000 0.36651914291766668 

ZONE I=2, J=2
0.31441395901571512 0.81907636642103276 1.32570340135503373 0.87734954929800801 0.00000000000024691 0.84999999999999998 0.36651914291766668 
0.36553530264293194 0.95225201967929640 1.14929660947136303 1.01999998355958765 -0.00000000000050295 1.00000000000000000 0.36651914291766668 
0.35685021048471360 0.80149869552633246 1.32570342541538078 0.87734954929799613 0.00000000000024842 0.84999999999999998 0.41887902047733333 
0.41487136924873397 0.93181635177710787 1.14929663353171008 1.01999998355956767 -0.00000000000048080 1.00000000000000000 0.41887902047733333 

ZONE I=2, J=2
0.35685021048471360 0.80149869552633246 1.32570340158523514 0.87734954929799613 0.00000000000024842 0.84999999999999998 0.41887902047733333 
0.41487136924873397 0.93181635177710787 1.14929660969310321 1.01999998355956767 -0.00000000000048080 1.00000000000000000 0.41887902047733333 
0.39830836033113393 0.78172417241870018 1.32570342521255613 0.87734954929798536 0.00000000000025112 0.84999999999999998 0.47123889803699998 
0.46307030226877599 0.90882664002447822 1.14929663332042420 1.01999998355954791 -0.00000000000046872 1.00000000000000000 0.47123889803699998 

ZONE I=2, J=2
0.39830836033113393 0.78172417241870018 1.32570340176829404 0.87734954929798536 0.00000000000025112 0.84999999999999998 0.47123889803699998 
0.46307030226877599 0.90882664002447822 1.14929660986789939 1.01999998355954791 -0.00000000000046872 1.00000000000000000 0.47123889803699998 
0.43867477464797233 0.75980699769146665 1.32570342505042493 0.87734954929798059 0.00000000000025657 0.84999999999999998 0.52359877559666668 
0.50999999177792699 0.88334589762333326 1.14929663315003028 1.01999998355953814 -0.00000000000046215 1.00000000000000000 0.52359877559666668 

ZONE I=2, J=2
0.43867477464797233 0.75980699769146665 1.32570340192048763 0.87734954929798059 0.00000000000025657 0.84999999999999998 0.52359877559666668 
0.50999999177792699 0.88334589762333326 1.14929661001161931 1.01999998355953814 -0.00000000000046215 1.00000000000000000 0.52359877559666668 
0.47783881189942262 0.73580724479711546 1.32570342491666193 0.87734954929798303 0.00000000000026390 0.84999999999999998 0.57595865315633332 
0.55553180675928593 0.85544396551744684 1.14929663300779361 1.01999998355953481 -0.00000000000046110 1.00000000000000000 0.57595865315633332 

ZONE I=2, J=2
0.47783881189942262 0.73580724479711546 1.32570340204828696 0.87734954929798303 0.00000000000026390 0.84999999999999998 0.57595865315633332 
0.55553180675928593 0.85544396551744684 1.14929661013267825 1.01999998355953481 -0.00000000000046110 1.00000000000000000 0.57595865315633332 
0.51569312618163710 0.70979069539012596 1.32570342480370096 0.87734954929799136 0.00000000000027191 0.84999999999999998 0.62831853071599997 
0.59954094767286570 0.82519732096328047 1.14929663288809225 1.01999998355953569 -0.00000000000046745 1.00000000000000000 0.62831853071599997 

ZONE I=2, J=2
0.51569312618163710 0.70979069539012596 1.32570340215842664 0.87734954929799136 0.00000000000027191 0.84999999999999998 0.62831853071599997 
0.59954094767286570 0.82519732096328047 1.14929661023552643 1.01999998355953569 -0.00000000000046745 1.00000000000000000 0.62831853071599997 
0.55213396145039328 0.68182865902403544 1.32570342470714864 0.87734954929800857 0.00000000000028136 0.84999999999999998 0.68067840827566661 
0.64190678852246741 0.79268886791114090 1.14929663278424843 1.01999998355954591 -0.00000000000047833 1.00000000000000000 0.68067840827566661 

ZONE I=2, J=2
0.55213396145039328 0.68182865902403544 1.32570340225498806 0.87734954929800857 0.00000000000028136 0.84999999999999998 0.68067840827566661 
0.64190678852246741 0.79268886791114090 1.14929661032466357 1.01999998355954591 -0.00000000000047833 1.00000000000000000 0.68067840827566661 
0.58706143590919324 0.65199777769690515 1.32570342462393431 0.87734954929803599 0.00000000000029248 0.84999999999999998 0.73303828583533337 
0.68251320748313926 0.75800770977121001 1.14929663269360982 1.01999998355956745 -0.00000000000049436 1.00000000000000000 0.73303828583533337 

ZONE I=2, J=2
0.58706143590919324 0.65199777769690515 1.32570340234097572 0.87734954929803599 0.00000000000029248 0.84999999999999998 0.73303828583533337 
0.68251320748313926 0.75800770977121001 1.14929661040250219 1.01999998355956745 -0.00000000000049436 1.00000000000000000 0.73303828583533337 
0.62037981577832813 0.62037981578093693 1.32570342455172274 0.87734954929807862 0.00000000000030335 0.84999999999999998 0.78539816339500002 
0.72124890518303264 0.72124890518729334 1.14929663261324921 1.01999998355960408 -0.00000000000051545 1.00000000000000000 0.78539816339500002 

ZONE I=2, J=2
0.62037981577832813 0.62037981578093693 1.32570340241763107 0.87734954929807862 0.00000000000030335 0.84999999999999998 0.78539816339500002 
0.72124890518303264 0.72124890518729334 1.14929661047303400 1.01999998355960408 -0.00000000000051545 1.00000000000000000 0.78539816339500002 
0.65199777769450851 0.58706143591200044 1.32570342448566469 0.87734954929813325 0.00000000000031371 0.84999999999999998 0.83775804095466666 
0.75800770976723597 0.68251320748767941 1.14929663254106762 1.01999998355965205 -0.00000000000054420 1.00000000000000000 0.83775804095466666 

ZONE I=2, J=2
0.65199777769450851 0.58706143591200044 1.32570340248858032 0.87734954929813325 0.00000000000031371 0.84999999999999998 0.83775804095466666 
0.75800770976723597 0.68251320748767941 1.14929661053675303 1.01999998355965205 -0.00000000000054420 1.00000000000000000 0.83775804095466666 
0.68182865902186363 0.55213396145338722 1.32570342442766953 0.87734954929820486 0.00000000000032124 0.84999999999999998 0.89011791851433331 
0.79268886790746262 0.64190678852728067 1.14929663247584224 1.01999998355971644 -0.00000000000058241 1.00000000000000000 0.89011791851433331 

ZONE I=2, J=2
0.68182865902186363 0.55213396145338722 1.32570340255394870 0.87734954929820486 0.00000000000032124 0.84999999999999998 0.89011791851433331 
0.79268886790746262 0.64190678852728067 1.14929661059501775 1.01999998355971644 -0.00000000000058241 1.00000000000000000 0.89011791851433331 
0.70979069538819828 0.51569312618480856 1.32570342437500788 0.87734954929829589 0.00000000000032539 0.84999999999999998 0.94247779607399995 
0.82519732095990961 0.59954094767794597 1.14929663241607694 1.01999998355979482 -0.00000000000062935 1.00000000000000000 0.94247779607399995 

ZONE I=2, J=2
0.70979069538819828 0.51569312618480856 1.32570340261415009 0.87734954929829589 0.00000000000032539 0.84999999999999998 0.94247779607399995 
0.82519732095990961 0.59954094767794597 1.14929661064804933 1.01999998355979482 -0.00000000000062935 1.00000000000000000 0.94247779607399995 
0.73580724479545057 0.47783881190276173 1.32570342432788846 0.87734954929840536 0.00000000000032490 0.84999999999999998 0.99483767363366671 
0.85544396551440438 0.55553180676463276 1.14929663236178770 1.01999998355989541 -0.00000000000068565 1.00000000000000000 0.99483767363366671 

ZONE I=2, J=2
0.73580724479545057 0.47783881190276173 1.32570340267072440 0.87734954929840536 0.00000000000032490 0.84999999999999998 0.99483767363366671 
0.85544396551440438 0.55553180676463276 1.14929661069935452 1.01999998355989541 -0.00000000000068565 1.00000000000000000 0.99483767363366671 
0.75980699769008986 0.43867477465147481 1.32570342428289734 0.87734954929853948 0.00000000000031786 0.84999999999999998 1.04719755119333335 
0.88334589762064297 0.50999999178354427 1.14929663231152746 1.01999998356001687 -0.00000000000075312 1.00000000000000000 1.04719755119333335 

ZONE I=2, J=2
0.75980699769008986 0.43867477465147481 1.32570340272343690 0.87734954929853948 0.00000000000031786 0.84999999999999998 1.04719755119333335 
0.88334589762064297 0.50999999178354427 1.14929661074706613 1.01999998356001687 -0.00000000000075312 1.00000000000000000 1.04719755119333335 
0.78172417241763303 0.39830836033479133 1.32570342424177690 0.87734954929869502 0.00000000000030180 0.84999999999999998 1.09955742875299989 
0.90882664002216529 0.46307030227466228 1.14929663226540613 1.01999998356015942 -0.00000000000083141 1.00000000000000000 1.09955742875299989 

ZONE I=2, J=2
0.78172417241763303 0.39830836033479133 1.32570340277461285 0.87734954929869502 0.00000000000030180 0.84999999999999998 1.09955742875299989 
0.90882664002216529 0.46307030227466228 1.14929661079468359 1.01999998356015942 -0.00000000000083141 1.00000000000000000 1.09955742875299989 
0.80149869552560105 0.35685021048851967 1.32570342420237108 0.87734954929887599 0.00000000000027314 0.84999999999999998 1.15191730631266664 
0.93181635177519651 0.41487136925488638 1.14929663222244183 1.01999998356032395 -0.00000000000092250 1.00000000000000000 1.15191730631266664 

ZONE I=2, J=2
0.80149869552560105 0.35685021048851967 1.32570340282104060 0.87734954929887599 0.00000000000027314 0.84999999999999998 1.15191730631266664 
0.93181635177519651 0.41487136925488638 1.14929661084083690 1.01999998356032395 -0.00000000000092250 1.00000000000000000 1.15191730631266664 
0.81907636642066417 0.31441395901966601 1.32570342416435660 0.87734954929907960 0.00000000000022851 0.84999999999999998 1.20427718387233340 
0.95225201967782014 0.36553530264935247 1.14929663218415290 1.01999998356051025 -0.00000000000102574 1.00000000000000000 1.20427718387233340 

ZONE I=2, J=2
0.81907636642066417 0.31441395901966601 1.32570340286417698 0.87734954929907960 0.00000000000022851 0.84999999999999998 1.20427718387233340 
0.95225201967782014 0.36553530264935247 1.14929661088788881 1.01999998356051025 -0.00000000000102574 1.00000000000000000 1.20427718387233340 
0.83440900592870892 0.27111592074379887 1.32570342412587072 0.87734954929930520 0.00000000000016388 0.84999999999999998 1.25663706143199994 
0.97007763098478050 0.31519732918731319 1.14929663214958255 1.01999998356071520 -0.00000000000114085 1.00000000000000000 1.25663706143199994 

ZONE I=2, J=2
0.83440900592870892 0.27111592074379887 1.32570340290432331 0.87734954929930520 0.00000000000016388 0.84999999999999998 1.25663706143199994 
0.97007763098478050 0.31519732918731319 1.14929661093588753 1.01999998356071520 -0.00000000000114085 1.00000000000000000 1.25663706143199994 
0.84745458835060294 0.22707477257422412 1.32570342408770370 0.87734954929955111 0.00000000000007315 0.84999999999999998 1.30899693899166669 
0.98524432693453168 0.26399542175507201 1.14929663211926791 1.01999998356093946 -0.00000000000126566 1.00000000000000000 1.30899693899166669 

ZONE I=2, J=2
0.84745458835060294 0.22707477257422412 1.32570340293921873 0.87734954929955111 0.00000000000007315 0.84999999999999998 1.30899693899166669 
0.98524432693453168 0.26399542175507201 1.14929661098550850 1.01999998356093946 -0.00000000000126566 1.00000000000000000 1.30899693899166669 
0.85817735665170358 0.18241122823680944 1.32570342404842823 0.87734954929980258 -0.00000000000004744 0.84999999999999998 1.36135681655133323 
0.99771053666769505 0.21206992122188811 1.14929663209471800 1.01999998356117527 -0.00000000000139376 1.00000000000000000 1.36135681655133323 

ZONE I=2, J=2
0.85817735665170358 0.18241122823680944 1.32570340296721390 0.87734954929980258 -0.00000000000004744 0.84999999999999998 1.36135681655133323 
0.99771053666769505 0.21206992122188811 1.14929661104164382 1.01999998356117527 -0.00000000000139376 1.00000000000000000 1.36135681655133323 
0.86654792046944651 0.13724770740205142 1.32570342400659702 0.87734954930007303 -0.00000000000019034 0.84999999999999998 1.41371669411099998 
1.00744209116992667 0.15956315177541097 1.14929663208102695 1.01999998356143995 -0.00000000000151168 1.00000000000000000 1.41371669411099998 

ZONE I=2, J=2
0.86654792046944651 0.13724770740205142 1.32570340301637946 0.87734954930007303 -0.00000000000019034 0.84999999999999998 1.41371669411099998 
1.00744209116992667 0.15956315177541097 1.14929661110100523 1.01999998356143995 -0.00000000000151168 1.00000000000000000 1.41371669411099998 
0.87254333667010142 0.09170800014122428 1.32570342397111784 0.87734954930021869 -0.00000000000031816 0.84999999999999998 1.46607657167066674 
1.01441231692662392 0.10661903082086115 1.14929663205574362 1.01999998356157873 -0.00000000000150983 1.00000000000000000 1.46607657167066674 

ZONE I=2, J=2
0.87254333667010142 0.09170800014122428 1.32570340300389611 0.87734954930021869 -0.00000000000031816 0.84999999999999998 1.46607657167066674 
1.01441231692662392 0.10661903082086115 1.14929661124598881 1.01999998356157873 -0.00000000000150983 1.00000000000000000 1.46607657167066674 
0.87614717223562300 0.04591692762627229 1.32570342370143135 0.87734954930125464 -0.00000000000012830 0.84999999999999998 1.51843644923033327 
1.01860210903347537 0.05338267451348986 1.14929663194352405 1.01999998356159671 -0.00000000000118682 1.00000000000000000 1.51843644923033327 

ZONE I=2, J=2
0.87614717223562300 0.04591692762627229 1.32570340341423587 0.87734954930125464 -0.00000000000012830 0.84999999999999998 1.51843644923033327 
1.01860210903347537 0.05338267451348986 1.14929661142240946 1.01999998356159671 -0.00000000000118682 1.00000000000000000 1.51843644923033327 
0.87734954930453679 0.00000000000429602 1.32570342187231982 0.87734954930453679 0.00000000000000000 0.84999999999999998 1.57079632679000003 
1.01999998355522292 0.00000000000499452 1.14929662988049341 1.01999998355522292 0.00000000000000000 1.00000000000000000 1.57079632679000003 

