#Contact mesh details for the compression of a sphere.
nreler=1_nreletheta=30_H=0.4600_lambda=1.15_vol=0.3783_t=0.15_nt=1.00e-07_CL=MR_C1=1.0000_C2=0.0000
# Contact options are: 
# Use_isoparametric_flag_pt = false 
# Use_collocated_penetration_flag_pt = false 
# Use_collocated_contact_pressure_flag_pt = false 

ZONE I=5
0.00000000000000000 0.46000000614097059 1.00000000000000000 0.00000000000000000 0.46000000614097059 0.00000000000000000 0.00000000614097129 0.75096468177289366 -0.00000000000000000 -0.00000000000000000 -0.00000000000000000 -0.00000000000000000 0.00000000000000000 0.00000000000000000 -0.00243136457432752 0.00008492100257505 0.00008492100257505 -0.00243136457432752 1.00000000000000000 
0.02020939539474950 0.46000007356108485 1.00000000000000000 0.01308996938991666 0.46022519705128406 0.01418644908113366 0.00000007356108556 0.74578764613545256 -0.00000000000000000 -0.00000000000000000 -0.00000000000000000 -0.00000000000000000 0.00000000000000000 0.00000000000000000 -0.00243136457432752 0.00008492100257505 0.00005308814822240 -0.00243226785500518 1.00000000000000000 
0.04041036173415681 0.46000000614097059 1.00000000000000000 0.02617993877983333 0.46090019557783773 0.02835511773012592 0.00000000614097129 0.74350986976574351 -0.00000000000000000 -0.00000000000000000 -0.00000000000000000 -0.00000000000000000 0.00000000000000000 0.00000000000000000 -0.00243136457432752 0.00008492100257505 0.00002124619748885 -0.00243275437910724 1.00000000000000000 
0.06061225180041908 0.46000001922630041 1.00000000000000000 0.03926990816975000 0.46202500172063171 0.04250600594697677 0.00000001922630111 0.74413135266376662 -0.00000000000000000 -0.00000000000000000 -0.00000000000000000 -0.00000000000000000 0.00000000000000000 0.00000000000000000 -0.00243136457432752 0.00008492100257505 -0.00001059939367127 -0.00243282406327030 1.00000000000000000 
0.08082442098469950 0.46000000614097059 1.00000000000000000 0.05235987755966667 0.46359961547966588 0.05663911373168622 0.00000000614097129 0.74765209482952177 -0.00000000000000000 -0.00000000000000000 -0.00000000000000000 -0.00000000000000000 0.00000000000000000 0.00000000000000000 -0.00243136457432752 0.00008492100257505 -0.00004244316867984 -0.00243247689555433 1.00000000000000000 
ZONE I=5
0.08082442098469950 0.46000000614097059 1.00000000000000000 0.05235987755966667 0.46359961547966588 0.05663911373168622 0.00000000614097129 0.74765209482952177 -0.00000000000000000 -0.00000000000000000 -0.00000000000000000 -0.00000000000000000 0.00000000000000000 0.00000000000000000 -0.00728385046023529 0.00059465274049318 0.00021263051061341 -0.00730498991613282 1.00000000000000000 
0.10105023845893431 0.46000008352876015 1.00000000000000000 0.06544984694958333 0.46562418984432830 0.07074843723282320 0.00000008352876085 0.74446233410533125 -0.00000000000000000 -0.00000000000000000 -0.00000000000000000 -0.00000000000000000 0.00000000000000000 0.00000000000000000 -0.00728385046023529 0.00059465274049318 0.00011699293038709 -0.00730714732731491 1.00000000000000000 
0.12127172957273727 0.46000000614097042 1.00000000000000000 0.07853981633950000 0.46809684987888672 0.08480670478634911 0.00000000614097112 0.74338041280783651 -0.00000000000000000 -0.00000000000000000 -0.00000000000000000 -0.00000000000000000 0.00000000000000000 0.00000000000000000 -0.00728385046023529 0.00059465274049318 0.00002133530402444 -0.00730805269641976 1.00000000000000000 
0.14149825727105519 0.46000000935993834 1.00000000000000000 0.09162978572941666 0.47101759558334100 0.09881391639226392 0.00000000935993905 0.74440633093703756 -0.00000000000000000 -0.00000000000000000 -0.00000000000000000 -0.00000000000000000 0.00000000000000000 0.00000000000000000 -0.00728385046023529 0.00059465274049318 -0.00007432597803273 -0.00730770586831705 1.00000000000000000 
0.16173919000131748 0.46000000614097036 1.00000000000000000 0.10471975511933333 0.47438642695769118 0.11277007205056762 0.00000000614097106 0.74754008849293441 -0.00000000000000000 -0.00000000000000000 -0.00000000000000000 -0.00000000000000000 0.00000000000000000 0.00000000000000000 -0.00728385046023529 0.00059465274049318 -0.00016997452471619 -0.00730610690243398 1.00000000000000000 
ZONE I=5
0.16173919000131748 0.46000000614097036 1.00000000000000000 0.10471975511933333 0.47438642695769118 0.11277007205056762 0.00000000614097106 0.74754008849293441 -0.00000000000000000 -0.00000000000000000 -0.00000000000000000 -0.00000000000000000 0.00000000000000000 0.00000000000000000 -0.01210801144927208 0.00161572826333424 0.00034124530483568 -0.01221057208809515 1.00000000000000000 
0.18200454539762456 0.46000010090751087 1.00000000000000000 0.11780972450925001 0.47820393099881930 0.12667575836596595 0.00000010090751157 0.74436912899128338 -0.00000000000000000 -0.00000000000000000 -0.00000000000000000 -0.00000000000000000 0.00000000000000000 0.00000000000000000 -0.01210801144927208 0.00161572826333424 0.00018138461919514 -0.01221399274179252 1.00000000000000000 
0.20226929849039343 0.46000000614097047 1.00000000000000000 0.13089969389916667 0.48246608365530119 0.14049680737940162 0.00000000614097118 0.74330917976597366 -0.00000000000000000 -0.00000000000000000 -0.00000000000000000 -0.00000000000000000 0.00000000000000000 0.00000000000000000 -0.01210801144927208 0.00161572826333424 0.00002149285423387 -0.01221532059071139 1.00000000000000000 
0.22254283378794165 0.45999999218369098 1.00000000000000000 0.14398966328908333 0.48717288492713695 0.15423321909087467 0.00000000000000000 0.74436024081700503 -0.00000000000000000 -0.00000000000000000 -0.00000000000000000 -0.00000000000000000 0.00000000000000000 0.00000000000000000 -0.01210801144927208 0.00161572826333424 -0.00013840259341732 -0.01221455540733171 1.00000000000000000 
0.24283454458396225 0.46000000614097059 1.00000000000000000 0.15707963267899999 0.49232433481432641 0.16788499350038508 0.00000000614097129 0.74752231214437770 -0.00000000000000000 -0.00000000000000000 -0.00000000000000000 -0.00000000000000000 0.00000000000000000 0.00000000000000000 -0.01210801144927208 0.00161572826333424 -0.00029827432649663 -0.01221169732276369 1.00000000000000000 
ZONE I=5
0.24283454458396225 0.46000000614097059 1.00000000000000000 0.15707963267899999 0.49232433481432641 0.16788499350038508 0.00000000614097129 0.74752231214437770 -0.00000000000000000 -0.00000000000000000 -0.00000000000000000 -0.00000000000000000 0.00000000000000000 0.00000000000000000 -0.01688444649766421 0.00315144457403478 0.00047133570645187 -0.01716956548918819 1.00000000000000000 
0.26316256846745262 0.46000011900566407 1.00000000000000000 0.17016960206891668 0.49792235485497083 0.18146067194654680 0.00000011900566477 0.74426250029638785 -0.00000000000000000 -0.00000000000000000 -0.00000000000000000 -0.00000000000000000 0.00000000000000000 0.00000000000000000 -0.01688444649766421 0.00315144457403478 0.00024655265758996 -0.01717426412463526 1.00000000000000000 
0.28349368119449825 0.46000000614097108 1.00000000000000000 0.18325957145883334 0.50395988348363041 0.19491821045265859 0.00000000614097179 0.74317353977382827 -0.00000000000000000 -0.00000000000000000 -0.00000000000000000 -0.00000000000000000 0.00000000000000000 0.00000000000000000 -0.01688444649766421 0.00315144457403478 0.00002172736319942 -0.01717602003833795 1.00000000000000000 
0.30383730068559400 0.45999997439162527 1.00000000000000000 0.19634954084875000 0.51043692070030522 0.20825760901872045 0.00000000000000000 0.74425543057669874 -0.00000000000000000 -0.00000000000000000 -0.00000000000000000 -0.00000000000000000 0.00000000000000000 0.00000000000000000 -0.01688444649766421 0.00315144457403478 -0.00020310165406295 -0.01717483292942949 1.00000000000000000 
0.32420285697111728 0.46000000614097114 1.00000000000000000 0.20943951023866667 0.51735346650499536 0.22147886764473235 0.00000000614097184 0.74750817270499947 -0.00000000000000000 -0.00000000000000000 -0.00000000000000000 -0.00000000000000000 0.00000000000000000 0.00000000000000000 -0.01688444649766421 0.00315144457403478 -0.00042789587090246 -0.01717070300131486 1.00000000000000000 
ZONE I=5
0.32420285697111728 0.46000000614097114 1.00000000000000000 0.20943951023866667 0.51735346650499536 0.22147886764473235 0.00000000614097184 0.74750817270499947 -0.00000000000000000 -0.00000000000000000 -0.00000000000000000 -0.00000000000000000 0.00000000000000000 0.00000000000000000 -0.02159395738085252 0.00520692098179201 0.00060350107506518 -0.02220465734770740 1.00000000000000000 
0.34461727560081989 0.46000013687939112 1.00000000000000000 0.22252947962858333 0.52471374972721474 0.23459896295336827 0.00000013687939182 0.74412256936541155 -0.00000000000000000 -0.00000000000000000 -0.00000000000000000 -0.00000000000000000 0.00000000000000000 0.00000000000000000 -0.02159395738085252 0.00520692098179201 0.00031279938718312 -0.02221065460584354 1.00000000000000000 
0.36503849445246966 0.46000000614097108 1.00000000000000000 0.23561944901849999 0.53250671351291368 0.24756758298592904 0.00000000614097179 0.74299121614290209 -0.00000000000000000 -0.00000000000000000 -0.00000000000000000 -0.00000000000000000 0.00000000000000000 0.00000000000000000 -0.02159395738085252 0.00520692098179201 0.00002204410273637 -0.02221284618265375 1.00000000000000000 
0.38547597707825537 0.45999995693059936 1.00000000000000000 0.24870941840841668 0.54073235786209195 0.26038472774241467 0.00000000000000000 0.74411411303747110 -0.00000000000000000 -0.00000000000000000 -0.00000000000000000 -0.00000000000000000 0.00000000000000000 0.00000000000000000 -0.02159395738085252 0.00520692098179201 -0.00026871495885390 -0.02221123170262264 1.00000000000000000 
0.40593920245962289 0.46000000614097120 1.00000000000000000 0.26179938779833334 0.54939068277474967 0.27305039722282515 0.00000000614097190 0.74749126004911848 -0.00000000000000000 -0.00000000000000000 -0.00000000000000000 -0.00000000000000000 0.00000000000000000 0.00000000000000000 -0.02159395738085252 0.00520692098179201 -0.00055942797751933 -0.02220581144238304 1.00000000000000000 
ZONE I=5
0.40593920245962289 0.46000000614097120 1.00000000000000000 0.26179938779833334 0.54939068277474967 0.27305039722282515 0.00000000614097190 0.74749126004911848 -0.00000000000000000 -0.00000000000000000 -0.00000000000000000 -0.00000000000000000 0.00000000000000000 0.00000000000000000 -0.02621711827946742 0.00778927609888018 0.00073837343359524 -0.02733980463896426 1.00000000000000000 
0.42646456399958832 0.46000015401285865 1.00000000000000000 0.27488935718824997 0.55848929010247639 0.28559040404055019 0.00000015401285935 0.74394669914144584 -0.00000000000000000 -0.00000000000000000 -0.00000000000000000 -0.00000000000000000 0.00000000000000000 0.00000000000000000 -0.02621711827946742 0.00778927609888018 0.00038044318962940 -0.02734712738120103 1.00000000000000000 
0.44700048881875731 0.46000000614097086 1.00000000000000000 0.28797932657816666 0.56801208184186658 0.29794582986772911 0.00000000614097156 0.74276224421327075 -0.00000000000000000 -0.00000000000000000 -0.00000000000000000 -0.00000000000000000 0.00000000000000000 0.00000000000000000 -0.02621711827946742 0.00778927609888018 0.00002244775868155 -0.02734976433394447 1.00000000000000000 
0.46755649877959327 0.45999994032034713 1.00000000000000000 0.30106929596808329 0.57795905799292024 0.31011667470436188 0.00000000000000000 0.74393789526459342 -0.00000000000000000 -0.00000000000000000 -0.00000000000000000 -0.00000000000000000 0.00000000000000000 0.00000000000000000 -0.02621711827946742 0.00778927609888018 -0.00033555151857419 -0.02734771504536629 1.00000000000000000 
0.48814213446378996 0.46000000614097075 1.00000000000000000 0.31415926535799998 0.58833021855563727 0.32210293855044853 0.00000000614097145 0.74747365229541396 -0.00000000000000000 -0.00000000000000000 -0.00000000000000000 -0.00000000000000000 0.00000000000000000 0.00000000000000000 -0.02621711827946742 0.00778927609888018 -0.00069349330080465 -0.02734097986660152 1.00000000000000000 
ZONE I=5
0.48814213446378996 0.46000000614097075 1.00000000000000000 0.31415926535799998 0.58833021855563727 0.32210293855044853 0.00000000614097145 0.74747365229541396 -0.00000000000000000 -0.00000000000000000 -0.00000000000000000 -0.00000000000000000 0.00000000000000000 0.00000000000000000 -0.03073419723097141 0.01090788991399563 0.00087663052892603 -0.03260068190581070 1.00000000000000000 
0.50880405413518137 0.46000017010162836 1.00000000000000000 0.32724923474791662 0.59913772374705854 0.33393968015364245 0.00000017010162906 0.74373428736001834 -0.00000000000000000 -0.00000000000000000 -0.00000000000000000 -0.00000000000000000 0.00000000000000000 0.00000000000000000 -0.03073419723097141 0.01090788991399563 0.00044982568436615 -0.03260936366539192 1.00000000000000000 
0.52948037263885006 0.46000000614097053 1.00000000000000000 0.34033920413783331 0.61035927190727024 0.34555901067154271 0.00000000614097123 0.74248532783391308 -0.00000000000000000 -0.00000000000000000 -0.00000000000000000 -0.00000000000000000 0.00000000000000000 0.00000000000000000 -0.03073419723097141 0.01090788991399563 0.00002294376449095 -0.03261245797838257 1.00000000000000000 
0.55018068339747050 0.45999992487023633 1.00000000000000000 0.35342917352775000 0.62199486303627249 0.35696093010414937 0.00000000000000000 0.74372677371709772 -0.00000000000000000 -0.00000000000000000 -0.00000000000000000 -0.00000000000000000 0.00000000000000000 0.00000000000000000 -0.03073419723097141 0.01090788991399563 -0.00040394208668018 -0.03260996431458806 1.00000000000000000 
0.57091460180040610 0.46000000614097059 1.00000000000000000 0.36651914291766668 0.63404449713406530 0.36814543845146241 0.00000000614097129 0.74745862500957250 -0.00000000000000000 -0.00000000000000000 -0.00000000000000000 -0.00000000000000000 0.00000000000000000 0.00000000000000000 -0.03073419723097141 0.01090788991399563 -0.00083075872445426 -0.03260188310128483 1.00000000000000000 
ZONE I=5
0.57091460180040610 0.46000000614097059 1.00000000000000000 0.36651914291766668 0.63404449713406530 0.36814543845146241 0.00000000614097129 0.74745862500957250 -0.00000000000000000 -0.00000000000000000 -0.00000000000000000 -0.00000000000000000 0.00000000000000000 0.00000000000000000 -0.03512499749272931 0.01457472845668825 0.00101900787946614 -0.03801512569217711 1.00000000000000000 
0.59174000422991435 0.46000018494397221 1.00000000000000000 0.37960911230758337 0.64652622573786134 0.37915727895909329 0.00000018494397291 0.74348516719726332 -0.00000000000000000 -0.00000000000000000 -0.00000000000000000 -0.00000000000000000 0.00000000000000000 0.00000000000000000 -0.03512499749272931 0.01457472845668825 0.00052131795768613 -0.03802520724516083 1.00000000000000000 
0.61258372931175531 0.46000000614097064 1.00000000000000000 0.39269908169750001 0.65941023477226124 0.38991918822338328 0.00000000614097134 0.74215927868749931 -0.00000000000000000 -0.00000000000000000 -0.00000000000000000 -0.00000000000000000 0.00000000000000000 0.00000000000000000 -0.03512499749272931 0.01457472845668825 0.00002353871075782 -0.03802877337463745 1.00000000000000000 
0.63345545596809361 0.45999991078797808 1.00000000000000000 0.40578905108741670 0.67269652423726489 0.40043116624433245 0.00000000000000000 0.74348095948028070 -0.00000000000000000 -0.00000000000000000 -0.00000000000000000 -0.00000000000000000 0.00000000000000000 0.00000000000000000 -0.03512499749272931 0.01457472845668825 -0.00047424456940740 -0.03802582346956902 1.00000000000000000 
0.65436488828511008 0.46000000614097047 1.00000000000000000 0.41887902047733333 0.68638509413287252 0.41069321302194073 0.00000000614097118 0.74745020957560726 -0.00000000000000000 -0.00000000000000000 -0.00000000000000000 -0.00000000000000000 0.00000000000000000 0.00000000000000000 -0.03512499749272931 0.01457472845668825 -0.00097194659020707 -0.03801635803540659 1.00000000000000000 
ZONE I=5
0.65436488828511008 0.46000000614097047 1.00000000000000000 0.41887902047733333 0.68638509413287252 0.41069321302194073 0.00000000614097118 0.74745020957560726 -0.00000000000000000 -0.00000000000000000 -0.00000000000000000 -0.00000000000000000 0.00000000000000000 0.00000000000000000 -0.03936863690008779 0.01880473330241564 0.00116631147544751 -0.04361361351101481 1.00000000000000000 
0.67538225324268109 0.46000019840590445 1.00000000000000000 0.43196898986725002 0.70050139701995628 0.42076022067410568 0.00000019840590515 0.74319949167769450 -0.00000000000000000 -0.00000000000000000 -0.00000000000000000 -0.00000000000000000 0.00000000000000000 0.00000000000000000 -0.03936863690008779 0.01880473330241564 0.00059532699245162 -0.04362514357246280 1.00000000000000000 
0.69642196549732760 0.46000000614097047 1.00000000000000000 0.44505895925716665 0.71500662055073128 0.43054511058131451 0.00000000614097118 0.74178311862433111 -0.00000000000000000 -0.00000000000000000 -0.00000000000000000 -0.00000000000000000 0.00000000000000000 0.00000000000000000 -0.03936863690008779 0.01880473330241564 0.00002424050324033 -0.04362919869014256 1.00000000000000000 
0.71749380422137576 0.45999989821462089 1.00000000000000000 0.45814892864708334 0.72990076472519694 0.44004788274356710 0.00000000000000000 0.74320109041551696 -0.00000000000000000 -0.00000000000000000 -0.00000000000000000 -0.00000000000000000 0.00000000000000000 0.00000000000000000 -0.03936863690008779 0.01880473330241564 -0.00054685013945641 -0.04362577816923052 1.00000000000000000 
0.73860757689443446 0.46000000614097036 1.00000000000000000 0.47123889803699998 0.74518382954335383 0.44926853716086357 0.00000000614097106 0.74745340705125218 -0.00000000000000000 -0.00000000000000000 -0.00000000000000000 -0.00000000000000000 0.00000000000000000 0.00000000000000000 -0.03936863690008779 0.01880473330241564 -0.00111784708219694 -0.04361488259581536 1.00000000000000000 
ZONE I=5
0.73860757689443446 0.46000000614097036 1.00000000000000000 0.47123889803699998 0.74518382954335383 0.44926853716086357 0.00000000614097106 0.74745340705125218 -0.00000000000000000 -0.00000000000000000 -0.00000000000000000 -0.00000000000000000 0.00000000000000000 0.00000000000000000 -0.04344325552698185 0.02361627707538747 0.00131943166427572 -0.04942978953796402 1.00000000000000000 
0.75984719209826923 0.46000021041265748 1.00000000000000000 0.48432886742691672 0.76089038531412645 0.45827259404838228 0.00000021041265819 0.74287783695934306 -0.00000000000000000 -0.00000000000000000 -0.00000000000000000 -0.00000000000000000 0.00000000000000000 0.00000000000000000 -0.04344325552698185 0.02361627707538747 0.00067230267113750 -0.04944282559484736 1.00000000000000000 
0.78111328989986317 0.46000000614097025 1.00000000000000000 0.49741883681683335 0.77697092625149256 0.46696269344325364 0.00000000614097095 0.74135614705150454 -0.00000000000000000 -0.00000000000000000 -0.00000000000000000 -0.00000000000000000 0.00000000000000000 0.00000000000000000 -0.04344325552698185 0.02361627707538747 0.00002505848239761 -0.04944738987809742 1.00000000000000000 
0.80241576541003501 0.45999988723311269 1.00000000000000000 0.51050880620674999 0.79342545235545203 0.47533883534547761 0.00000000000000000 0.74288833732773663 -0.00000000000000000 -0.00000000000000000 -0.00000000000000000 -0.00000000000000000 0.00000000000000000 0.00000000000000000 -0.04344325552698185 0.02361627707538747 -0.00062218999998424 -0.04944348160564779 1.00000000000000000 
0.82376454513543185 0.46000000614097025 1.00000000000000000 0.52359877559666668 0.81025396362600499 0.48340101975505423 0.00000000614097095 0.74747440778803942 -0.00000000000000000 -0.00000000000000000 -0.00000000000000000 -0.00000000000000000 0.00000000000000000 0.00000000000000000 -0.04344325552698185 0.02361627707538747 -0.00126933187331263 -0.04943110144716081 1.00000000000000000 
ZONE I=5
0.82376454513543185 0.46000000614097025 1.00000000000000000 0.52359877559666668 0.81025396362600499 0.48340101975505423 0.00000000614097095 0.74747440778803942 -0.00000000000000000 -0.00000000000000000 -0.00000000000000000 -0.00000000000000000 0.00000000000000000 0.00000000000000000 -0.04732563610569645 0.02903168479307737 0.00147935849270974 -0.05550104551432745 1.00000000000000000 
0.84525876822375168 0.46000022094888482 1.00000000000000000 0.53668874498658325 0.82750210331354423 0.49122587222561598 0.00000022094888552 0.74252132749972344 -0.00000000000000000 -0.00000000000000000 -0.00000000000000000 -0.00000000000000000 0.00000000000000000 0.00000000000000000 -0.04732563610569645 0.02903168479307737 0.00075274551291170 -0.05551565480948766 1.00000000000000000 
0.86678372701505890 0.46000000614097042 1.00000000000000000 0.54977871437649994 0.84510773412257489 0.49870527648503621 0.00000000614097112 0.74087802783700396 -0.00000000000000000 -0.00000000000000000 -0.00000000000000000 -0.00000000000000000 0.00000000000000000 0.00000000000000000 -0.04732563610569645 0.02903168479307737 0.00002600355404516 -0.05552075178299170 1.00000000000000000 
0.88834944931564841 0.45999987786813856 1.00000000000000000 0.56286868376641652 0.86307085605309675 0.50583923253331486 0.00000000000000000 0.74254450879988099 -0.00000000000000000 -0.00000000000000000 -0.00000000000000000 -0.00000000000000000 0.00000000000000000 0.00000000000000000 -0.04732563610569645 0.02903168479307737 -0.00070074286039649 -0.05551633556149940 1.00000000000000000 
0.90996599736412453 0.46000000614097114 1.00000000000000000 0.57595865315633332 0.88139146910510990 0.51262774037045200 0.00000000614097184 0.74752077038835452 -0.00000000000000000 -0.00000000000000000 -0.00000000000000000 -0.00000000000000000 0.00000000000000000 0.00000000000000000 -0.04732563610569645 0.02903168479307737 -0.00142736920615646 -0.05550240690170757 1.00000000000000000 
ZONE I=5
0.90996599736412453 0.46000000614097114 1.00000000000000000 0.57595865315633332 0.88139146910510990 0.51262774037045200 0.00000000614097184 0.74752077038835452 -0.00000000000000000 -0.00000000000000000 -0.00000000000000000 -0.00000000000000000 0.00000000000000000 0.00000000000000000 -0.05099072055574832 0.03507782046985439 0.00164719877764782 -0.06186916685956476 1.00000000000000000 
0.93174952881943196 0.46000023006147617 1.00000000000000000 0.58904862254625001 0.90012851578946029 0.51915898448790010 0.00000023006147687 0.74213174788818603 -0.00000000000000000 -0.00000000000000000 -0.00000000000000000 -0.00000000000000000 0.00000000000000000 0.00000000000000000 -0.05099072055574832 0.03507782046985439 0.00083721528560724 -0.06188542754377073 1.00000000000000000 
0.95356817126600180 0.46000000614097092 1.00000000000000000 0.60213859193616670 0.91920501136414667 0.52531363011473342 0.00000000614097162 0.74034887088305512 -0.00000000000000000 -0.00000000000000000 -0.00000000000000000 -0.00000000000000000 0.00000000000000000 0.00000000000000000 -0.05099072055574832 0.03507782046985439 0.00002708834103747 -0.06189108447855418 1.00000000000000000 
0.97543210316771511 0.45999987008335130 1.00000000000000000 0.61522856132608328 0.93862095582916916 0.53109167725095174 0.00000000000000000 0.74217213937296167 -0.00000000000000000 -0.00000000000000000 -0.00000000000000000 -0.00000000000000000 0.00000000000000000 0.00000000000000000 -0.05099072055574832 0.03507782046985439 -0.00078304324498008 -0.06188613669462847 1.00000000000000000 
0.99735154041131735 0.46000000614097108 1.00000000000000000 0.62831853071599997 0.95837634918452785 0.53649312589655518 0.00000000614097179 0.74760155335790568 -0.00000000000000000 -0.00000000000000000 -0.00000000000000000 -0.00000000000000000 0.00000000000000000 0.00000000000000000 -0.05099072055574832 0.03507782046985439 -0.00159304066056873 -0.06187058503977091 1.00000000000000000 
ZONE I=5
0.99735154041131735 0.46000000614097108 1.00000000000000000 0.62831853071599997 0.95837634918452785 0.53649312589655518 0.00000000614097179 0.74760155335790568 -0.00000000000000000 -0.00000000000000000 -0.00000000000000000 -0.00000000000000000 0.00000000000000000 0.00000000000000000 -0.05441100502057451 0.04178673845349510 0.00182419523500756 -0.06858105634702900 1.00000000000000000 
1.01946170951286286 0.46000023786206606 1.00000000000000000 0.64140850010591666 0.97854596456605725 0.54161812306045554 0.00000023786206677 0.74171162587798145 -0.00000000000000000 -0.00000000000000000 -0.00000000000000000 -0.00000000000000000 0.00000000000000000 0.00000000000000000 -0.05441100502057451 0.04178673845349510 0.00092634066034090 -0.06859905881942396 1.00000000000000000 
1.04161148861534891 0.46000000614097153 1.00000000000000000 0.65449846949583335 0.99903543968619435 0.54633569269835314 0.00000000614097223 0.73976928903947525 -0.00000000000000000 -0.00000000000000000 -0.00000000000000000 -0.00000000000000000 0.00000000000000000 0.00000000000000000 -0.05441100502057451 0.04178673845349510 0.00002832736197090 -0.06860530719623922 1.00000000000000000 
1.06381122615051615 0.45999986377892438 1.00000000000000000 0.66758843888575004 1.01984477454493971 0.55064583481024776 0.00000000000000000 0.74177454284238686 -0.00000000000000000 -0.00000000000000000 -0.00000000000000000 -0.00000000000000000 0.00000000000000000 0.00000000000000000 -0.05441100502057451 0.04178673845349510 -0.00086969079014675 -0.06859980040684757 1.00000000000000000 
1.08607131092738474 0.46000000614097258 1.00000000000000000 0.68067840827566661 1.04097396914229323 0.55454854939613951 0.00000000614097329 0.74772738728671639 -0.00000000000000000 -0.00000000000000000 -0.00000000000000000 -0.00000000000000000 0.00000000000000000 0.00000000000000000 -0.05441100502057451 0.04178673845349510 -0.00176755992522466 -0.06858253939480902 1.00000000000000000 
ZONE I=5
1.08607131092738474 0.46000000614097258 1.00000000000000000 0.68067840827566661 1.04097396914229323 0.55454854939613951 0.00000000614097329 0.74772738728671639 -0.00000000000000000 -0.00000000000000000 -0.00000000000000000 -0.00000000000000000 0.00000000000000000 0.00000000000000000 -0.05755579537389662 0.04919640025248427 0.00201174812271442 -0.07568955177840102 1.00000000000000000 
1.10854837754565150 0.46000024452616745 1.00000000000000000 0.69376837766558330 1.06251649893951861 0.55815626826592013 0.00000024452616815 0.74126426812637092 -0.00000000000000000 -0.00000000000000000 -0.00000000000000000 -0.00000000000000000 0.00000000000000000 0.00000000000000000 -0.05755579537389662 0.04919640025248427 0.00102083014961974 -0.07570940024019554 1.00000000000000000 
1.13106967569829076 0.46000000614097297 1.00000000000000000 0.70685834705549999 1.08435774225211845 0.56132602269253462 0.00000000614097367 0.73914041411296905 -0.00000000000000000 -0.00000000000000000 -0.00000000000000000 -0.00000000000000000 0.00000000000000000 0.00000000000000000 -0.05755579537389662 0.04919640025248427 0.00002973726253418 -0.07571627628601205 1.00000000000000000 
1.15364574459460667 0.45999985879248995 1.00000000000000000 0.71994831644541679 1.10649769908009343 0.56405781267598287 0.00000000000000000 0.74135582524651067 -0.00000000000000000 -0.00000000000000000 -0.00000000000000000 -0.00000000000000000 0.00000000000000000 0.00000000000000000 -0.05755579537389662 0.04919640025248427 -0.00096136071987825 -0.07571017873767549 1.00000000000000000 
1.17628716675288758 0.46000000614097314 1.00000000000000000 0.73303828583533337 1.12893636942344266 0.56635163821626511 0.00000000614097384 0.74791050152699601 -0.00000000000000000 -0.00000000000000000 -0.00000000000000000 -0.00000000000000000 0.00000000000000000 0.00000000000000000 -0.05755579537389662 0.04919640025248427 -0.00195229397808039 -0.07569110863996936 1.00000000000000000 
ZONE I=5
1.17628716675288758 0.46000000614097314 1.00000000000000000 0.73303828583533337 1.12893636942344266 0.56635163821626511 0.00000000614097384 0.74791050152699601 -0.00000000000000000 -0.00000000000000000 -0.00000000000000000 -0.00000000000000000 0.00000000000000000 0.00000000000000000 -0.06039030640479960 0.05735146238494224 0.00221144016228069 -0.08325436251491976 1.00000000000000000 
1.19917464312844246 0.46000025028293795 1.00000000000000000 0.74612825522524995 1.15178917990727459 0.56833242035900156 0.00000025028293865 0.74079370613766438 -0.00000000000000000 -0.00000000000000000 -0.00000000000000000 -0.00000000000000000 0.00000000000000000 0.00000000000000000 -0.06039030640479960 0.05735146238494224 0.00112148476797005 -0.08327617676906304 1.00000000000000000 
1.22211109174474686 0.46000000614097381 1.00000000000000000 0.75921822461516664 1.17491797712739432 0.56984495543797242 0.00000000614097451 0.73846383517303482 -0.00000000000000000 -0.00000000000000000 -0.00000000000000000 -0.00000000000000000 0.00000000000000000 0.00000000000000000 -0.06039030640479960 0.05735146238494224 0.00003133721301784 -0.08328372207902396 1.00000000000000000 
1.24510726506005187 0.45999985490946110 1.00000000000000000 0.77230819400508333 1.19832276108380187 0.57088924345317738 0.00000000000000000 0.74092088863310690 -0.00000000000000000 -0.00000000000000000 -0.00000000000000000 -0.00000000000000000 0.00000000000000000 0.00000000000000000 -0.06039030640479960 0.05735146238494224 -0.00105881571140450 -0.08327699715195251 1.00000000000000000 
1.26817396176714903 0.46000000614097331 1.00000000000000000 0.78539816339500002 1.22200353177649723 0.57146528440461675 0.00000000614097401 0.74816486651788106 -0.00000000000000000 -0.00000000000000000 -0.00000000000000000 -0.00000000000000000 0.00000000000000000 0.00000000000000000 -0.06039030640479960 0.05735146238494224 -0.00214878721320549 -0.08325600314013032 1.00000000000000000 
ZONE I=5
1.26817396176714903 0.46000000614097331 1.00000000000000000 0.78539816339500002 1.22200353177649723 0.57146528440461675 0.00000000614097401 0.74816486651788106 -0.00000000000000000 -0.00000000000000000 -0.00000000000000000 -0.00000000000000000 0.00000000000000000 0.00000000000000000 -0.06287459280372269 0.06630415440158026 0.00242506626256569 -0.09134316813404655 1.00000000000000000 
1.29151896096481855 0.46000025538261552 1.00000000000000000 0.79848813278491670 1.24610133143819213 0.57171053276258654 0.00000025538261622 0.74030442746138592 -0.00000000000000000 -0.00000000000000000 -0.00000000000000000 -0.00000000000000000 0.00000000000000000 0.00000000000000000 -0.06287459280372269 0.06630415440158026 0.00122921337217952 -0.09136708567984528 1.00000000000000000 
1.31491778850138630 0.46000000614097286 1.00000000000000000 0.81157810217483328 1.27045077281190921 0.57145746125909858 0.00000000614097356 0.73774131612068294 -0.00000000000000000 -0.00000000000000000 -0.00000000000000000 -0.00000000000000000 0.00000000000000000 0.00000000000000000 -0.06287459280372269 0.06630415440158026 0.00003314986241005 -0.09137534794587189 1.00000000000000000 
1.33838143439524648 0.45999985189573200 1.00000000000000000 0.82466807156474997 1.29505185589764826 0.57070606989415296 0.00000000000000000 0.74047553249577214 -0.00000000000000000 -0.00000000000000000 -0.00000000000000000 -0.00000000000000000 0.00000000000000000 0.00000000000000000 -0.06287459280372269 0.06630415440158026 -0.00116291932741770 -0.09136795351642965 1.00000000000000000 
1.36192093783676071 0.46000000614097342 1.00000000000000000 0.83775804095466666 1.31990458069540950 0.56945635866774968 0.00000000614097412 0.74850707658665383 -0.00000000000000000 -0.00000000000000000 -0.00000000000000000 -0.00000000000000000 0.00000000000000000 0.00000000000000000 -0.06287459280372269 0.06630415440158026 -0.00235878925700542 -0.09134490365851600 1.00000000000000000 
ZONE I=5
1.36192093783676071 0.46000000614097342 1.00000000000000000 0.83775804095466666 1.31990458069540950 0.56945635866774968 0.00000000614097412 0.74850707658665383 -0.00000000000000000 -0.00000000000000000 -0.00000000000000000 -0.00000000000000000 0.00000000000000000 0.00000000000000000 -0.06496230896965974 0.07611529689322130 0.00265467100174058 -0.10003295821720598 1.00000000000000000 
1.38577456142150957 0.46000026001357364 1.00000000000000000 0.85084801034458335 1.34517972585179924 0.56785815082008884 0.00000026001357434 0.73980062018801551 -0.00000000000000000 -0.00000000000000000 -0.00000000000000000 -0.00000000000000000 0.00000000000000000 0.00000000000000000 -0.06496230896965974 0.07611529689322130 0.00134505260277131 -0.10005913672078395 1.00000000000000000 
1.40968698491358158 0.46000000614097425 1.00000000000000000 0.86393797973450004 1.37068049917561297 0.56573171226663033 0.00000000614097495 0.73697384864193760 -0.00000000000000000 -0.00000000000000000 -0.00000000000000000 -0.00000000000000000 0.00000000000000000 0.00000000000000000 -0.06496230896965974 0.07611529689322130 0.00003520373596289 -0.10006817060639078 1.00000000000000000 
1.43366946224627978 0.45999984958083678 1.00000000000000000 0.87702794912441673 1.39640690066685114 0.56307704300737393 0.00000000000000000 0.74002676194842021 -0.00000000000000000 -0.00000000000000000 -0.00000000000000000 -0.00000000000000000 0.00000000000000000 0.00000000000000000 -0.06496230896965974 0.07611529689322130 -0.00127465116282445 -0.10006005832611667 1.00000000000000000 
1.45773329948935970 0.46000000614097486 1.00000000000000000 0.89011791851433331 1.42235893032551330 0.55989414304231999 0.00000000614097556 0.74895936010746322 -0.00000000000000000 -0.00000000000000000 -0.00000000000000000 -0.00000000000000000 0.00000000000000000 0.00000000000000000 -0.06496230896965974 0.07611529689322130 -0.00258428765669693 -0.10003480126995906 1.00000000000000000 
ZONE I=5
1.45773329948935970 0.46000000614097486 1.00000000000000000 0.89011791851433331 1.42235893032551330 0.55989414304231999 0.00000000614097556 0.74895936010746322 -0.00000000000000000 -0.00000000000000000 -0.00000000000000000 -0.00000000000000000 0.00000000000000000 0.00000000000000000 -0.06659928964671270 0.08685554516668337 0.00290259666460176 -0.10941172716053407 1.00000000000000000 
1.48215109209812668 0.46000026409306860 1.00000000000000000 0.90320788790425000 1.44874172692742320 0.55634477748309097 0.00000026409306930 0.73928501714136563 -0.00000000000000000 -0.00000000000000000 -0.00000000000000000 -0.00000000000000000 0.00000000000000000 0.00000000000000000 -0.06659928964671270 0.08685554516668337 0.00147019273281462 -0.10944034740888246 1.00000000000000000 
1.50663278631150077 0.46000000614097403 1.00000000000000000 0.91629785729416668 1.47532241469334213 0.55223738658466326 0.00000000614097473 0.73615936398362669 -0.00000000000000000 -0.00000000000000000 -0.00000000000000000 -0.00000000000000000 0.00000000000000000 0.00000000000000000 -0.06659928964671270 0.08685554516668337 0.00003753689107128 -0.10945021561710291 1.00000000000000000 
1.53118992862792314 0.45999984806754973 1.00000000000000000 0.92938782668408337 1.50210099362327054 0.54757197034703697 0.00000000000000000 0.73958240063424641 -0.00000000000000000 -0.00000000000000000 -0.00000000000000000 -0.00000000000000000 0.00000000000000000 0.00000000000000000 -0.06659928964671270 0.08685554516668337 -0.00139512538242510 -0.10944133009432874 1.00000000000000000 
1.55583412067526283 0.46000000614097375 1.00000000000000000 0.94247779607399995 1.52907746371720843 0.54234852877021200 0.00000000614097445 0.74955412709322466 -0.00000000000000000 -0.00000000000000000 -0.00000000000000000 -0.00000000000000000 0.00000000000000000 0.00000000000000000 -0.06659928964671270 0.08685554516668337 -0.00282754860836933 -0.10941369236304850 1.00000000000000000 
ZONE I=5
1.55583412067526283 0.46000000614097375 1.00000000000000000 0.94247779607399995 1.52907746371720843 0.54234852877021200 0.00000000614097445 0.74955412709322466 -0.00000000000000000 -0.00000000000000000 -0.00000000000000000 -0.00000000000000000 0.00000000000000000 0.00000000000000000 -0.06772183685867796 0.09860683383345155 0.00317152579395045 -0.11958050129644726 1.00000000000000000 
1.58087665600797034 0.46000026659113497 1.00000000000000000 0.95556776546391675 1.55649651215846330 0.53674002497801143 0.00000026659113567 0.73876213612242492 -0.00000000000000000 -0.00000000000000000 -0.00000000000000000 -0.00000000000000000 0.00000000000000000 0.00000000000000000 -0.06772183685867796 0.09860683383345155 0.00160599368145733 -0.11961177053478657 1.00000000000000000 
1.60598838849296510 0.46000000614097442 1.00000000000000000 0.96865773485383333 1.58408396204202750 0.53054378784899503 0.00000000614097512 0.73529168576878523 -0.00000000000000000 -0.00000000000000000 -0.00000000000000000 -0.00000000000000000 0.00000000000000000 0.00000000000000000 -0.06772183685867796 0.09860683383345155 0.00004018639021459 -0.11962254491200795 1.00000000000000000 
1.63118118850327543 0.45999984840883823 1.00000000000000000 0.98174770424375013 1.61183981336790061 0.52375981738316280 0.00000000000000000 0.73914277603230594 -0.00000000000000000 -0.00000000000000000 -0.00000000000000000 -0.00000000000000000 0.00000000000000000 0.00000000000000000 -0.06772183685867796 0.09860683383345155 -0.00152562778675926 -0.11961282258197732 1.00000000000000000 
1.65646698451514207 0.46000000614097375 1.00000000000000000 0.99483767363366671 1.63976406613608305 0.51638811358051473 0.00000000614097445 0.75031540691298670 -0.00000000000000000 -0.00000000000000000 -0.00000000000000000 -0.00000000000000000 0.00000000000000000 0.00000000000000000 -0.06772183685867796 0.09860683383345155 -0.00309118055526578 -0.11958260521056591 1.00000000000000000 
ZONE I=5
1.65646698451514207 0.46000000614097375 1.00000000000000000 0.99483767363366671 1.63976406613608305 0.51638811358051473 0.00000000614097445 0.75031540691298670 -0.00000000000000000 -0.00000000000000000 -0.00000000000000000 -0.00000000000000000 0.00000000000000000 0.00000000000000000 -0.06825423368859991 0.11146320679962173 0.00346439645913377 -0.13065483092349547 1.00000000000000000 
1.68220071042681529 0.46000026246069209 1.00000000000000000 1.00792764302358329 1.66814675987056504 0.50861169781840698 0.00000026246069279 0.73827621950821087 -0.00000000000000000 -0.00000000000000000 -0.00000000000000000 -0.00000000000000000 0.00000000000000000 0.00000000000000000 -0.06825423368859991 0.11146320679962173 0.00175388075965892 -0.13068898495571135 1.00000000000000000 
1.70800939199571244 0.46000000614097319 1.00000000000000000 1.02101761241349998 1.69666675168595149 0.50021797500559750 0.00000000614097390 0.73438867311350875 -0.00000000000000000 -0.00000000000000000 -0.00000000000000000 -0.00000000000000000 0.00000000000000000 0.00000000000000000 -0.06825423368859991 0.11146320679962173 0.00004306454174489 -0.13070074610314392 1.00000000000000000 
1.73390525813607388 0.45999985567995511 1.00000000000000000 1.03410758180341666 1.72532404158224262 0.49120694514208629 0.00000000000000000 0.73865276772888011 -0.00000000000000000 -0.00000000000000000 -0.00000000000000000 -0.00000000000000000 0.00000000000000000 0.00000000000000000 -0.06825423368859991 0.11146320679962173 -0.00166775905505667 -0.13069011235058114 1.00000000000000000 
1.75990059856245340 0.46000000614097186 1.00000000000000000 1.04719755119333335 1.75411862955943776 0.48157860822787346 0.00000000614097256 0.75106850335432529 -0.00000000000000000 -0.00000000000000000 -0.00000000000000000 -0.00000000000000000 0.00000000000000000 0.00000000000000000 -0.06825423368859991 0.11146320679962173 -0.00337829688992979 -0.13065708552006178 1.00000000000000000 
ZONE I=5
1.75990059856245340 0.46000000614097186 1.00000000000000000 1.04719755119333335 1.75411862955943776 0.48157860822787346 0.00000000614097256 0.75106850335432529 -0.00000000000000000 -0.00000000000000000 -0.00000000000000000 -0.00000000000000000 0.00000000000000000 0.00000000000000000 -0.06810530788759593 0.12552939486562567 0.00378377067006010 -0.14276429881910532 1.00000000000000000 
1.78639903452904325 0.46000022701164972 1.00000000000000000 1.06028752058325004 1.78339190667504499 0.47152415274619264 0.00000022701165042 0.73810671354733137 -0.00000000000000000 -0.00000000000000000 -0.00000000000000000 -0.00000000000000000 0.00000000000000000 0.00000000000000000 -0.06810530788759593 0.12552939486562567 0.00191471957168456 -0.14280159588308602 1.00000000000000000 
1.81297991756748988 0.46000000614097225 1.00000000000000000 1.07337748997316673 1.81277080911888633 0.46082337262684053 0.00000000614097295 0.73369413192354327 -0.00000000000000000 -0.00000000000000000 -0.00000000000000000 -0.00000000000000000 0.00000000000000000 0.00000000000000000 -0.06810530788759593 0.12552939486562567 0.00004534039596742 -0.14281442462875693 1.00000000000000000 
1.83965587505898043 0.45999989461127722 1.00000000000000000 1.08646745936308342 1.84225533689096155 0.44947626786981709 0.00000000000000000 0.73783075848296142 -0.00000000000000000 -0.00000000000000000 -0.00000000000000000 -0.00000000000000000 0.00000000000000000 0.00000000000000000 -0.06810530788759593 0.12552939486562567 -0.00182404654859315 -0.14280278285797854 1.00000000000000000 
1.86643959632001422 0.46000000614097158 1.00000000000000000 1.09955742875299989 1.87184548999127087 0.43748283847512237 0.00000000614097229 0.75051659322558550 -0.00000000000000000 -0.00000000000000000 -0.00000000000000000 -0.00000000000000000 0.00000000000000000 0.00000000000000000 -0.06810530788759593 0.12552939486562567 -0.00369312095216782 -0.14276667256550832 1.00000000000000000 
ZONE I=5
1.86643959632001422 0.46000000614097158 1.00000000000000000 1.09955742875299989 1.87184548999127087 0.43748283847512237 0.00000000614097229 0.75051659322558550 -0.00000000000000000 -0.00000000000000000 -0.00000000000000000 -0.00000000000000000 0.00000000000000000 0.00000000000000000 -0.06717539269483412 0.14093770938284683 0.00413066795938780 -0.15607340866399455 1.00000000000000000 
1.89378405303355213 0.46000004270786388 1.00000000000000000 1.11264739814291658 1.90193611190355938 0.42503776897188267 0.00000004270786458 0.73942248208282801 -0.00000000000000000 -0.00000000000000000 -0.00000000000000000 -0.00000000000000000 0.00000000000000000 0.00000000000000000 -0.06717539269483412 0.14093770938284683 0.00208737627619626 -0.15611410624946914 1.00000000000000000 
1.92122617844647436 0.46000000614097186 1.00000000000000000 1.12573736753283327 1.93210558374763397 0.41191995296289474 0.00000000614097256 0.73455326781739394 -0.00000000000000000 -0.00000000000000000 -0.00000000000000000 -0.00000000000000000 0.00000000000000000 0.00000000000000000 -0.06717539269483412 0.14093770938284683 0.00004372693182564 -0.15612805448651565 1.00000000000000000 
1.94877905003947882 0.46000008281429616 1.00000000000000000 1.13882733692274973 1.96235390552349420 0.39812939044815854 0.00000008281429686 0.73590895042928328 -0.00000000000000000 -0.00000000000000000 -0.00000000000000000 -0.00000000000000000 0.00000000000000000 0.00000000000000000 -0.06717539269483412 0.14093770938284683 -0.00199992990492961 -0.15611525098517548 1.00000000000000000 
1.97645580065515980 0.46000000614097264 1.00000000000000000 1.15191730631266664 1.99268107723114007 0.38366608142767405 0.00000000614097334 0.74348952991849615 -0.00000000000000000 -0.00000000000000000 -0.00000000000000000 -0.00000000000000000 0.00000000000000000 0.00000000000000000 -0.06717539269483412 0.14093770938284683 -0.00404324406399139 -0.15607569793926268 1.00000000000000000 
ZONE I=5
1.97645580065515980 0.46000000614097264 1.00000000000000000 1.15191730631266664 1.99268107723114007 0.38366608142767405 0.00000000614097334 0.74348952991849615 -0.00000000000000000 -0.00000000000000000 -0.00000000000000000 -0.00000000000000000 0.00000000000000000 0.00000000000000000 -0.06546276153546059 0.15813068211571438 0.00451433436618569 -0.17108567023412558 1.00000000000000000 
2.00473009674014691 0.45999921563211904 1.00000000000000000 1.16500727570258333 2.02351025591681921 0.36871165340598078 0.00000000000000000 0.74515824420696930 -0.00000000000000000 -0.00000000000000000 -0.00000000000000000 -0.00000000000000000 0.00000000000000000 0.00000000000000000 -0.06546276153546059 0.15813068211571438 0.00227450538079869 -0.17113010372083109 1.00000000000000000 
2.03315017235330009 0.46000000614097297 1.00000000000000000 1.17809724509250002 2.05442021199570224 0.35306829584866828 0.00000000614097367 0.74174244680647483 -0.00000000000000000 -0.00000000000000000 -0.00000000000000000 -0.00000000000000000 0.00000000000000000 0.00000000000000000 -0.06546276153546059 0.15813068211571438 0.00003428667062384 -0.17114521494524440 1.00000000000000000 
2.06172964033426220 0.46000091438687291 1.00000000000000000 1.19118721448241649 2.08541094546778982 0.33673600875573673 0.00000091438687361 0.73324213771701308 -0.00000000000000000 -0.00000000000000000 -0.00000000000000000 -0.00000000000000000 0.00000000000000000 0.00000000000000000 -0.06546276153546059 0.15813068211571438 -0.00220593791439546 -0.17113100131813500 1.00000000000000000 
2.09048212874947792 0.46000000614097208 1.00000000000000000 1.20427718387233340 2.11648245633308107 0.31971479212718590 0.00000000614097279 0.71965731693858392 -0.00000000000000000 -0.00000000000000000 -0.00000000000000000 -0.00000000000000000 0.00000000000000000 0.00000000000000000 -0.06546276153546059 0.15813068211571438 -0.00444578452330940 -0.17108746527493471 1.00000000000000000 
ZONE I=5
2.09048212874947792 0.46000000614097208 1.00000000000000000 1.20427718387233340 2.11648245633308107 0.31971479212718590 0.00000000614097279 0.71965731693858392 -0.00000000000000000 -0.00000000000000000 -0.00000000000000000 -0.00000000000000000 0.00000000000000000 0.00000000000000000 -0.06353757279991623 0.17960947604493999 0.00504884533670302 -0.19044972093234630 1.00000000000000000 
2.11974546122725993 0.45999611640411980 1.00000000000000000 1.21736715326224987 2.14793932816014843 0.30211568983316794 0.00000000000000000 0.75375852010199373 -0.00000000000000000 -0.00000000000000000 -0.00000000000000000 -0.00000000000000000 0.00000000000000000 0.00000000000000000 -0.06353757279991623 0.17960947604493999 0.00255550296620255 -0.19049949198628394 1.00000000000000000 
2.14931853987401045 0.46000000614097258 1.00000000000000000 1.23045712265216656 2.17958799055524555 0.28384217960548075 0.00000000614097329 0.76219466176749973 -0.00000000000000000 -0.00000000000000000 -0.00000000000000000 -0.00000000000000000 0.00000000000000000 0.00000000000000000 -0.06353757279991623 0.17960947604493999 0.00006172272342454 -0.19051662193296401 1.00000000000000000 
2.17921569214870470 0.46000401915740169 1.00000000000000000 1.24354709204208325 2.21142844351837287 0.26489426144412415 0.00000401915740239 0.74496574193510212 -0.00000000000000000 -0.00000000000000000 -0.00000000000000000 -0.00000000000000000 0.00000000000000000 0.00000000000000000 -0.06353757279991623 0.17960947604493999 -0.00243206809522437 -0.19050110783725829 1.00000000000000000 
2.20945110173476067 0.46000000614097214 1.00000000000000000 1.25663706143199994 2.24346068704952994 0.24527193534909819 0.00000000614097284 0.70207176060480092 -0.00000000000000000 -0.00000000000000000 -0.00000000000000000 -0.00000000000000000 0.00000000000000000 0.00000000000000000 -0.06353757279991623 0.17960947604493999 -0.00492544219152549 -0.19045295235742729 1.00000000000000000 
ZONE I=5
2.20945110173476067 0.46000000614097214 1.00000000000000000 1.25663706143199994 2.24346068704952994 0.24527193534909819 0.00000000614097284 0.70207176060480092 -0.00000000000000000 -0.00000000000000000 -0.00000000000000000 -0.00000000000000000 0.00000000000000000 0.00000000000000000 -0.04390359102424164 0.14370857312184798 0.00265359500025195 -0.15024193065557978 1.00000000000000000 
2.23995887866718402 0.46008116244941594 1.00000000000000000 1.26972703082191662 2.27563859641956734 0.22485424756124883 0.00008116244941664 0.74067347526834504 -0.00000000000000000 -0.00000000000000000 -0.00000000000000000 -0.00000000000000000 0.00000000000000000 0.00000000000000000 -0.04390359102424164 0.14370857312184798 0.00068676155019728 -0.15026379355025804 1.00000000000000000 
2.27067694252106289 0.46000000614095948 1.00000000000000000 1.28281700021183331 2.30781692430648100 0.20385001062315569 0.00000000614096018 0.63652874819618899 -0.00000000000000000 -0.00000000000000000 -0.00000000000000000 -0.00000000000000000 0.00000000000000000 0.00000000000000000 -0.04390359102424164 0.14370857312184798 -0.00128018957291355 -0.15025990951747176 1.00000000000000000 
2.30161361245189777 0.45975313250370242 1.00000000000000000 1.29590696960175000 2.33999567071027048 0.18225922453481880 0.00000000000000000 0.38963757938833266 -0.00000000000000000 -0.00000000000000000 -0.00000000000000000 -0.00000000000000000 0.00000000000000000 0.00000000000000000 -0.04390359102424164 0.14370857312184798 -0.00324692134213148 -0.15023027922272997 1.00000000000000000 
2.33277717993293221 0.45933679459136290 1.00000000000000000 1.30899693899166669 2.37217483563093623 0.16008188929623815 0.00000000000000000 -0.00000003115522395 0.00000000000000000 0.00000000000000000 -0.00000000000000000 -0.00000000000000000 0.00000000000000000 0.00000000000000000 -0.04390359102424164 0.14370857312184798 -0.00521309676809266 -0.15017490774303108 1.00000000000000000 
ZONE I=5
2.33277717993293221 0.45933679459136290 1.00000000000000000 1.30899693899166669 2.37217483563093623 0.16008188929623815 0.00000000000000000 -0.00000003115522395 0.00000000000000000 0.00000000000000000 -0.00000000000000000 -0.00000000000000000 0.00000000000000000 0.00000000000000000 0.00000000054321106 -0.00000000137881459 0.00000000016783812 0.00000000147242599 1.00000000000000000 
2.36318421397934086 0.45490413808387398 1.00000000000000000 1.32208690838158316 2.40244733712111902 0.14079842473064874 0.00000000000000000 -0.00000001168320898 0.00000000000000000 0.00000000000000000 -0.00000000000000000 -0.00000000000000000 0.00000000000000000 0.00000000000000000 0.00000000054321106 -0.00000000137881459 0.00000000018709720 0.00000000147010291 1.00000000000000000 
2.39360790054523331 0.44859189898686624 1.00000000000000000 1.33517687777150007 2.43219402279770858 0.12257939817237302 0.00000000000000000 0.00000000000000000 -0.00000000000000000 -0.00000000000000000 -0.00000000000000000 -0.00000000000000000 0.00000000000000000 0.00000000000000000 0.00000000054321106 -0.00000000137881459 0.00000000020632423 0.00000000146752794 1.00000000000000000 
2.42398909821112740 0.44040267488881396 1.00000000000000000 1.34826684716141654 2.46141489266070446 0.10542480962141096 0.00000000000000000 0.00000000389440299 -0.00000000000000000 -0.00000000000000000 -0.00000000000000000 -0.00000000000000000 0.00000000000000000 0.00000000000000000 0.00000000054321106 -0.00000000137881459 0.00000000022551590 0.00000000146470151 1.00000000000000000 
2.45426878995353448 0.43034048691374849 1.00000000000000000 1.36135681655133323 2.49010994671010666 0.08933465907776253 0.00000000000000000 0.00000000000000000 -0.00000000000000000 -0.00000000000000000 -0.00000000000000000 -0.00000000000000000 0.00000000000000000 0.00000000000000000 0.00000000054321106 -0.00000000137881459 0.00000000024466893 0.00000000146162412 1.00000000000000000 
ZONE I=5
2.45426878995353448 0.43034048691374849 1.00000000000000000 1.36135681655133323 2.49010994671010666 0.08933465907776253 0.00000000000000000 0.00000000000000000 -0.00000000000000000 -0.00000000000000000 -0.00000000000000000 -0.00000000000000000 0.00000000000000000 0.00000000000000000 0.00000000000000000 0.00000000000000000 0.00000000000000000 0.00000000000000000 1.00000000000000000 
2.48363400137038326 0.41671225894002822 1.00000000000000000 1.37444678594124992 2.51720819923740224 0.07582770737637939 0.00000000000000000 0.00000000000000000 -0.00000000000000000 -0.00000000000000000 -0.00000000000000000 -0.00000000000000000 0.00000000000000000 0.00000000000000000 0.00000000000000000 0.00000000000000000 0.00000000000000000 0.00000000000000000 1.00000000000000000 
2.51225093814710299 0.40106074688641136 1.00000000000000000 1.38753675533116660 2.54327057992813188 0.06347642228504945 0.00000000000000000 0.00000000000000000 -0.00000000000000000 -0.00000000000000000 -0.00000000000000000 -0.00000000000000000 0.00000000000000000 0.00000000000000000 0.00000000000000000 0.00000000000000000 0.00000000000000000 0.00000000000000000 1.00000000000000000 
2.54005448549393709 0.38341417477203132 1.00000000000000000 1.40062672472108352 2.56829708878229646 0.05228080380377267 0.00000000000000000 0.00000000000000000 -0.00000000000000000 -0.00000000000000000 -0.00000000000000000 -0.00000000000000000 0.00000000000000000 0.00000000000000000 0.00000000000000000 0.00000000000000000 0.00000000000000000 0.00000000000000000 1.00000000000000000 
2.56698028731375150 0.36380234667659173 1.00000000000000000 1.41371669411099998 2.59228772579989597 0.04224085193254909 0.00000000000000000 0.00000000000000000 -0.00000000000000000 -0.00000000000000000 -0.00000000000000000 -0.00000000000000000 0.00000000000000000 0.00000000000000000 0.00000000000000000 0.00000000000000000 0.00000000000000000 0.00000000000000000 1.00000000000000000 
ZONE I=5
2.56698028731375150 0.36380234667659173 1.00000000000000000 1.41371669411099998 2.59228772579989597 0.04224085193254909 0.00000000000000000 0.00000000000000000 -0.00000000000000000 -0.00000000000000000 -0.00000000000000000 -0.00000000000000000 0.00000000000000000 0.00000000000000000 0.00000000000000000 0.00000000000000000 0.00000000000000000 0.00000000000000000 1.00000000000000000 
2.59212470694837194 0.34156448523954447 1.00000000000000000 1.42680666350091667 2.61431179460692631 0.03392100423410506 0.00000000000000000 0.00000000000000000 -0.00000000000000000 -0.00000000000000000 -0.00000000000000000 -0.00000000000000000 0.00000000000000000 0.00000000000000000 0.00000000000000000 0.00000000000000000 0.00000000000000000 0.00000000000000000 1.00000000000000000 
2.61576412394645619 0.31745808083384514 1.00000000000000000 1.43989663289083336 2.63482249373328825 0.02668354791206903 0.00000000000000000 0.00000000000000000 -0.00000000000000000 -0.00000000000000000 -0.00000000000000000 -0.00000000000000000 0.00000000000000000 0.00000000000000000 0.00000000000000000 0.00000000000000000 0.00000000000000000 0.00000000000000000 1.00000000000000000 
2.63783762130105881 0.29153688644731435 1.00000000000000000 1.45298660228075027 2.65381982317898135 0.02052848296644098 0.00000000000000000 0.00000000000000000 -0.00000000000000000 -0.00000000000000000 -0.00000000000000000 -0.00000000000000000 0.00000000000000000 0.00000000000000000 0.00000000000000000 0.00000000000000000 0.00000000000000000 0.00000000000000000 1.00000000000000000 
2.65828567332155474 0.26385613850818002 1.00000000000000000 1.46607657167066674 2.67130378294400561 0.01545580939722092 0.00000000000000000 0.00000000000000000 -0.00000000000000000 -0.00000000000000000 -0.00000000000000000 -0.00000000000000000 0.00000000000000000 0.00000000000000000 0.00000000000000000 0.00000000000000000 0.00000000000000000 0.00000000000000000 1.00000000000000000 
ZONE I=5
2.65828567332155474 0.26385613850818002 1.00000000000000000 1.46607657167066674 2.67130378294400561 0.01545580939722092 0.00000000000000000 0.00000000000000000 -0.00000000000000000 -0.00000000000000000 -0.00000000000000000 -0.00000000000000000 0.00000000000000000 0.00000000000000000 0.00000000000000000 0.00000000000000000 0.00000000000000000 0.00000000000000000 1.00000000000000000 
2.67645051490639796 0.23451911404741255 1.00000000000000000 1.47916654106058321 2.68668148969632448 0.01136426501996328 0.00000000000000000 0.00000000000000000 -0.00000000000000000 -0.00000000000000000 -0.00000000000000000 -0.00000000000000000 0.00000000000000000 0.00000000000000000 0.00000000000000000 0.00000000000000000 0.00000000000000000 0.00000000000000000 1.00000000000000000 
2.69245120430880558 0.20383255626132707 1.00000000000000000 1.49225651045049990 2.70014379385020531 0.00804307827792677 0.00000000000000000 0.00000000000000000 -0.00000000000000000 -0.00000000000000000 -0.00000000000000000 -0.00000000000000000 0.00000000000000000 0.00000000000000000 0.00000000000000000 0.00000000000000000 0.00000000000000000 0.00000000000000000 1.00000000000000000 
2.70624396775511533 0.17187256715244831 1.00000000000000000 1.50534647984041658 2.71169069540564767 0.00549224917111138 0.00000000000000000 0.00000000000000000 -0.00000000000000000 -0.00000000000000000 -0.00000000000000000 -0.00000000000000000 0.00000000000000000 0.00000000000000000 0.00000000000000000 0.00000000000000000 0.00000000000000000 0.00000000000000000 1.00000000000000000 
2.71778697630828070 0.13871630846279900 1.00000000000000000 1.51843644923033327 2.72132219436265244 0.00371177769951713 0.00000000000000000 0.00000000000000000 -0.00000000000000000 -0.00000000000000000 -0.00000000000000000 -0.00000000000000000 0.00000000000000000 0.00000000000000000 0.00000000000000000 0.00000000000000000 0.00000000000000000 0.00000000000000000 1.00000000000000000 
ZONE I=5
2.71778697630828070 0.13871630846279900 1.00000000000000000 1.51843644923033327 2.72132219436265244 0.00371177769951713 0.00000000000000000 0.00000000000000000 -0.00000000000000000 -0.00000000000000000 -0.00000000000000000 -0.00000000000000000 0.00000000000000000 0.00000000000000000 0.00000000000000000 0.00000000000000000 0.00000000000000000 0.00000000000000000 1.00000000000000000 
2.72681660908651180 0.10476969298565900 1.00000000000000000 1.53152641862024996 2.72882757114645136 0.00236539834523627 0.00000000000000000 0.00000000000000000 -0.00000000000000000 -0.00000000000000000 -0.00000000000000000 -0.00000000000000000 0.00000000000000000 0.00000000000000000 0.00000000000000000 0.00000000000000000 0.00000000000000000 0.00000000000000000 1.00000000000000000 
2.73328165968298675 0.07027507863327634 1.00000000000000000 1.54461638801016665 2.73418461942415458 0.00129797561055646 0.00000000000000000 0.00000000000000000 -0.00000000000000000 -0.00000000000000000 -0.00000000000000000 -0.00000000000000000 0.00000000000000000 0.00000000000000000 0.00000000000000000 0.00000000000000000 0.00000000000000000 0.00000000000000000 1.00000000000000000 
2.73716548934055925 0.03532190589849258 1.00000000000000000 1.55770635740008334 2.73739333919576078 0.00050950949547770 0.00000000000000000 0.00000000000000000 -0.00000000000000000 -0.00000000000000000 -0.00000000000000000 -0.00000000000000000 0.00000000000000000 0.00000000000000000 0.00000000000000000 0.00000000000000000 0.00000000000000000 0.00000000000000000 1.00000000000000000 
2.73845373046127127 0.00000000001340908 1.00000000000000000 1.57079632679000003 2.73845373046127127 0.00000000000000000 0.00000000000000000 0.00000000000000000 -0.00000000000000000 -0.00000000000000000 -0.00000000000000000 -0.00000000000000000 0.00000000000000000 0.00000000000000000 0.00000000000000000 0.00000000000000000 0.00000000000000000 0.00000000000000000 1.00000000000000000 
