#Contact mesh details for the compression of a sphere.
nreler=1_nreletheta=30_H=0.5400_lambda=1.15_vol=0.3783_t=0.15_nt=1.00e-07_CL=MR_C1=1.0000_C2=0.0000
# Contact options are: 
# Use_isoparametric_flag_pt = false 
# Use_collocated_penetration_flag_pt = false 
# Use_collocated_contact_pressure_flag_pt = false 

ZONE I=5
0.00000000000000000 0.54000000368458245 1.00000000000000000 0.00000000000000000 0.54000000368458245 0.00000000000000000 0.00000000368458308 0.67316317150377236 -0.00000000000000000 -0.00000000000000000 -0.00000000000000000 -0.00000000000000000 0.00000000000000000 0.00000000000000000 -0.00151187376128015 0.00005280056187120 0.00005280056187120 -0.00151187376128015 1.00000000000000000 
0.01679690473377370 0.54000006325515182 1.00000000000000000 0.01308996938991666 0.54017366482951146 0.00972708326570767 0.00000006325515245 0.67094391358186090 -0.00000000000000000 -0.00000000000000000 -0.00000000000000000 -0.00000000000000000 0.00000000000000000 0.00000000000000000 -0.00151187376128015 0.00005280056187120 0.00003300622222895 -0.00151243537338805 1.00000000000000000 
0.03358688902843372 0.54000000368458256 1.00000000000000000 0.02617993877983333 0.54069416142803894 0.01943982745775644 0.00000000368458319 0.66995624246844754 -0.00000000000000000 -0.00000000000000000 -0.00000000000000000 -0.00000000000000000 0.00000000000000000 0.00000000000000000 -0.00151187376128015 0.00005280056187120 0.00001320622714044 -0.00151273783748077 1.00000000000000000 
0.05037737251099191 0.54000000755279332 1.00000000000000000 0.03926990816975000 0.54156149348016469 0.02913823257614631 0.00000000755279395 0.67020015816353240 -0.00000000000000000 -0.00000000000000000 -0.00000000000000000 -0.00000000000000000 0.00000000000000000 0.00000000000000000 -0.00151187376128015 0.00005280056187120 -0.00000659603076711 -0.00151278110173264 1.00000000000000000 
0.06717577725287405 0.54000000368458245 1.00000000000000000 0.05235987755966667 0.54277566098588859 0.03882229862087727 0.00000000368458308 0.67167566066711526 -0.00000000000000000 -0.00000000000000000 -0.00000000000000000 -0.00000000000000000 0.00000000000000000 0.00000000000000000 -0.00151187376128015 0.00005280056187120 -0.00002639715847874 -0.00151256515873054 1.00000000000000000 
ZONE I=5
0.06717577725287405 0.54000000368458245 1.00000000000000000 0.05235987755966667 0.54277566098588859 0.03882229862087727 0.00000000368458308 0.67167566066711526 -0.00000000000000000 -0.00000000000000000 -0.00000000000000000 -0.00000000000000000 0.00000000000000000 0.00000000000000000 -0.00452699616567533 0.00036956986874287 0.00013213871284398 -0.00454013386724331 1.00000000000000000 
0.08398048652833044 0.54000007675617512 1.00000000000000000 0.06544984694958333 0.54433648175389293 0.04848298305595363 0.00000007675617575 0.67027665738607234 -0.00000000000000000 -0.00000000000000000 -0.00000000000000000 -0.00000000000000000 0.00000000000000000 0.00000000000000000 -0.00452699616567533 0.00036956986874287 0.00007269887603809 -0.00454147454527101 1.00000000000000000 
0.10078142141236714 0.54000000368458245 1.00000000000000000 0.07853981633950000 0.54624258307928020 0.05810283394226028 0.00000000368458308 0.66980790896091280 -0.00000000000000000 -0.00000000000000000 -0.00000000000000000 -0.00000000000000000 0.00000000000000000 0.00000000000000000 -0.00452699616567533 0.00036956986874287 0.00001324658265404 -0.00454203706501496 1.00000000000000000 
0.11758600663277836 0.53999999410797006 1.00000000000000000 0.09162978572941666 0.54849396496205027 0.06768185127979723 0.00000000000000000 0.67026941539163665 -0.00000000000000000 -0.00000000000000000 -0.00000000000000000 -0.00000000000000000 0.00000000000000000 0.00000000000000000 -0.00452699616567533 0.00036956986874287 -0.00004620798046374 -0.00454182133009030 1.00000000000000000 
0.13440167204017628 0.54000000368458245 1.00000000000000000 0.10471975511933333 0.55109062740220316 0.07722003506856445 0.00000000368458308 0.67166117667824377 -0.00000000000000000 -0.00000000000000000 -0.00000000000000000 -0.00000000000000000 0.00000000000000000 0.00000000000000000 -0.00452699616567533 0.00036956986874287 -0.00010565462608196 -0.00454082737746209 1.00000000000000000 
ZONE I=5
0.13440167204017628 0.54000000368458245 1.00000000000000000 0.10471975511933333 0.55109062740220316 0.07722003506856445 0.00000000368458308 0.67166117667824377 -0.00000000000000000 -0.00000000000000000 -0.00000000000000000 -0.00000000000000000 0.00000000000000000 0.00000000000000000 -0.00751831736440103 0.00100323927532733 0.00021186526514955 -0.00758199829496396 1.00000000000000000 
0.15122761960722073 0.54000009883631939 1.00000000000000000 0.11780972450925001 0.55403196573923619 0.08670917260831661 0.00000009883632002 0.67024451341951341 -0.00000000000000000 -0.00000000000000000 -0.00000000000000000 -0.00000000000000000 0.00000000000000000 0.00000000000000000 -0.00751831736440103 0.00100323927532733 0.00011260182283490 -0.00758412195741258 1.00000000000000000 
0.16805250121156237 0.54000000368458256 1.00000000000000000 0.13089969389916667 0.55731548187107971 0.09613064448768457 0.00000000368458319 0.66977118394400614 -0.00000000000000000 -0.00000000000000000 -0.00000000000000000 -0.00000000000000000 0.00000000000000000 0.00000000000000000 -0.00751831736440103 0.00100323927532733 0.00001331908677760 -0.00758494611960696 1.00000000000000000 
0.18488375302755494 0.53999997214136763 1.00000000000000000 0.14398966328908333 0.56094117579773384 0.10548445070666831 0.00000000000000000 0.67024118825172185 -0.00000000000000000 -0.00000000000000000 -0.00000000000000000 -0.00000000000000000 0.00000000000000000 0.00000000000000000 -0.00751831736440103 0.00100323927532733 -0.00008596593143666 -0.00758447064033117 1.00000000000000000 
0.20172881948070298 0.54000000368458245 1.00000000000000000 0.15707963267899999 0.56490904751919835 0.11477059126526788 0.00000000368458308 0.67165452634266076 -0.00000000000000000 -0.00000000000000000 -0.00000000000000000 -0.00000000000000000 0.00000000000000000 0.00000000000000000 -0.00751831736440103 0.00100323927532733 -0.00018523621983113 -0.00758269560105613 1.00000000000000000 
ZONE I=5
0.20172881948070298 0.54000000368458245 1.00000000000000000 0.15707963267899999 0.56490904751919835 0.11477059126526788 0.00000000368458308 0.67165452634266076 -0.00000000000000000 -0.00000000000000000 -0.00000000000000000 -0.00000000000000000 0.00000000000000000 0.00000000000000000 -0.01046950546978492 0.00195406553920496 0.00029221626243513 -0.01064629168158253 1.00000000000000000 
0.21858901935548825 0.54000012062741698 1.00000000000000000 0.17016960206891668 0.56921833275107470 0.12398297996300028 0.00000012062741761 0.67018575139847414 -0.00000000000000000 -0.00000000000000000 -0.00000000000000000 -0.00000000000000000 0.00000000000000000 0.00000000000000000 -0.01046950546978492 0.00195406553920496 0.00015283557511296 -0.01064920458064098 1.00000000000000000 
0.23545087847215335 0.54000000368458245 1.00000000000000000 0.18325957145883334 0.57386516827330381 0.13310104731109546 0.00000000368458308 0.66969392173453657 -0.00000000000000000 -0.00000000000000000 -0.00000000000000000 -0.00000000000000000 0.00000000000000000 0.00000000000000000 -0.01046950546978492 0.00195406553920496 0.00001342870020180 -0.01065029279331680 1.00000000000000000 
0.25232185116353867 0.53999995052232830 1.00000000000000000 0.19634954084875000 0.57884955408588568 0.14212479330955335 0.00000000000000000 0.67017903735084849 -0.00000000000000000 -0.00000000000000000 -0.00000000000000000 -0.00000000000000000 0.00000000000000000 0.00000000000000000 -0.01046950546978492 0.00195406553920496 -0.00012598047564801 -0.01064955613315036 1.00000000000000000 
0.26920940312904007 0.54000000368458245 1.00000000000000000 0.20943951023866667 0.58417149018882042 0.15105421795837398 0.00000000368458308 0.67164109824740981 -0.00000000000000000 -0.00000000000000000 -0.00000000000000000 -0.00000000000000000 0.00000000000000000 0.00000000000000000 -0.01046950546978492 0.00195406553920496 -0.00026536806539187 -0.01064699472636457 1.00000000000000000 
ZONE I=5
0.26920940312904007 0.54000000368458245 1.00000000000000000 0.20943951023866667 0.58417149018882042 0.15105421795837398 0.00000000368458308 0.67164109824740981 -0.00000000000000000 -0.00000000000000000 -0.00000000000000000 -0.00000000000000000 0.00000000000000000 0.00000000000000000 -0.01336478239738456 0.00322256399005320 0.00037344872943902 -0.01374273856427125 1.00000000000000000 
0.28611739557243837 0.54000014131678953 1.00000000000000000 0.22252947962858333 0.58983036622460072 0.15988575843601968 0.00000014131679016 0.67010230927980008 -0.00000000000000000 -0.00000000000000000 -0.00000000000000000 -0.00000000000000000 0.00000000000000000 0.00000000000000000 -0.01336478239738456 0.00322256399005320 0.00019352984533192 -0.01374644948335365 1.00000000000000000 
0.30302983342951972 0.54000000368458234 1.00000000000000000 0.23561944901849999 0.59582067032154717 0.16859659766808335 0.00000000368458297 0.66958594202643307 -0.00000000000000000 -0.00000000000000000 -0.00000000000000000 -0.00000000000000000 0.00000000000000000 0.00000000000000000 -0.01336478239738456 0.00322256399005320 0.00001357780088211 -0.01374780501908400 1.00000000000000000 
0.31995419622878307 0.53999993006619051 1.00000000000000000 0.24870941840841668 0.60214240247965978 0.17718673565456497 0.00000000000000000 0.67009199648730866 -0.00000000000000000 -0.00000000000000000 -0.00000000000000000 -0.00000000000000000 0.00000000000000000 0.00000000000000000 -0.01336478239738456 0.00322256399005320 -0.00016637657005398 -0.01374680493919824 1.00000000000000000 
0.33689797792670523 0.54000000368458234 1.00000000000000000 0.26179938779833334 0.60879556269893864 0.18565617239546456 0.00000000368458297 0.67162047266242708 -0.00000000000000000 -0.00000000000000000 -0.00000000000000000 -0.00000000000000000 0.00000000000000000 0.00000000000000000 -0.01336478239738456 0.00322256399005320 -0.00034630243322130 -0.01374344941505490 1.00000000000000000 
ZONE I=5
0.33689797792670523 0.54000000368458234 1.00000000000000000 0.26179938779833334 0.60879556269893864 0.18565617239546456 0.00000000368458297 0.67162047266242708 -0.00000000000000000 -0.00000000000000000 -0.00000000000000000 -0.00000000000000000 0.00000000000000000 0.00000000000000000 -0.01618853768948588 0.00480962373770483 0.00045583791659692 -0.01688174886722318 1.00000000000000000 
0.35386799953963660 0.54000016028439668 1.00000000000000000 0.27488935718824997 0.61578007093925302 0.19400422273601897 0.00000016028439731 0.66999240152477046 -0.00000000000000000 -0.00000000000000000 -0.00000000000000000 -0.00000000000000000 0.00000000000000000 0.00000000000000000 -0.01618853768948588 0.00480962373770483 0.00023482359864848 -0.01688626930081705 1.00000000000000000 
0.37084534817891435 0.54000000368458256 1.00000000000000000 0.28797932657816666 0.62308842975637369 0.20220555123197256 0.00000000368458319 0.66944497600372266 -0.00000000000000000 -0.00000000000000000 -0.00000000000000000 -0.00000000000000000 0.00000000000000000 0.00000000000000000 -0.01618853768948588 0.00480962373770483 0.00001376904488529 -0.01688789635909700 1.00000000000000000 
0.38783753600601467 0.53999991139635195 1.00000000000000000 0.30106929596808329 0.63072063915030074 0.21026015788332528 0.00000000000000000 0.66997819609928344 -0.00000000000000000 -0.00000000000000000 -0.00000000000000000 -0.00000000000000000 0.00000000000000000 0.00000000000000000 -0.01618853768948588 0.00480962373770483 -0.00020728786813286 -0.01688662976327496 1.00000000000000000 
0.40485209258692290 0.54000000368458234 1.00000000000000000 0.31415926535799998 0.63867669912103420 0.21816804269007717 0.00000000368458297 0.67159206181145303 -0.00000000000000000 -0.00000000000000000 -0.00000000000000000 -0.00000000000000000 0.00000000000000000 0.00000000000000000 -0.01618853768948588 0.00480962373770483 -0.00042830926344192 -0.01688246973037560 1.00000000000000000 
ZONE I=5
0.40485209258692290 0.54000000368458234 1.00000000000000000 0.31415926535799998 0.63867669912103420 0.21816804269007717 0.00000000368458297 0.67159206181145303 -0.00000000000000000 -0.00000000000000000 -0.00000000000000000 -0.00000000000000000 0.00000000000000000 0.00000000000000000 -0.01892537754561927 0.00671668568960849 0.00053968440646983 -0.02007467366207069 1.00000000000000000 
0.42189928817519051 0.54000017701498049 1.00000000000000000 0.32724923474791662 0.64695751915076272 0.22593177942297815 0.00000017701498112 0.66985282715653605 -0.00000000000000000 -0.00000000000000000 -0.00000000000000000 -0.00000000000000000 0.00000000000000000 0.00000000000000000 -0.01892537754561927 0.00671668568960849 0.00027686881093506 -0.02008001806669389 1.00000000000000000 
0.43895681709432927 0.54000000368458245 1.00000000000000000 0.34033920413783331 0.65555320511627968 0.23352320337539550 0.00000000368458308 0.66926686663563106 -0.00000000000000000 -0.00000000000000000 -0.00000000000000000 -0.00000000000000000 0.00000000000000000 0.00000000000000000 -0.01892537754561927 0.00671668568960849 0.00001400577535485 -0.02008192186359359 1.00000000000000000 
0.45603223207840016 0.53999989503234225 1.00000000000000000 0.35342917352775000 0.66446375701758509 0.24094231454732920 0.00000000000000000 0.66983418024873798 -0.00000000000000000 -0.00000000000000000 -0.00000000000000000 -0.00000000000000000 0.00000000000000000 0.00000000000000000 -0.01892537754561927 0.00671668568960849 -0.00024885966004286 -0.02008038472656400 1.00000000000000000 
0.47313310613226733 0.54000000368458234 1.00000000000000000 0.36651914291766668 0.67368917485467894 0.24818911293877927 0.00000000368458297 0.67155476799585689 -0.00000000000000000 -0.00000000000000000 -0.00000000000000000 -0.00000000000000000 0.00000000000000000 0.00000000000000000 -0.01892537754561927 0.00671668568960849 -0.00051168245461896 -0.02007540691898565 1.00000000000000000 
ZONE I=5
0.47313310613226733 0.54000000368458234 1.00000000000000000 0.36651914291766668 0.67368917485467894 0.24818911293877927 0.00000000368458297 0.67155476799585689 -0.00000000000000000 -0.00000000000000000 -0.00000000000000000 -0.00000000000000000 0.00000000000000000 0.00000000000000000 -0.02156013345330621 0.00894596937182494 0.00062532108402151 -0.02333406728514945 1.00000000000000000 
0.49027375255842498 0.54000019104330954 1.00000000000000000 0.37960911230758337 0.68323192141976952 0.25526985785160877 0.00000019104331017 0.66967950680099586 -0.00000000000000000 -0.00000000000000000 -0.00000000000000000 -0.00000000000000000 0.00000000000000000 0.00000000000000000 -0.02156013345330621 0.00894596937182494 0.00031983400745102 -0.02334025339908891 1.00000000000000000 
0.50742789017036738 0.54000000368458223 1.00000000000000000 0.39269908169750001 0.69307919764805603 0.26215318706745894 0.00000000368458286 0.66904650697382029 -0.00000000000000000 -0.00000000000000000 -0.00000000000000000 -0.00000000000000000 0.00000000000000000 0.00000000000000000 -0.02156013345330621 0.00894596937182494 0.00001429212896987 -0.02334244028076441 1.00000000000000000 
0.52460312082854788 0.53999988144465472 1.00000000000000000 0.40578905108741670 0.70323100353953860 0.26883910058632965 0.00000000000000000 0.66965576851433040 -0.00000000000000000 -0.00000000000000000 -0.00000000000000000 -0.00000000000000000 0.00000000000000000 0.00000000000000000 -0.02156013345330621 0.00894596937182494 -0.00029125219839401 -0.02334062755546504 1.00000000000000000 
0.54180706939765355 0.54000000368458234 1.00000000000000000 0.41887902047733333 0.71368733909421711 0.27532759840822091 0.00000000368458297 0.67150729142252585 -0.00000000000000000 -0.00000000000000000 -0.00000000000000000 -0.00000000000000000 0.00000000000000000 0.00000000000000000 -0.02156013345330621 0.00894596937182494 -0.00059674662119306 -0.02333481553379196 1.00000000000000000 
ZONE I=5
0.54180706939765355 0.54000000368458234 1.00000000000000000 0.41887902047733333 0.71368733909421711 0.27532759840822091 0.00000000368458297 0.67150729142252585 -0.00000000000000000 -0.00000000000000000 -0.00000000000000000 -0.00000000000000000 0.00000000000000000 0.00000000000000000 -0.02407783797188921 0.01150075203262242 0.00071312078970170 -0.02667397678366902 1.00000000000000000 
0.55905881377750144 0.54000020193509035 1.00000000000000000 0.43196898986725002 0.72445291349521324 0.28162910268745756 0.00000020193509098 0.66946769017042596 -0.00000000000000000 -0.00000000000000000 -0.00000000000000000 -0.00000000000000000 0.00000000000000000 0.00000000000000000 -0.02407783797188921 0.01150075203262242 0.00036390812653705 -0.02668102602209778 1.00000000000000000 
0.57632738423218344 0.54000000368458234 1.00000000000000000 0.44505895925716665 0.73551139118062836 0.28770862211410408 0.00000000368458297 0.66877800303752855 -0.00000000000000000 -0.00000000000000000 -0.00000000000000000 -0.00000000000000000 0.00000000000000000 0.00000000000000000 -0.02407783797188921 0.01150075203262242 0.00001463310958833 -0.02668350360407198 1.00000000000000000 
0.59362044103711464 0.53999987107390424 1.00000000000000000 0.45814892864708334 0.74686277215046282 0.29356615668816050 0.00000000000000000 0.66943823002383385 -0.00000000000000000 -0.00000000000000000 -0.00000000000000000 -0.00000000000000000 0.00000000000000000 0.00000000000000000 -0.02407783797188921 0.01150075203262242 -0.00033464441466840 -0.02668140910507071 1.00000000000000000 
0.61094567005162648 0.54000000368458245 1.00000000000000000 0.47123889803699998 0.75850705640471627 0.29920170640962679 0.00000000368458308 0.67144837112934175 -0.00000000000000000 -0.00000000000000000 -0.00000000000000000 -0.00000000000000000 0.00000000000000000 0.00000000000000000 -0.02407783797188921 0.01150075203262242 -0.00068386459932742 -0.02667474288397557 1.00000000000000000 
ZONE I=5
0.61094567005162648 0.54000000368458245 1.00000000000000000 0.47123889803699998 0.75850705640471627 0.29920170640962679 0.00000000368458308 0.67144837112934175 -0.00000000000000000 -0.00000000000000000 -0.00000000000000000 -0.00000000000000000 0.00000000000000000 0.00000000000000000 -0.02646366260276119 0.01438570428975745 0.00080350496729640 -0.03011026911259109 1.00000000000000000 
0.62832778557978552 0.54000020928254988 1.00000000000000000 0.48432886742691672 0.77045204993172334 0.30463038409324805 0.00000020928255051 0.66921213770743615 -0.00000000000000000 -0.00000000000000000 -0.00000000000000000 -0.00000000000000000 0.00000000000000000 0.00000000000000000 -0.02646366260276119 0.01438570428975745 0.00040930488384962 -0.03011820704785038 1.00000000000000000 
0.64573026348868179 0.54000000368458223 1.00000000000000000 0.49741883681683335 0.78267709606342450 0.30981307342046782 0.00000000368458286 0.66845482778956333 -0.00000000000000000 -0.00000000000000000 -0.00000000000000000 -0.00000000000000000 0.00000000000000000 0.00000000000000000 -0.02646366260276119 0.01438570428975745 0.00001503466811810 -0.03012098438338100 1.00000000000000000 
0.66316083262196290 0.53999986433532476 1.00000000000000000 0.51050880620674999 0.79518219479982000 0.31474977439128593 0.00000000000000000 0.66917644137572330 -0.00000000000000000 -0.00000000000000000 -0.00000000000000000 -0.00000000000000000 0.00000000000000000 0.00000000000000000 -0.02646366260276119 0.01438570428975745 -0.00037923812372640 -0.03011860064330081 1.00000000000000000 
0.68062724981378453 0.54000000368458223 1.00000000000000000 0.52359877559666668 0.80796734614090959 0.31944048700570238 0.00000000368458286 0.67137697846591615 -0.00000000000000000 -0.00000000000000000 -0.00000000000000000 -0.00000000000000000 0.00000000000000000 0.00000000000000000 -0.02646366260276119 0.01438570428975745 -0.00077344593507072 -0.03011105623605140 1.00000000000000000 
ZONE I=5
0.68062724981378453 0.54000000368458223 1.00000000000000000 0.52359877559666668 0.80796734614090959 0.31944048700570238 0.00000000368458286 0.67137697846591615 -0.00000000000000000 -0.00000000000000000 -0.00000000000000000 -0.00000000000000000 0.00000000000000000 0.00000000000000000 -0.02870281196459020 0.01760728905387486 0.00089695363019114 -0.03366100884831901 1.00000000000000000 
0.69816091185292595 0.54000021270123644 1.00000000000000000 0.53668874498658325 0.82104449220670006 0.32390558867319907 0.00000021270123707 0.66890745750371861 -0.00000000000000000 -0.00000000000000000 -0.00000000000000000 -0.00000000000000000 0.00000000000000000 0.00000000000000000 -0.02870281196459020 0.01760728905387486 0.00045626779365108 -0.03366986578829503 1.00000000000000000 
0.71571869749238903 0.54000000368458212 1.00000000000000000 0.54977871437649994 0.83438768407241182 0.32810128099083619 0.00000000368458275 0.66807018274979357 -0.00000000000000000 -0.00000000000000000 -0.00000000000000000 -0.00000000000000000 0.00000000000000000 0.00000000000000000 -0.02870281196459020 0.01760728905387486 0.00001550377797344 -0.03367295357010121 1.00000000000000000 
0.73330841530262325 0.53999986162206315 1.00000000000000000 0.56286868376641652 0.84799692173804531 0.33202756395861377 0.00000000000000000 0.66886515420414072 -0.00000000000000000 -0.00000000000000000 -0.00000000000000000 -0.00000000000000000 0.00000000000000000 0.00000000000000000 -0.02870281196459020 0.01760728905387486 -0.00042526289419674 -0.03367027166466204 1.00000000000000000 
0.75093790406014282 0.54000000368458234 1.00000000000000000 0.57595865315633332 0.86187220520360019 0.33568443757653177 0.00000000368458297 0.67129237186676027 -0.00000000000000000 -0.00000000000000000 -0.00000000000000000 -0.00000000000000000 0.00000000000000000 0.00000000000000000 -0.02870281196459020 0.01760728905387486 -0.00086595669975926 -0.03366182053150818 1.00000000000000000 
ZONE I=5
0.75093790406014282 0.54000000368458234 1.00000000000000000 0.57595865315633332 0.86187220520360019 0.33568443757653177 0.00000000368458297 0.67129237186676027 -0.00000000000000000 -0.00000000000000000 -0.00000000000000000 -0.00000000000000000 0.00000000000000000 0.00000000000000000 -0.03078037143626686 0.02117423646833550 0.00099401712832421 -0.03734690731131750 1.00000000000000000 
0.76864648865183793 0.54000021180798319 1.00000000000000000 0.58904862254625001 0.87603087556465398 0.33909815441386926 0.00000021180798382 0.66854886251186352 -0.00000000000000000 -0.00000000000000000 -0.00000000000000000 -0.00000000000000000 0.00000000000000000 0.00000000000000000 -0.03078037143626686 0.02117423646833550 0.00050507605592124 -0.03735671899336553 1.00000000000000000 
0.78638320676601170 0.54000000368458201 1.00000000000000000 0.60213859193616670 0.89044049781702606 0.34221962496372299 0.00000000368458264 0.66761788983099668 -0.00000000000000000 -0.00000000000000000 -0.00000000000000000 -0.00000000000000000 0.00000000000000000 0.00000000000000000 -0.03078037143626686 0.02117423646833550 0.00001604844133623 -0.03736012979392701 1.00000000000000000 
0.80415595901738013 0.53999986332732197 1.00000000000000000 0.61522856132608328 0.90510107196071621 0.34504884922609302 0.00000000000000000 0.66849945382415954 -0.00000000000000000 -0.00000000000000000 -0.00000000000000000 -0.00000000000000000 0.00000000000000000 0.00000000000000000 -0.03078037143626686 0.02117423646833550 -0.00047298192306659 -0.03735713912857882 1.00000000000000000 
0.82197267823357922 0.54000000368458212 1.00000000000000000 0.62831853071599997 0.92001259799572443 0.34758582720097947 0.00000000368458275 0.67119355449135243 -0.00000000000000000 -0.00000000000000000 -0.00000000000000000 -0.00000000000000000 0.00000000000000000 0.00000000000000000 -0.03078037143626686 0.02117423646833550 -0.00096193124445181 -0.03734774750975606 1.00000000000000000 
ZONE I=5
0.82197267823357922 0.54000000368458212 1.00000000000000000 0.62831853071599997 0.92001259799572443 0.34758582720097947 0.00000000368458275 0.67119355449135243 -0.00000000000000000 -0.00000000000000000 -0.00000000000000000 -0.00000000000000000 0.00000000000000000 0.00000000000000000 -0.03268111368901872 0.02509812481209186 0.00109533284510767 -0.04119188399425713 1.00000000000000000 
0.83988208513948159 0.54000020563012452 1.00000000000000000 0.64140850010591666 0.93519933673192712 0.34986331558907940 0.00000020563012515 0.66813404368242157 -0.00000000000000000 -0.00000000000000000 -0.00000000000000000 -0.00000000000000000 0.00000000000000000 0.00000000000000000 -0.03268111368901872 0.02509812481209186 0.00055605390298067 -0.04120269244958256 1.00000000000000000 
0.85782391281879833 0.54000000368458212 1.00000000000000000 0.65449846949583335 0.95062091768514867 0.35182629271068994 0.00000000368458275 0.66709467741302608 -0.00000000000000000 -0.00000000000000000 -0.00000000000000000 -0.00000000000000000 0.00000000000000000 0.00000000000000000 -0.03268111368901872 0.02509812481209186 0.00001667968387998 -0.04120644103566885 1.00000000000000000 
0.87580616761835894 0.53999987144013628 1.00000000000000000 0.66758843888575004 0.96627734085538930 0.35347475856581112 0.00000000000000000 0.66807545568316584 -0.00000000000000000 -0.00000000000000000 -0.00000000000000000 -0.00000000000000000 0.00000000000000000 0.00000000000000000 -0.03268111368901872 0.02509812481209186 -0.00052269739319868 -0.04120312911021506 1.00000000000000000 
0.89383688987407206 0.54000000770294954 1.00000000000000000 0.68067840827566661 0.98216860624264890 0.35480871315444296 0.00000000770295017 0.67107637849284107 -0.00000000000000000 -0.00000000000000000 -0.00000000000000000 -0.00000000000000000 0.00000000000000000 0.00000000000000000 -0.03268111368901872 0.02509812481209186 -0.00106198490876986 -0.04119275724070256 1.00000000000000000 
ZONE I=5
0.89383688987407206 0.54000000770294954 1.00000000000000000 0.68067840827566661 0.98216860624264890 0.35480871315444296 0.00000000770295017 0.67107637849284107 -0.00000000000000000 -0.00000000000000000 -0.00000000000000000 -0.00000000000000000 0.00000000000000000 0.00000000000000000 -0.03438928258540541 0.02939410205283860 0.00120163093654284 -0.04522379987709903 1.00000000000000000 
0.91197589212319952 0.54000019832529567 1.00000000000000000 0.69376837766558330 0.99832769608929428 0.35586802782254262 0.00000019832529630 0.66766638469230777 -0.00000000000000000 -0.00000000000000000 -0.00000000000000000 -0.00000000000000000 0.00000000000000000 0.00000000000000000 -0.03438928258540541 0.02939410205283860 0.00060956673931656 -0.04523565430743627 1.00000000000000000 
0.93015193002961793 0.54000000684932103 1.00000000000000000 0.70685834705549999 1.01470458223978444 0.35659112596456261 0.00000000684932167 0.66650463382683978 -0.00000000000000000 -0.00000000000000000 -0.00000000000000000 -0.00000000000000000 0.00000000000000000 0.00000000000000000 -0.03438928258540541 0.02939410205283860 0.00001739809596756 -0.04523975784128177 1.00000000000000000 
0.94837313078418850 0.53999988524200093 1.00000000000000000 0.71994831644541679 1.03129926469411970 0.35697800758050297 0.00000000000000000 0.66759112589643732 -0.00000000000000000 -0.00000000000000000 -0.00000000000000000 -0.00000000000000000 0.00000000000000000 0.00000000000000000 -0.03438928258540541 0.02939410205283860 -0.00057477352845563 -0.04523610977551612 1.00000000000000000 
0.96664765706888667 0.54000000643945700 1.00000000000000000 0.73303828583533337 1.04811174345229996 0.35702867267036370 0.00000000643945763 0.67092586090110018 -0.00000000000000000 -0.00000000000000000 -0.00000000000000000 -0.00000000000000000 0.00000000000000000 0.00000000000000000 -0.03438928258540541 0.02939410205283860 -0.00116684666839365 -0.04522471073521661 1.00000000000000000 
ZONE I=5
0.96664765706888667 0.54000000643945700 1.00000000000000000 0.73303828583533337 1.04811174345229996 0.35702867267036370 0.00000000643945763 0.67092586090110018 -0.00000000000000000 -0.00000000000000000 -0.00000000000000000 -0.00000000000000000 0.00000000000000000 0.00000000000000000 -0.03588859651362666 0.03408211629159503 0.00131379001699929 -0.04947581193293280 1.00000000000000000 
0.98504828952402446 0.54000017834291247 1.00000000000000000 0.74612825522524995 1.06518579937051228 0.35679060823399850 0.00000017834291310 0.66717088360447341 -0.00000000000000000 -0.00000000000000000 -0.00000000000000000 -0.00000000000000000 0.00000000000000000 0.00000000000000000 -0.03588859651362666 0.03408211629159503 0.00066605909265732 -0.04948877020008470 1.00000000000000000 
1.00349102313755467 0.54000000663381442 1.00000000000000000 0.75921822461516664 1.08245980260213392 0.35619519428639895 0.00000000663381505 0.66587818524108833 -0.00000000000000000 -0.00000000000000000 -0.00000000000000000 -0.00000000000000000 0.00000000000000000 0.00000000000000000 -0.03588859651362666 0.03408211629159503 0.00001821404251871 -0.04949324882123175 1.00000000000000000 
1.02198412299132801 0.53999990585770541 1.00000000000000000 0.77230819400508333 1.09993375314716446 0.35524243082756501 0.00000000000000000 0.66704776581094483 -0.00000000000000000 -0.00000000000000000 -0.00000000000000000 -0.00000000000000000 0.00000000000000000 0.00000000000000000 -0.03588859651362666 0.03408211629159503 -0.00062963412850232 -0.04948924702898527 1.00000000000000000 
1.04053589076881758 0.54000000669647008 1.00000000000000000 0.78539816339500002 1.11760765100560411 0.35393231785749674 0.00000000669647071 0.67067962531404290 -0.00000000000000000 -0.00000000000000000 -0.00000000000000000 -0.00000000000000000 0.00000000000000000 0.00000000000000000 -0.03588859651362666 0.03408211629159503 -0.00127737441495681 -0.04947676550903178 1.00000000000000000 
ZONE I=5
1.04053589076881758 0.54000000669647008 1.00000000000000000 0.78539816339500002 1.11760765100560411 0.35393231785749674 0.00000000669647071 0.67067962531404290 -0.00000000000000000 -0.00000000000000000 -0.00000000000000000 -0.00000000000000000 0.00000000000000000 0.00000000000000000 -0.03716256016487632 0.03918891115363314 0.00143284652534620 -0.05398864312288472 1.00000000000000000 
1.05923388754566150 0.54000014430046206 1.00000000000000000 0.79848813278491670 1.13553824119532498 0.35232014866118933 0.00000014430046269 0.66672331708494348 -0.00000000000000000 -0.00000000000000000 -0.00000000000000000 -0.00000000000000000 0.00000000000000000 0.00000000000000000 -0.03716256016487632 0.03918891115363314 0.00072603426598629 -0.05400277316638488 1.00000000000000000 
1.07797986036018401 0.54000000673456761 1.00000000000000000 0.81157810217483328 1.15365043868219352 0.35033020415584715 0.00000000673456824 0.66531302168066009 -0.00000000000000000 -0.00000000000000000 -0.00000000000000000 -0.00000000000000000 0.00000000000000000 0.00000000000000000 -0.03716256016487632 0.03918891115363314 0.00001909760439254 -0.05400765011271005 1.00000000000000000 
1.09678223156790922 0.53999994149961794 1.00000000000000000 0.82466807156474997 1.17194424346620929 0.34796248434147020 0.00000000000000000 0.66644873910119262 -0.00000000000000000 -0.00000000000000000 -0.00000000000000000 -0.00000000000000000 0.00000000000000000 0.00000000000000000 -0.03716256016487632 0.03918891115363314 -0.00068784232947740 -0.05400327312622063 1.00000000000000000 
1.11564946048606028 0.54000000673654447 1.00000000000000000 0.83775804095466666 1.19041965554737228 0.34521698921805843 0.00000000673654510 0.67013046934654119 -0.00000000000000000 -0.00000000000000000 -0.00000000000000000 -0.00000000000000000 0.00000000000000000 0.00000000000000000 -0.03716256016487632 0.03918891115363314 -0.00139466440510521 -0.05398964295689070 1.00000000000000000 
ZONE I=5
1.11564946048606028 0.54000000673654447 1.00000000000000000 0.83775804095466666 1.19041965554737228 0.34521698921805843 0.00000000673654510 0.67013046934654119 -0.00000000000000000 -0.00000000000000000 -0.00000000000000000 -0.00000000000000000 0.00000000000000000 0.00000000000000000 -0.03819650454295763 0.04475304703316148 0.00156009879543670 -0.05881644557265445 1.00000000000000000 
1.13468480688768603 0.54000007394991822 1.00000000000000000 0.85084801034458335 1.20914799567145725 0.34215612724509259 0.00000007394991886 0.66655107425055882 -0.00000000000000000 -0.00000000000000000 -0.00000000000000000 -0.00000000000000000 0.00000000000000000 0.00000000000000000 -0.03819650454295763 0.04475304703316148 0.00079008165250047 -0.05883182768735753 1.00000000000000000 
1.15377590346326153 0.54000000674911530 1.00000000000000000 0.86393797973450004 1.22804003043961640 0.33869828216183268 0.00000000674911593 0.66510460201984334 -0.00000000000000000 -0.00000000000000000 -0.00000000000000000 -0.00000000000000000 0.00000000000000000 0.00000000000000000 -0.03819650454295763 0.04475304703316148 0.00001992913314042 -0.05883712927125352 1.00000000000000000 
1.17293135279927063 0.54000001345031556 1.00000000000000000 0.87702794912441673 1.24709575985184928 0.33484345396827875 0.00000001345031619 0.66579105265439509 -0.00000000000000000 -0.00000000000000000 -0.00000000000000000 -0.00000000000000000 0.00000000000000000 0.00000000000000000 -0.03819650454295763 0.04475304703316148 -0.00075022680097398 -0.05883234941594332 1.00000000000000000 
1.19215979294375418 0.54000000674464710 1.00000000000000000 0.89011791851433331 1.26631518390815612 0.33059164266443081 0.00000000674464773 0.66861042615421373 -0.00000000000000000 -0.00000000000000000 -0.00000000000000000 -0.00000000000000000 0.00000000000000000 0.00000000000000000 -0.03819650454295763 0.04475304703316148 -0.00152025418758821 -0.05881748894043052 1.00000000000000000 
ZONE I=5
1.19215979294375418 0.54000000674464710 1.00000000000000000 0.89011791851433331 1.26631518390815612 0.33059164266443081 0.00000000674464773 0.66861042615421373 -0.00000000000000000 -0.00000000000000000 -0.00000000000000000 -0.00000000000000000 0.00000000000000000 0.00000000000000000 -0.03898412410666602 0.05083841402820484 0.00169729598632828 -0.06404237237643455 1.00000000000000000 
1.21157752096122495 0.53999990188908353 1.00000000000000000 0.90320788790425000 1.28578301217188828 0.32600924672308457 0.00000000000000000 0.66730372174405761 -0.00000000000000000 -0.00000000000000000 -0.00000000000000000 -0.00000000000000000 0.00000000000000000 0.00000000000000000 -0.03898412410666602 0.05083841402820484 0.00085886182102915 -0.06405910262905258 1.00000000000000000 
1.23106401554605882 0.54000000674266235 1.00000000000000000 0.91629785729416668 1.30539992461427179 0.32101348020218057 0.00000000674266298 0.66611281004792677 -0.00000000000000000 -0.00000000000000000 -0.00000000000000000 -0.00000000000000000 0.00000000000000000 0.00000000000000000 -0.03898412410666602 0.05083841402820484 0.00002028049417841 -0.06406485668421236 1.00000000000000000 
1.25062808936118786 0.54000018730447741 1.00000000000000000 0.92938782668408337 1.32516592123530641 0.31560434310171892 0.00000018730447804 0.66503769106582111 -0.00000000000000000 -0.00000000000000000 -0.00000000000000000 -0.00000000000000000 0.00000000000000000 0.00000000000000000 -0.03898412410666602 0.05083841402820484 -0.00081830430763060 -0.06405963355598615 1.00000000000000000 
1.27027858374457470 0.54000000673386461 1.00000000000000000 0.94247779607399995 1.34508100203499237 0.30978183542169957 0.00000000673386524 0.66407836479774063 -0.00000000000000000 -0.00000000000000000 -0.00000000000000000 -0.00000000000000000 0.00000000000000000 0.00000000000000000 -0.03898412410666602 0.05083841402820484 -0.00165674889720913 -0.06404343413933007 1.00000000000000000 
ZONE I=5
1.27027858374457470 0.54000000673386461 1.00000000000000000 0.94247779607399995 1.34508100203499237 0.30978183542169957 0.00000000673386524 0.66407836479774063 -0.00000000000000000 -0.00000000000000000 -0.00000000000000000 -0.00000000000000000 0.00000000000000000 0.00000000000000000 -0.03954886647069160 0.05757733374969681 0.00184740256154357 -0.06982728195065430 1.00000000000000000 
1.29013011362960750 0.53999942713671523 1.00000000000000000 0.95556776546391675 1.36523193434930867 0.30360641764424134 0.00000000000000000 0.67075864709823285 -0.00000000000000000 -0.00000000000000000 -0.00000000000000000 -0.00000000000000000 0.00000000000000000 0.00000000000000000 -0.03954886647069160 0.05757733374969681 0.00093323340950687 -0.06984548143039712 1.00000000000000000 
1.31007890874169686 0.54000000672572857 1.00000000000000000 0.96865773485383333 1.38552970960339161 0.29700871738042234 0.00000000672572920 0.67077218395825355 -0.00000000000000000 -0.00000000000000000 -0.00000000000000000 -0.00000000000000000 0.00000000000000000 0.00000000000000000 -0.03954886647069160 0.05757733374969681 0.00001890435272978 -0.06985171324646244 1.00000000000000000 
1.33013403811083508 0.54000066416284909 1.00000000000000000 0.98174770424375013 1.40597432779724163 0.28998873463024266 0.00000066416284972 0.66411897537780296 -0.00000000000000000 -0.00000000000000000 -0.00000000000000000 -0.00000000000000000 0.00000000000000000 0.00000000000000000 -0.03954886647069160 0.05757733374969681 -0.00089542794321087 -0.06984597633106067 1.00000000000000000 
1.35030457684996907 0.54000000671555037 1.00000000000000000 0.99483767363366671 1.42656578893085828 0.28254646939370215 0.00000000671555100 0.65079902135688095 -0.00000000000000000 -0.00000000000000000 -0.00000000000000000 -0.00000000000000000 0.00000000000000000 0.00000000000000000 -0.03954886647069160 0.05757733374969681 -0.00180960681218309 -0.06982827166718271 1.00000000000000000 
ZONE I=5
1.35030457684996907 0.54000000671555037 1.00000000000000000 0.99483767363366671 1.42656578893085828 0.28254646939370215 0.00000000671555100 0.65079902135688095 -0.00000000000000000 -0.00000000000000000 -0.00000000000000000 -0.00000000000000000 0.00000000000000000 0.00000000000000000 -0.04000669844734898 0.06531109833305553 0.00201853306366486 -0.07656370556861819 1.00000000000000000 
1.37064960831818627 0.53999804988456757 1.00000000000000000 1.00792764302358329 1.44734730554600843 0.27470715278391028 0.00000000000000000 0.68098162890148739 -0.00000000000000000 -0.00000000000000000 -0.00000000000000000 -0.00000000000000000 0.00000000000000000 0.00000000000000000 -0.04000669844734898 0.06531109833305553 0.00101617218970677 -0.07658356795166982 1.00000000000000000 
1.39116642896414033 0.54000000670405301 1.00000000000000000 1.02101761241349998 1.46831360108450260 0.26645676795209411 0.00000000670405365 0.68522407584058309 -0.00000000000000000 -0.00000000000000000 -0.00000000000000000 -0.00000000000000000 0.00000000000000000 0.00000000000000000 -0.04000669844734898 0.06531109833305553 0.00001363719987525 -0.07659030813460632 1.00000000000000000 
1.41186445399824922 0.54000204408880015 1.00000000000000000 1.03410758180341666 1.48946467554634099 0.25779531489825347 0.00000204408880078 0.66352636217416849 -0.00000000000000000 -0.00000000000000000 -0.00000000000000000 -0.00000000000000000 0.00000000000000000 0.00000000000000000 -0.04000669844734898 0.06531109833305553 -0.00098890012662027 -0.07658392496253201 1.00000000000000000 
1.43275303491509742 0.54000000669321624 1.00000000000000000 1.04719755119333335 1.51080052893152339 0.24872279362238844 0.00000000669321687 0.61588848790224338 -0.00000000000000000 -0.00000000000000000 -0.00000000000000000 -0.00000000000000000 0.00000000000000000 0.00000000000000000 -0.04000669844734898 0.06531109833305553 -0.00199126801016997 -0.07656441952917058 1.00000000000000000 
ZONE I=5
1.43275303491509742 0.54000000669321624 1.00000000000000000 1.04719755119333335 1.51080052893152339 0.24872279362238844 0.00000000669321687 0.61588848790224338 -0.00000000000000000 -0.00000000000000000 -0.00000000000000000 -0.00000000000000000 0.00000000000000000 0.00000000000000000 -0.04031427601347879 0.07425928416907462 0.00221645492196277 -0.08446756456399838 1.00000000000000000 
1.45365389786593879 0.53999442073885573 1.00000000000000000 1.06028752058325004 1.53215996581589753 0.23914319635096717 0.00000000000000000 0.69818068034189085 -0.00000000000000000 -0.00000000000000000 -0.00000000000000000 -0.00000000000000000 0.00000000000000000 0.00000000000000000 -0.04031427601347879 0.07425928416907462 0.00111061877385678 -0.08448934052135504 1.00000000000000000 
1.47491580688475010 0.54000000667544790 1.00000000000000000 1.07337748997316673 1.55384698455061909 0.22920775120166739 0.00000000667544853 0.71310617482408156 -0.00000000000000000 -0.00000000000000000 -0.00000000000000000 -0.00000000000000000 0.00000000000000000 0.00000000000000000 -0.04031427601347879 0.07425928416907462 0.00000459232694138 -0.08449663966516574 1.00000000000000000 
1.49654870286035502 0.54000567694517354 1.00000000000000000 1.08646745936308342 1.57586158513568808 0.21891645817448913 0.00000567694517417 0.66066497134881541 -0.00000000000000000 -0.00000000000000000 -0.00000000000000000 -0.00000000000000000 0.00000000000000000 0.00000000000000000 -0.04031427601347879 0.07425928416907462 -0.00110143490684560 -0.08448946074475983 1.00000000000000000 
1.51856227531399668 0.54000000665511605 1.00000000000000000 1.09955742875299989 1.59820376757110427 0.20826931726943235 0.00000000665511668 0.54085706991609261 -0.00000000000000000 -0.00000000000000000 -0.00000000000000000 -0.00000000000000000 0.00000000000000000 0.00000000000000000 -0.04031427601347879 0.07425928416907462 -0.00220727341543149 -0.08446780499020828 1.00000000000000000 
ZONE I=5
1.51856227531399668 0.54000000665511605 1.00000000000000000 1.09955742875299989 1.59820376757110427 0.20826931726943235 0.00000000665511668 0.54085706991609261 -0.00000000000000000 -0.00000000000000000 -0.00000000000000000 -0.00000000000000000 0.00000000000000000 0.00000000000000000 -0.02132618170365273 0.04326424947333692 0.00063979120544079 -0.04823061243403184 1.00000000000000000 
1.53975719568431169 0.54013717565107633 1.00000000000000000 1.11264739814291658 1.61986282134469595 0.19658288381021119 0.00013717565107696 0.50782237969646182 -0.00000000000000000 -0.00000000000000000 -0.00000000000000000 -0.00000000000000000 0.00000000000000000 0.00000000000000000 -0.02132618170365273 0.04326424947333692 0.00000841718205832 -0.04823485500858682 1.00000000000000000 
1.56127737615378237 0.54000000657474223 1.00000000000000000 1.12573736753283327 1.64166197961109650 0.18475117615251294 0.00000000657474286 0.40666796537341665 -0.00000000000000000 -0.00000000000000000 -0.00000000000000000 -0.00000000000000000 0.00000000000000000 0.00000000000000000 -0.02132618170365273 0.04326424947333692 -0.00062295828356496 -0.04823083278904983 1.00000000000000000 
1.58312171106094812 0.53957915433996528 1.00000000000000000 1.13882733692274973 1.66360124237030660 0.17277419429633756 0.00000000000000000 0.23739382694695704 -0.00000000000000000 -0.00000000000000000 -0.00000000000000000 -0.00000000000000000 0.00000000000000000 0.00000000000000000 -0.02132618170365273 0.04326424947333692 -0.00125422700849333 -0.04821854646460751 1.00000000000000000 
1.60528889401879460 0.53886522401934644 1.00000000000000000 1.15191730631266664 1.68568060962232558 0.16065193824168505 0.00000000000000000 -0.00000003558291695 0.00000000000000000 0.00000000000000000 -0.00000000000000000 -0.00000000000000000 0.00000000000000000 0.00000000000000000 -0.02132618170365273 0.04326424947333692 -0.00188528082808061 -0.04819799814045827 1.00000000000000000 
ZONE I=5
1.60528889401879460 0.53886522401934644 1.00000000000000000 1.15191730631266664 1.68568060962232558 0.16065193824168505 0.00000000000000000 -0.00000003558291695 0.00000000000000000 0.00000000000000000 -0.00000000000000000 -0.00000000000000000 0.00000000000000000 0.00000000000000000 0.00000000041220957 -0.00000000069193860 0.00000000009513540 0.00000000079977810 1.00000000000000000 
1.62639882308908423 0.53593108177875504 1.00000000000000000 1.16500727570258333 1.70587644482775835 0.14960217626730357 0.00000000000000000 -0.00000001334359386 0.00000000000000000 0.00000000000000000 -0.00000000000000000 -0.00000000000000000 0.00000000000000000 0.00000000000000000 0.00000000041220957 -0.00000000069193860 0.00000000010559602 0.00000000079846430 1.00000000000000000 
1.64770230046241584 0.53214624084747419 1.00000000000000000 1.17809724509250002 1.72592198103616945 0.13890935164134710 0.00000000000000000 0.00000000000000000 -0.00000000000000000 -0.00000000000000000 -0.00000000000000000 -0.00000000000000000 0.00000000000000000 0.00000000000000000 0.00000000041220957 -0.00000000069193860 0.00000000011603855 0.00000000079701368 1.00000000000000000 
1.66917556336108119 0.52750529281361458 1.00000000000000000 1.19118721448241649 1.74581721824755931 0.12857346436381561 0.00000000000000000 0.00000000444786462 -0.00000000000000000 -0.00000000000000000 -0.00000000000000000 -0.00000000000000000 0.00000000000000000 0.00000000000000000 0.00000000041220957 -0.00000000069193860 0.00000000012646120 0.00000000079542650 1.00000000000000000 
1.69079474400037344 0.52200337244620265 1.00000000000000000 1.20427718387233340 1.76556215646192771 0.11859451443470916 0.00000000000000000 0.00000000000000000 -0.00000000000000000 -0.00000000000000000 -0.00000000000000000 -0.00000000000000000 0.00000000000000000 0.00000000000000000 0.00000000041220957 -0.00000000069193860 0.00000000013686217 0.00000000079370303 1.00000000000000000 
ZONE I=5
1.69079474400037344 0.52200337244620265 1.00000000000000000 1.20427718387233340 1.76556215646192771 0.11859451443470916 0.00000000000000000 0.00000000000000000 -0.00000000000000000 -0.00000000000000000 -0.00000000000000000 -0.00000000000000000 0.00000000000000000 0.00000000000000000 0.00000000000000000 0.00000000000000000 0.00000000000000000 0.00000000000000000 1.00000000000000000 
1.71217088875375678 0.51493821389192473 1.00000000000000000 1.21736715326224987 1.78457279261607193 0.10950097842717561 0.00000000000000000 0.00000000000000000 -0.00000000000000000 -0.00000000000000000 -0.00000000000000000 -0.00000000000000000 0.00000000000000000 0.00000000000000000 0.00000000000000000 0.00000000000000000 0.00000000000000000 0.00000000000000000 1.00000000000000000 
1.73338227025202007 0.50690750383828609 1.00000000000000000 1.23045712265216656 1.80316724964101183 0.10078284622731082 0.00000000000000000 0.00000000000000000 -0.00000000000000000 -0.00000000000000000 -0.00000000000000000 -0.00000000000000000 0.00000000000000000 0.00000000000000000 0.00000000000000000 0.00000000000000000 0.00000000000000000 0.00000000000000000 1.00000000000000000 
1.75440085829325310 0.49791799975836953 1.00000000000000000 1.24354709204208325 1.82134552753674650 0.09244011783511477 0.00000000000000000 0.00000000000000000 -0.00000000000000000 -0.00000000000000000 -0.00000000000000000 -0.00000000000000000 0.00000000000000000 0.00000000000000000 0.00000000000000000 0.00000000000000000 0.00000000000000000 0.00000000000000000 1.00000000000000000 
1.77519882083868441 0.48797711054861204 1.00000000000000000 1.25663706143199994 1.83910762630327618 0.08447279325058744 0.00000000000000000 0.00000000000000000 -0.00000000000000000 -0.00000000000000000 -0.00000000000000000 -0.00000000000000000 0.00000000000000000 0.00000000000000000 0.00000000000000000 0.00000000000000000 0.00000000000000000 0.00000000000000000 1.00000000000000000 
ZONE I=5
1.77519882083868441 0.48797711054861204 1.00000000000000000 1.25663706143199994 1.83910762630327618 0.08447279325058744 0.00000000000000000 0.00000000000000000 -0.00000000000000000 -0.00000000000000000 -0.00000000000000000 -0.00000000000000000 0.00000000000000000 0.00000000000000000 0.00000000000000000 0.00000000000000000 0.00000000000000000 0.00000000000000000 1.00000000000000000 
1.79566920882754011 0.47671076008649244 1.00000000000000000 1.26972703082191662 1.85626446768150188 0.07722229170825831 0.00000000000000000 0.00000000000000000 -0.00000000000000000 -0.00000000000000000 -0.00000000000000000 -0.00000000000000000 0.00000000000000000 0.00000000000000000 0.00000000000000000 0.00000000000000000 0.00000000000000000 0.00000000000000000 1.00000000000000000 
1.81570467611928765 0.46448035165612322 1.00000000000000000 1.28281700021183331 1.87285302333916537 0.07033506184962381 0.00000000000000000 0.00000000000000000 -0.00000000000000000 -0.00000000000000000 -0.00000000000000000 -0.00000000000000000 0.00000000000000000 0.00000000000000000 0.00000000000000000 0.00000000000000000 0.00000000000000000 0.00000000000000000 1.00000000000000000 
1.83527690679720834 0.45130128559686206 1.00000000000000000 1.29590696960175000 1.88887329327626641 0.06381110367468394 0.00000000000000000 0.00000000000000000 -0.00000000000000000 -0.00000000000000000 -0.00000000000000000 -0.00000000000000000 0.00000000000000000 0.00000000000000000 0.00000000000000000 0.00000000000000000 0.00000000000000000 0.00000000000000000 1.00000000000000000 
1.85435799310879235 0.43718962303902481 1.00000000000000000 1.30899693899166669 1.90432527749280500 0.05765041718343869 0.00000000000000000 0.00000000000000000 -0.00000000000000000 -0.00000000000000000 -0.00000000000000000 -0.00000000000000000 0.00000000000000000 0.00000000000000000 0.00000000000000000 0.00000000000000000 0.00000000000000000 0.00000000000000000 1.00000000000000000 
ZONE I=5
1.85435799310879235 0.43718962303902481 1.00000000000000000 1.30899693899166669 1.90432527749280500 0.05765041718343869 0.00000000000000000 0.00000000000000000 -0.00000000000000000 -0.00000000000000000 -0.00000000000000000 -0.00000000000000000 0.00000000000000000 0.00000000000000000 0.00000000000000000 0.00000000000000000 0.00000000000000000 0.00000000000000000 1.00000000000000000 
1.87296335064688879 0.42193002463519147 1.00000000000000000 1.32208690838158316 1.91919343718643676 0.05208847488249831 0.00000000000000000 0.00000000000000000 -0.00000000000000000 -0.00000000000000000 -0.00000000000000000 -0.00000000000000000 0.00000000000000000 0.00000000000000000 0.00000000000000000 0.00000000000000000 0.00000000000000000 0.00000000000000000 1.00000000000000000 
1.89091156596198195 0.40578177415424466 1.00000000000000000 1.33517687777150007 1.93339340278683580 0.04685454711019076 0.00000000000000000 0.00000000000000000 -0.00000000000000000 -0.00000000000000000 -0.00000000000000000 -0.00000000000000000 0.00000000000000000 0.00000000000000000 0.00000000000000000 0.00000000000000000 0.00000000000000000 0.00000000000000000 1.00000000000000000 
1.90817647324771467 0.38876711425596572 1.00000000000000000 1.34826684716141654 1.94692517429400214 0.04194863386651604 0.00000000000000000 0.00000000000000000 -0.00000000000000000 -0.00000000000000000 -0.00000000000000000 -0.00000000000000000 0.00000000000000000 0.00000000000000000 0.00000000000000000 0.00000000000000000 0.00000000000000000 0.00000000000000000 1.00000000000000000 
1.92473247815908866 0.37090889809531813 1.00000000000000000 1.36135681655133323 1.95978875170793554 0.03737073515147413 0.00000000000000000 0.00000000000000000 -0.00000000000000000 -0.00000000000000000 -0.00000000000000000 -0.00000000000000000 0.00000000000000000 0.00000000000000000 0.00000000000000000 0.00000000000000000 0.00000000000000000 0.00000000000000000 1.00000000000000000 
ZONE I=5
1.92473247815908866 0.37090889809531813 1.00000000000000000 1.36135681655133323 1.95978875170793554 0.03737073515147413 0.00000000000000000 0.00000000000000000 -0.00000000000000000 -0.00000000000000000 -0.00000000000000000 -0.00000000000000000 0.00000000000000000 0.00000000000000000 0.00000000000000000 0.00000000000000000 0.00000000000000000 0.00000000000000000 1.00000000000000000 
1.94064092213186656 0.35207634558576995 1.00000000000000000 1.37444678594124992 1.97203873860953349 0.03328896509614740 0.00000000000000000 0.00000000000000000 -0.00000000000000000 -0.00000000000000000 -0.00000000000000000 -0.00000000000000000 0.00000000000000000 0.00000000000000000 0.00000000000000000 0.00000000000000000 0.00000000000000000 0.00000000000000000 1.00000000000000000 
1.95570273607325085 0.33248193438020412 1.00000000000000000 1.38753675533116660 1.98354433300857202 0.02948402216762668 0.00000000000000000 0.00000000000000000 -0.00000000000000000 -0.00000000000000000 -0.00000000000000000 -0.00000000000000000 0.00000000000000000 0.00000000000000000 0.00000000000000000 0.00000000000000000 0.00000000000000000 0.00000000000000000 1.00000000000000000 
1.96989552340239005 0.31215365208086587 1.00000000000000000 1.40062672472108352 1.99430553490505114 0.02595590636591198 0.00000000000000000 0.00000000000000000 -0.00000000000000000 -0.00000000000000000 -0.00000000000000000 -0.00000000000000000 0.00000000000000000 0.00000000000000000 0.00000000000000000 0.00000000000000000 0.00000000000000000 0.00000000000000000 1.00000000000000000 
1.98319759497955883 0.29112000753625678 1.00000000000000000 1.41371669411099998 2.00432234429897083 0.02270461769100330 0.00000000000000000 0.00000000000000000 -0.00000000000000000 -0.00000000000000000 -0.00000000000000000 -0.00000000000000000 0.00000000000000000 0.00000000000000000 0.00000000000000000 0.00000000000000000 0.00000000000000000 0.00000000000000000 1.00000000000000000 
ZONE I=5
1.98319759497955883 0.29112000753625678 1.00000000000000000 1.41371669411099998 2.00432234429897083 0.02270461769100330 0.00000000000000000 0.00000000000000000 -0.00000000000000000 -0.00000000000000000 -0.00000000000000000 -0.00000000000000000 0.00000000000000000 0.00000000000000000 0.00000000000000000 0.00000000000000000 0.00000000000000000 0.00000000000000000 1.00000000000000000 
1.99568935821147320 0.26931355665552376 1.00000000000000000 1.42680666350091667 2.01368124939742499 0.01984016386513766 0.00000000000000000 0.00000000000000000 -0.00000000000000000 -0.00000000000000000 -0.00000000000000000 -0.00000000000000000 0.00000000000000000 0.00000000000000000 0.00000000000000000 0.00000000000000000 0.00000000000000000 0.00000000000000000 1.00000000000000000 
2.00717829999422026 0.24691478293193178 1.00000000000000000 1.43989663289083336 2.02223545780915881 0.01718694787894528 0.00000000000000000 0.00000000000000000 -0.00000000000000000 -0.00000000000000000 -0.00000000000000000 -0.00000000000000000 0.00000000000000000 0.00000000000000000 0.00000000000000000 0.00000000000000000 0.00000000000000000 0.00000000000000000 1.00000000000000000 
2.01764712670392221 0.22395638586668493 1.00000000000000000 1.45298660228075027 2.02998496953417140 0.01474496973242617 0.00000000000000000 0.00000000000000000 -0.00000000000000000 -0.00000000000000000 -0.00000000000000000 -0.00000000000000000 0.00000000000000000 0.00000000000000000 0.00000000000000000 0.00000000000000000 0.00000000000000000 0.00000000000000000 1.00000000000000000 
2.02707936325501370 0.20047146500733443 1.00000000000000000 1.46607657167066674 2.03692978457246321 0.01251422942558032 0.00000000000000000 0.00000000000000000 -0.00000000000000000 -0.00000000000000000 -0.00000000000000000 -0.00000000000000000 0.00000000000000000 0.00000000000000000 0.00000000000000000 0.00000000000000000 0.00000000000000000 0.00000000000000000 1.00000000000000000 
ZONE I=5
2.02707936325501370 0.20047146500733443 1.00000000000000000 1.46607657167066674 2.03692978457246321 0.01251422942558032 0.00000000000000000 0.00000000000000000 -0.00000000000000000 -0.00000000000000000 -0.00000000000000000 -0.00000000000000000 0.00000000000000000 0.00000000000000000 0.00000000000000000 0.00000000000000000 0.00000000000000000 0.00000000000000000 1.00000000000000000 
2.03557105249359838 0.17644893091838607 1.00000000000000000 1.47916654106058321 2.04317704729187621 0.01054933134314126 0.00000000000000000 0.00000000000000000 -0.00000000000000000 -0.00000000000000000 -0.00000000000000000 -0.00000000000000000 0.00000000000000000 0.00000000000000000 0.00000000000000000 0.00000000000000000 0.00000000000000000 0.00000000000000000 1.00000000000000000 
2.04294510621232117 0.15203903769405336 1.00000000000000000 1.49225651045049990 2.04857623366109554 0.00871727358326840 0.00000000000000000 0.00000000000000000 -0.00000000000000000 -0.00000000000000000 -0.00000000000000000 -0.00000000000000000 0.00000000000000000 0.00000000000000000 0.00000000000000000 0.00000000000000000 0.00000000000000000 0.00000000000000000 1.00000000000000000 
2.04919044326884192 0.12727792304523008 1.00000000000000000 1.50534647984041658 2.05312734368012162 0.00701805614596173 0.00000000000000000 0.00000000000000000 -0.00000000000000000 -0.00000000000000000 -0.00000000000000000 -0.00000000000000000 0.00000000000000000 0.00000000000000000 0.00000000000000000 0.00000000000000000 0.00000000000000000 0.00000000000000000 1.00000000000000000 
2.05429688163580515 0.10220197694323666 1.00000000000000000 1.51843644923033327 2.05683037734895358 0.00545167903122126 0.00000000000000000 0.00000000000000000 -0.00000000000000000 -0.00000000000000000 -0.00000000000000000 -0.00000000000000000 0.00000000000000000 0.00000000000000000 0.00000000000000000 0.00000000000000000 0.00000000000000000 0.00000000000000000 1.00000000000000000 
ZONE I=5
2.05429688163580515 0.10220197694323666 1.00000000000000000 1.51843644923033327 2.05683037734895358 0.00545167903122126 0.00000000000000000 0.00000000000000000 -0.00000000000000000 -0.00000000000000000 -0.00000000000000000 -0.00000000000000000 0.00000000000000000 0.00000000000000000 0.00000000000000000 0.00000000000000000 0.00000000000000000 0.00000000000000000 1.00000000000000000 
2.05837959549004745 0.07685015761628916 1.00000000000000000 1.53152641862024996 2.05980978244814095 0.00402069476112719 0.00000000000000000 0.00000000000000000 -0.00000000000000000 -0.00000000000000000 -0.00000000000000000 -0.00000000000000000 0.00000000000000000 0.00000000000000000 0.00000000000000000 0.00000000000000000 0.00000000000000000 0.00000000000000000 1.00000000000000000 
2.06128056537845739 0.05134054110648322 1.00000000000000000 1.54461638801016665 2.06191815470096307 0.00263508683255896 0.00000000000000000 0.00000000000000000 -0.00000000000000000 -0.00000000000000000 -0.00000000000000000 -0.00000000000000000 0.00000000000000000 0.00000000000000000 0.00000000000000000 0.00000000000000000 0.00000000000000000 0.00000000000000000 1.00000000000000000 
2.06299568770240205 0.02571112671655459 1.00000000000000000 1.55770635740008334 2.06315549410742083 0.00129485524551656 0.00000000000000000 0.00000000000000000 -0.00000000000000000 -0.00000000000000000 -0.00000000000000000 -0.00000000000000000 0.00000000000000000 0.00000000000000000 0.00000000000000000 0.00000000000000000 0.00000000000000000 0.00000000000000000 1.00000000000000000 
2.06352180066751378 0.00000000001010422 1.00000000000000000 1.57079632679000003 2.06352180066751378 0.00000000000000000 0.00000000000000000 0.00000000000000000 -0.00000000000000000 -0.00000000000000000 -0.00000000000000000 -0.00000000000000000 0.00000000000000000 0.00000000000000000 0.00000000000000000 0.00000000000000000 0.00000000000000000 0.00000000000000000 1.00000000000000000 
