#Contact mesh details for the compression of a sphere.
nreler=1_nreletheta=30_H=0.5300_lambda=1.15_vol=0.3783_t=0.15_nt=1.00e-07_CL=MR_C1=1.0000_C2=0.0000
# Contact options are: 
# Use_isoparametric_flag_pt = false 
# Use_collocated_penetration_flag_pt = false 
# Use_collocated_contact_pressure_flag_pt = false 

ZONE I=5
0.00000000000000000 0.53000000614094445 1.00000000000000000 0.00000000000000000 0.53000000614094445 0.00000000000000000 0.00000000614094509 0.68167761998423093 -0.00000000000000000 -0.00000000000000000 -0.00000000000000000 -0.00000000000000000 0.00000000000000000 0.00000000000000000 -0.00157909649622284 0.00005514868066934 0.00005514868066934 -0.00157909649622284 1.00000000000000000 
0.01706129276414726 0.53000006599513783 1.00000000000000000 0.01308996938991666 0.53017798502591418 0.01012234456516499 0.00000006599513847 0.67925057141484679 -0.00000000000000000 -0.00000000000000000 -0.00000000000000000 -0.00000000000000000 0.00000000000000000 0.00000000000000000 -0.00157909649622284 0.00005514868066934 0.00003447422144445 -0.00157968308512139 1.00000000000000000 
0.03411555832911128 0.53000000614094445 1.00000000000000000 0.02617993877983333 0.53071142958275919 0.02023008501544633 0.00000000614094509 0.67817233283392631 -0.00000000000000000 -0.00000000000000000 -0.00000000000000000 -0.00000000000000000 0.00000000000000000 0.00000000000000000 -0.00157909649622284 0.00005514868066934 0.00001379385523920 -0.00157999900345553 1.00000000000000000 
0.05117037464451003 0.53000001113161588 1.00000000000000000 0.03926990816975000 0.53160033981147925 0.03032322135084400 0.00000001113161652 0.67844290424146969 -0.00000000000000000 -0.00000000000000000 -0.00000000000000000 -0.00000000000000000 0.00000000000000000 0.00000000000000000 -0.00157909649622284 0.00005514868066934 -0.00000688887447214 -0.00158004419709429 1.00000000000000000 
0.06823332209793866 0.53000000614094434 1.00000000000000000 0.05235987755966667 0.53284471571207437 0.04040175357135802 0.00000000614094497 0.68006228563747684 -0.00000000000000000 -0.00000000000000000 -0.00000000000000000 -0.00000000000000000 0.00000000000000000 0.00000000000000000 -0.00157909649622284 0.00005514868066934 -0.00002757042381030 -0.00157981865829397 1.00000000000000000 
ZONE I=5
0.06823332209793866 0.53000000614094434 1.00000000000000000 0.05235987755966667 0.53284471571207437 0.04040175357135802 0.00000000614094497 0.68006228563747684 -0.00000000000000000 -0.00000000000000000 -0.00000000000000000 -0.00000000000000000 0.00000000000000000 0.00000000000000000 -0.00472852317244574 0.00038602335134494 0.00013802253791190 -0.00474224579700044 1.00000000000000000 
0.08530313186580740 0.53000007846032426 1.00000000000000000 0.06544984694958333 0.53444439936593957 0.05045682768907767 0.00000007846032490 0.67853536515663571 -0.00000000000000000 -0.00000000000000000 -0.00000000000000000 -0.00000000000000000 0.00000000000000000 0.00000000000000000 -0.00472852317244574 0.00038602335134494 0.00007593663360379 -0.00474364617649935 1.00000000000000000 
0.10236917337974449 0.53000000614094445 1.00000000000000000 0.07853981633950000 0.53639798577433873 0.06047028216475974 0.00000000614094509 0.67802259224043104 -0.00000000000000000 -0.00000000000000000 -0.00000000000000000 -0.00000000000000000 0.00000000000000000 0.00000000000000000 -0.00472852317244574 0.00038602335134494 0.00001383771794443 -0.00474423375664627 1.00000000000000000 
0.11943903015524773 0.52999999872658732 1.00000000000000000 0.09162978572941666 0.53870547493727206 0.07044211699840425 0.00000000000000000 0.67852396688886274 -0.00000000000000000 -0.00000000000000000 -0.00000000000000000 -0.00000000000000000 0.00000000000000000 0.00000000000000000 -0.00472852317244574 0.00038602335134494 -0.00004826356873666 -0.00474400843676239 1.00000000000000000 
0.13652029080095568 0.53000000614094445 1.00000000000000000 0.10471975511933333 0.54136686685473945 0.08037233219001119 0.00000000614094509 0.68003948910193091 -0.00000000000000000 -0.00000000000000000 -0.00000000000000000 -0.00000000000000000 0.00000000000000000 0.00000000000000000 -0.00472852317244574 0.00038602335134494 -0.00011035658570371 -0.00474297025545509 1.00000000000000000 
ZONE I=5
0.13652029080095568 0.53000000614094445 1.00000000000000000 0.10471975511933333 0.54136686685473945 0.08037233219001119 0.00000000614094509 0.68003948910193091 -0.00000000000000000 -0.00000000000000000 -0.00000000000000000 -0.00000000000000000 0.00000000000000000 0.00000000000000000 -0.00785378248979022 0.00104800667254405 0.00022132176784351 -0.00792030517453153 1.00000000000000000 
0.15361292489040046 0.53000009950526206 1.00000000000000000 0.11780972450925001 0.54438164440911874 0.09025331794119942 0.00000009950526270 0.67849660043950122 -0.00000000000000000 -0.00000000000000000 -0.00000000000000000 -0.00000000000000000 0.00000000000000000 0.00000000000000000 -0.00785378248979022 0.00104800667254405 0.00011762921513481 -0.00792252363520482 1.00000000000000000 
0.17070461197210668 0.53000000614094434 1.00000000000000000 0.13089969389916667 0.54774720561160684 0.10006532767459750 0.00000000614094497 0.67798051702256168 -0.00000000000000000 -0.00000000000000000 -0.00000000000000000 -0.00000000000000000 0.00000000000000000 0.00000000000000000 -0.00785378248979022 0.00104800667254405 0.00001391650726566 -0.00792338461223850 1.00000000000000000 
0.18780294792236105 0.52999997780306796 1.00000000000000000 0.14398966328908333 0.55146355046220386 0.10980836139020539 0.00000000000000000 0.67849123885111262 -0.00000000000000000 -0.00000000000000000 -0.00000000000000000 -0.00000000000000000 0.00000000000000000 0.00000000000000000 -0.00785378248979022 0.00104800667254405 -0.00008979858512537 -0.00792288795810857 1.00000000000000000 
0.20491553681576904 0.53000000614094400 1.00000000000000000 0.15707963267899999 0.55553067896090991 0.11948241908802314 0.00000000614094464 0.68002876592515360 -0.00000000000000000 -0.00000000000000000 -0.00000000000000000 -0.00000000000000000 0.00000000000000000 0.00000000000000000 -0.00785378248979022 0.00104800667254405 -0.00019349829099113 -0.00792103375791416 1.00000000000000000 
ZONE I=5
0.20491553681576904 0.53000000614094400 1.00000000000000000 0.15707963267899999 0.55553067896090991 0.11948241908802314 0.00000000614094464 0.68002876592515360 -0.00000000000000000 -0.00000000000000000 -0.00000000000000000 -0.00000000000000000 0.00000000000000000 0.00000000000000000 -0.01093828215350407 0.00204156525942660 0.00030530588616268 -0.01112298491835882 1.00000000000000000 
0.22204490523153170 0.53000012029777377 1.00000000000000000 0.17016960206891668 0.55994802439407609 0.12908244432185839 0.00000012029777441 0.67843024629155435 -0.00000000000000000 -0.00000000000000000 -0.00000000000000000 -0.00000000000000000 0.00000000000000000 0.00000000000000000 -0.01093828215350407 0.00204156525942660 0.00015968435573971 -0.01112602831583199 1.00000000000000000 
0.23917616294297378 0.53000000614094445 1.00000000000000000 0.18325957145883334 0.56471150078603882 0.13858630635638125 0.00000000614094509 0.67789438541829450 -0.00000000000000000 -0.00000000000000000 -0.00000000000000000 -0.00000000000000000 0.00000000000000000 0.00000000000000000 -0.01093828215350407 0.00204156525942660 0.00001403546422445 -0.01112716532563021 1.00000000000000000 
0.25631692535750300 0.52999995719450188 1.00000000000000000 0.19634954084875000 0.56982110813679820 0.14799400519159167 0.00000000000000000 0.67842118330537415 -0.00000000000000000 -0.00000000000000000 -0.00000000000000000 -0.00000000000000000 0.00000000000000000 0.00000000000000000 -0.01093828215350407 0.00204156525942660 -0.00013161583219535 -0.01112639575293270 1.00000000000000000 
0.27347481917516669 0.53000000614094422 1.00000000000000000 0.20943951023866667 0.57527684644635413 0.15730554082748965 0.00000000614094486 0.68001063995279321 -0.00000000000000000 -0.00000000000000000 -0.00000000000000000 -0.00000000000000000 0.00000000000000000 0.00000000000000000 -0.01093828215350407 0.00204156525942660 -0.00027724457691987 -0.01112371972960178 1.00000000000000000 
ZONE I=5
0.27347481917516669 0.53000000614094422 1.00000000000000000 0.20943951023866667 0.57527684644635413 0.15730554082748965 0.00000000614094486 0.68001063995279321 -0.00000000000000000 -0.00000000000000000 -0.00000000000000000 -0.00000000000000000 0.00000000000000000 0.00000000000000000 -0.01396597798268902 0.00336753523544158 0.00039025641463864 -0.01436093780035721 1.00000000000000000 
0.29065537532117502 0.53000014002776363 1.00000000000000000 0.22252947962858333 0.58107846225299520 0.16651881676926678 0.00000014002776427 0.67833695890684287 -0.00000000000000000 -0.00000000000000000 -0.00000000000000000 -0.00000000000000000 0.00000000000000000 0.00000000000000000 -0.01396597798268902 0.00336753523544158 0.00020224411259351 -0.01436481576261305 1.00000000000000000 
0.30784071638265165 0.53000000614094422 1.00000000000000000 0.23561944901849999 0.58722005182751980 0.17560900860738921 0.00000000614094486 0.67777466941794895 -0.00000000000000000 -0.00000000000000000 -0.00000000000000000 -0.00000000000000000 0.00000000000000000 0.00000000000000000 -0.01396597798268902 0.00336753523544158 0.00001419715706085 -0.01436623238763826 1.00000000000000000 
0.32503848480245656 0.52999993771372012 1.00000000000000000 0.24870941840841668 0.59370161516992792 0.18457611634185694 0.00000000000000000 0.67832377148611145 -0.00000000000000000 -0.00000000000000000 -0.00000000000000000 -0.00000000000000000 0.00000000000000000 0.00000000000000000 -0.01396597798268902 0.00336753523544158 -0.00017385223108158 -0.01436518743270143 1.00000000000000000 
0.34225633735873806 0.53000000614094411 1.00000000000000000 0.26179938779833334 0.60052315228021969 0.19342013997266996 0.00000000614094475 0.67998426511133025 -0.00000000000000000 -0.00000000000000000 -0.00000000000000000 -0.00000000000000000 0.00000000000000000 0.00000000000000000 -0.01396597798268902 0.00336753523544158 -0.00036187183053922 -0.01436168107685021 1.00000000000000000 
ZONE I=5
0.34225633735873806 0.53000000614094411 1.00000000000000000 0.26179938779833334 0.60052315228021969 0.19342013997266996 0.00000000614094475 0.67998426511133025 -0.00000000000000000 -0.00000000000000000 -0.00000000000000000 -0.00000000000000000 0.00000000000000000 0.00000000000000000 -0.01692097297591285 0.00502724360217830 0.00047647436257359 -0.01764555119198677 1.00000000000000000 
0.35950325359003099 0.53000015808441225 1.00000000000000000 0.27488935718824997 0.60768515235186604 0.20214230760137622 0.00000015808441289 0.67821484058868575 -0.00000000000000000 -0.00000000000000000 -0.00000000000000000 -0.00000000000000000 0.00000000000000000 0.00000000000000000 -0.01692097297591285 0.00502724360217830 0.00024546041312318 -0.01765027631151436 1.00000000000000000 
0.37675794387889827 0.53000000614094411 1.00000000000000000 0.28797932657816666 0.61517950266871801 0.21071481742280168 0.00000000614094475 0.67761918777645658 -0.00000000000000000 -0.00000000000000000 -0.00000000000000000 -0.00000000000000000 0.00000000000000000 0.00000000000000000 -0.01692097297591285 0.00502724360217830 0.00001440440529462 -0.01765197714705986 1.00000000000000000 
0.39402808561925717 0.52999991997499984 1.00000000000000000 0.30106929596808329 0.62300620323077571 0.21913766943694629 0.00000000000000000 0.67819730667464251 -0.00000000000000000 -0.00000000000000000 -0.00000000000000000 -0.00000000000000000 0.00000000000000000 0.00000000000000000 -0.01692097297591285 0.00502724360217830 -0.00021665407065463 -0.01765065340719386 1.00000000000000000 
0.41132137350097014 0.53000000614094445 1.00000000000000000 0.31415926535799998 0.63116525403803891 0.22741086364381013 0.00000000614094509 0.67994919728324366 -0.00000000000000000 -0.00000000000000000 -0.00000000000000000 -0.00000000000000000 0.00000000000000000 0.00000000000000000 -0.01692097297591285 0.00502724360217830 -0.00044767542404422 -0.01764630531873237 1.00000000000000000 
ZONE I=5
0.41132137350097014 0.53000000614094445 1.00000000000000000 0.31415926535799998 0.63116525403803891 0.22741086364381013 0.00000000614094509 0.67994919728324366 -0.00000000000000000 -0.00000000000000000 -0.00000000000000000 -0.00000000000000000 0.00000000000000000 0.00000000000000000 -0.01978756001754741 0.00702269533329252 0.00056428783606759 -0.02098922010057438 1.00000000000000000 
0.42865075840078842 0.53000017396863353 1.00000000000000000 0.32724923474791662 0.63965840395045048 0.23553934563022624 0.00000017396863417 0.67806078276073456 -0.00000000000000000 -0.00000000000000000 -0.00000000000000000 -0.00000000000000000 0.00000000000000000 0.00000000000000000 -0.01978756001754741 0.00702269533329252 0.00028949908968612 -0.02099480820272861 1.00000000000000000 
0.44599102865573004 0.53000000614094422 1.00000000000000000 0.34033920413783331 0.64847486058931303 0.24349201082267191 0.00000000614094486 0.67742388462891057 -0.00000000000000000 -0.00000000000000000 -0.00000000000000000 -0.00000000000000000 0.00000000000000000 0.00000000000000000 -0.01978756001754741 0.00702269533329252 0.00001466073912598 -0.02099679895257889 1.00000000000000000 
0.46334990504212031 0.52999990448182133 1.00000000000000000 0.35342917352775000 0.65761462395462655 0.25126885922114717 0.00000000000000000 0.67803850288777157 -0.00000000000000000 -0.00000000000000000 -0.00000000000000000 -0.00000000000000000 0.00000000000000000 0.00000000000000000 -0.01978756001754741 0.00702269533329252 -0.00026018012347634 -0.02099519200902048 1.00000000000000000 
0.48073512848650291 0.53000000614094400 1.00000000000000000 0.36651914291766668 0.66707769404639083 0.25886989082565193 0.00000000614094464 0.67990463753731778 -0.00000000000000000 -0.00000000000000000 -0.00000000000000000 -0.00000000000000000 0.00000000000000000 0.00000000000000000 -0.01978756001754741 0.00702269533329252 -0.00053497640555391 -0.02098998764739489 1.00000000000000000 
ZONE I=5
0.48073512848650291 0.53000000614094400 1.00000000000000000 0.36651914291766668 0.66707769404639083 0.25886989082565193 0.00000000614094464 0.67990463753731778 -0.00000000000000000 -0.00000000000000000 -0.00000000000000000 -0.00000000000000000 0.00000000000000000 0.00000000000000000 -0.02255022122776926 0.00935681144071940 0.00065405947232002 -0.02440562648171894 1.00000000000000000 
0.49816425527485908 0.53000018723795816 1.00000000000000000 0.37960911230758337 0.67686770682385666 0.26630420793678677 0.00000018723795880 0.67787091310364378 -0.00000000000000000 -0.00000000000000000 -0.00000000000000000 -0.00000000000000000 0.00000000000000000 0.00000000000000000 -0.02255022122776926 0.00935681144071940 0.00033454365714829 -0.02441209696646264 1.00000000000000000 
0.51560752678132815 0.53000000614094400 1.00000000000000000 0.39269908169750001 0.68697061600609322 0.27353701929934010 0.00000000614094464 0.67718385042481466 -0.00000000000000000 -0.00000000000000000 -0.00000000000000000 -0.00000000000000000 0.00000000000000000 0.00000000000000000 -0.02255022122776926 0.00935681144071940 0.00001497051964314 -0.02441438456406498 1.00000000000000000 
0.53307271622556573 0.52999989168205397 1.00000000000000000 0.40578905108741670 0.69738642159310049 0.28056832491331207 0.00000000000000000 0.67784344950083042 -0.00000000000000000 -0.00000000000000000 -0.00000000000000000 -0.00000000000000000 0.00000000000000000 0.00000000000000000 -0.02255022122776926 0.00935681144071940 -0.00030460518298349 -0.02441248888255788 1.00000000000000000 
0.55056761970401213 0.53000000614094411 1.00000000000000000 0.41887902047733333 0.70811512358487849 0.28739812477870269 0.00000000614094475 0.67984971033169084 -0.00000000000000000 -0.00000000000000000 -0.00000000000000000 -0.00000000000000000 0.00000000000000000 0.00000000000000000 -0.02255022122776926 0.00935681144071940 -0.00062412869308012 -0.02440641024675663 1.00000000000000000 
ZONE I=5
0.55056761970401213 0.53000000614094411 1.00000000000000000 0.41887902047733333 0.70811512358487849 0.28739812477870269 0.00000000614094475 0.67984971033169084 -0.00000000000000000 -0.00000000000000000 -0.00000000000000000 -0.00000000000000000 0.00000000000000000 0.00000000000000000 -0.02519359144789364 0.01203372123701580 0.00074619456211008 -0.02791004640857951 1.00000000000000000 
0.56811516792375305 0.53000019748784577 1.00000000000000000 0.43196898986725002 0.71916300856812654 0.29404016812236794 0.00000019748784641 0.67764080014587658 -0.00000000000000000 -0.00000000000000000 -0.00000000000000000 -0.00000000000000000 0.00000000000000000 0.00000000000000000 -0.02519359144789364 0.01203372123701580 0.00038079941394706 -0.02791742267222965 1.00000000000000000 
0.58568029247569298 0.53000000614094400 1.00000000000000000 0.44505895925716665 0.73051207134044860 0.30045552937115533 0.00000000614094464 0.67689350067888809 -0.00000000000000000 -0.00000000000000000 -0.00000000000000000 -0.00000000000000000 0.00000000000000000 0.00000000000000000 -0.02519359144789364 0.01203372123701580 0.00001533901776482 -0.02792001542922423 1.00000000000000000 
0.60327082883521199 0.52999988198671377 1.00000000000000000 0.45814892864708334 0.74216231190184456 0.30664420852506485 0.00000000000000000 0.67760781193072528 -0.00000000000000000 -0.00000000000000000 -0.00000000000000000 -0.00000000000000000 0.00000000000000000 0.00000000000000000 -0.02519359144789364 0.01203372123701580 -0.00035012400667915 -0.02791782423530766 1.00000000000000000 
0.62089463793412369 0.53000000614094378 1.00000000000000000 0.47123889803699998 0.75411373025231454 0.31260620558409646 0.00000000614094442 0.67978373390138824 -0.00000000000000000 -0.00000000000000000 -0.00000000000000000 -0.00000000000000000 0.00000000000000000 0.00000000000000000 -0.02519359144789364 0.01203372123701580 -0.00071552703917701 -0.02791084946592975 1.00000000000000000 
ZONE I=5
0.62089463793412369 0.53000000614094378 1.00000000000000000 0.47123889803699998 0.75411373025231454 0.31260620558409646 0.00000000614094442 0.67978373390138824 -0.00000000000000000 -0.00000000000000000 -0.00000000000000000 -0.00000000000000000 0.00000000000000000 0.00000000000000000 -0.02770238022488852 0.01505911265615467 0.00084115018289566 -0.03151969559632305 1.00000000000000000 
0.63858095145874816 0.53000020434896444 1.00000000000000000 0.48432886742691672 0.76637619210345709 0.31836045664138191 0.00000020434896508 0.67736564161814594 -0.00000000000000000 -0.00000000000000000 -0.00000000000000000 -0.00000000000000000 0.00000000000000000 0.00000000000000000 -0.02770238022488852 0.01505911265615467 0.00042849805163240 -0.03152800554324361 1.00000000000000000 
0.65628846783028227 0.53000000614094389 1.00000000000000000 0.49741883681683335 0.77892686678968148 0.32386339050536400 0.00000000614094453 0.67654673360011330 -0.00000000000000000 -0.00000000000000000 -0.00000000000000000 -0.00000000000000000 0.00000000000000000 0.00000000000000000 -0.02770238022488852 0.01505911265615467 0.00001577249943390 -0.03153091332872097 1.00000000000000000 
0.67402509547419664 0.52999987577275354 1.00000000000000000 0.51050880620674999 0.79176575431098772 0.32911500717604270 0.00000000000000000 0.67732700984729077 -0.00000000000000000 -0.00000000000000000 -0.00000000000000000 -0.00000000000000000 0.00000000000000000 0.00000000000000000 -0.02770238022488852 0.01505911265615467 -0.00039695575530117 -0.03152841845452108 1.00000000000000000 
0.69179877068791074 0.53000000614094356 1.00000000000000000 0.52359877559666668 0.80489285466737570 0.33411530665341804 0.00000000614094420 0.67970647035967791 -0.00000000000000000 -0.00000000000000000 -0.00000000000000000 -0.00000000000000000 0.00000000000000000 0.00000000000000000 -0.02770238022488852 0.01505911265615467 -0.00080961599371111 -0.03152052134812778 1.00000000000000000 
ZONE I=5
0.69179877068791074 0.53000000614094356 1.00000000000000000 0.52359877559666668 0.80489285466737570 0.33411530665341804 0.00000000614094420 0.67970647035967791 -0.00000000000000000 -0.00000000000000000 -0.00000000000000000 -0.00000000000000000 0.00000000000000000 0.00000000000000000 -0.03006124456017348 0.01844064601608215 0.00093944563209425 -0.03525412446652654 1.00000000000000000 
0.70964613428352308 0.53000020748855026 1.00000000000000000 0.53668874498658325 0.81832273843266601 0.33888899599355093 0.00000020748855090 0.67704056678409319 -0.00000000000000000 -0.00000000000000000 -0.00000000000000000 -0.00000000000000000 0.00000000000000000 0.00000000000000000 -0.03006124456017348 0.01844064601608215 0.00047790291602063 -0.03526340112354259 1.00000000000000000 
0.72751854323888365 0.53000000614094411 1.00000000000000000 0.54977871437649994 0.83202668698965065 0.34338728777119015 0.00000000614094475 0.67613723848972562 -0.00000000000000000 -0.00000000000000000 -0.00000000000000000 -0.00000000000000000 0.00000000000000000 0.00000000000000000 -0.03006124456017348 0.01844064601608215 0.00001627831374260 -0.03526663557831265 1.00000000000000000 
0.74542399064586529 0.52999987338178989 1.00000000000000000 0.56286868376641652 0.84600470033832953 0.34761018198633586 0.00000000000000000 0.67699648547657543 -0.00000000000000000 -0.00000000000000000 -0.00000000000000000 -0.00000000000000000 0.00000000000000000 0.00000000000000000 -0.03006124456017348 0.01844064601608215 -0.00044534907774069 -0.03526382727662955 1.00000000000000000 
0.76337049970455995 0.53000000614094378 1.00000000000000000 0.57595865315633332 0.86025677847870285 0.35155767863898796 0.00000000614094442 0.67961830774464238 -0.00000000000000000 -0.00000000000000000 -0.00000000000000000 -0.00000000000000000 0.00000000000000000 0.00000000000000000 -0.03006124456017348 0.01844064601608215 -0.00090690016095218 -0.03525497669968130 1.00000000000000000 
ZONE I=5
0.76337049970455995 0.53000000614094378 1.00000000000000000 0.57595865315633332 0.86025677847870285 0.35155767863898796 0.00000000614094442 0.67961830774464238 -0.00000000000000000 -0.00000000000000000 -0.00000000000000000 -0.00000000000000000 0.00000000000000000 0.00000000000000000 -0.03225460478050398 0.02218843972130920 0.00104167452051869 -0.03913567810842153 1.00000000000000000 
0.78140343569531145 0.53000020660220759 1.00000000000000000 0.58904862254625001 0.87480355515471597 0.35526087344863794 0.00000020660220823 0.67666120739975422 -0.00000000000000000 -0.00000000000000000 -0.00000000000000000 -0.00000000000000000 0.00000000000000000 0.00000000000000000 -0.03225460478050398 0.02218843972130920 0.00052931507888746 -0.03914596035812565 1.00000000000000000 
0.79946549557639812 0.53000000614094356 1.00000000000000000 0.60213859193616670 0.88960912793058178 0.35866514275742756 0.00000000614094420 0.67565913794661125 -0.00000000000000000 -0.00000000000000000 -0.00000000000000000 -0.00000000000000000 0.00000000000000000 0.00000000000000000 -0.03225460478050398 0.02218843972130920 0.00001686494184239 -0.03914953514904639 1.00000000000000000 
0.81756476999523486 0.52999987512839386 1.00000000000000000 0.61522856132608328 0.90467349680630038 0.36177048656535693 0.00000000000000000 0.67661209938521394 -0.00000000000000000 -0.00000000000000000 -0.00000000000000000 -0.00000000000000000 0.00000000000000000 0.00000000000000000 -0.03225460478050398 0.02218843972130920 -0.00049558808492365 -0.03914640186866174 1.00000000000000000 
0.83570938175106357 0.53000000614094367 1.00000000000000000 0.62831853071599997 0.91999666178187145 0.36457690487242606 0.00000000614094431 0.67952009171556194 -0.00000000000000000 -0.00000000000000000 -0.00000000000000000 -0.00000000000000000 0.00000000000000000 0.00000000000000000 -0.03225460478050398 0.02218843972130920 -0.00100795619522262 -0.03913656105384317 1.00000000000000000 
ZONE I=5
0.83570938175106357 0.53000000614094367 1.00000000000000000 0.62831853071599997 0.91999666178187145 0.36457690487242606 0.00000000614094431 0.67952009171556194 -0.00000000000000000 -0.00000000000000000 -0.00000000000000000 -0.00000000000000000 0.00000000000000000 0.00000000000000000 -0.03426640049447151 0.02631564489254153 0.00114851907628911 -0.04319004830848495 1.00000000000000000 
0.85395496792657588 0.53000020136339998 1.00000000000000000 0.64140850010591666 0.93560694715871862 0.36712251513638688 0.00000020136340062 0.67622490022607029 -0.00000000000000000 -0.00000000000000000 -0.00000000000000000 -0.00000000000000000 0.00000000000000000 0.00000000000000000 -0.03426640049447151 0.02631564489254153 0.00058308041481041 -0.04320138176248219 1.00000000000000000 
0.87223401411466017 0.53000000614094378 1.00000000000000000 0.65449846949583335 0.95145970008799252 0.36934620750244762 0.00000000614094442 0.67510842717667885 -0.00000000000000000 -0.00000000000000000 -0.00000000000000000 -0.00000000000000000 0.00000000000000000 0.00000000000000000 -0.03426640049447151 0.02631564489254153 0.00001754184550435 -0.04320531288211579 1.00000000000000000 
0.89055472274537917 0.52999988135071741 1.00000000000000000 0.66758843888575004 0.96755492056969283 0.37124798197060827 0.00000000000000000 0.67617067256738750 -0.00000000000000000 -0.00000000000000000 -0.00000000000000000 -0.00000000000000000 0.00000000000000000 0.00000000000000000 -0.03426640049447151 0.02631564489254153 -0.00054799972950665 -0.04320184099380864 1.00000000000000000 
0.90892533023724376 0.53000000614094600 1.00000000000000000 0.68067840827566661 0.98389260860381977 0.37282783854086887 0.00000000614094664 0.67941163639819602 -0.00000000000000000 -0.00000000000000000 -0.00000000000000000 -0.00000000000000000 0.00000000000000000 0.00000000000000000 -0.03426640049447151 0.02631564489254153 -0.00111344740758509 -0.04319096669245093 1.00000000000000000 
ZONE I=5
0.90892533023724376 0.53000000614094600 1.00000000000000000 0.68067840827566661 0.98389260860381977 0.37282783854086887 0.00000000614094664 0.67941163639819602 -0.00000000000000000 -0.00000000000000000 -0.00000000000000000 -0.00000000000000000 0.00000000000000000 0.00000000000000000 -0.03607979991426450 0.03083915071152190 0.00126076763927797 -0.04744697717896337 1.00000000000000000 
0.92741354036765500 0.53000019123472208 1.00000000000000000 0.69376837766558330 1.00051070670335251 0.37413153213551520 0.00000019123472272 0.67573352726464242 -0.00000000000000000 -0.00000000000000000 -0.00000000000000000 -0.00000000000000000 0.00000000000000000 0.00000000000000000 -0.03607979991426450 0.03083915071152190 0.00063959788390219 -0.04745941521982999 1.00000000000000000 
0.94593983702506401 0.53000000614094622 1.00000000000000000 0.70685834705549999 1.01735394743050178 0.37509082557159856 0.00000000614094686 0.67448652186467162 -0.00000000000000000 -0.00000000000000000 -0.00000000000000000 -0.00000000000000000 0.00000000000000000 0.00000000000000000 -0.03607979991426450 0.03083915071152190 0.00001831853672167 -0.04746372133422046 1.00000000000000000 
0.96451255017640869 0.52999989259938574 1.00000000000000000 0.71994831644541679 1.03442233078526802 0.37570571884911907 0.00000000000000000 0.67567062019828394 -0.00000000000000000 -0.00000000000000000 -0.00000000000000000 -0.00000000000000000 0.00000000000000000 0.00000000000000000 -0.03607979991426450 0.03083915071152190 -0.00060296394924582 -0.04745989478430428 1.00000000000000000 
0.98314004538162147 0.53000000614094522 1.00000000000000000 0.73303828583533337 1.05171585676765122 0.37597621196807662 0.00000000614094586 0.67928582226547907 -0.00000000000000000 -0.00000000000000000 -0.00000000000000000 -0.00000000000000000 0.00000000000000000 0.00000000000000000 -0.03607979991426450 0.03083915071152190 -0.00122414312044467 -0.04744793622574105 1.00000000000000000 
ZONE I=5
0.98314004538162147 0.53000000614094522 1.00000000000000000 0.73303828583533337 1.05171585676765122 0.37597621196807662 0.00000000614094586 0.67928582226547907 -0.00000000000000000 -0.00000000000000000 -0.00000000000000000 -0.00000000000000000 0.00000000000000000 0.00000000000000000 -0.03767692303579995 0.03578053519743863 0.00137933722822613 -0.05194126160646820 1.00000000000000000 
1.00190411566688975 0.53000017485195206 1.00000000000000000 0.74612825522524995 1.06928431906497057 0.37595623061084438 0.00000017485195269 0.67520088410146661 -0.00000000000000000 -0.00000000000000000 -0.00000000000000000 -0.00000000000000000 0.00000000000000000 0.00000000000000000 -0.03767692303579995 0.03578053519743863 0.00069932894916758 -0.05195486663905119 1.00000000000000000 
1.02071126483584784 0.53000000614094556 1.00000000000000000 0.75921822461516664 1.08705969070202313 0.37556986237319478 0.00000000614094620 0.67380970508487170 -0.00000000000000000 -0.00000000000000000 -0.00000000000000000 -0.00000000000000000 0.00000000000000000 0.00000000000000000 -0.03767692303579995 0.03578053519743863 0.00001920084369374 -0.05195956947270002 1.00000000000000000 
1.03956996791649248 0.52999991025376147 1.00000000000000000 0.77230819400508333 1.10504197167880913 0.37481710725512801 0.00000000000000000 0.67511228521569433 -0.00000000000000000 -0.00000000000000000 -0.00000000000000000 -0.00000000000000000 0.00000000000000000 0.00000000000000000 -0.03767692303579995 0.03578053519743863 -0.00066093055174582 -0.05195536930160834 1.00000000000000000 
1.05848873683423239 0.53000000614094600 1.00000000000000000 0.78539816339500002 1.12323116199532835 0.37369796525664389 0.00000000614094664 0.67910862449393450 -0.00000000000000000 -0.00000000000000000 -0.00000000000000000 -0.00000000000000000 0.00000000000000000 0.00000000000000000 -0.03767692303579995 0.03578053519743863 -0.00134094870013782 -0.05194226684545387 1.00000000000000000 
ZONE I=5
1.05848873683423239 0.53000000614094600 1.00000000000000000 0.78539816339500002 1.12323116199532835 0.37369796525664389 0.00000000614094664 0.67910862449393450 -0.00000000000000000 -0.00000000000000000 -0.00000000000000000 -0.00000000000000000 0.00000000000000000 0.00000000000000000 -0.03903876777581933 0.04116759013154660 0.00150530472381514 -0.05671445957057003 1.00000000000000000 
1.07756556811143089 0.53000014810553886 1.00000000000000000 0.79848813278491670 1.14169135766750540 0.37227483718152637 0.00000014810553950 0.67467297687298600 -0.00000000000000000 -0.00000000000000000 -0.00000000000000000 -0.00000000000000000 0.00000000000000000 0.00000000000000000 -0.03903876777581933 0.04116759013154660 0.00076280642188377 -0.05672930453527609 1.00000000000000000 
1.09669105230513408 0.53000000614094667 1.00000000000000000 0.81157810217483328 1.16033951160454163 0.37046388288857490 0.00000000614094731 0.67313552938685761 -0.00000000000000000 -0.00000000000000000 -0.00000000000000000 -0.00000000000000000 0.00000000000000000 0.00000000000000000 -0.03903876777581933 0.04116759013154660 0.00002017741699896 -0.05673442922569333 1.00000000000000000 
1.11587382918537936 0.52999993844130222 1.00000000000000000 0.82466807156474997 1.17917562380643770 0.36826510237778942 0.00000000000000000 0.67449628203554912 -0.00000000000000000 -0.00000000000000000 -0.00000000000000000 -0.00000000000000000 0.00000000000000000 0.00000000000000000 -0.03903876777581933 0.04116759013154660 -0.00072245504518238 -0.05672983276373246 1.00000000000000000 
1.13512257621245904 0.53000000614094622 1.00000000000000000 0.83775804095466666 1.19819969427319295 0.36567849564916993 0.00000000614094686 0.67875523481906053 -0.00000000000000000 -0.00000000000000000 -0.00000000000000000 -0.00000000000000000 0.00000000000000000 0.00000000000000000 -0.03903876777581933 0.04116759013154660 -0.00146496371841093 -0.05671551593697357 1.00000000000000000 
ZONE I=5
1.13512257621245904 0.53000000614094622 1.00000000000000000 0.83775804095466666 1.19819969427319295 0.36567849564916993 0.00000000614094686 0.67875523481906053 -0.00000000000000000 -0.00000000000000000 -0.00000000000000000 -0.00000000000000000 0.00000000000000000 0.00000000000000000 -0.04014588351377783 0.04703739201062474 0.00163995304028787 -0.06181843385502947 1.00000000000000000 
1.15455319992151684 0.53000009825573602 1.00000000000000000 0.85084801034458335 1.21749240233981326 0.36277464884544292 0.00000009825573666 0.67428584783848833 -0.00000000000000000 -0.00000000000000000 -0.00000000000000000 -0.00000000000000000 0.00000000000000000 0.00000000000000000 -0.04014588351377783 0.04703739201062474 0.00083063424351867 -0.06183460404188335 1.00000000000000000 
1.17403928811121938 0.53000000614094656 1.00000000000000000 0.86393797973450004 1.23695394813083981 0.35946235789249209 0.00000000614094720 0.67263873566843613 -0.00000000000000000 -0.00000000000000000 -0.00000000000000000 -0.00000000000000000 0.00000000000000000 0.00000000000000000 -0.04014588351377783 0.04703739201062474 0.00002117312184795 -0.06184017918766013 1.00000000000000000 
1.19358966793626919 0.52999998992470221 1.00000000000000000 0.87702794912441673 1.25658433164627237 0.35574162279031762 0.00000000000000000 0.67381389830890415 -0.00000000000000000 -0.00000000000000000 -0.00000000000000000 -0.00000000000000000 0.00000000000000000 0.00000000000000000 -0.04014588351377783 0.04703739201062474 -0.00078829162772818 -0.06183515833708730 1.00000000000000000 
1.21321320385997233 0.53000000614094644 1.00000000000000000 0.89011791851433331 1.27638355288611116 0.35161244353891935 0.00000000614094708 0.67781133575989228 -0.00000000000000000 -0.00000000000000000 -0.00000000000000000 -0.00000000000000000 0.00000000000000000 0.00000000000000000 -0.04014588351377783 0.04703739201062474 -0.00159762130759203 -0.06181954235046172 1.00000000000000000 
ZONE I=5
1.21321320385997233 0.53000000614094644 1.00000000000000000 0.89011791851433331 1.27638355288611116 0.35161244353891935 0.00000000614094708 0.67781133575989228 -0.00000000000000000 -0.00000000000000000 -0.00000000000000000 -0.00000000000000000 0.00000000000000000 0.00000000000000000 -0.04098143791174766 0.05344401707048367 0.00178485075444350 -0.06732425656276451 1.00000000000000000 
1.23304338768384913 0.52999998589423214 1.00000000000000000 0.90320788790425000 1.29644963325911600 0.34715173826592471 0.00000000000000000 0.67443284551084015 -0.00000000000000000 -0.00000000000000000 -0.00000000000000000 -0.00000000000000000 0.00000000000000000 0.00000000000000000 -0.04098143791174766 0.05344401707048367 0.00090345055140405 -0.06734185170490745 1.00000000000000000 
1.25293909926176017 0.53000000614094578 1.00000000000000000 0.91629785729416668 1.31666698069282417 0.34226372130495497 0.00000000614094642 0.67283357526154541 -0.00000000000000000 -0.00000000000000000 -0.00000000000000000 -0.00000000000000000 0.00000000000000000 0.00000000000000000 -0.04098143791174766 0.05344401707048367 0.00002189554676360 -0.06734790816743762 1.00000000000000000 
1.27290938079473137 0.53000010414709098 1.00000000000000000 0.92938782668408337 1.33703559518723525 0.33694839265601018 0.00000010414709162 0.67301352501200840 -0.00000000000000000 -0.00000000000000000 -0.00000000000000000 -0.00000000000000000 0.00000000000000000 0.00000000000000000 -0.04098143791174766 0.05344401707048367 -0.00085966320956606 -0.06734242491261135 1.00000000000000000 
1.29296330817738236 0.53000000614094589 1.00000000000000000 0.94247779607399995 1.35755547674234989 0.33120575231909016 0.00000000614094653 0.67497269476222899 -0.00000000000000000 -0.00000000000000000 -0.00000000000000000 -0.00000000000000000 0.00000000000000000 0.00000000000000000 -0.04098143791174766 0.05344401707048367 -0.00174107466703033 -0.06732540287995611 1.00000000000000000 
ZONE I=5
1.29296330817738236 0.53000000614094589 1.00000000000000000 0.94247779607399995 1.35755547674234989 0.33120575231909016 0.00000000614094653 0.67497269476222899 -0.00000000000000000 -0.00000000000000000 -0.00000000000000000 -0.00000000000000000 0.00000000000000000 0.00000000000000000 -0.04154252547222697 0.06048251729917615 0.00194212259390987 -0.07334946817316397 1.00000000000000000 
1.31324448295805318 0.52999968911253559 1.00000000000000000 0.95556776546391675 1.37833678816192018 0.32511296633421238 0.00000000000000000 0.67623802626954299 -0.00000000000000000 -0.00000000000000000 -0.00000000000000000 -0.00000000000000000 0.00000000000000000 0.00000000000000000 -0.04154252547222697 0.06048251729917615 0.00098184133379874 -0.07336860574558449 1.00000000000000000 
1.33361071510123463 0.53000000614094633 1.00000000000000000 0.96865773485383333 1.39925882478933095 0.31857854163676785 0.00000000614094697 0.67522533651913497 -0.00000000000000000 -0.00000000000000000 -0.00000000000000000 -0.00000000000000000 0.00000000000000000 0.00000000000000000 -0.04154252547222697 0.06048251729917615 0.00002139184022962 -0.07337517198511320 1.00000000000000000 
1.35407130041197976 0.53000040308422025 1.00000000000000000 0.98174770424375013 1.42032158662458174 0.31160247822675657 0.00000040308422089 0.67193462551100469 -0.00000000000000000 -0.00000000000000000 -0.00000000000000000 -0.00000000000000000 0.00000000000000000 0.00000000000000000 -0.04154252547222697 0.06048251729917615 -0.00093906131872123 -0.07336916576665875 1.00000000000000000 
1.37463555516243430 0.53000000614094667 1.00000000000000000 0.99483767363366671 1.44152507366767235 0.30418477610417849 0.00000000614094731 0.66636589324515227 -0.00000000000000000 -0.00000000000000000 -0.00000000000000000 -0.00000000000000000 0.00000000000000000 0.00000000000000000 -0.04154252547222697 0.06048251729917615 -0.00189935357434939 -0.07335058811935577 1.00000000000000000 
ZONE I=5
1.37463555516243430 0.53000000614094667 1.00000000000000000 0.99483767363366671 1.44152507366767235 0.30418477610417849 0.00000000614094731 0.66636589324515227 -0.00000000000000000 -0.00000000000000000 -0.00000000000000000 -0.00000000000000000 0.00000000000000000 0.00000000000000000 -0.04188363713056031 0.06838114864500167 0.00211646907157435 -0.08016072048056537 1.00000000000000000 
1.39542622429061880 0.52999882998809777 1.00000000000000000 1.00792764302358329 1.46296585011691316 0.29638493318389642 0.00000000000000000 0.68267697598352772 -0.00000000000000000 -0.00000000000000000 -0.00000000000000000 -0.00000000000000000 0.00000000000000000 0.00000000000000000 -0.04188363713056031 0.06838114864500167 0.00106701633673954 -0.08018155664135859 1.00000000000000000 
1.41635019449756028 0.53000000614094600 1.00000000000000000 1.02101761241349998 1.48456130512652162 0.28814165142116921 0.00000000614094664 0.68406520967094187 -0.00000000000000000 -0.00000000000000000 -0.00000000000000000 -0.00000000000000000 0.00000000000000000 0.00000000000000000 -0.04188363713056031 0.06838114864500167 0.00001738077414844 -0.08018865410519715 1.00000000000000000 
1.43741708212839958 0.53000126481996801 1.00000000000000000 1.03410758180341666 1.50631143869649842 0.27945493081599693 0.00000126481996865 0.67053059430739470 -0.00000000000000000 -0.00000000000000000 -0.00000000000000000 -0.00000000000000000 0.00000000000000000 0.00000000000000000 -0.04188363713056031 0.06838114864500167 -0.00103225776654883 -0.08018201165596722 1.00000000000000000 
1.45863648137471724 0.53000000614094600 1.00000000000000000 1.04719755119333335 1.52821625082684287 0.27032477136837957 0.00000000614094664 0.64207312989288623 -0.00000000000000000 -0.00000000000000000 -0.00000000000000000 -0.00000000000000000 0.00000000000000000 0.00000000000000000 -0.04188363713056031 0.06838114864500167 -0.00208171943519189 -0.08016163043181825 1.00000000000000000 
ZONE I=5
1.45863648137471724 0.53000000614094600 1.00000000000000000 1.04719755119333335 1.52821625082684287 0.27032477136837957 0.00000000614094664 0.64207312989288623 -0.00000000000000000 -0.00000000000000000 -0.00000000000000000 -0.00000000000000000 0.00000000000000000 0.00000000000000000 -0.04223356465327066 0.07780579249542598 0.00232755636589697 -0.08849857518924725 1.00000000000000000 
1.48000154083591817 0.52999631484536125 1.00000000000000000 1.06028752058325004 1.55026289218861546 0.26074052183990182 0.00000000000000000 0.69863695942855120 -0.00000000000000000 -0.00000000000000000 -0.00000000000000000 -0.00000000000000000 0.00000000000000000 0.00000000000000000 -0.04223356465327066 0.07780579249542598 0.00116894640063261 -0.08852146007311293 1.00000000000000000 
1.50163254443964012 0.53000000614094600 1.00000000000000000 1.07337748997316673 1.57255452285064456 0.25074404816795159 0.00000000614094664 0.70842127747978278 -0.00000000000000000 -0.00000000000000000 -0.00000000000000000 -0.00000000000000000 0.00000000000000000 0.00000000000000000 -0.04223356465327066 0.07780579249542598 0.00001013614242026 -0.08852917726050488 1.00000000000000000 
1.52353957088600400 0.53000378343349941 1.00000000000000000 1.08646745936308342 1.59509114281293041 0.24033535035252879 0.00000378343350005 0.67142608404658133 -0.00000000000000000 -0.00000000000000000 -0.00000000000000000 -0.00000000000000000 0.00000000000000000 0.00000000000000000 -0.04223356465327066 0.07780579249542598 -0.00114867585256791 -0.08852172542912280 1.00000000000000000 
1.54573254744788136 0.53000000614094667 1.00000000000000000 1.09955742875299989 1.61787275207547276 0.22951442839363345 0.00000000614094731 0.58765137912894649 -0.00000000000000000 -0.00000000000000000 -0.00000000000000000 -0.00000000000000000 0.00000000000000000 0.00000000000000000 -0.04223356465327066 0.07780579249542598 -0.00230729102786213 -0.08849910585579961 1.00000000000000000 
ZONE I=5
1.54573254744788136 0.53000000614094667 1.00000000000000000 1.09955742875299989 1.61787275207547276 0.22951442839363345 0.00000000614094731 0.58765137912894649 -0.00000000000000000 -0.00000000000000000 -0.00000000000000000 -0.00000000000000000 0.00000000000000000 0.00000000000000000 -0.03633528715145076 0.07588507344956213 0.00207612450822683 -0.08410997070413331 1.00000000000000000 
1.56768767741747017 0.52999359381721867 1.00000000000000000 1.11264739814291658 1.64042651754554192 0.21803372204151988 0.00000000000000000 0.67511586936344703 -0.00000000000000000 -0.00000000000000000 -0.00000000000000000 -0.00000000000000000 0.00000000000000000 0.00000000000000000 -0.03633528715145076 0.07588507344956213 0.00097498114157224 -0.08412994042906130 1.00000000000000000 
1.59005199506640826 0.53000000614094667 1.00000000000000000 1.12573736753283327 1.66332841604949588 0.20616482213594026 0.00000000614094731 0.65823881283491359 -0.00000000000000000 -0.00000000000000000 -0.00000000000000000 -0.00000000000000000 0.00000000000000000 0.00000000000000000 -0.03633528715145076 0.07588507344956213 -0.00012632928308173 -0.08413549492179896 1.00000000000000000 
1.61283606308940652 0.53000651005907473 1.00000000000000000 1.13882733692274973 1.68657844758733466 0.19390772867689460 0.00000651005907537 0.53702020954334639 -0.00000000000000000 -0.00000000000000000 -0.00000000000000000 -0.00000000000000000 0.00000000000000000 0.00000000000000000 -0.03633528715145076 0.07588507344956213 -0.00122761806186338 -0.08412663323061259 1.00000000000000000 
1.63605015284091082 0.53000001407849107 1.00000000000000000 1.15191730631266664 1.71017661215905847 0.18126244166438285 0.00000001407849171 0.31146005948874522 -0.00000000000000000 -0.00000000000000000 -0.00000000000000000 -0.00000000000000000 0.00000000000000000 0.00000000000000000 -0.03633528715145076 0.07588507344956213 -0.00232869649460997 -0.08410335687390733 1.00000000000000000 
ZONE I=5
1.63605015284091082 0.53000001407849107 1.00000000000000000 1.15191730631266664 1.71017661215905847 0.18126244166438285 0.00000001407849171 0.31146005948874522 -0.00000000000000000 -0.00000000000000000 -0.00000000000000000 -0.00000000000000000 0.00000000000000000 0.00000000000000000 -0.00301263891566411 0.00672078022695875 -0.00001859500853242 -0.00736508888750918 1.00000000000000000 
1.65786460873757946 0.52936624827685119 1.00000000000000000 1.16500727570258333 1.73219550440889591 0.16805481315608700 0.00000000000000000 0.11679744958356778 -0.00000000000000000 -0.00000000000000000 -0.00000000000000000 -0.00000000000000000 0.00000000000000000 0.00000000000000000 -0.00301263891566411 0.00672078022695875 -0.00011499945033712 -0.00736421450133520 1.00000000000000000 
1.67992135684080024 0.52760621021584608 1.00000000000000000 1.17809724509250002 1.75395111327577125 0.15543349210142998 0.00000000000000000 -0.00000009696628224 0.00000000000000000 0.00000000000000000 -0.00000000000000000 -0.00000000000000000 0.00000000000000000 0.00000000000000000 -0.00301263891566411 0.00672078022695875 -0.00021138418757803 -0.00736207829491751 1.00000000000000000 
1.70218619923774783 0.52471389441827987 1.00000000000000000 1.19118721448241649 1.77544343875968469 0.14339847850041176 0.00000000000000000 -0.03893258016080483 0.00000000000000000 0.00000000000000000 -0.00000000000000000 -0.00000000000000000 0.00000000000000000 0.00000000000000000 -0.00301263891566411 0.00672078022695875 -0.00030773270522661 -0.00735868063428408 1.00000000000000000 
1.72462483031682945 0.52068410822741573 1.00000000000000000 1.20427718387233340 1.79667248086063647 0.13194977235303232 0.00000000000000000 0.00000000000000000 -0.00000000000000000 -0.00000000000000000 -0.00000000000000000 -0.00000000000000000 0.00000000000000000 0.00000000000000000 -0.00301263891566411 0.00672078022695875 -0.00040402849446036 -0.00735402210160655 1.00000000000000000 
ZONE I=5
1.72462483031682945 0.52068410822741573 1.00000000000000000 1.20427718387233340 1.79667248086063647 0.13194977235303232 0.00000000000000000 0.00000000000000000 -0.00000000000000000 -0.00000000000000000 -0.00000000000000000 -0.00000000000000000 0.00000000000000000 0.00000000000000000 0.00000000000000000 0.00000000000000000 0.00000000000000000 0.00000000000000000 1.00000000000000000 
1.74680948918953227 0.51484103295650907 1.00000000000000000 1.21736715326224987 1.81703679145398134 0.12158116318303636 0.00000000000000000 0.00000000000000000 -0.00000000000000000 -0.00000000000000000 -0.00000000000000000 -0.00000000000000000 0.00000000000000000 0.00000000000000000 0.00000000000000000 0.00000000000000000 0.00000000000000000 0.00000000000000000 1.00000000000000000 
1.76894017857363961 0.50802250940245997 1.00000000000000000 1.23045712265216656 1.83705780586678591 0.11160126941761409 0.00000000000000000 0.00000000000000000 -0.00000000000000000 -0.00000000000000000 -0.00000000000000000 -0.00000000000000000 0.00000000000000000 0.00000000000000000 0.00000000000000000 0.00000000000000000 0.00000000000000000 0.00000000000000000 1.00000000000000000 
1.79098887939614992 0.50023164534853615 1.00000000000000000 1.24354709204208325 1.85673552409904907 0.10201009105676559 0.00000000000000000 0.00000000000000000 -0.00000000000000000 -0.00000000000000000 -0.00000000000000000 -0.00000000000000000 0.00000000000000000 0.00000000000000000 0.00000000000000000 0.00000000000000000 0.00000000000000000 0.00000000000000000 1.00000000000000000 
1.81292768160094497 0.49147219653691365 1.00000000000000000 1.25663706143199994 1.87606994615077105 0.09280762810049081 0.00000000000000000 0.00000000000000000 -0.00000000000000000 -0.00000000000000000 -0.00000000000000000 -0.00000000000000000 0.00000000000000000 0.00000000000000000 0.00000000000000000 0.00000000000000000 0.00000000000000000 0.00000000000000000 1.00000000000000000 
ZONE I=5
1.81292768160094497 0.49147219653691365 1.00000000000000000 1.25663706143199994 1.87606994615077105 0.09280762810049081 0.00000000000000000 0.00000000000000000 -0.00000000000000000 -0.00000000000000000 -0.00000000000000000 -0.00000000000000000 0.00000000000000000 0.00000000000000000 0.00000000000000000 0.00000000000000000 0.00000000000000000 0.00000000000000000 1.00000000000000000 
1.83454112693026716 0.48114416740934041 1.00000000000000000 1.26972703082191662 1.89470261433890941 0.08451543910969223 0.00000000000000000 0.00000000000000000 -0.00000000000000000 -0.00000000000000000 -0.00000000000000000 -0.00000000000000000 0.00000000000000000 0.00000000000000000 0.00000000000000000 0.00000000000000000 0.00000000000000000 0.00000000000000000 1.00000000000000000 
1.85576424864068601 0.46976464839921006 1.00000000000000000 1.28281700021183331 1.91276375340404603 0.07664590714596888 0.00000000000000000 0.00000000000000000 -0.00000000000000000 -0.00000000000000000 -0.00000000000000000 -0.00000000000000000 0.00000000000000000 0.00000000000000000 0.00000000000000000 0.00000000000000000 0.00000000000000000 0.00000000000000000 1.00000000000000000 
1.87656587366607530 0.45734787040045560 1.00000000000000000 1.29590696960175000 1.93025336334618158 0.06919903220932078 0.00000000000000000 0.00000000000000000 -0.00000000000000000 -0.00000000000000000 -0.00000000000000000 -0.00000000000000000 0.00000000000000000 0.00000000000000000 0.00000000000000000 0.00000000000000000 0.00000000000000000 0.00000000000000000 1.00000000000000000 
1.89691521219653692 0.44390879496065033 1.00000000000000000 1.30899693899166669 1.94717144416531585 0.06217481429974793 0.00000000000000000 0.00000000000000000 -0.00000000000000000 -0.00000000000000000 -0.00000000000000000 -0.00000000000000000 0.00000000000000000 0.00000000000000000 0.00000000000000000 0.00000000000000000 0.00000000000000000 0.00000000000000000 1.00000000000000000 
ZONE I=5
1.89691521219653692 0.44390879496065033 1.00000000000000000 1.30899693899166669 1.94717144416531585 0.06217481429974793 0.00000000000000000 0.00000000000000000 -0.00000000000000000 -0.00000000000000000 -0.00000000000000000 -0.00000000000000000 0.00000000000000000 0.00000000000000000 0.00000000000000000 0.00000000000000000 0.00000000000000000 0.00000000000000000 1.00000000000000000 
1.91677551125473400 0.42916658174624939 1.00000000000000000 1.32208690838158316 1.96343883983166068 0.05585908765912131 0.00000000000000000 0.00000000000000000 -0.00000000000000000 -0.00000000000000000 -0.00000000000000000 -0.00000000000000000 0.00000000000000000 0.00000000000000000 0.00000000000000000 0.00000000000000000 0.00000000000000000 0.00000000000000000 1.00000000000000000 
1.93598071437801722 0.41343164805431359 1.00000000000000000 1.33517687777150007 1.97900311464056777 0.04993722358577544 0.00000000000000000 0.00000000000000000 -0.00000000000000000 -0.00000000000000000 -0.00000000000000000 -0.00000000000000000 0.00000000000000000 0.00000000000000000 0.00000000000000000 0.00000000000000000 0.00000000000000000 0.00000000000000000 1.00000000000000000 
1.95450120391019078 0.39672653615229636 1.00000000000000000 1.34826684716141654 1.99386426859203736 0.04440922207971032 0.00000000000000000 0.00000000000000000 -0.00000000000000000 -0.00000000000000000 -0.00000000000000000 -0.00000000000000000 0.00000000000000000 0.00000000000000000 0.00000000000000000 0.00000000000000000 0.00000000000000000 0.00000000000000000 1.00000000000000000 
1.97230794555543198 0.37907448360877222 1.00000000000000000 1.36135681655133323 2.00802230168606943 0.03927508314092595 0.00000000000000000 0.00000000000000000 -0.00000000000000000 -0.00000000000000000 -0.00000000000000000 -0.00000000000000000 0.00000000000000000 0.00000000000000000 0.00000000000000000 0.00000000000000000 0.00000000000000000 0.00000000000000000 1.00000000000000000 
ZONE I=5
1.97230794555543198 0.37907448360877222 1.00000000000000000 1.36135681655133323 2.00802230168606943 0.03927508314092595 0.00000000000000000 0.00000000000000000 -0.00000000000000000 -0.00000000000000000 -0.00000000000000000 -0.00000000000000000 0.00000000000000000 0.00000000000000000 0.00000000000000000 0.00000000000000000 0.00000000000000000 0.00000000000000000 1.00000000000000000 
1.98943156319025261 0.36032668130254858 1.00000000000000000 1.37444678594124992 2.02150144183275726 0.03471573914241160 0.00000000000000000 0.00000000000000000 -0.00000000000000000 -0.00000000000000000 -0.00000000000000000 -0.00000000000000000 0.00000000000000000 0.00000000000000000 0.00000000000000000 0.00000000000000000 0.00000000000000000 0.00000000000000000 1.00000000000000000 
2.00567257384592512 0.34071601141077357 1.00000000000000000 1.38753675533116660 2.03417796258333272 0.03049410516353923 0.00000000000000000 0.00000000000000000 -0.00000000000000000 -0.00000000000000000 -0.00000000000000000 -0.00000000000000000 0.00000000000000000 0.00000000000000000 0.00000000000000000 0.00000000000000000 0.00000000000000000 0.00000000000000000 1.00000000000000000 
2.02100523263385190 0.32027204269752135 1.00000000000000000 1.40062672472108352 2.04605186393779537 0.02661018120430884 0.00000000000000000 0.00000000000000000 -0.00000000000000000 -0.00000000000000000 -0.00000000000000000 -0.00000000000000000 0.00000000000000000 0.00000000000000000 0.00000000000000000 0.00000000000000000 0.00000000000000000 0.00000000000000000 1.00000000000000000 
2.03540454574945739 0.29902494730387796 1.00000000000000000 1.41371669411099998 2.05712314589614564 0.02306396726472046 0.00000000000000000 0.00000000000000000 -0.00000000000000000 -0.00000000000000000 -0.00000000000000000 -0.00000000000000000 0.00000000000000000 0.00000000000000000 0.00000000000000000 0.00000000000000000 0.00000000000000000 0.00000000000000000 1.00000000000000000 
ZONE I=5
2.03540454574945739 0.29902494730387796 1.00000000000000000 1.41371669411099998 2.05712314589614564 0.02306396726472046 0.00000000000000000 0.00000000000000000 -0.00000000000000000 -0.00000000000000000 -0.00000000000000000 -0.00000000000000000 0.00000000000000000 0.00000000000000000 0.00000000000000000 0.00000000000000000 0.00000000000000000 0.00000000000000000 1.00000000000000000 
2.04893576237320607 0.27691096585251901 1.00000000000000000 1.42680666350091667 2.06746679928526067 0.01996184346210309 0.00000000000000000 0.00000000000000000 -0.00000000000000000 -0.00000000000000000 -0.00000000000000000 -0.00000000000000000 0.00000000000000000 0.00000000000000000 0.00000000000000000 0.00000000000000000 0.00000000000000000 0.00000000000000000 1.00000000000000000 
2.06139529066299909 0.25412006378165497 1.00000000000000000 1.43989663289083336 2.07692909248006208 0.01712004655160339 0.00000000000000000 0.00000000000000000 -0.00000000000000000 -0.00000000000000000 -0.00000000000000000 -0.00000000000000000 0.00000000000000000 0.00000000000000000 0.00000000000000000 0.00000000000000000 0.00000000000000000 0.00000000000000000 1.00000000000000000 
2.07276304941540923 0.23068761901243293 1.00000000000000000 1.45298660228075027 2.08551002548054898 0.01453857653322136 0.00000000000000000 0.00000000000000000 -0.00000000000000000 -0.00000000000000000 -0.00000000000000000 -0.00000000000000000 0.00000000000000000 0.00000000000000000 0.00000000000000000 0.00000000000000000 0.00000000000000000 0.00000000000000000 1.00000000000000000 
2.08301984662933259 0.20664947758711039 1.00000000000000000 1.46607657167066674 2.09320959828672182 0.01221743340695700 0.00000000000000000 0.00000000000000000 -0.00000000000000000 -0.00000000000000000 -0.00000000000000000 -0.00000000000000000 0.00000000000000000 0.00000000000000000 0.00000000000000000 0.00000000000000000 0.00000000000000000 0.00000000000000000 1.00000000000000000 
ZONE I=5
2.08301984662933259 0.20664947758711039 1.00000000000000000 1.46607657167066674 2.09320959828672182 0.01221743340695700 0.00000000000000000 0.00000000000000000 -0.00000000000000000 -0.00000000000000000 -0.00000000000000000 -0.00000000000000000 0.00000000000000000 0.00000000000000000 0.00000000000000000 0.00000000000000000 0.00000000000000000 0.00000000000000000 1.00000000000000000 
2.09225998180931683 0.18200870808777628 1.00000000000000000 1.47916654106058321 2.10013689105380896 0.01020000663459147 0.00000000000000000 0.00000000000000000 -0.00000000000000000 -0.00000000000000000 -0.00000000000000000 -0.00000000000000000 0.00000000000000000 0.00000000000000000 0.00000000000000000 0.00000000000000000 0.00000000000000000 0.00000000000000000 1.00000000000000000 
2.10028843927164388 0.15692311169286244 1.00000000000000000 1.49225651045049990 2.10612599639138276 0.00834736161274317 0.00000000000000000 0.00000000000000000 -0.00000000000000000 -0.00000000000000000 -0.00000000000000000 -0.00000000000000000 0.00000000000000000 0.00000000000000000 0.00000000000000000 0.00000000000000000 0.00000000000000000 0.00000000000000000 1.00000000000000000 
2.10709227449905478 0.13143233671923832 1.00000000000000000 1.50534647984041658 2.11117691429944365 0.00665949834141210 0.00000000000000000 0.00000000000000000 -0.00000000000000000 -0.00000000000000000 -0.00000000000000000 -0.00000000000000000 0.00000000000000000 0.00000000000000000 0.00000000000000000 0.00000000000000000 0.00000000000000000 0.00000000000000000 1.00000000000000000 
2.11265953312128119 0.10557632876039372 1.00000000000000000 1.51843644923033327 2.11528964477799075 0.00513641682059825 0.00000000000000000 0.00000000000000000 -0.00000000000000000 -0.00000000000000000 -0.00000000000000000 -0.00000000000000000 0.00000000000000000 0.00000000000000000 0.00000000000000000 0.00000000000000000 0.00000000000000000 0.00000000000000000 1.00000000000000000 
ZONE I=5
2.11265953312128119 0.10557632876039372 1.00000000000000000 1.51843644923033327 2.11528964477799075 0.00513641682059825 0.00000000000000000 0.00000000000000000 -0.00000000000000000 -0.00000000000000000 -0.00000000000000000 -0.00000000000000000 0.00000000000000000 0.00000000000000000 0.00000000000000000 0.00000000000000000 0.00000000000000000 0.00000000000000000 1.00000000000000000 
2.11711519892840139 0.07941116907093967 1.00000000000000000 1.53152641862024996 2.11860064770273215 0.00376760672326348 0.00000000000000000 0.00000000000000000 -0.00000000000000000 -0.00000000000000000 -0.00000000000000000 -0.00000000000000000 0.00000000000000000 0.00000000000000000 0.00000000000000000 0.00000000000000000 0.00000000000000000 0.00000000000000000 1.00000000000000000 
2.12028076946371691 0.05306539707616290 1.00000000000000000 1.54461638801016665 2.12094329235540302 0.00245526722071885 0.00000000000000000 0.00000000000000000 -0.00000000000000000 -0.00000000000000000 -0.00000000000000000 -0.00000000000000000 0.00000000000000000 0.00000000000000000 0.00000000000000000 0.00000000000000000 0.00000000000000000 0.00000000000000000 1.00000000000000000 
2.12215145427902163 0.02658098323231284 1.00000000000000000 1.55770635740008334 2.12231757873600291 0.00119939831296436 0.00000000000000000 0.00000000000000000 -0.00000000000000000 -0.00000000000000000 -0.00000000000000000 -0.00000000000000000 0.00000000000000000 0.00000000000000000 0.00000000000000000 0.00000000000000000 0.00000000000000000 0.00000000000000000 1.00000000000000000 
2.12272350684453270 0.00000000001039410 1.00000000000000000 1.57079632679000003 2.12272350684453270 0.00000000000000000 0.00000000000000000 0.00000000000000000 -0.00000000000000000 -0.00000000000000000 -0.00000000000000000 -0.00000000000000000 0.00000000000000000 0.00000000000000000 0.00000000000000000 0.00000000000000000 0.00000000000000000 0.00000000000000000 1.00000000000000000 
