ZONE I=2, J=2
0.00000000000000000 0.70758567836176200 14.52837551792674375 0.70758567836176200 0.00000000000000000 0.84999999999999998 0.00000000000000000 
0.00000000000000000 0.81000000028651153 -0.55665676411494691 0.81000000028651153 0.00000000000000000 1.00000000000000000 0.00000000000000000 
0.05874449437563103 0.70764056565294520 14.54912774546239618 0.70974521813861746 0.02162894140810039 0.84999999999999998 0.05235987755966667 
0.05864345072600892 0.81000000073891243 -0.53590453657929582 0.81195908496023361 0.01617095731959340 1.00000000000000000 0.05235987755966667 

ZONE I=2, J=2
0.05874449437563103 0.70764056565294520 14.57554672421747632 0.70974521813861746 0.02162894140810039 0.84999999999999998 0.05235987755966667 
0.05864345072600892 0.81000000073891243 -0.55431039049980935 0.81195908496023361 0.01617095731959340 1.00000000000000000 0.05235987755966667 
0.11748753965026701 0.70777894604823333 14.63052407762403639 0.71618245089837373 0.04286088505175126 0.84999999999999998 0.10471975511933333 
0.11728784909189133 0.81000000064685040 -0.49933303709324778 0.81782265451714165 0.03197727866838918 1.00000000000000000 0.10471975511933333 

ZONE I=2, J=2
0.11748753965026701 0.70777894604823333 14.68465286818892324 0.71618245089837373 0.04286088505175126 0.84999999999999998 0.10471975511933333 
0.11728784909189133 0.81000000064685040 -0.53616958557063454 0.81782265451714165 0.03197727866838918 1.00000000000000000 0.10471975511933333 
0.17622447748040909 0.70801114143136978 14.77749027916297209 0.72686193126482990 0.06329751758288685 0.84999999999999998 0.15707963267899999 
0.17593730138801830 0.81000000114510939 -0.44333217459658431 0.82755021463630618 0.04705930439540206 1.00000000000000000 0.15707963267899999 

ZONE I=2, J=2
0.17622447748040909 0.70801114143136978 14.85656272555779189 0.72686193126482990 0.06329751758288685 0.84999999999999998 0.15707963267899999 
0.17593730138801830 0.81000000114510939 -0.49807084117996198 0.82755021463630618 0.04705930439540206 1.00000000000000000 0.15707963267899999 
0.23494969824934156 0.70833942584863530 14.98795265578560354 0.74170929891909310 0.08254343593513870 0.84999999999999998 0.20943951023866667 
0.23459987923285858 0.81000000113525528 -0.36668091095214933 0.84107561526173569 0.06106483920619241 1.00000000000000000 0.20943951023866667 

ZONE I=2, J=2
0.23494969824934156 0.70833942584863530 15.08801556532348620 0.74170929891909310 0.08254343593513870 0.84999999999999998 0.20943951023866667 
0.23459987923285858 0.81000000113525528 -0.43681090611119799 0.84107561526173569 0.06106483920619241 1.00000000000000000 0.20943951023866667 
0.29365202011566860 0.70876884054750766 15.25911973300980584 0.76062086339247803 0.10020319566337529 0.84999999999999998 0.26179938779833334 
0.29329447601887570 0.81000000187396548 -0.26570673842487658 0.85831011732124651 0.07365728207719252 1.00000000000000000 0.26179938779833334 

ZONE I=2, J=2
0.29365202011566860 0.70876884054750766 15.36990302341103032 0.76062086339247803 0.10020319566337529 0.84999999999999998 0.26179938779833334 
0.29329447601887570 0.81000000187396548 -0.34474385200148983 0.85831011732124651 0.07365728207719252 1.00000000000000000 0.26179938779833334 
0.35230876075584078 0.70930824297437622 15.58288007435495004 0.78346162088326543 0.11587724133616328 0.84999999999999998 0.31415926535799998 
0.35206079745820829 0.81000000177999687 -0.13176680105757055 0.87914854935965192 0.08452594956180152 1.00000000000000000 0.31415926535799998 

ZONE I=2, J=2
0.35230876075584078 0.70930824297437622 15.68033935761940256 0.78346162088326543 0.11587724133616328 0.84999999999999998 0.31415926535799998 
0.35206079745820829 0.81000000177999687 -0.20439217597242415 0.87914854935965192 0.08452594956180152 1.00000000000000000 0.31415926535799998 
0.41087339385501875 0.70997040702037506 15.93969606444146336 0.81005833106486780 0.12915271927071256 0.84999999999999998 0.36651914291766668 
0.41097641950966290 0.81000000160169994 0.05496453084963765 0.90348092372908939 0.09340150130146514 1.00000000000000000 0.36651914291766668 

ZONE I=2, J=2
0.41087339385501875 0.70997040702037506 15.97155827062272770 0.81005833106486780 0.12915271927071256 0.84999999999999998 0.36651914291766668 
0.41097641950966290 0.81000000160169994 0.02291039986569546 0.90348092372908939 0.09340150130146514 1.00000000000000000 0.36651914291766668 
0.46925106962589491 0.71076604210948380 16.28753891301679957 0.84017869403491130 0.13958758917188102 0.84999999999999998 0.41887902047733333 
0.47018085734804715 0.81000000257654159 0.33889104225976596 0.93121160660041025 0.10007490456265611 1.00000000000000000 0.41887902047733333 

ZONE I=2, J=2
0.46925106962589491 0.71076604210948380 16.14746633950911914 0.84017869403491130 0.13958758917188102 0.84999999999999998 0.41887902047733333 
0.47018085734804715 0.81000000257654159 0.42036554689366079 0.93121160660041025 0.10007490456265611 1.00000000000000000 0.41887902047733333 
0.52725196830628818 0.71167715496830652 16.54414180385898803 0.87347637277239309 0.14669027641606405 0.84999999999999998 0.47123889803699998 
0.52989581800826402 0.81000000384038584 0.81704101124352724 0.96228295524170115 0.10440832445437732 1.00000000000000000 0.47123889803699998 

ZONE I=2, J=2
0.52725196830628818 0.71167715496830652 16.03060461779087831 0.87347637277239309 0.14669027641606405 0.84999999999999998 0.47123889803699998 
0.52989581800826402 0.81000000384038584 1.16148567367979316 0.96228295524170115 0.10440832445437732 1.00000000000000000 0.47123889803699998 
0.58451141054719857 0.71256196502959857 16.56967301148213068 0.90935246875954578 0.14992074782243439 0.84999999999999998 0.52359877559666668 
0.59039303763789031 0.81000000393880911 1.70055406737104819 0.99667709929527570 0.10629536684409746 1.00000000000000000 0.52359877559666668 

ZONE I=2, J=2
0.58451141054719857 0.71256196502959857 15.32248498183859908 0.90935246875954578 0.14992074782243439 0.84999999999999998 0.52359877559666668 
0.59039303763789031 0.81000000393880911 2.61144570025782308 0.99667709929527570 0.10629536684409746 1.00000000000000000 0.52359877559666668 
0.64044480732374143 0.71289678477565421 16.18476767140163730 0.94669679321518485 0.14885079337207188 0.84999999999999998 0.57595865315633332 
0.65171570788950717 0.81000000390165305 3.47372838982086307 1.03427297755688219 0.10541716238933954 1.00000000000000000 0.57595865315633332 

ZONE I=2, J=2
0.64044480732374143 0.71289678477565421 13.74356925735021484 0.94669679321518485 0.14885079337207188 0.84999999999999998 0.57595865315633332 
0.65171570788950717 0.81000000390165305 5.68781418328352828 1.03427297755688219 0.10541716238933954 1.00000000000000000 0.57595865315633332 
0.69526901436090471 0.71155481157057621 15.04545896983548836 0.98432880800684053 0.14424302384328494 0.84999999999999998 0.62831853071599997 
0.71247147291264179 0.80864405376772341 6.98970389576880002 1.07298700635528599 0.10109248043710932 1.00000000000000000 0.62831853071599997 

ZONE I=2, J=2
0.69526901436090471 0.71155481157057621 13.10067285003928816 0.98432880800684053 0.14424302384328494 0.84999999999999998 0.62831853071599997 
0.71247147291264179 0.80864405376772341 8.51368462322886188 1.07298700635528599 0.10109248043710932 1.00000000000000000 0.62831853071599997 
0.74845952226642432 0.70428098739182154 13.81373926876418423 1.01834996431986879 0.13844390865113954 0.84999999999999998 0.68067840827566661 
0.77243511214972516 0.79893534732609484 9.22675104195375795 1.10699854547818011 0.09750852269427467 1.00000000000000000 0.68067840827566661 

ZONE I=2, J=2
0.74845952226642432 0.70428098739182154 13.08446179772491647 1.01834996431986879 0.13844390865113954 0.84999999999999998 0.68067840827566661 
0.77243511214972516 0.79893534732609484 9.74712637557722061 1.10699854547818011 0.09750852269427467 1.00000000000000000 0.68067840827566661 
0.79962062629853403 0.69124793050683642 13.67068388218569552 1.04874795721000003 0.13169878389679987 0.84999999999999998 0.73303828583533337 
0.83162662564631251 0.78231519863689658 10.33334846003799967 1.13784032004200175 0.09454798035322598 1.00000000000000000 0.73303828583533337 

ZONE I=2, J=2
0.79962062629853403 0.69124793050683642 13.43852495372749623 1.04874795721000003 0.13169878389679987 0.84999999999999998 0.73303828583533337 
0.83162662564631251 0.78231519863689658 10.52886748036280373 1.13784032004200175 0.09454798035322598 1.00000000000000000 0.73303828583533337 
0.84881197370382444 0.67245195124570378 14.00806132337751997 1.07569603730596919 0.12470536781298264 0.84999999999999998 0.78539816339500002 
0.88894670127075814 0.75917971156434394 11.09840385001282748 1.16540136276813544 0.09175911839842364 1.00000000000000000 0.78539816339500002 

ZONE I=2, J=2
0.84881197370382444 0.67245195124570378 14.04093484231843547 1.07569603730596919 0.12470536781298264 0.84999999999999998 0.78539816339500002 
0.88894670127075814 0.75917971156434394 11.07605008537612434 1.16540136276813544 0.09175911839842364 1.00000000000000000 0.78539816339500002 
0.89582352620014039 0.64842005768511402 14.58310813077995860 1.09960432441032641 0.11755292867525617 0.84999999999999998 0.83775804095466666 
0.94361099809529825 0.73019613849060561 11.61822337383764747 1.18983621540696416 0.08875751742263338 1.00000000000000000 0.83775804095466666 

ZONE I=2, J=2
0.89582352620014039 0.64842005768511402 14.74922930822818756 1.09960432441032641 0.11755292867525617 0.84999999999999998 0.83775804095466666 
0.94361099809529825 0.73019613849060561 11.48143258310444992 1.18983621540696416 0.08875751742263338 1.00000000000000000 0.83775804095466666 
0.94040501584661473 0.61964325235335627 15.25120414602496410 1.12078609408117669 0.11026280121045666 0.84999999999999998 0.89011791851433331 
0.99512022894716412 0.69603905663368915 11.98340742090122646 1.21138523839686130 0.08532550974680306 1.00000000000000000 0.89011791851433331 

ZONE I=2, J=2
0.94040501584661473 0.61964325235335627 15.48116208728060172 1.12078609408117669 0.11026280121045666 0.84999999999999998 0.89011791851433331 
0.99512022894716412 0.69603905663368915 11.79316400996905756 1.21138523839686130 0.08532550974680306 1.00000000000000000 0.89011791851433331 
0.98232825280349489 0.58661292146348698 15.93657298832476243 1.13952267461281531 0.10281823732757717 0.84999999999999998 0.94247779607399995 
1.04318282960713926 0.65735499545843012 12.24857491101321827 1.23033620924333253 0.08135612002828674 1.00000000000000000 0.94247779607399995 

ZONE I=2, J=2
0.98232825280349489 0.58661292146348698 16.18928901932824260 1.13952267461281531 0.10281823732757717 0.84999999999999998 0.94247779607399995 
1.04318282960713926 0.65735499545843012 12.04088313269963706 1.23033620924333253 0.08135612002828674 1.00000000000000000 0.94247779607399995 
1.02139857128361133 0.54979462625359321 16.59622306037557138 1.15605653457598012 0.09519696077977524 0.84999999999999998 0.99483767363366671 
1.08762747595905362 0.61472351853544704 12.44781717374696584 1.24696357691157722 0.07681385654650269 1.00000000000000000 0.99483767363366671 

ZONE I=2, J=2
1.02139857128361133 0.54979462625359321 16.84817407040506509 1.15605653457598012 0.09519696077977524 0.84999999999999998 0.99483767363366671 
1.08762747595905362 0.61472351853544704 12.24276972416519627 1.24696357691157722 0.07681385654650269 1.00000000000000000 0.99483767363366671 
1.05745652393777689 0.50962345755671978 17.20746519043247957 1.17059594190577676 0.08738140136412982 0.84999999999999998 1.04719755119333335 
1.12835341642160292 0.56865569409438954 12.60206084419261074 1.26151057011503021 0.07170643112250558 1.00000000000000000 1.04719755119333335 

ZONE I=2, J=2
1.05745652393777689 0.50962345755671978 17.44541902992804694 1.17059594190577676 0.08738140136412982 0.84999999999999998 1.04719755119333335 
1.12835341642160292 0.56865569409438954 12.41036771648474080 1.26151057011503021 0.07170643112250558 1.00000000000000000 1.04719755119333335 
1.09037344321219742 0.46650222835092803 17.75931665048465646 1.18331743148218083 0.07936265538160339 0.84999999999999998 1.09955742875299989 
1.16529962364302708 0.51960161175611308 12.72426533704134677 1.27418376268659195 0.06606653243488302 1.00000000000000000 1.09955742875299989 

ZONE I=2, J=2
1.09037344321219742 0.46650222835092803 17.97624983476765337 1.18331743148218083 0.07936265538160339 0.84999999999999998 1.09955742875299989 
1.16529962364302708 0.51960161175611308 12.55116619987200011 1.27418376268659195 0.06606653243488302 1.00000000000000000 1.09955742875299989 
1.12004598884242035 0.42080335638254746 18.24759880195076178 1.19436907002761994 0.07114075081253329 0.84999999999999998 1.15191730631266664 
1.19842709225756394 0.46796113458982652 12.82251516705510497 1.28515456742052114 0.05994044362273491 1.00000000000000000 1.15191730631266664 

ZONE I=2, J=2
1.12004598884242035 0.42080335638254746 18.44016000878874095 1.19436907002761994 0.07114075081253329 0.84999999999999998 1.15191730631266664 
1.19842709225756394 0.46796113458982652 12.67016037422557773 1.28515456742052114 0.05994044362273491 1.00000000000000000 1.15191730631266664 
1.14639107306996491 0.37287230121557485 18.67191748331530832 1.20387374895787014 0.06272353623980971 0.84999999999999998 1.20427718387233340 
1.22770885180758960 0.41409428911620927 12.90191784875214509 1.29456307479371358 0.05338118082259441 1.00000000000000000 1.20427718387233340 

ZONE I=2, J=2
1.14639107306996491 0.37287230121557485 18.83887490692255540 1.20387374895787014 0.06272353623980971 0.84999999999999998 1.20427718387233340 
1.22770885180758960 0.41409428911620927 12.77077964639781804 1.29456307479371358 0.05338118082259441 1.00000000000000000 1.20427718387233340 
1.16934177475503875 0.32303159959479893 19.03384332831364389 1.21193236865162346 0.05412517287273601 0.84999999999999998 1.25663706143199994 
1.25312460105174917 0.35833021253672798 12.96574806778891009 1.30252244283168461 0.04644451418093663 1.00000000000000000 1.25663706143199994 

ZONE I=2, J=2
1.16934177475503875 0.32303159959479893 19.17512778632434944 1.21193236865162346 0.05412517287273601 0.84999999999999998 1.25663706143199994 
1.25312460105174917 0.35833021253672798 12.85544987706964903 1.30252244283168461 0.04644451418093663 1.00000000000000000 1.25663706143199994 
1.18884426661812692 0.27158488519802332 19.33581515605348855 1.21862672121318072 0.04536468322416042 0.84999999999999998 1.30899693899166669 
1.27465799805854041 0.30097444332759676 13.01613724679878814 1.30912299803281673 0.03918677803204280 1.00000000000000000 1.30899693899166669 

ZONE I=2, J=2
1.18884426661812692 0.27158488519802332 19.45193552604936471 1.21862672121318072 0.04536468322416042 0.84999999999999998 1.30899693899166669 
1.27465799805854041 0.30097444332759676 12.92593454366057770 1.30912299803281673 0.03918677803204280 1.00000000000000000 1.30899693899166669 
1.20485560730595243 0.21882060657436614 19.58048831556152791 1.22402198381547911 0.03646471519960116 0.84999999999999998 1.36135681655133323 
1.29229543856013018 0.24231471914528555 13.05448733317274090 1.31443574563422483 0.03166376851824574 1.00000000000000000 1.36135681655133323 

ZONE I=2, J=2
1.20485560730595243 0.21882060657436614 19.67217773926633839 1.22402198381547911 0.03646471519960116 0.84999999999999998 1.36135681655133323 
1.29229543856013018 0.24231471914528555 12.98354272517538099 1.31443574563422483 0.03166376851824574 1.00000000000000000 1.36135681655133323 
1.21734220504470847 0.16501533990181505 19.77035341404810964 1.22816878885788539 0.02745054938211022 0.84999999999999998 1.41371669411099998 
1.30602562992478610 0.18262555521634577 13.08171839995715224 1.31851521822797024 0.02393028917002686 1.00000000000000000 1.41371669411099998 

ZONE I=2, J=2
1.21734220504470847 0.16501533990181505 19.83835807045521094 1.22816878885788539 0.02745054938211022 0.84999999999999998 1.41371669411099998 
1.30602562992478610 0.18262555521634577 13.02925621548978796 1.31851521822797024 0.02393028917002686 1.00000000000000000 1.41371669411099998 
1.22627877860043255 0.11043669769853290 19.90751791347898703 1.23110487344229158 0.01834932235710658 0.84999999999999998 1.46607657167066674 
1.31583955775321249 0.12217188223575362 13.09841605851356050 1.32140169008182218 0.01604007500295982 1.00000000000000000 1.46607657167066674 

ZONE I=2, J=2
1.22627877860043255 0.11043669769853290 19.95247317671496745 1.23110487344229158 0.01834932235710658 0.84999999999999998 1.46607657167066674 
1.31583955775321249 0.12217188223575362 13.06380723159806578 1.32140169008182218 0.01604007500295982 1.00000000000000000 1.46607657167066674 
1.23164767768020700 0.05534588762397853 19.99358423958145892 1.23285632729620853 0.00918942096311778 0.84999999999999998 1.51843644923033327 
1.32173061355347499 0.06121199180204721 13.10491829446455370 1.32312281580824154 0.00804593266747772 1.00000000000000000 1.51843644923033327 

ZONE I=2, J=2
1.23164767768020700 0.05534588762397853 20.01594419981324791 1.23285632729620853 0.00918942096311778 0.84999999999999998 1.51843644923033327 
1.32173061355347499 0.06121199180204721 13.08772542438663145 1.32312281580824154 0.00804593266747772 1.00000000000000000 1.51843644923033327 
1.23343846268700164 0.00000000000603964 20.02958399916735743 1.23343846268700164 0.00000000000000000 0.84999999999999998 1.57079632679000003 
1.32369475287074168 0.00000000000648159 13.10136522374074453 1.32369475287074168 0.00000000000000000 1.00000000000000000 1.57079632679000003 

