ZONE I=2, J=2
0.00000000000000000 0.67974589595636958 15.67305084152372885 0.67974589595636958 0.00000000000000000 0.84999999999999998 0.00000000000000000 
0.00000000000000000 0.78000000017190674 -0.60677499112976474 0.78000000017190674 0.00000000000000000 1.00000000000000000 0.00000000000000000 
0.05937181013937003 0.67979938989250410 15.69506492030740219 0.68197502891230910 0.02371249201373330 0.84999999999999998 0.05235987755966667 
0.05927170350858693 0.78000000065304353 -0.58476091234609118 0.78203307904198338 0.01836842779534501 1.00000000000000000 0.05235987755966667 

ZONE I=2, J=2
0.05937181013937003 0.67979938989250410 15.72463765608033981 0.68197502891230910 0.02371249201373330 0.84999999999999998 0.05235987755966667 
0.05927170350858693 0.78000000065304353 -0.60507438627243115 0.78203307904198338 0.01836842779534501 1.00000000000000000 0.05235987755966667 
0.11874215299233561 0.67993213684541232 15.78329118148926824 0.68861933223466576 0.04701940966352907 0.84999999999999998 0.10471975511933333 
0.11854268590727279 0.78000000065181740 -0.54642086086350250 0.78811816382499533 0.03636109525390094 1.00000000000000000 0.10471975511933333 

ZONE I=2, J=2
0.11874215299233561 0.67993213684541232 15.84409108122789789 0.68861933223466576 0.04701940966352907 0.84999999999999998 0.10471975511933333 
0.11854268590727279 0.78000000065181740 -0.58741506806328014 0.78811816382499533 0.03636109525390094 1.00000000000000000 0.10471975511933333 
0.17810664731111109 0.68015409653699521 15.94327966201069913 0.69964228904979853 0.06951431669533099 0.84999999999999998 0.15707963267899999 
0.17781439667665649 0.78000000119774249 -0.48822648728047763 0.79821320686774155 0.05360632346913503 1.00000000000000000 0.15707963267899999 

ZONE I=2, J=2
0.17810664731111109 0.68015409653699521 16.03347535264725465 0.69964228904979853 0.06951431669533099 0.84999999999999998 0.15707963267899999 
0.17781439667665649 0.78000000119774249 -0.55000138650948815 0.79821320686774155 0.05360632346913503 1.00000000000000000 0.15707963267899999 
0.23746104982252908 0.68046594390461645 16.17408324491698224 0.71496705878326794 0.09079513121099292 0.84999999999999998 0.20943951023866667 
0.23708988206152398 0.78000000090914912 -0.40939349423976279 0.81224888771679948 0.06973778027039594 1.00000000000000000 0.20943951023866667 

ZONE I=2, J=2
0.23746104982252908 0.68046594390461645 16.29208788657442852 0.71496705878326794 0.09079513121099292 0.84999999999999998 0.20943951023866667 
0.23708988206152398 0.78000000090914912 -0.49094904357896046 0.81224888771679948 0.06973778027039594 1.00000000000000000 0.20943951023866667 
0.29679794829606188 0.68086991914125916 16.47547489645553043 0.73448680080817585 0.11046270113820189 0.84999999999999998 0.26179938779833334 
0.29637813691543868 0.78000000241820233 -0.30756203369786045 0.83013045322692658 0.08440044098889417 1.00000000000000000 0.26179938779833334 

ZONE I=2, J=2
0.29679794829606188 0.68086991914125916 16.61631403453267453 0.73448680080817585 0.11046270113820189 0.84999999999999998 0.26179938779833334 
0.29637813691543868 0.78000000241820233 -0.40583286091216297 0.83013045322692658 0.08440044098889417 1.00000000000000000 0.26179938779833334 
0.35610367802725640 0.68137070450533832 16.84458765054301566 0.75806413680214291 0.12811959630385580 0.84999999999999998 0.31415926535799998 
0.35569992159807334 0.78000000155491311 -0.17755924490182204 0.85174140486057581 0.09725747218940343 1.00000000000000000 0.31415926535799998 

ZONE I=2, J=2
0.35610367802725640 0.68137070450533832 16.99553045095798609 0.75806413680214291 0.12811959630385580 0.84999999999999998 0.31415926535799998 
0.35569992159807334 0.78000000155491311 -0.28468049015952934 0.85174140486057581 0.09725747218940343 1.00000000000000000 0.31415926535799998 
0.41535169957212581 0.68197669263427652 17.27219172140623726 0.78552882848631345 0.14336562785674917 0.84999999999999998 0.36651914291766668 
0.41509881610463634 0.78000000147823445 -0.00801921971128064 0.87695084563384496 0.10800112860336578 1.00000000000000000 0.36651914291766668 

ZONE I=2, J=2
0.41535169957212581 0.68197669263427652 17.40384960199790498 0.78552882848631345 0.14336562785674917 0.84999999999999998 0.36651914291766668 
0.41509881610463634 0.78000000147823445 -0.10551718902618623 0.87695084563384496 0.10800112860336578 1.00000000000000000 0.36651914291766668 
0.47448921252756349 0.68269993013101304 17.73545054861622816 0.81666956958304560 0.15578838699646505 0.84999999999999998 0.41887902047733333 
0.47465972539714851 0.78000000275598280 0.22608375759213450 0.90562696279010968 0.11636865334354844 1.00000000000000000 0.41887902047733333 

ZONE I=2, J=2
0.47448921252756349 0.68269993013101304 17.78465650798142050 0.81666956958304560 0.15578838699646505 0.84999999999999998 0.41887902047733333 
0.47465972539714851 0.78000000275598280 0.17918817183559554 0.90562696279010968 0.11636865334354844 1.00000000000000000 0.41887902047733333 
0.53341053832962371 0.68354963399495372 18.18467549458474863 0.85121050035843893 0.16494722978962126 0.84999999999999998 0.47123889803699998 
0.53453482411791287 0.78000000410091197 0.57920715843892168 0.93765882445016879 0.12216142403769789 1.00000000000000000 0.47123889803699998 

ZONE I=2, J=2
0.53341053832962371 0.68354963399495372 18.02397280082394460 0.85121050035843893 0.16494722978962126 0.84999999999999998 0.47123889803699998 
0.53453482411791287 0.78000000410091197 0.67051463484404517 0.93765882445016879 0.12216142403769789 1.00000000000000000 0.47123889803699998 
0.59190587269630945 0.68450362592806702 18.52168178581994695 0.88875046538414326 0.17035370944161907 0.84999999999999998 0.52359877559666668 
0.59496434664654274 0.78000000426817917 1.16822361984004663 0.97298199197128066 0.12525423640941541 1.00000000000000000 0.52359877559666668 

ZONE I=2, J=2
0.59190587269630945 0.68450362592806702 17.91071006037856606 0.88875046538414326 0.17035370944161907 0.84999999999999998 0.52359877559666668 
0.59496434664654274 0.78000000426817917 1.57767888425776803 0.97298199197128066 0.12525423640941541 1.00000000000000000 0.52359877559666668 
0.64957114831258544 0.68539929767554830 18.57980744015890551 0.92860602164120853 0.17148099179195658 0.84999999999999998 0.57595865315633332 
0.65623555781595666 0.78000000420004278 2.24677626403810748 1.01157454747108821 0.12554699838207836 1.00000000000000000 0.57595865315633332 

ZONE I=2, J=2
0.64957114831258544 0.68539929767554830 17.08102863525022030 0.92860602164120853 0.17148099179195658 0.84999999999999998 0.57595865315633332 
0.65623555781595666 0.78000000420004278 3.36109717709818057 1.01157454747108821 0.12554699838207836 1.00000000000000000 0.57595865315633332 
0.70578816962846502 0.68568825951602719 18.13293145777451087 0.96958533214162645 0.16795717704650065 0.84999999999999998 0.62831853071599997 
0.71830840187272393 0.78000000347149689 4.41299999962246936 1.05324434363928088 0.12265120549078226 1.00000000000000000 0.62831853071599997 

ZONE I=2, J=2
0.70578816962846502 0.68568825951602719 15.31168509210009709 0.96958533214162645 0.16795717704650065 0.84999999999999998 0.62831853071599997 
0.71830840187272393 0.78000000347149689 7.10837653158997806 1.05324434363928088 0.12265120549078226 1.00000000000000000 0.62831853071599997 
0.76097272197653032 0.68378153847867740 16.79111408814382500 1.01029371211972596 0.16106921247706185 0.84999999999999998 0.68067840827566661 
0.77935446693017740 0.77777282260317437 8.58780552763370508 1.09490666591173635 0.11620387965199559 1.00000000000000000 0.68067840827566661 

ZONE I=2, J=2
0.76097272197653032 0.68378153847867740 14.91166512122051024 1.01029371211972596 0.16106921247706185 0.84999999999999998 0.68067840827566661 
0.77935446693017740 0.77777282260317437 9.85764214847411857 1.09490666591173635 0.11620387965199559 1.00000000000000000 0.68067840827566661 
0.81416592037904678 0.67511734750442276 15.67010095637759370 1.04649329936753466 0.15330151071310175 0.84999999999999998 0.73303828583533337 
0.83964945325875362 0.76622653069605451 10.61607798363120203 1.13125242921792801 0.11127552331385575 1.00000000000000000 0.73303828583533337 

ZONE I=2, J=2
0.81416592037904678 0.67511734750442276 15.04925703899712630 1.04649329936753466 0.15330151071310175 0.84999999999999998 0.73303828583533337 
0.83964945325875362 0.76622653069605451 11.08839091939836763 1.13125242921792801 0.11127552331385575 1.00000000000000000 0.73303828583533337 
0.86525516799116498 0.66038401629803312 15.74828181608339150 1.07878981285445019 0.14486578063435260 0.84999999999999998 0.78539816339500002 
0.89889865910716760 0.74761657648571045 11.78741569648463283 1.16426208841442813 0.10697258649650641 1.00000000000000000 0.78539816339500002 

ZONE I=2, J=2
0.86525516799116498 0.66038401629803312 15.59654904984489932 1.07878981285445019 0.14486578063435260 0.84999999999999998 0.78539816339500002 
0.89889865910716760 0.74761657648571045 11.91854218297045520 1.16426208841442813 0.10697258649650641 1.00000000000000000 0.78539816339500002 
0.91415453527039681 0.63968557073317411 16.27661771983382977 1.10738240639623253 0.13630975667116094 0.84999999999999998 0.83775804095466666 
0.95588003481048056 0.72228690813420660 12.59861085295938565 1.19366157845119814 0.10284480901217906 1.00000000000000000 0.83775804095466666 

ZONE I=2, J=2
0.91415453527039681 0.63968557073317411 16.38833980592247741 1.10738240639623253 0.13630975667116094 0.84999999999999998 0.83775804095466666 
0.95588003481048056 0.72228690813420660 12.51088896497982716 1.19366157845119814 0.10284480901217906 1.00000000000000000 0.83775804095466666 
0.96061384218722834 0.61363421026101594 17.03357849284579117 1.13270968913813497 0.12765053050011010 0.84999999999999998 0.89011791851433331 
1.00983534858543633 0.69100739844029246 13.15612765190314093 1.21965450909416662 0.09849636743635873 1.00000000000000000 0.89011791851433331 

ZONE I=2, J=2
0.96061384218722834 0.61363421026101594 17.27423180929331892 1.13270968913813497 0.12765053050011010 0.84999999999999998 0.89011791851433331 
1.00983534858543633 0.69100739844029246 12.95771725633587046 1.21965450909416662 0.09849636743635873 1.00000000000000000 0.89011791851433331 
1.00436717610486781 0.58277414079806933 17.86984264584629756 1.15509615943938693 0.11887803021657574 0.84999999999999998 0.94247779607399995 
1.06029168829865927 0.65451891188769384 13.55332809288884555 1.24251055858194781 0.09370689465694712 1.00000000000000000 0.94247779607399995 

ZONE I=2, J=2
1.00436717610486781 0.58277414079806933 18.16891232470367967 1.15509615943938693 0.11887803021657574 0.84999999999999998 0.94247779607399995 
1.06029168829865927 0.65451891188769384 13.30678597413819197 1.24251055858194781 0.09370689465694712 1.00000000000000000 0.94247779607399995 
1.04518553471425735 0.54764277107572801 18.70775360673977517 1.17483397637844678 0.10995696719279488 0.84999999999999998 0.99483767363366671 
1.10698331777219061 0.61351734450794271 13.84562725617428747 1.26253982229962669 0.08836738621024957 1.00000000000000000 0.99483767363366671 

ZONE I=2, J=2
1.04518553471425735 0.54764277107572801 19.02300317108392491 1.17483397637844678 0.10995696719279488 0.84999999999999998 0.99483767363366671 
1.10698331777219061 0.61351734450794271 13.58781725769734194 1.26253982229962669 0.08836738621024957 1.00000000000000000 0.99483767363366671 
1.08288031102162874 0.50874320998962819 19.50289483189024864 1.19217346359720944 0.10085561166084697 0.84999999999999998 1.04719755119333335 
1.14976142257765601 0.56861913251077367 14.06770891850366922 1.28003216649870288 0.08244209746080669 1.00000000000000000 1.04719755119333335 

ZONE I=2, J=2
1.08288031102162874 0.50874320998962819 19.81013725456051944 1.19217346359720944 0.10085561166084697 0.84999999999999998 1.04719755119333335 
1.14976142257765601 0.56861913251077367 13.81904155291335101 1.28003216649870288 0.08244209746080669 1.00000000000000000 1.04719755119333335 
1.11730182610373774 0.46654206994831060 20.23197018891021415 1.20732888403104988 0.09155238626459189 0.84999999999999998 1.09955742875299989 
1.18854519443309536 0.52036436976615019 14.24087448726304572 1.29524200280914870 0.07594017837134938 1.00000000000000000 1.09955742875299989 

ZONE I=2, J=2
1.11730182610373774 0.46654206994831060 20.51760072953493008 1.20732888403104988 0.09155238626459189 0.84999999999999998 1.09955742875299989 
1.18854519443309536 0.52036436976615019 14.01210149893912948 1.29524200280914870 0.07594017837134938 1.00000000000000000 1.09955742875299989 
1.14833274482761261 0.42146906681424395 20.88384369828781573 1.22048107629554647 0.08203785424456682 0.84999999999999998 1.15191730631266664 
1.22329119243448448 0.46922691152577095 14.37834446769201158 1.30838389105729425 0.06889723949165859 1.00000000000000000 1.15191730631266664 

ZONE I=2, J=2
1.14833274482761261 0.42146906681424395 21.14068188875350884 1.22048107629554647 0.08203785424456682 0.84999999999999998 1.15191730631266664 
1.22329119243448448 0.46922691152577095 14.17460110853306610 1.30838389105729425 0.06889723949165859 1.00000000000000000 1.15191730631266664 
1.17588149539941478 0.37392015332407558 21.45446536855752484 1.23178094662529469 0.07231370420298421 0.84999999999999998 1.20427718387233340 
1.25397595485664004 0.41562685969641994 14.48838458833707854 1.31963475223742566 0.06136369078696173 1.00000000000000000 1.20427718387233340 

ZONE I=2, J=2
1.17588149539941478 0.37392015332407558 21.67913064290154068 1.23178094662529469 0.07231370420298421 0.84999999999999998 1.20427718387233340 
1.25397595485664004 0.41562685969641994 14.31165758576870140 1.31963475223742566 0.06136369078696173 1.00000000000000000 1.20427718387233340 
1.19987657038763995 0.32426191608459326 21.94369958909749840 1.24135287371552350 0.06239084312836671 0.84999999999999998 1.25663706143199994 
1.28058624483933814 0.35994210374178898 14.57622653196465556 1.32913811987946739 0.05339762917074495 1.00000000000000000 1.25663706143199994 

ZONE I=2, J=2
1.19987657038763995 0.32426191608459326 22.13499523701577587 1.24135287371552350 0.06239084312836671 0.84999999999999998 1.25663706143199994 
1.28058624483933814 0.35994210374178898 14.42681748435662747 1.32913811987946739 0.05339762917074495 1.00000000000000000 1.25663706143199994 
1.22026212519349708 0.27283637354552992 22.35340092284674185 1.24929795123685849 0.05228737846377240 0.84999999999999998 1.30899693899166669 
1.30311386684619968 0.30251808068578101 14.64522317018759345 1.33700877935131568 0.04506065962864638 1.00000000000000000 1.30899693899166669 

ZONE I=2, J=2
1.22026212519349708 0.27283637354552992 22.51130982185949847 1.24929795123685849 0.05228737846377240 0.84999999999999998 1.30899693899166669 
1.30311386684619968 0.30251808068578101 14.52261018252099944 1.33700877935131568 0.04506065962864638 1.00000000000000000 1.30899693899166669 
1.23699475730467690 0.21996561473679332 22.68624333878293697 1.25569687685938214 0.04202683323051720 0.84999999999999998 1.36135681655133323 
1.32155308358587975 0.24367567594663911 14.69754369944443795 1.34333699974896237 0.03641555833507142 1.00000000000000000 1.36135681655133323 

ZONE I=2, J=2
1.23699475730467690 0.21996561473679332 22.81131015967258691 1.25569687685938214 0.04202683323051720 0.84999999999999998 1.36135681655133323 
1.32155308358587975 0.24367567594663911 14.60088203773026727 1.34333699974896237 0.03641555833507142 1.00000000000000000 1.36135681655133323 
1.25004124380731918 0.16595604477266210 22.94501772018656993 1.26061240685559750 0.03163668278553522 0.84999999999999998 1.41371669411099998 
1.33589947284261812 0.18371751766848848 14.73458959824425030 1.34819208512871258 0.02752506922335553 1.00000000000000000 1.41371669411099998 

ZONE I=2, J=2
1.25004124380731918 0.16595604477266210 23.03797253605802808 1.26061240685559750 0.03163668278553522 0.84999999999999998 1.41371669411099998 
1.33589947284261812 0.18371751766848848 14.66299883239411805 1.34819208512871258 0.02752506922335553 1.00000000000000000 1.41371669411099998 
1.25937700238116923 0.11110217510295711 23.13221604582144408 1.26409134302044412 0.02114719697637391 0.84999999999999998 1.46607657167066674 
1.34614953661448467 0.12293299709383143 14.75724234215753050 1.35162518587398073 0.01845138512389327 1.00000000000000000 1.46607657167066674 

ZONE I=2, J=2
1.25937700238116923 0.11110217510295711 23.19374873813131899 1.26409134302044412 0.02114719697637391 0.84999999999999998 1.46607657167066674 
1.34614953661448467 0.12293299709383143 14.70996808874106954 1.35162518587398073 0.01845138512389327 1.00000000000000000 1.46607657167066674 
1.26498508141755295 0.05568999388758951 23.24979007729756120 1.26616605241070812 0.01059053118859056 0.84999999999999998 1.51843644923033327 
1.35230066469343857 0.06160233799898981 14.76600942790731175 1.35367140089704385 0.00925603428538200 1.00000000000000000 1.51843644923033327 

ZONE I=2, J=2
1.26498508141755295 0.05568999388758951 23.28041889399009534 1.26616605241070812 0.01059053118859056 0.84999999999999998 1.51843644923033327 
1.35230066469343857 0.06160233799898981 14.74251192902618790 1.35367140089704385 0.00925603428538200 1.00000000000000000 1.51843644923033327 
1.26685553437319398 0.00000000000620327 23.29901534927716256 1.26685553437319398 0.00000000000000000 0.84999999999999998 1.57079632679000003 
1.35435122606218727 0.00000000000663170 14.76110838431325156 1.35435122606218727 0.00000000000000000 1.00000000000000000 1.57079632679000003 

